# Force       
# CofR        : (0.000000e+00 0.000000e+00 0.000000e+00)
#
# Time        	(total_x total_y total_z)	(pressure_x pressure_y pressure_z)	(viscous_x viscous_y viscous_z)
2239          	(3.249859e+00 -4.132999e-04 1.465384e-01)	(3.234739e+00 -4.016298e-04 1.469225e-01)	(1.511965e-02 -1.167013e-05 -3.840808e-04)
2240          	(6.640860e+00 -1.834876e-03 2.858084e-01)	(6.621719e+00 -1.819064e-03 2.857741e-01)	(1.914106e-02 -1.581200e-05 3.430218e-05)
2241          	(7.274356e+00 -6.554261e-03 4.432359e-01)	(7.249496e+00 -6.519643e-03 4.431726e-01)	(2.485938e-02 -3.461793e-05 6.322604e-05)
2242          	(6.108087e+00 8.166885e-04 6.284863e-01)	(6.079777e+00 8.400272e-04 6.279257e-01)	(2.831059e-02 -2.333874e-05 5.606218e-04)
2243          	(3.812024e+00 4.229699e-03 8.061217e-01)	(3.783393e+00 4.232523e-03 8.045435e-01)	(2.863094e-02 -2.824283e-06 1.578207e-03)
2244          	(1.463252e+00 3.167217e-03 9.346448e-01)	(1.438096e+00 3.156987e-03 9.313612e-01)	(2.515620e-02 1.022981e-05 3.283646e-03)
2245          	(-2.592067e-01 8.567226e-04 9.758218e-01)	(-2.792810e-01 8.456873e-04 9.709896e-01)	(2.007432e-02 1.103530e-05 4.832211e-03)
2246          	(-1.095165e+00 -2.108906e-05 9.468717e-01)	(-1.110205e+00 -2.844066e-05 9.408792e-01)	(1.504072e-02 7.351602e-06 5.992520e-03)
2247          	(-1.066935e+00 -1.797682e-03 8.930200e-01)	(-1.078228e+00 -1.794109e-03 8.861131e-01)	(1.129372e-02 -3.573490e-06 6.906921e-03)
2248          	(-5.820187e-01 -5.580370e-03 7.685791e-01)	(-5.911095e-01 -5.552079e-03 7.611753e-01)	(9.090747e-03 -2.829069e-05 7.403739e-03)
2249          	(2.134807e-01 -6.870937e-03 6.413848e-01)	(2.049753e-01 -6.817260e-03 6.338577e-01)	(8.505440e-03 -5.367785e-05 7.527158e-03)
2250          	(1.019960e+00 -4.075506e-03 5.459350e-01)	(1.010709e+00 -4.011315e-03 5.386700e-01)	(9.250748e-03 -6.419142e-05 7.264938e-03)
2251          	(1.585185e+00 -3.715576e-04 5.064482e-01)	(1.574515e+00 -3.148110e-04 4.997159e-01)	(1.067092e-02 -5.674661e-05 6.732342e-03)
2252          	(1.806647e+00 1.788943e-03 5.166401e-01)	(1.794612e+00 1.829813e-03 5.104003e-01)	(1.203490e-02 -4.086930e-05 6.239787e-03)
2253          	(1.790596e+00 4.558283e-03 5.580567e-01)	(1.777688e+00 4.574644e-03 5.520327e-01)	(1.290768e-02 -1.636017e-05 6.024009e-03)
2254          	(1.700308e+00 6.640094e-03 6.246445e-01)	(1.686960e+00 6.628828e-03 6.185645e-01)	(1.334793e-02 1.126655e-05 6.079945e-03)
2255          	(1.445741e+00 5.506192e-03 7.012740e-01)	(1.432452e+00 5.479665e-03 6.948776e-01)	(1.328896e-02 2.652675e-05 6.396434e-03)
2256          	(1.198882e+00 2.962256e-03 7.552321e-01)	(1.186030e+00 2.933501e-03 7.484327e-01)	(1.285212e-02 2.875541e-05 6.799376e-03)
2257          	(1.033362e+00 1.936482e-06 7.845159e-01)	(1.021081e+00 -1.803511e-05 7.773168e-01)	(1.228089e-02 1.997159e-05 7.199069e-03)
2258          	(8.715988e-01 -1.578901e-03 7.874223e-01)	(8.599854e-01 -1.586852e-03 7.798735e-01)	(1.161334e-02 7.951505e-06 7.548890e-03)
2259          	(9.074156e-01 -3.510476e-03 7.803795e-01)	(8.962491e-01 -3.502653e-03 7.725805e-01)	(1.116649e-02 -7.823021e-06 7.798920e-03)
2260          	(1.034280e+00 -4.551088e-03 7.561506e-01)	(1.023237e+00 -4.526622e-03 7.482294e-01)	(1.104260e-02 -2.446546e-05 7.921267e-03)
2261          	(1.174405e+00 -4.354181e-03 7.278678e-01)	(1.163202e+00 -4.316596e-03 7.199120e-01)	(1.120355e-02 -3.758516e-05 7.955832e-03)
2262          	(1.291823e+00 -3.135184e-03 7.024146e-01)	(1.280285e+00 -3.091243e-03 6.944793e-01)	(1.153743e-02 -4.394116e-05 7.935247e-03)
2263          	(1.381290e+00 -1.130118e-03 6.848246e-01)	(1.369359e+00 -1.087622e-03 6.769553e-01)	(1.193189e-02 -4.249621e-05 7.869391e-03)
2264          	(1.464195e+00 1.860774e-03 6.756183e-01)	(1.451776e+00 1.891615e-03 6.678056e-01)	(1.241923e-02 -3.084145e-05 7.812706e-03)
2265          	(1.499828e+00 3.566298e-03 6.720822e-01)	(1.486896e+00 3.582788e-03 6.642835e-01)	(1.293218e-02 -1.649014e-05 7.798685e-03)
2266          	(1.455821e+00 4.447742e-03 6.678240e-01)	(1.442502e+00 4.450633e-03 6.599811e-01)	(1.331857e-02 -2.890476e-06 7.842898e-03)
2267          	(1.425312e+00 4.414887e-03 6.607308e-01)	(1.411715e+00 4.407253e-03 6.528149e-01)	(1.359768e-02 7.634080e-06 7.915911e-03)
2268          	(1.404071e+00 3.622218e-03 6.454895e-01)	(1.390257e+00 3.609120e-03 6.375166e-01)	(1.381392e-02 1.309787e-05 7.972893e-03)
2269          	(1.457330e+00 2.041414e-03 6.211474e-01)	(1.443230e+00 2.029428e-03 6.131716e-01)	(1.410046e-02 1.198609e-05 7.975782e-03)
2270          	(1.497297e+00 2.344568e-04 5.868354e-01)	(1.482880e+00 2.298256e-04 5.789346e-01)	(1.441699e-02 4.631177e-06 7.900888e-03)
2271          	(1.533766e+00 -1.467422e-03 5.447862e-01)	(1.519019e+00 -1.460050e-03 5.370378e-01)	(1.474708e-02 -7.372507e-06 7.748431e-03)
2272          	(1.533001e+00 -2.485363e-03 4.997169e-01)	(1.517989e+00 -2.464812e-03 4.921848e-01)	(1.501174e-02 -2.055064e-05 7.532083e-03)
2273          	(1.556149e+00 -2.922277e-03 4.535768e-01)	(1.540879e+00 -2.889896e-03 4.463189e-01)	(1.526946e-02 -3.238085e-05 7.257854e-03)
2274          	(1.579669e+00 -2.629054e-03 4.123895e-01)	(1.564126e+00 -2.588077e-03 4.054460e-01)	(1.554280e-02 -4.097766e-05 6.943574e-03)
2275          	(1.594104e+00 -1.580263e-03 3.774397e-01)	(1.578303e+00 -1.536290e-03 3.708395e-01)	(1.580128e-02 -4.397314e-05 6.600171e-03)
2276          	(1.617155e+00 -3.428378e-04 3.491805e-01)	(1.601106e+00 -3.009525e-04 3.429371e-01)	(1.604909e-02 -4.188533e-05 6.243418e-03)
2277          	(1.629026e+00 6.809089e-04 3.287230e-01)	(1.612754e+00 7.175619e-04 3.228448e-01)	(1.627164e-02 -3.665303e-05 5.878177e-03)
2278          	(1.632111e+00 1.369125e-03 3.182204e-01)	(1.615642e+00 1.399086e-03 3.127160e-01)	(1.646906e-02 -2.996072e-05 5.504378e-03)
2279          	(1.622187e+00 1.657865e-03 3.148746e-01)	(1.605579e+00 1.681239e-03 3.097220e-01)	(1.660716e-02 -2.337395e-05 5.152581e-03)
2280          	(1.599904e+00 1.579250e-03 3.166732e-01)	(1.583236e+00 1.597773e-03 3.118260e-01)	(1.666774e-02 -1.852345e-05 4.847140e-03)
2281          	(1.570825e+00 1.417942e-03 3.180934e-01)	(1.554173e+00 1.432860e-03 3.135135e-01)	(1.665138e-02 -1.491839e-05 4.579959e-03)
2282          	(1.544954e+00 1.242263e-03 3.201426e-01)	(1.528361e+00 1.254611e-03 3.157940e-01)	(1.659285e-02 -1.234863e-05 4.348593e-03)
2283          	(1.504009e+00 7.744150e-04 3.200428e-01)	(1.487513e+00 7.866252e-04 3.158829e-01)	(1.649551e-02 -1.221012e-05 4.159900e-03)
2284          	(1.471437e+00 2.871798e-04 3.167842e-01)	(1.455041e+00 3.011629e-04 3.127715e-01)	(1.639586e-02 -1.398312e-05 4.012649e-03)
2285          	(1.450441e+00 -4.553789e-05 3.108953e-01)	(1.434133e+00 -2.913365e-05 3.069961e-01)	(1.630803e-02 -1.640424e-05 3.899211e-03)
2286          	(1.437489e+00 -2.352696e-04 3.021611e-01)	(1.421246e+00 -2.165506e-04 2.983525e-01)	(1.624307e-02 -1.871894e-05 3.808559e-03)
2287          	(1.431448e+00 -2.570631e-04 2.907278e-01)	(1.415236e+00 -2.368248e-04 2.870022e-01)	(1.621190e-02 -2.023829e-05 3.725582e-03)
2288          	(1.449170e+00 -2.132729e-04 2.820353e-01)	(1.432923e+00 -1.921637e-04 2.783905e-01)	(1.624647e-02 -2.110916e-05 3.644775e-03)
2289          	(1.444932e+00 7.993923e-06 2.621268e-01)	(1.428637e+00 2.902494e-05 2.585970e-01)	(1.629466e-02 -2.103102e-05 3.529838e-03)
2290          	(1.442646e+00 2.345486e-04 2.507268e-01)	(1.426307e+00 2.544179e-04 2.473116e-01)	(1.633901e-02 -1.986929e-05 3.415208e-03)
2291          	(1.440697e+00 5.669513e-04 2.382309e-01)	(1.424318e+00 5.845950e-04 2.349571e-01)	(1.637929e-02 -1.764365e-05 3.273772e-03)
2292          	(1.439175e+00 8.001934e-04 2.243495e-01)	(1.422756e+00 8.149249e-04 2.212391e-01)	(1.641919e-02 -1.473145e-05 3.110416e-03)
2293          	(1.435313e+00 9.400368e-04 1.985525e-01)	(1.418855e+00 9.512617e-04 1.956615e-01)	(1.645880e-02 -1.122492e-05 2.891053e-03)
2294          	(1.431391e+00 1.046462e-03 1.841172e-01)	(1.414905e+00 1.054125e-03 1.814359e-01)	(1.648600e-02 -7.662235e-06 2.681272e-03)
2295          	(1.415609e+00 1.109020e-03 1.583158e-01)	(1.399123e+00 1.113058e-03 1.558800e-01)	(1.648650e-02 -4.037255e-06 2.435814e-03)
2296          	(1.408350e+00 1.146954e-03 1.469193e-01)	(1.391877e+00 1.147741e-03 1.447051e-01)	(1.647268e-02 -7.872404e-07 2.214151e-03)
2297          	(1.397659e+00 1.151124e-03 1.364622e-01)	(1.381237e+00 1.148871e-03 1.344745e-01)	(1.642259e-02 2.253687e-06 1.987620e-03)
2298          	(1.376860e+00 7.992744e-04 1.185695e-01)	(1.360521e+00 7.960450e-04 1.168206e-01)	(1.633950e-02 3.229450e-06 1.748915e-03)
2299          	(1.351271e+00 5.767437e-04 1.023233e-01)	(1.335040e+00 5.733936e-04 1.008150e-01)	(1.623031e-02 3.350101e-06 1.508332e-03)
2300          	(1.336291e+00 6.538261e-04 9.598115e-02)	(1.320184e+00 6.494580e-04 9.470479e-02)	(1.610702e-02 4.368114e-06 1.276362e-03)
2301          	(1.309452e+00 7.509665e-04 8.361367e-02)	(1.293506e+00 7.451599e-04 8.257728e-02)	(1.594602e-02 5.806644e-06 1.036386e-03)
2302          	(1.296719e+00 8.102229e-04 7.728312e-02)	(1.280915e+00 8.026415e-04 7.646376e-02)	(1.580464e-02 7.581344e-06 8.193584e-04)
2303          	(1.267118e+00 9.151339e-04 6.194985e-02)	(1.251492e+00 9.056954e-04 6.136589e-02)	(1.562651e-02 9.438556e-06 5.839583e-04)
2304          	(1.256853e+00 9.309695e-04 5.355943e-02)	(1.241374e+00 9.195795e-04 5.318942e-02)	(1.547992e-02 1.138999e-05 3.700048e-04)
2305          	(1.221547e+00 1.088427e-03 3.148224e-02)	(1.206251e+00 1.074604e-03 3.135579e-02)	(1.529680e-02 1.382283e-05 1.264471e-04)
2306          	(1.212225e+00 1.036336e-03 2.098609e-02)	(1.197081e+00 1.021039e-03 2.108027e-02)	(1.514330e-02 1.529735e-05 -9.417284e-05)
2307          	(1.203588e+00 9.883621e-04 8.724344e-03)	(1.188612e+00 9.727922e-04 9.041247e-03)	(1.497627e-02 1.556987e-05 -3.169028e-04)
2308          	(1.173676e+00 1.063477e-03 -1.534452e-02)	(1.158890e+00 1.046944e-03 -1.480183e-02)	(1.478591e-02 1.653316e-05 -5.426864e-04)
2309          	(1.166960e+00 9.527027e-04 -2.782873e-02)	(1.152339e+00 9.359752e-04 -2.707915e-02)	(1.462142e-02 1.672750e-05 -7.495795e-04)
2310          	(1.159932e+00 8.436535e-04 -4.017576e-02)	(1.145470e+00 8.274550e-04 -3.922608e-02)	(1.446153e-02 1.619850e-05 -9.496781e-04)
2311          	(1.151665e+00 7.403405e-04 -5.246846e-02)	(1.137349e+00 7.248519e-04 -5.133656e-02)	(1.431609e-02 1.548865e-05 -1.131894e-03)
2312          	(1.138776e+00 6.509663e-04 -6.507107e-02)	(1.124601e+00 6.363732e-04 -6.377039e-02)	(1.417504e-02 1.459310e-05 -1.300678e-03)
2313          	(1.127208e+00 5.793862e-04 -7.556163e-02)	(1.113166e+00 5.655171e-04 -7.410969e-02)	(1.404140e-02 1.386910e-05 -1.451941e-03)
2314          	(1.113859e+00 5.015263e-04 -8.447056e-02)	(1.099952e+00 4.883353e-04 -8.288817e-02)	(1.390706e-02 1.319101e-05 -1.582396e-03)
2315          	(1.090672e+00 3.080737e-04 -9.371608e-02)	(1.076911e+00 2.956653e-04 -9.202214e-02)	(1.376081e-02 1.240841e-05 -1.693939e-03)
2316          	(1.072904e+00 2.974618e-04 -9.754628e-02)	(1.059284e+00 2.857228e-04 -9.576624e-02)	(1.361981e-02 1.173899e-05 -1.780045e-03)
2317          	(1.060079e+00 2.693417e-04 -9.738716e-02)	(1.046620e+00 2.581535e-04 -9.553315e-02)	(1.345868e-02 1.118824e-05 -1.854011e-03)
2318          	(1.046537e+00 2.421371e-04 -9.345349e-02)	(1.033247e+00 2.316838e-04 -9.154391e-02)	(1.329047e-02 1.045332e-05 -1.909583e-03)
2319          	(1.029233e+00 2.346363e-04 -8.567972e-02)	(1.016121e+00 2.251386e-04 -8.373414e-02)	(1.311260e-02 9.497723e-06 -1.945584e-03)
2320          	(1.006136e+00 1.754258e-04 -6.815427e-02)	(9.932161e-01 1.675123e-04 -6.620605e-02)	(1.292022e-02 7.913485e-06 -1.948218e-03)
2321          	(9.943962e-01 1.587070e-04 -5.658649e-02)	(9.816513e-01 1.521172e-04 -5.464306e-02)	(1.274483e-02 6.589773e-06 -1.943422e-03)
2322          	(9.834416e-01 1.464253e-04 -4.243851e-02)	(9.708759e-01 1.412918e-04 -4.051059e-02)	(1.256573e-02 5.133524e-06 -1.927921e-03)
2323          	(9.733751e-01 1.437071e-04 -2.576392e-02)	(9.609773e-01 1.399456e-04 -2.386738e-02)	(1.239774e-02 3.761434e-06 -1.896544e-03)
2324          	(9.644257e-01 1.608194e-04 1.405692e-03)	(9.521849e-01 1.585136e-04 3.237300e-03)	(1.224079e-02 2.305764e-06 -1.831608e-03)
2325          	(9.582688e-01 1.898225e-04 1.847698e-02)	(9.461661e-01 1.884282e-04 2.024217e-02)	(1.210267e-02 1.394292e-06 -1.765192e-03)
2326          	(9.540347e-01 2.383498e-04 3.621686e-02)	(9.420653e-01 2.381112e-04 3.790405e-02)	(1.196943e-02 2.385689e-07 -1.687186e-03)
2327          	(9.518449e-01 3.050465e-04 5.475489e-02)	(9.399962e-01 3.056914e-04 5.635744e-02)	(1.184866e-02 -6.448878e-07 -1.602546e-03)
2328          	(9.577598e-01 4.119066e-04 8.162128e-02)	(9.460096e-01 4.126925e-04 8.311515e-02)	(1.175024e-02 -7.859195e-07 -1.493868e-03)
2329          	(9.590439e-01 4.815729e-04 9.846153e-02)	(9.473752e-01 4.817462e-04 9.984988e-02)	(1.166869e-02 -1.732843e-07 -1.388351e-03)
2330          	(9.620338e-01 5.489377e-04 1.150653e-01)	(9.504364e-01 5.479946e-04 1.163332e-01)	(1.159744e-02 9.431215e-07 -1.267910e-03)
2331          	(9.772736e-01 5.550014e-04 1.391262e-01)	(9.657168e-01 5.524195e-04 1.402583e-01)	(1.155688e-02 2.581886e-06 -1.132061e-03)
2332          	(9.813261e-01 5.905890e-04 1.529394e-01)	(9.697967e-01 5.864197e-04 1.539445e-01)	(1.152947e-02 4.169240e-06 -1.005022e-03)
2333          	(9.861913e-01 6.159961e-04 1.659804e-01)	(9.746869e-01 6.099526e-04 1.668465e-01)	(1.150443e-02 6.043429e-06 -8.661190e-04)
2334          	(9.914486e-01 6.190501e-04 1.782886e-01)	(9.799612e-01 6.115474e-04 1.790153e-01)	(1.148748e-02 7.502670e-06 -7.266291e-04)
2335          	(1.001206e+00 5.204745e-04 1.944165e-01)	(9.897228e-01 5.121126e-04 1.949940e-01)	(1.148312e-02 8.361943e-06 -5.774953e-04)
2336          	(1.005284e+00 4.891146e-04 2.026911e-01)	(9.937958e-01 4.812351e-04 2.031328e-01)	(1.148813e-02 7.879483e-06 -4.416278e-04)
2337          	(1.008119e+00 4.401894e-04 2.089961e-01)	(9.966321e-01 4.320649e-04 2.092953e-01)	(1.148696e-02 8.124537e-06 -2.991541e-04)
2338          	(1.009878e+00 3.816391e-04 2.135261e-01)	(9.983903e-01 3.734033e-04 2.136882e-01)	(1.148770e-02 8.235801e-06 -1.621472e-04)
2339          	(1.010832e+00 2.516028e-04 2.186884e-01)	(9.993398e-01 2.436072e-04 2.187152e-01)	(1.149201e-02 7.995505e-06 -2.680595e-05)
2340          	(1.010682e+00 2.042217e-04 2.198645e-01)	(9.991752e-01 1.971774e-04 2.197743e-01)	(1.150674e-02 7.044355e-06 9.017507e-05)
2341          	(1.009694e+00 1.639756e-04 2.203212e-01)	(9.981823e-01 1.576154e-04 2.201191e-01)	(1.151209e-02 6.360214e-06 2.020992e-04)
2342          	(1.003760e+00 1.237482e-04 2.226357e-01)	(9.922455e-01 1.183827e-04 2.223276e-01)	(1.151478e-02 5.365498e-06 3.080384e-04)
2343          	(1.002733e+00 1.073212e-04 2.228544e-01)	(9.912049e-01 1.030468e-04 2.224563e-01)	(1.152819e-02 4.274305e-06 3.981221e-04)
2344          	(1.001767e+00 1.006214e-04 2.237319e-01)	(9.902348e-01 9.767312e-05 2.232442e-01)	(1.153174e-02 2.948324e-06 4.876706e-04)
2345          	(1.000980e+00 1.037408e-04 2.254901e-01)	(9.894439e-01 1.023862e-04 2.249184e-01)	(1.153576e-02 1.354598e-06 5.717569e-04)
2346          	(9.981073e-01 1.431452e-04 2.316837e-01)	(9.865694e-01 1.437134e-04 2.310255e-01)	(1.153788e-02 -5.682116e-07 6.581606e-04)
2347          	(9.982438e-01 1.656147e-04 2.338470e-01)	(9.866930e-01 1.680040e-04 2.331181e-01)	(1.155072e-02 -2.389271e-06 7.288882e-04)
2348          	(9.987721e-01 1.967731e-04 2.361495e-01)	(9.872150e-01 2.013241e-04 2.353530e-01)	(1.155714e-02 -4.551002e-06 7.964722e-04)
2349          	(9.997766e-01 2.395325e-04 2.384823e-01)	(9.882116e-01 2.461493e-04 2.376255e-01)	(1.156500e-02 -6.616749e-06 8.568082e-04)
2350          	(1.001902e+00 3.095607e-04 2.438591e-01)	(9.903299e-01 3.178822e-04 2.429401e-01)	(1.157201e-02 -8.321447e-06 9.189735e-04)
2351          	(1.003552e+00 3.513444e-04 2.449716e-01)	(9.919718e-01 3.604753e-04 2.440022e-01)	(1.158013e-02 -9.130961e-06 9.694675e-04)
2352          	(1.005602e+00 3.907506e-04 2.455199e-01)	(9.940251e-01 4.002966e-04 2.445015e-01)	(1.157683e-02 -9.546030e-06 1.018375e-03)
2353          	(1.008273e+00 4.301448e-04 2.455084e-01)	(9.966984e-01 4.396003e-04 2.444484e-01)	(1.157451e-02 -9.455480e-06 1.060049e-03)
2354          	(1.013539e+00 4.517580e-04 2.472975e-01)	(1.001964e+00 4.608219e-04 2.462003e-01)	(1.157529e-02 -9.063954e-06 1.097206e-03)
2355          	(1.016536e+00 4.654514e-04 2.456906e-01)	(1.004954e+00 4.739083e-04 2.445682e-01)	(1.158145e-02 -8.456889e-06 1.122400e-03)
2356          	(1.019645e+00 4.625160e-04 2.434871e-01)	(1.008066e+00 4.707284e-04 2.423441e-01)	(1.157881e-02 -8.212403e-06 1.142961e-03)
2357          	(1.025611e+00 3.284255e-04 2.422955e-01)	(1.014032e+00 3.370756e-04 2.411428e-01)	(1.157867e-02 -8.650168e-06 1.152647e-03)
2358          	(1.028149e+00 3.141011e-04 2.390647e-01)	(1.016565e+00 3.232705e-04 2.379139e-01)	(1.158424e-02 -9.169346e-06 1.150816e-03)
2359          	(1.030512e+00 2.932399e-04 2.354724e-01)	(1.018930e+00 3.029899e-04 2.343296e-01)	(1.158261e-02 -9.749988e-06 1.142830e-03)
2360          	(1.032940e+00 1.347220e-04 2.320004e-01)	(1.021362e+00 1.455679e-04 2.308754e-01)	(1.157781e-02 -1.084583e-05 1.124944e-03)
2361          	(1.034755e+00 1.235385e-04 2.283722e-01)	(1.023175e+00 1.350321e-04 2.272715e-01)	(1.157994e-02 -1.149357e-05 1.100669e-03)
2362          	(1.036361e+00 1.129845e-04 2.246649e-01)	(1.024782e+00 1.249692e-04 2.235916e-01)	(1.157899e-02 -1.198471e-05 1.073237e-03)
2363          	(1.037746e+00 7.130812e-05 2.204152e-01)	(1.026170e+00 8.383022e-05 2.193759e-01)	(1.157656e-02 -1.252210e-05 1.039328e-03)
2364          	(1.038829e+00 5.977280e-05 2.170632e-01)	(1.027249e+00 7.265065e-05 2.160616e-01)	(1.158008e-02 -1.287785e-05 1.001672e-03)
2365          	(1.042151e+00 -1.802542e-05 2.130320e-01)	(1.030567e+00 -4.553301e-06 2.120711e-01)	(1.158400e-02 -1.347212e-05 9.608873e-04)
2366          	(1.042716e+00 -2.528776e-05 2.101898e-01)	(1.031123e+00 -1.162007e-05 2.092698e-01)	(1.159325e-02 -1.366769e-05 9.199650e-04)
2367          	(1.044629e+00 -4.891430e-05 2.066254e-01)	(1.033028e+00 -3.493439e-05 2.057473e-01)	(1.160094e-02 -1.397991e-05 8.781050e-04)
2368          	(1.045237e+00 -5.335899e-05 2.041647e-01)	(1.033623e+00 -3.940993e-05 2.033287e-01)	(1.161403e-02 -1.394906e-05 8.359639e-04)
2369          	(1.047372e+00 -6.230240e-05 2.007779e-01)	(1.035744e+00 -4.819768e-05 1.999835e-01)	(1.162798e-02 -1.410472e-05 7.943771e-04)
2370          	(1.048407e+00 -5.931488e-05 1.985258e-01)	(1.036761e+00 -4.549404e-05 1.977705e-01)	(1.164660e-02 -1.382084e-05 7.552710e-04)
2371          	(1.051891e+00 -5.064346e-05 1.951370e-01)	(1.040222e+00 -3.695991e-05 1.944170e-01)	(1.166878e-02 -1.368355e-05 7.200517e-04)
2372          	(1.053389e+00 -3.543620e-05 1.929719e-01)	(1.041696e+00 -2.213482e-05 1.922795e-01)	(1.169267e-02 -1.330138e-05 6.923961e-04)
2373          	(1.057986e+00 -1.042402e-05 1.894944e-01)	(1.046266e+00 2.641475e-06 1.888245e-01)	(1.172028e-02 -1.306550e-05 6.699797e-04)
2374          	(1.062559e+00 1.860337e-05 1.862062e-01)	(1.050807e+00 3.113934e-05 1.855552e-01)	(1.175107e-02 -1.253597e-05 6.509435e-04)
2375          	(1.064312e+00 4.523906e-05 1.842961e-01)	(1.052535e+00 5.693531e-05 1.836578e-01)	(1.177697e-02 -1.169625e-05 6.382669e-04)
2376          	(1.068729e+00 1.030819e-04 1.806955e-01)	(1.056924e+00 1.137893e-04 1.800689e-01)	(1.180462e-02 -1.070740e-05 6.266194e-04)
2377          	(1.072426e+00 1.495617e-04 1.772756e-01)	(1.060593e+00 1.589610e-04 1.766592e-01)	(1.183236e-02 -9.399302e-06 6.164497e-04)
2378          	(1.075440e+00 1.734770e-04 1.753375e-01)	(1.063580e+00 1.817644e-04 1.747291e-01)	(1.186010e-02 -8.287325e-06 6.083963e-04)
2379          	(1.079845e+00 1.850938e-04 1.716232e-01)	(1.067952e+00 1.926341e-04 1.710267e-01)	(1.189297e-02 -7.540230e-06 5.965002e-04)
2380          	(1.084598e+00 1.791165e-04 1.680133e-01)	(1.072667e+00 1.859889e-04 1.674311e-01)	(1.193040e-02 -6.872451e-06 5.821629e-04)
2381          	(1.089764e+00 1.669705e-04 1.646595e-01)	(1.077791e+00 1.733319e-04 1.640952e-01)	(1.197283e-02 -6.361427e-06 5.642755e-04)
2382          	(1.092175e+00 1.741650e-04 1.624722e-01)	(1.080161e+00 1.802576e-04 1.619273e-01)	(1.201432e-02 -6.092624e-06 5.448973e-04)
2383          	(1.097242e+00 1.446435e-04 1.588943e-01)	(1.085183e+00 1.505822e-04 1.583742e-01)	(1.205994e-02 -5.938747e-06 5.200562e-04)
2384          	(1.101944e+00 1.135541e-04 1.554112e-01)	(1.089835e+00 1.194507e-04 1.549192e-01)	(1.210904e-02 -5.896625e-06 4.920390e-04)
2385          	(1.106165e+00 8.411853e-05 1.521384e-01)	(1.094006e+00 9.013525e-05 1.516787e-01)	(1.215841e-02 -6.016719e-06 4.596966e-04)
2386          	(1.109901e+00 5.722825e-05 1.491528e-01)	(1.097695e+00 6.347947e-05 1.487294e-01)	(1.220622e-02 -6.251214e-06 4.233641e-04)
2387          	(1.112397e+00 4.921516e-05 1.464760e-01)	(1.100148e+00 5.544849e-05 1.460916e-01)	(1.224981e-02 -6.233328e-06 3.844588e-04)
2388          	(1.115226e+00 3.278009e-05 1.441534e-01)	(1.102936e+00 3.849904e-05 1.438091e-01)	(1.229016e-02 -5.718945e-06 3.443338e-04)
2389          	(1.117632e+00 2.453772e-05 1.421599e-01)	(1.105306e+00 2.923990e-05 1.418559e-01)	(1.232648e-02 -4.702189e-06 3.039752e-04)
2390          	(1.119683e+00 2.562375e-05 1.404934e-01)	(1.107325e+00 2.905850e-05 1.402290e-01)	(1.235798e-02 -3.434753e-06 2.643095e-04)
2391          	(1.121447e+00 3.471205e-05 1.391666e-01)	(1.109063e+00 3.667351e-05 1.389404e-01)	(1.238456e-02 -1.961454e-06 2.262224e-04)
2392          	(1.123002e+00 5.010307e-05 1.381932e-01)	(1.110595e+00 5.033872e-05 1.380028e-01)	(1.240658e-02 -2.356511e-07 1.903285e-04)
2393          	(1.124407e+00 6.842640e-05 1.375833e-01)	(1.111983e+00 6.668654e-05 1.374262e-01)	(1.242451e-02 1.739864e-06 1.570463e-04)
2394          	(1.125706e+00 8.638592e-05 1.373406e-01)	(1.113267e+00 8.257447e-05 1.372139e-01)	(1.243887e-02 3.811455e-06 1.266938e-04)
2395          	(1.126993e+00 1.010518e-04 1.374611e-01)	(1.114543e+00 9.507500e-05 1.373616e-01)	(1.245044e-02 5.976825e-06 9.945025e-05)
2396          	(1.128287e+00 1.099922e-04 1.379324e-01)	(1.115827e+00 1.017465e-04 1.378569e-01)	(1.246034e-02 8.245703e-06 7.548924e-05)
2397          	(1.129193e+00 1.205654e-04 1.387379e-01)	(1.116725e+00 1.098937e-04 1.386829e-01)	(1.246863e-02 1.067165e-05 5.496043e-05)
2398          	(1.130252e+00 1.178386e-04 1.398369e-01)	(1.117776e+00 1.048054e-04 1.397987e-01)	(1.247584e-02 1.303324e-05 3.816697e-05)
2399          	(1.131212e+00 1.052238e-04 1.411885e-01)	(1.118730e+00 9.004250e-05 1.411632e-01)	(1.248258e-02 1.518131e-05 2.525213e-05)
2400          	(1.132075e+00 8.106983e-05 1.427934e-01)	(1.119586e+00 6.400682e-05 1.427773e-01)	(1.248973e-02 1.706301e-05 1.613639e-05)
2401          	(1.133460e+00 4.983823e-05 1.445845e-01)	(1.120960e+00 3.112886e-05 1.445744e-01)	(1.249951e-02 1.870936e-05 1.011539e-05)
2402          	(1.134100e+00 1.845174e-05 1.466117e-01)	(1.121589e+00 -1.777055e-06 1.466047e-01)	(1.251117e-02 2.022879e-05 7.012432e-06)
2403          	(1.134652e+00 -1.399492e-05 1.488236e-01)	(1.122127e+00 -3.564715e-05 1.488172e-01)	(1.252509e-02 2.165223e-05 6.397420e-06)
2404          	(1.135506e+00 -4.685260e-05 1.511907e-01)	(1.122964e+00 -6.973836e-05 1.511830e-01)	(1.254230e-02 2.288575e-05 7.732169e-06)
2405          	(1.135563e+00 -7.542197e-05 1.537970e-01)	(1.123002e+00 -9.931441e-05 1.537859e-01)	(1.256124e-02 2.389243e-05 1.111233e-05)
2406          	(1.135648e+00 -9.877761e-05 1.565834e-01)	(1.123066e+00 -1.235429e-04 1.565671e-01)	(1.258180e-02 2.476533e-05 1.630640e-05)
2407          	(1.135544e+00 -1.196290e-04 1.595449e-01)	(1.122941e+00 -1.450738e-04 1.595216e-01)	(1.260330e-02 2.544483e-05 2.321625e-05)
2408          	(1.135246e+00 -1.389087e-04 1.626395e-01)	(1.122621e+00 -1.646824e-04 1.626079e-01)	(1.262485e-02 2.577370e-05 3.165053e-05)
2409          	(1.134893e+00 -1.569661e-04 1.658736e-01)	(1.122247e+00 -1.828959e-04 1.658319e-01)	(1.264588e-02 2.592982e-05 4.165452e-05)
2410          	(1.133719e+00 -1.644780e-04 1.692301e-01)	(1.121055e+00 -1.906322e-04 1.691766e-01)	(1.266464e-02 2.615427e-05 5.348343e-05)
2411          	(1.133188e+00 -1.793757e-04 1.726082e-01)	(1.120505e+00 -2.057324e-04 1.725415e-01)	(1.268238e-02 2.635668e-05 6.667607e-05)
2412          	(1.132607e+00 -1.914981e-04 1.760113e-01)	(1.119909e+00 -2.180444e-04 1.759304e-01)	(1.269883e-02 2.654628e-05 8.089375e-05)
2413          	(1.131981e+00 -1.998556e-04 1.794207e-01)	(1.119267e+00 -2.265794e-04 1.793249e-01)	(1.271349e-02 2.672379e-05 9.579314e-05)
2414          	(1.131315e+00 -2.037680e-04 1.828245e-01)	(1.118589e+00 -2.306785e-04 1.827134e-01)	(1.272609e-02 2.691052e-05 1.110440e-04)
2415          	(1.130625e+00 -2.027064e-04 1.862143e-01)	(1.117888e+00 -2.298344e-04 1.860880e-01)	(1.273647e-02 2.712807e-05 1.263108e-04)
2416          	(1.129934e+00 -1.968052e-04 1.895813e-01)	(1.117189e+00 -2.241659e-04 1.894398e-01)	(1.274476e-02 2.736074e-05 1.414824e-04)
2417          	(1.129268e+00 -1.865448e-04 1.929169e-01)	(1.116517e+00 -2.141681e-04 1.927604e-01)	(1.275112e-02 2.762328e-05 1.565138e-04)
2418          	(1.128650e+00 -1.730173e-04 1.962114e-01)	(1.115894e+00 -2.008505e-04 1.960402e-01)	(1.275580e-02 2.783316e-05 1.712190e-04)
2419          	(1.128102e+00 -1.569416e-04 1.994519e-01)	(1.115343e+00 -1.849076e-04 1.992665e-01)	(1.275933e-02 2.796608e-05 1.853897e-04)
2420          	(1.127631e+00 -1.399742e-04 2.026241e-01)	(1.114869e+00 -1.679558e-04 2.024251e-01)	(1.276235e-02 2.798159e-05 1.990701e-04)
2421          	(1.127238e+00 -1.237213e-04 2.057136e-01)	(1.114472e+00 -1.516129e-04 2.055012e-01)	(1.276527e-02 2.789158e-05 2.123507e-04)
2422          	(1.126919e+00 -1.090621e-04 2.087099e-01)	(1.114150e+00 -1.368194e-04 2.084845e-01)	(1.276842e-02 2.775726e-05 2.253614e-04)
2423          	(1.126655e+00 -9.665104e-05 2.116057e-01)	(1.113883e+00 -1.242537e-04 2.113675e-01)	(1.277207e-02 2.760265e-05 2.381958e-04)
2424          	(1.126443e+00 -8.719976e-05 2.144012e-01)	(1.113667e+00 -1.145946e-04 2.141503e-01)	(1.277645e-02 2.739486e-05 2.509059e-04)
2425          	(1.126261e+00 -8.033225e-05 2.171008e-01)	(1.113479e+00 -1.074463e-04 2.168373e-01)	(1.278175e-02 2.711402e-05 2.635212e-04)
2426          	(1.126085e+00 -7.546786e-05 2.197115e-01)	(1.113297e+00 -1.022295e-04 2.194354e-01)	(1.278816e-02 2.676163e-05 2.761215e-04)
2427          	(1.125893e+00 -7.177287e-05 2.222428e-01)	(1.113097e+00 -9.812420e-05 2.219538e-01)	(1.279589e-02 2.635133e-05 2.889728e-04)
2428          	(1.125658e+00 -6.841178e-05 2.247075e-01)	(1.112853e+00 -9.429881e-05 2.244051e-01)	(1.280500e-02 2.588703e-05 3.024067e-04)
2429          	(1.125376e+00 -6.480992e-05 2.271213e-01)	(1.112561e+00 -9.020963e-05 2.268046e-01)	(1.281540e-02 2.539971e-05 3.167440e-04)
2430          	(1.124989e+00 -6.000578e-05 2.295008e-01)	(1.112162e+00 -8.489791e-05 2.291685e-01)	(1.282675e-02 2.489213e-05 3.322763e-04)
2431          	(1.124471e+00 -5.344556e-05 2.318647e-01)	(1.111633e+00 -7.780873e-05 2.315155e-01)	(1.283859e-02 2.436316e-05 3.491996e-04)
2432          	(1.123927e+00 -5.257464e-05 2.335968e-01)	(1.111077e+00 -7.633490e-05 2.332301e-01)	(1.285027e-02 2.376025e-05 3.667271e-04)
2433          	(1.122901e+00 -3.227797e-05 2.363394e-01)	(1.110041e+00 -5.540204e-05 2.359530e-01)	(1.286052e-02 2.312407e-05 3.864319e-04)
2434          	(1.121829e+00 -1.290794e-05 2.390676e-01)	(1.108959e+00 -3.534446e-05 2.386595e-01)	(1.287082e-02 2.243652e-05 4.081036e-04)
2435          	(1.120550e+00 2.554443e-06 2.416917e-01)	(1.107670e+00 -1.924211e-05 2.412601e-01)	(1.287978e-02 2.179655e-05 4.315813e-04)
2436          	(1.119185e+00 1.718513e-05 2.442590e-01)	(1.106298e+00 -4.042038e-06 2.438023e-01)	(1.288720e-02 2.122716e-05 4.567324e-04)
2437          	(1.118104e+00 2.727035e-05 2.460308e-01)	(1.105210e+00 6.566947e-06 2.455488e-01)	(1.289322e-02 2.070340e-05 4.819991e-04)
2438          	(1.116476e+00 4.561209e-05 2.488472e-01)	(1.103579e+00 2.543446e-05 2.483376e-01)	(1.289675e-02 2.017763e-05 5.095925e-04)
2439          	(1.114832e+00 6.370880e-05 2.516514e-01)	(1.101932e+00 4.393837e-05 2.511124e-01)	(1.289947e-02 1.977043e-05 5.390508e-04)
2440          	(1.112952e+00 7.846951e-05 2.544430e-01)	(1.100052e+00 5.904477e-05 2.538728e-01)	(1.290004e-02 1.942474e-05 5.701694e-04)
2441          	(1.111719e+00 9.593057e-05 2.563387e-01)	(1.098820e+00 7.676329e-05 2.557378e-01)	(1.289934e-02 1.916728e-05 6.009122e-04)
2442          	(1.109975e+00 1.182033e-04 2.592232e-01)	(1.097078e+00 9.936065e-05 2.585898e-01)	(1.289622e-02 1.884269e-05 6.333223e-04)
2443          	(1.108245e+00 1.395025e-04 2.620802e-01)	(1.095353e+00 1.208394e-04 2.614133e-01)	(1.289221e-02 1.866306e-05 6.668649e-04)
2444          	(1.106551e+00 1.583302e-04 2.648818e-01)	(1.093664e+00 1.398127e-04 2.641804e-01)	(1.288680e-02 1.851752e-05 7.014000e-04)
2445          	(1.105279e+00 1.755886e-04 2.669608e-01)	(1.092398e+00 1.571369e-04 2.662251e-01)	(1.288072e-02 1.845173e-05 7.356212e-04)
2446          	(1.103534e+00 1.892182e-04 2.699614e-01)	(1.090660e+00 1.708532e-04 2.691896e-01)	(1.287354e-02 1.836497e-05 7.717292e-04)
2447          	(1.101898e+00 1.996504e-04 2.729080e-01)	(1.089031e+00 1.811321e-04 2.720985e-01)	(1.286672e-02 1.851828e-05 8.094818e-04)
2448          	(1.100416e+00 2.066159e-04 2.757367e-01)	(1.087556e+00 1.878630e-04 2.748879e-01)	(1.286010e-02 1.875296e-05 8.487204e-04)
2449          	(1.099368e+00 2.158488e-04 2.778434e-01)	(1.086514e+00 1.968187e-04 2.769552e-01)	(1.285406e-02 1.903009e-05 8.881726e-04)
2450          	(1.098067e+00 2.156230e-04 2.806360e-01)	(1.085218e+00 1.963997e-04 2.797068e-01)	(1.284853e-02 1.922332e-05 9.292334e-04)
2451          	(1.096939e+00 2.133420e-04 2.832343e-01)	(1.084095e+00 1.939686e-04 2.822625e-01)	(1.284448e-02 1.937342e-05 9.718794e-04)
2452          	(1.096229e+00 2.157225e-04 2.851531e-01)	(1.083388e+00 1.963237e-04 2.841383e-01)	(1.284147e-02 1.939878e-05 1.014811e-03)
2453          	(1.095372e+00 2.076164e-04 2.874510e-01)	(1.082532e+00 1.883324e-04 2.863923e-01)	(1.283956e-02 1.928407e-05 1.058725e-03)
2454          	(1.094738e+00 1.984630e-04 2.894357e-01)	(1.081899e+00 1.793412e-04 2.883319e-01)	(1.283924e-02 1.912180e-05 1.103800e-03)
2455          	(1.094439e+00 1.950459e-04 2.908820e-01)	(1.081599e+00 1.761250e-04 2.897336e-01)	(1.283966e-02 1.892093e-05 1.148437e-03)
2456          	(1.094185e+00 1.815840e-04 2.923011e-01)	(1.081344e+00 1.629614e-04 2.911089e-01)	(1.284106e-02 1.862260e-05 1.192205e-03)
2457          	(1.094156e+00 1.740142e-04 2.933189e-01)	(1.081313e+00 1.557755e-04 2.920835e-01)	(1.284332e-02 1.823873e-05 1.235363e-03)
2458          	(1.094299e+00 1.570914e-04 2.940485e-01)	(1.081453e+00 1.393928e-04 2.927721e-01)	(1.284667e-02 1.769864e-05 1.276378e-03)
2459          	(1.094649e+00 1.404547e-04 2.943824e-01)	(1.081798e+00 1.234228e-04 2.930666e-01)	(1.285116e-02 1.703188e-05 1.315798e-03)
2460          	(1.095000e+00 1.299604e-04 2.945347e-01)	(1.082144e+00 1.137165e-04 2.931819e-01)	(1.285605e-02 1.624388e-05 1.352822e-03)
2461          	(1.095693e+00 1.115931e-04 2.941158e-01)	(1.082831e+00 9.626926e-05 2.927297e-01)	(1.286204e-02 1.532389e-05 1.386063e-03)
2462          	(1.096306e+00 1.000409e-04 2.936498e-01)	(1.083437e+00 8.571107e-05 2.922327e-01)	(1.286847e-02 1.432981e-05 1.417075e-03)
2463          	(1.097311e+00 8.126589e-05 2.924626e-01)	(1.084435e+00 6.798111e-05 2.910194e-01)	(1.287572e-02 1.328478e-05 1.443164e-03)
2464          	(1.098195e+00 7.054339e-05 2.913587e-01)	(1.085312e+00 5.830743e-05 2.898924e-01)	(1.288329e-02 1.223596e-05 1.466336e-03)
2465          	(1.099485e+00 5.352601e-05 2.894093e-01)	(1.086594e+00 4.225332e-05 2.879257e-01)	(1.289166e-02 1.127269e-05 1.483626e-03)
2466          	(1.100868e+00 3.876554e-05 2.871812e-01)	(1.087967e+00 2.837968e-05 2.856847e-01)	(1.290072e-02 1.038586e-05 1.496528e-03)
2467          	(1.102061e+00 3.430551e-05 2.852773e-01)	(1.089151e+00 2.472906e-05 2.837719e-01)	(1.290978e-02 9.576450e-06 1.505358e-03)
2468          	(1.103408e+00 3.077085e-05 2.830052e-01)	(1.090489e+00 2.188522e-05 2.814962e-01)	(1.291902e-02 8.885637e-06 1.509030e-03)
2469          	(1.105164e+00 1.648371e-05 2.797214e-01)	(1.092236e+00 8.153419e-06 2.782148e-01)	(1.292895e-02 8.330287e-06 1.506540e-03)
2470          	(1.106697e+00 1.387789e-05 2.769745e-01)	(1.093758e+00 6.033886e-06 2.754739e-01)	(1.293877e-02 7.844004e-06 1.500564e-03)
2471          	(1.108571e+00 -3.054075e-06 2.733167e-01)	(1.095622e+00 -1.051049e-05 2.718287e-01)	(1.294908e-02 7.456419e-06 1.488006e-03)
2472          	(1.110143e+00 -5.632459e-06 2.703790e-01)	(1.097184e+00 -1.271454e-05 2.689065e-01)	(1.295896e-02 7.082081e-06 1.472545e-03)
2473          	(1.111740e+00 -8.699018e-06 2.673037e-01)	(1.098771e+00 -1.546096e-05 2.658508e-01)	(1.296864e-02 6.761937e-06 1.452931e-03)
2474          	(1.113581e+00 -3.021058e-05 2.634768e-01)	(1.100603e+00 -3.663523e-05 2.620486e-01)	(1.297833e-02 6.424646e-06 1.428216e-03)
2475          	(1.115055e+00 -3.154538e-05 2.605215e-01)	(1.102067e+00 -3.764002e-05 2.591199e-01)	(1.298740e-02 6.094644e-06 1.401616e-03)
2476          	(1.117294e+00 -5.426426e-05 2.570442e-01)	(1.104296e+00 -6.003800e-05 2.556730e-01)	(1.299758e-02 5.773732e-06 1.371197e-03)
2477          	(1.118486e+00 -5.462705e-05 2.544125e-01)	(1.105480e+00 -6.009263e-05 2.530723e-01)	(1.300685e-02 5.465578e-06 1.340182e-03)
2478          	(1.119579e+00 -5.374899e-05 2.518611e-01)	(1.106564e+00 -5.906173e-05 2.505526e-01)	(1.301553e-02 5.312732e-06 1.308512e-03)
2479          	(1.120344e+00 -6.191437e-05 2.489584e-01)	(1.107321e+00 -6.707333e-05 2.476831e-01)	(1.302323e-02 5.158964e-06 1.275267e-03)
2480          	(1.121198e+00 -5.767275e-05 2.467379e-01)	(1.108168e+00 -6.263543e-05 2.454953e-01)	(1.303049e-02 4.962686e-06 1.242523e-03)
2481          	(1.121642e+00 -5.984024e-05 2.442858e-01)	(1.108605e+00 -6.464843e-05 2.430765e-01)	(1.303689e-02 4.808190e-06 1.209262e-03)
2482          	(1.122256e+00 -5.210055e-05 2.424254e-01)	(1.109213e+00 -5.665412e-05 2.412485e-01)	(1.304300e-02 4.553572e-06 1.176946e-03)
2483          	(1.123163e+00 -5.879852e-05 2.403929e-01)	(1.110114e+00 -6.309529e-05 2.392482e-01)	(1.304938e-02 4.296774e-06 1.144643e-03)
2484          	(1.123499e+00 -4.817081e-05 2.388743e-01)	(1.110444e+00 -5.213482e-05 2.377608e-01)	(1.305497e-02 3.964006e-06 1.113553e-03)
2485          	(1.123278e+00 -3.734748e-05 2.372511e-01)	(1.110219e+00 -4.107365e-05 2.361679e-01)	(1.305874e-02 3.726176e-06 1.083218e-03)
2486          	(1.123404e+00 -2.663274e-05 2.360317e-01)	(1.110342e+00 -3.005794e-05 2.349774e-01)	(1.306198e-02 3.425193e-06 1.054247e-03)
2487          	(1.122905e+00 -1.514545e-05 2.347779e-01)	(1.109841e+00 -1.834934e-05 2.337515e-01)	(1.306366e-02 3.203889e-06 1.026417e-03)
2488          	(1.122849e+00 -6.848884e-06 2.338368e-01)	(1.109784e+00 -9.789844e-06 2.328367e-01)	(1.306504e-02 2.940960e-06 1.000121e-03)
2489          	(1.122478e+00 -1.169871e-06 2.329494e-01)	(1.109413e+00 -3.960997e-06 2.319740e-01)	(1.306555e-02 2.791126e-06 9.753771e-04)
2490          	(1.121727e+00 6.881167e-06 2.322746e-01)	(1.108663e+00 4.149045e-06 2.313223e-01)	(1.306480e-02 2.732122e-06 9.523591e-04)
2491          	(1.121463e+00 1.097534e-05 2.317942e-01)	(1.108399e+00 8.166079e-06 2.308625e-01)	(1.306397e-02 2.809265e-06 9.316620e-04)
2492          	(1.120617e+00 1.614902e-05 2.314767e-01)	(1.107555e+00 1.309277e-05 2.305632e-01)	(1.306202e-02 3.056249e-06 9.134719e-04)
2493          	(1.119780e+00 2.017741e-05 2.313226e-01)	(1.106720e+00 1.672714e-05 2.304249e-01)	(1.305936e-02 3.450266e-06 8.977152e-04)
2494          	(1.119363e+00 2.252657e-05 2.312418e-01)	(1.106306e+00 1.852642e-05 2.303573e-01)	(1.305687e-02 4.000149e-06 8.845156e-04)
2495          	(1.118358e+00 2.457620e-05 2.314008e-01)	(1.105305e+00 1.986249e-05 2.305265e-01)	(1.305340e-02 4.713708e-06 8.743143e-04)
2496          	(1.117309e+00 2.599509e-05 2.316976e-01)	(1.104259e+00 2.043521e-05 2.308308e-01)	(1.304938e-02 5.559881e-06 8.668413e-04)
2497          	(1.116233e+00 2.645057e-05 2.321213e-01)	(1.103189e+00 1.995949e-05 2.312591e-01)	(1.304483e-02 6.491079e-06 8.621907e-04)
2498          	(1.115128e+00 2.577903e-05 2.326620e-01)	(1.102088e+00 1.832212e-05 2.318018e-01)	(1.303987e-02 7.456907e-06 8.602517e-04)
2499          	(1.113995e+00 2.410599e-05 2.333097e-01)	(1.100961e+00 1.571287e-05 2.324489e-01)	(1.303461e-02 8.393122e-06 8.608349e-04)
2500          	(1.112837e+00 2.180783e-05 2.340553e-01)	(1.099808e+00 1.254795e-05 2.331916e-01)	(1.302911e-02 9.259881e-06 8.637178e-04)
2501          	(1.111656e+00 1.916343e-05 2.348914e-01)	(1.098633e+00 9.135479e-06 2.340227e-01)	(1.302344e-02 1.002795e-05 8.686113e-04)
2502          	(1.110438e+00 1.628600e-05 2.358114e-01)	(1.097421e+00 5.615313e-06 2.349362e-01)	(1.301755e-02 1.067068e-05 8.752153e-04)
2503          	(1.109235e+00 1.366095e-05 2.368076e-01)	(1.096224e+00 2.476660e-06 2.359244e-01)	(1.301143e-02 1.118429e-05 8.831920e-04)
2504          	(1.108028e+00 1.129403e-05 2.378728e-01)	(1.095023e+00 -2.851177e-07 2.369806e-01)	(1.300498e-02 1.157915e-05 8.922404e-04)
2505          	(1.106824e+00 9.160586e-06 2.389987e-01)	(1.093826e+00 -2.729213e-06 2.380966e-01)	(1.299810e-02 1.188980e-05 9.020661e-04)
2506          	(1.105630e+00 7.081334e-06 2.401761e-01)	(1.092639e+00 -5.050336e-06 2.392637e-01)	(1.299067e-02 1.213167e-05 9.123963e-04)
2507          	(1.104454e+00 4.901110e-06 2.413955e-01)	(1.091471e+00 -7.452980e-06 2.404725e-01)	(1.298265e-02 1.235409e-05 9.229708e-04)
2508          	(1.103304e+00 2.283920e-06 2.426455e-01)	(1.090330e+00 -1.030733e-05 2.417120e-01)	(1.297408e-02 1.259125e-05 9.335827e-04)
2509          	(1.102192e+00 -6.807979e-07 2.439126e-01)	(1.089227e+00 -1.355709e-05 2.429686e-01)	(1.296504e-02 1.287629e-05 9.440600e-04)
2510          	(1.101121e+00 -3.992444e-06 2.451833e-01)	(1.088166e+00 -1.719910e-05 2.442290e-01)	(1.295563e-02 1.320666e-05 9.542958e-04)
2511          	(1.100092e+00 -7.642517e-06 2.464451e-01)	(1.087146e+00 -2.119225e-05 2.454809e-01)	(1.294592e-02 1.354974e-05 9.641990e-04)
2512          	(1.099099e+00 -1.150704e-05 2.476873e-01)	(1.086163e+00 -2.536968e-05 2.467136e-01)	(1.293598e-02 1.386264e-05 9.737222e-04)
2513          	(1.098137e+00 -1.545678e-05 2.489022e-01)	(1.085211e+00 -2.956012e-05 2.479193e-01)	(1.292586e-02 1.410334e-05 9.828322e-04)
2514          	(1.097210e+00 -1.941275e-05 2.500825e-01)	(1.084294e+00 -3.365941e-05 2.490909e-01)	(1.291561e-02 1.424667e-05 9.915177e-04)
2515          	(1.096288e+00 -2.318033e-05 2.512249e-01)	(1.083383e+00 -3.747120e-05 2.502251e-01)	(1.290519e-02 1.429087e-05 9.997511e-04)
2516          	(1.095365e+00 -2.674163e-05 2.523243e-01)	(1.082470e+00 -4.097869e-05 2.513168e-01)	(1.289462e-02 1.423706e-05 1.007523e-03)
2517          	(1.094384e+00 -3.494949e-05 2.533947e-01)	(1.081500e+00 -4.900942e-05 2.523799e-01)	(1.288381e-02 1.405993e-05 1.014867e-03)
2518          	(1.093527e+00 -3.761282e-05 2.543841e-01)	(1.080654e+00 -5.140472e-05 2.533625e-01)	(1.287303e-02 1.379190e-05 1.021683e-03)
2519          	(1.092672e+00 -4.018457e-05 2.553126e-01)	(1.079810e+00 -5.364278e-05 2.542846e-01)	(1.286224e-02 1.345821e-05 1.027943e-03)
2520          	(1.091656e+00 -4.808403e-05 2.561937e-01)	(1.078805e+00 -6.115216e-05 2.551600e-01)	(1.285116e-02 1.306813e-05 1.033715e-03)
2521          	(1.090728e+00 -5.393138e-05 2.569873e-01)	(1.077888e+00 -6.659383e-05 2.559484e-01)	(1.284001e-02 1.266245e-05 1.038903e-03)
2522          	(1.089896e+00 -5.824556e-05 2.576848e-01)	(1.077067e+00 -7.051749e-05 2.566414e-01)	(1.282903e-02 1.227193e-05 1.043436e-03)
2523          	(1.089201e+00 -5.538816e-05 2.582728e-01)	(1.076383e+00 -6.732527e-05 2.572255e-01)	(1.281842e-02 1.193711e-05 1.047239e-03)
2524          	(1.088465e+00 -6.011274e-05 2.587788e-01)	(1.075657e+00 -7.173581e-05 2.577284e-01)	(1.280807e-02 1.162307e-05 1.050394e-03)
2525          	(1.087828e+00 -5.970290e-05 2.591766e-01)	(1.075030e+00 -7.107826e-05 2.581237e-01)	(1.279811e-02 1.137536e-05 1.052885e-03)
2526          	(1.087142e+00 -6.695749e-05 2.594883e-01)	(1.074353e+00 -7.811116e-05 2.584335e-01)	(1.278840e-02 1.115367e-05 1.054788e-03)
2527          	(1.086477e+00 -6.617603e-05 2.596919e-01)	(1.073698e+00 -7.719048e-05 2.586358e-01)	(1.277893e-02 1.101445e-05 1.056091e-03)
2528          	(1.085960e+00 -7.714739e-05 2.598010e-01)	(1.073190e+00 -8.806362e-05 2.587442e-01)	(1.276998e-02 1.091623e-05 1.056783e-03)
2529          	(1.085459e+00 -8.203265e-05 2.598052e-01)	(1.072698e+00 -9.293591e-05 2.587484e-01)	(1.276144e-02 1.090326e-05 1.056829e-03)
2530          	(1.084921e+00 -8.697819e-05 2.597197e-01)	(1.072168e+00 -9.795414e-05 2.586635e-01)	(1.275312e-02 1.097595e-05 1.056224e-03)
2531          	(1.084621e+00 -1.011666e-04 2.595529e-01)	(1.071875e+00 -1.122520e-04 2.584980e-01)	(1.274539e-02 1.108540e-05 1.054848e-03)
2532          	(1.084257e+00 -1.104215e-04 2.593057e-01)	(1.071519e+00 -1.216709e-04 2.582530e-01)	(1.273798e-02 1.124941e-05 1.052648e-03)
2533          	(1.083931e+00 -1.206337e-04 2.589924e-01)	(1.071200e+00 -1.320881e-04 2.579429e-01)	(1.273083e-02 1.145441e-05 1.049554e-03)
2534          	(1.083642e+00 -1.316286e-04 2.586202e-01)	(1.070918e+00 -1.433179e-04 2.575747e-01)	(1.272392e-02 1.168931e-05 1.045511e-03)
2535          	(1.083548e+00 -1.466340e-04 2.582001e-01)	(1.070831e+00 -1.585668e-04 2.571597e-01)	(1.271754e-02 1.193287e-05 1.040441e-03)
2536          	(1.083357e+00 -1.582418e-04 2.577295e-01)	(1.070645e+00 -1.704265e-04 2.566951e-01)	(1.271139e-02 1.218470e-05 1.034387e-03)
2537          	(1.083216e+00 -1.696669e-04 2.572137e-01)	(1.070510e+00 -1.820976e-04 2.561863e-01)	(1.270551e-02 1.243065e-05 1.027382e-03)
2538          	(1.083426e+00 -1.896975e-04 2.566526e-01)	(1.070725e+00 -2.023178e-04 2.556332e-01)	(1.270052e-02 1.262028e-05 1.019374e-03)
2539          	(1.083547e+00 -2.066926e-04 2.560543e-01)	(1.070851e+00 -2.194570e-04 2.550438e-01)	(1.269609e-02 1.276443e-05 1.010458e-03)
2540          	(1.083565e+00 -2.147534e-04 2.554195e-01)	(1.070873e+00 -2.276579e-04 2.544187e-01)	(1.269193e-02 1.290450e-05 1.000804e-03)
2541          	(1.083624e+00 -2.231164e-04 2.547408e-01)	(1.070936e+00 -2.361348e-04 2.537503e-01)	(1.268817e-02 1.301845e-05 9.904746e-04)
2542          	(1.083717e+00 -2.320798e-04 2.540163e-01)	(1.071032e+00 -2.451664e-04 2.530367e-01)	(1.268489e-02 1.308661e-05 9.795649e-04)
2543          	(1.083842e+00 -2.417877e-04 2.532469e-01)	(1.071160e+00 -2.548859e-04 2.522787e-01)	(1.268214e-02 1.309827e-05 9.681643e-04)
2544          	(1.083992e+00 -2.521722e-04 2.524347e-01)	(1.071312e+00 -2.652131e-04 2.514783e-01)	(1.267993e-02 1.304098e-05 9.563768e-04)
2545          	(1.084169e+00 -2.631385e-04 2.515828e-01)	(1.071491e+00 -2.760531e-04 2.506386e-01)	(1.267828e-02 1.291466e-05 9.442783e-04)
2546          	(1.084376e+00 -2.744947e-04 2.506937e-01)	(1.071699e+00 -2.872175e-04 2.497618e-01)	(1.267717e-02 1.272276e-05 9.319404e-04)
2547          	(1.084614e+00 -2.860573e-04 2.497688e-01)	(1.071938e+00 -2.985248e-04 2.488495e-01)	(1.267654e-02 1.246751e-05 9.193757e-04)
2548          	(1.084813e+00 -2.974635e-04 2.488105e-01)	(1.072137e+00 -3.096286e-04 2.479039e-01)	(1.267624e-02 1.216506e-05 9.066171e-04)
2549          	(1.085136e+00 -3.090558e-04 2.478144e-01)	(1.072459e+00 -3.208900e-04 2.469208e-01)	(1.267640e-02 1.183423e-05 8.936085e-04)
2550          	(1.085402e+00 -3.200916e-04 2.467846e-01)	(1.072725e+00 -3.315872e-04 2.459042e-01)	(1.267681e-02 1.149559e-05 8.803622e-04)
2551          	(1.085743e+00 -3.310686e-04 2.457183e-01)	(1.073065e+00 -3.422390e-04 2.448515e-01)	(1.267751e-02 1.117041e-05 8.668397e-04)
2552          	(1.086102e+00 -3.418293e-04 2.446191e-01)	(1.073423e+00 -3.527034e-04 2.437661e-01)	(1.267849e-02 1.087417e-05 8.530501e-04)
2553          	(1.086467e+00 -3.524048e-04 2.434909e-01)	(1.073788e+00 -3.630157e-04 2.426519e-01)	(1.267968e-02 1.061090e-05 8.390197e-04)
2554          	(1.086880e+00 -3.631244e-04 2.423375e-01)	(1.074199e+00 -3.735240e-04 2.415127e-01)	(1.268113e-02 1.039957e-05 8.248031e-04)
2555          	(1.087276e+00 -3.736047e-04 2.411660e-01)	(1.074593e+00 -3.838497e-04 2.403555e-01)	(1.268280e-02 1.024507e-05 8.104545e-04)
2556          	(1.087704e+00 -3.843060e-04 2.399815e-01)	(1.075019e+00 -3.944595e-04 2.391854e-01)	(1.268468e-02 1.015354e-05 7.960384e-04)
2557          	(1.087726e+00 -3.951409e-04 2.387707e-01)	(1.075040e+00 -4.052606e-04 2.379891e-01)	(1.268605e-02 1.011966e-05 7.816438e-04)
2558          	(1.087755e+00 -4.041126e-04 2.375559e-01)	(1.075068e+00 -4.142471e-04 2.367885e-01)	(1.268707e-02 1.013450e-05 7.673323e-04)
2559          	(1.087814e+00 -4.081974e-04 2.363429e-01)	(1.075126e+00 -4.183901e-04 2.355898e-01)	(1.268803e-02 1.019268e-05 7.531156e-04)
2560          	(1.088417e+00 -4.214027e-04 2.351829e-01)	(1.075727e+00 -4.316233e-04 2.344438e-01)	(1.269001e-02 1.022063e-05 7.390178e-04)
2561          	(1.088474e+00 -4.297447e-04 2.340086e-01)	(1.075782e+00 -4.399562e-04 2.332835e-01)	(1.269178e-02 1.021157e-05 7.250724e-04)
2562          	(1.088564e+00 -4.386240e-04 2.328718e-01)	(1.075871e+00 -4.487635e-04 2.321605e-01)	(1.269339e-02 1.013956e-05 7.113271e-04)
2563          	(1.088765e+00 -4.484547e-04 2.317886e-01)	(1.076070e+00 -4.584529e-04 2.310908e-01)	(1.269520e-02 9.998216e-06 6.977568e-04)
2564          	(1.089055e+00 -4.577786e-04 2.307871e-01)	(1.076358e+00 -4.675658e-04 2.301026e-01)	(1.269736e-02 9.787169e-06 6.844249e-04)
2565          	(1.089174e+00 -4.663170e-04 2.298219e-01)	(1.076475e+00 -4.758398e-04 2.291506e-01)	(1.269942e-02 9.522848e-06 6.713017e-04)
2566          	(1.089499e+00 -4.758715e-04 2.289418e-01)	(1.076797e+00 -4.850698e-04 2.282834e-01)	(1.270176e-02 9.198284e-06 6.584016e-04)
2567          	(1.089434e+00 -4.795601e-04 2.281152e-01)	(1.076731e+00 -4.884176e-04 2.274694e-01)	(1.270363e-02 8.857502e-06 6.457780e-04)
2568          	(1.089716e+00 -4.881853e-04 2.273755e-01)	(1.077010e+00 -4.966584e-04 2.267421e-01)	(1.270573e-02 8.473089e-06 6.334083e-04)
2569          	(1.089344e+00 -4.880443e-04 2.267013e-01)	(1.076637e+00 -4.961416e-04 2.260798e-01)	(1.270690e-02 8.097272e-06 6.214402e-04)
2570          	(1.089526e+00 -4.930336e-04 2.261128e-01)	(1.076818e+00 -5.007451e-04 2.255030e-01)	(1.270829e-02 7.711504e-06 6.098219e-04)
2571          	(1.089086e+00 -4.903851e-04 2.255937e-01)	(1.076377e+00 -4.977220e-04 2.249950e-01)	(1.270886e-02 7.336923e-06 5.987095e-04)
2572          	(1.089158e+00 -4.914949e-04 2.251563e-01)	(1.076448e+00 -4.984565e-04 2.245682e-01)	(1.270966e-02 6.961581e-06 5.881043e-04)
2573          	(1.088767e+00 -4.871581e-04 2.247895e-01)	(1.076057e+00 -4.937474e-04 2.242114e-01)	(1.270994e-02 6.589310e-06 5.781485e-04)
2574          	(1.088468e+00 -4.840674e-04 2.245055e-01)	(1.075758e+00 -4.902856e-04 2.239366e-01)	(1.270991e-02 6.218173e-06 5.689526e-04)
2575          	(1.088159e+00 -4.808483e-04 2.242945e-01)	(1.075449e+00 -4.866690e-04 2.237339e-01)	(1.270974e-02 5.820688e-06 5.605794e-04)
2576          	(1.087841e+00 -4.780060e-04 2.241596e-01)	(1.075131e+00 -4.833994e-04 2.236065e-01)	(1.270946e-02 5.393369e-06 5.531468e-04)
2577          	(1.087592e+00 -4.756833e-04 2.241021e-01)	(1.074883e+00 -4.806232e-04 2.235554e-01)	(1.270921e-02 4.939868e-06 5.467312e-04)
2578          	(1.087182e+00 -4.732858e-04 2.241279e-01)	(1.074473e+00 -4.777486e-04 2.235864e-01)	(1.270869e-02 4.462855e-06 5.414917e-04)
2579          	(1.086723e+00 -4.713160e-04 2.242343e-01)	(1.074015e+00 -4.752867e-04 2.236968e-01)	(1.270782e-02 3.970634e-06 5.375096e-04)
2580          	(1.086211e+00 -4.697026e-04 2.244175e-01)	(1.073504e+00 -4.731771e-04 2.238826e-01)	(1.270659e-02 3.474522e-06 5.348709e-04)
2581          	(1.085720e+00 -4.678191e-04 2.246746e-01)	(1.073015e+00 -4.708095e-04 2.241409e-01)	(1.270508e-02 2.990431e-06 5.336185e-04)
2582          	(1.085055e+00 -4.666692e-04 2.249895e-01)	(1.072352e+00 -4.691932e-04 2.244557e-01)	(1.270304e-02 2.523994e-06 5.338376e-04)
2583          	(1.084333e+00 -4.659052e-04 2.253586e-01)	(1.071632e+00 -4.679823e-04 2.248231e-01)	(1.270045e-02 2.077104e-06 5.355661e-04)
2584          	(1.083563e+00 -4.656354e-04 2.257727e-01)	(1.070865e+00 -4.672809e-04 2.252338e-01)	(1.269739e-02 1.645536e-06 5.388513e-04)
2585          	(1.082759e+00 -4.660359e-04 2.262232e-01)	(1.070065e+00 -4.672694e-04 2.256795e-01)	(1.269392e-02 1.233571e-06 5.437120e-04)
2586          	(1.081936e+00 -4.672002e-04 2.267027e-01)	(1.069246e+00 -4.680347e-04 2.261525e-01)	(1.269013e-02 8.344940e-07 5.501665e-04)
2587          	(1.081110e+00 -4.691865e-04 2.272051e-01)	(1.068424e+00 -4.696328e-04 2.266469e-01)	(1.268614e-02 4.462639e-07 5.582030e-04)
2588          	(1.080323e+00 -4.718675e-04 2.277253e-01)	(1.067640e+00 -4.719331e-04 2.271575e-01)	(1.268210e-02 6.563766e-08 5.678037e-04)
2589          	(1.079547e+00 -4.748041e-04 2.282634e-01)	(1.066869e+00 -4.744886e-04 2.276845e-01)	(1.267808e-02 -3.154910e-07 5.789264e-04)
2590          	(1.078806e+00 -4.776362e-04 2.288195e-01)	(1.066132e+00 -4.769324e-04 2.282280e-01)	(1.267418e-02 -7.038472e-07 5.915105e-04)
2591          	(1.078080e+00 -4.801088e-04 2.293963e-01)	(1.065410e+00 -4.790063e-04 2.287908e-01)	(1.267044e-02 -1.102468e-06 6.054655e-04)
2592          	(1.077388e+00 -4.815618e-04 2.299962e-01)	(1.064721e+00 -4.800485e-04 2.293756e-01)	(1.266694e-02 -1.513237e-06 6.206427e-04)
2593          	(1.076398e+00 -4.780842e-04 2.306379e-01)	(1.063734e+00 -4.761741e-04 2.300009e-01)	(1.266315e-02 -1.910149e-06 6.369757e-04)
2594          	(1.076217e+00 -4.887828e-04 2.313112e-01)	(1.063556e+00 -4.864379e-04 2.306571e-01)	(1.266062e-02 -2.344889e-06 6.541109e-04)
2595          	(1.075869e+00 -4.931532e-04 2.320018e-01)	(1.063210e+00 -4.903680e-04 2.313300e-01)	(1.265875e-02 -2.785239e-06 6.718489e-04)
2596          	(1.075139e+00 -4.842078e-04 2.326817e-01)	(1.062483e+00 -4.810546e-04 2.319917e-01)	(1.265644e-02 -3.153246e-06 6.900219e-04)
2597          	(1.074348e+00 -4.727451e-04 2.333921e-01)	(1.061694e+00 -4.692992e-04 2.326836e-01)	(1.265365e-02 -3.445906e-06 7.084703e-04)
2598          	(1.074317e+00 -4.745855e-04 2.341335e-01)	(1.061665e+00 -4.708412e-04 2.334066e-01)	(1.265191e-02 -3.744328e-06 7.268894e-04)
2599          	(1.073966e+00 -4.673459e-04 2.348795e-01)	(1.061316e+00 -4.633374e-04 2.341344e-01)	(1.265031e-02 -4.008493e-06 7.451419e-04)
2600          	(1.073566e+00 -4.603486e-04 2.356509e-01)	(1.060917e+00 -4.561073e-04 2.348877e-01)	(1.264853e-02 -4.241276e-06 7.632124e-04)
2601          	(1.073093e+00 -4.539699e-04 2.364398e-01)	(1.060446e+00 -4.494951e-04 2.356587e-01)	(1.264651e-02 -4.474796e-06 7.810499e-04)
2602          	(1.072275e+00 -4.453189e-04 2.372380e-01)	(1.059632e+00 -4.406071e-04 2.364393e-01)	(1.264366e-02 -4.711801e-06 7.987009e-04)
2603          	(1.071775e+00 -4.414823e-04 2.380235e-01)	(1.059134e+00 -4.365051e-04 2.372075e-01)	(1.264070e-02 -4.977270e-06 8.160030e-04)
2604          	(1.071503e+00 -4.435006e-04 2.387916e-01)	(1.058864e+00 -4.381913e-04 2.379588e-01)	(1.263810e-02 -5.309312e-06 8.328143e-04)
2605          	(1.071250e+00 -4.467791e-04 2.395424e-01)	(1.058614e+00 -4.410715e-04 2.386932e-01)	(1.263568e-02 -5.707592e-06 8.491527e-04)
2606          	(1.070995e+00 -4.503455e-04 2.402756e-01)	(1.058362e+00 -4.441644e-04 2.394106e-01)	(1.263336e-02 -6.181117e-06 8.650870e-04)
2607          	(1.070540e+00 -4.505126e-04 2.409878e-01)	(1.057909e+00 -4.438003e-04 2.401071e-01)	(1.263066e-02 -6.712315e-06 8.807110e-04)
2608          	(1.070341e+00 -4.535018e-04 2.416908e-01)	(1.057712e+00 -4.462032e-04 2.407948e-01)	(1.262812e-02 -7.298613e-06 8.959992e-04)
2609          	(1.070128e+00 -4.549601e-04 2.423783e-01)	(1.057502e+00 -4.470429e-04 2.414673e-01)	(1.262562e-02 -7.917232e-06 9.109390e-04)
2610          	(1.069655e+00 -4.495447e-04 2.430485e-01)	(1.057033e+00 -4.410231e-04 2.421228e-01)	(1.262264e-02 -8.521601e-06 9.256487e-04)
2611          	(1.069279e+00 -4.445082e-04 2.437075e-01)	(1.056660e+00 -4.354121e-04 2.427674e-01)	(1.261943e-02 -9.096054e-06 9.401047e-04)
2612          	(1.069157e+00 -4.450217e-04 2.443557e-01)	(1.056540e+00 -4.353605e-04 2.434015e-01)	(1.261660e-02 -9.661209e-06 9.541983e-04)
2613          	(1.069031e+00 -4.445138e-04 2.449910e-01)	(1.056417e+00 -4.343139e-04 2.440231e-01)	(1.261400e-02 -1.019988e-05 9.679347e-04)
2614          	(1.068721e+00 -4.376729e-04 2.456164e-01)	(1.056110e+00 -4.270018e-04 2.446350e-01)	(1.261129e-02 -1.067104e-05 9.814169e-04)
2615          	(1.068701e+00 -4.381208e-04 2.462295e-01)	(1.056092e+00 -4.270142e-04 2.452350e-01)	(1.260905e-02 -1.110656e-05 9.945399e-04)
2616          	(1.068433e+00 -4.315174e-04 2.468379e-01)	(1.055826e+00 -4.200307e-04 2.458305e-01)	(1.260681e-02 -1.148678e-05 1.007354e-03)
2617          	(1.068379e+00 -4.313707e-04 2.474336e-01)	(1.055774e+00 -4.195571e-04 2.464137e-01)	(1.260494e-02 -1.181362e-05 1.019818e-03)
2618          	(1.068210e+00 -4.300752e-04 2.479190e-01)	(1.055607e+00 -4.179662e-04 2.468874e-01)	(1.260314e-02 -1.210898e-05 1.031624e-03)
2619          	(1.068272e+00 -4.287538e-04 2.485531e-01)	(1.055670e+00 -4.163584e-04 2.475101e-01)	(1.260154e-02 -1.239546e-05 1.043039e-03)
2620          	(1.068331e+00 -4.269941e-04 2.491881e-01)	(1.055730e+00 -4.143473e-04 2.481336e-01)	(1.260120e-02 -1.264680e-05 1.054569e-03)
2621          	(1.068407e+00 -4.256789e-04 2.498187e-01)	(1.055806e+00 -4.127728e-04 2.487530e-01)	(1.260118e-02 -1.290608e-05 1.065694e-03)
2622          	(1.068237e+00 -4.234213e-04 2.502845e-01)	(1.055636e+00 -4.102280e-04 2.492085e-01)	(1.260079e-02 -1.319330e-05 1.076013e-03)
2623          	(1.068048e+00 -4.155876e-04 2.509802e-01)	(1.055448e+00 -4.020962e-04 2.498943e-01)	(1.259999e-02 -1.349142e-05 1.085889e-03)
2624          	(1.068079e+00 -4.126210e-04 2.516618e-01)	(1.055479e+00 -3.988100e-04 2.505661e-01)	(1.260040e-02 -1.381099e-05 1.095701e-03)
2625          	(1.068010e+00 -4.142280e-04 2.520985e-01)	(1.055409e+00 -4.000267e-04 2.509941e-01)	(1.260052e-02 -1.420124e-05 1.104397e-03)
2626          	(1.068280e+00 -4.203451e-04 2.527640e-01)	(1.055679e+00 -4.056459e-04 2.516518e-01)	(1.260091e-02 -1.469915e-05 1.112174e-03)
2627          	(1.068489e+00 -4.262427e-04 2.533671e-01)	(1.055886e+00 -4.109417e-04 2.522475e-01)	(1.260245e-02 -1.530103e-05 1.119551e-03)
2628          	(1.068421e+00 -4.292664e-04 2.537003e-01)	(1.055818e+00 -4.133064e-04 2.525746e-01)	(1.260332e-02 -1.596001e-05 1.125682e-03)
2629          	(1.068628e+00 -4.342667e-04 2.541794e-01)	(1.056024e+00 -4.175478e-04 2.530489e-01)	(1.260382e-02 -1.671892e-05 1.130513e-03)
2630          	(1.068836e+00 -4.382143e-04 2.544792e-01)	(1.056230e+00 -4.206711e-04 2.533447e-01)	(1.260515e-02 -1.754313e-05 1.134435e-03)
2631          	(1.069134e+00 -4.408449e-04 2.544959e-01)	(1.056528e+00 -4.224224e-04 2.533593e-01)	(1.260625e-02 -1.842254e-05 1.136597e-03)
2632          	(1.069542e+00 -4.422021e-04 2.541767e-01)	(1.056935e+00 -4.228580e-04 2.530400e-01)	(1.260717e-02 -1.934415e-05 1.136708e-03)
2633          	(1.069831e+00 -4.436987e-04 2.536726e-01)	(1.057223e+00 -4.234246e-04 2.525375e-01)	(1.260775e-02 -2.027410e-05 1.135129e-03)
2634          	(1.070684e+00 -4.419634e-04 2.525694e-01)	(1.058075e+00 -4.206912e-04 2.514390e-01)	(1.260812e-02 -2.127215e-05 1.130370e-03)
2635          	(1.071762e+00 -4.402035e-04 2.511185e-01)	(1.059153e+00 -4.179732e-04 2.499953e-01)	(1.260970e-02 -2.223033e-05 1.123123e-03)
2636          	(1.072826e+00 -4.334815e-04 2.493540e-01)	(1.060214e+00 -4.103194e-04 2.482409e-01)	(1.261148e-02 -2.316207e-05 1.113139e-03)
2637          	(1.073517e+00 -4.321205e-04 2.479946e-01)	(1.060903e+00 -4.080920e-04 2.468923e-01)	(1.261337e-02 -2.402849e-05 1.102259e-03)
2638          	(1.075166e+00 -4.297522e-04 2.455747e-01)	(1.062550e+00 -4.048630e-04 2.444868e-01)	(1.261599e-02 -2.488916e-05 1.087892e-03)
2639          	(1.076772e+00 -4.282612e-04 2.430413e-01)	(1.064152e+00 -4.026660e-04 2.419701e-01)	(1.261995e-02 -2.559526e-05 1.071184e-03)
2640          	(1.077655e+00 -4.270455e-04 2.413191e-01)	(1.065031e+00 -4.008506e-04 2.402647e-01)	(1.262401e-02 -2.619491e-05 1.054384e-03)
2641          	(1.079183e+00 -4.348827e-04 2.385177e-01)	(1.066554e+00 -4.080877e-04 2.374829e-01)	(1.262835e-02 -2.679501e-05 1.034789e-03)
2642          	(1.080200e+00 -4.323038e-04 2.366899e-01)	(1.067567e+00 -4.051464e-04 2.356744e-01)	(1.263344e-02 -2.715745e-05 1.015537e-03)
2643          	(1.082372e+00 -4.403088e-04 2.340003e-01)	(1.069732e+00 -4.128229e-04 2.330063e-01)	(1.263998e-02 -2.748589e-05 9.939409e-04)
2644          	(1.084380e+00 -4.476894e-04 2.315587e-01)	(1.071732e+00 -4.200325e-04 2.305874e-01)	(1.264805e-02 -2.765687e-05 9.712648e-04)
2645          	(1.085251e+00 -4.440158e-04 2.300272e-01)	(1.072595e+00 -4.162828e-04 2.290777e-01)	(1.265551e-02 -2.773302e-05 9.494695e-04)
2646          	(1.086675e+00 -4.539106e-04 2.279250e-01)	(1.074012e+00 -4.260486e-04 2.269984e-01)	(1.266280e-02 -2.786196e-05 9.266402e-04)
2647          	(1.087412e+00 -4.480434e-04 2.266664e-01)	(1.074742e+00 -4.200592e-04 2.257614e-01)	(1.267007e-02 -2.798417e-05 9.049636e-04)
2648          	(1.088998e+00 -4.499552e-04 2.250985e-01)	(1.076320e+00 -4.217945e-04 2.242157e-01)	(1.267785e-02 -2.816066e-05 8.828153e-04)
2649          	(1.089551e+00 -4.427119e-04 2.240890e-01)	(1.076866e+00 -4.143082e-04 2.232272e-01)	(1.268536e-02 -2.840366e-05 8.618123e-04)
2650          	(1.090613e+00 -4.368082e-04 2.229211e-01)	(1.077920e+00 -4.081511e-04 2.220803e-01)	(1.269253e-02 -2.865709e-05 8.407980e-04)
2651          	(1.090998e+00 -4.304978e-04 2.221534e-01)	(1.078298e+00 -4.015433e-04 2.213324e-01)	(1.269950e-02 -2.895445e-05 8.209878e-04)
2652          	(1.091444e+00 -4.310165e-04 2.213024e-01)	(1.078739e+00 -4.017917e-04 2.205009e-01)	(1.270544e-02 -2.922472e-05 8.015367e-04)
2653          	(1.091714e+00 -4.244836e-04 2.207129e-01)	(1.079002e+00 -3.950001e-04 2.199296e-01)	(1.271143e-02 -2.948351e-05 7.833194e-04)
2654          	(1.092383e+00 -4.226142e-04 2.200265e-01)	(1.079666e+00 -3.929520e-04 2.192611e-01)	(1.271728e-02 -2.966217e-05 7.653925e-04)
2655          	(1.092655e+00 -4.169692e-04 2.194140e-01)	(1.079932e+00 -3.872120e-04 2.186657e-01)	(1.272328e-02 -2.975714e-05 7.482777e-04)
2656          	(1.092805e+00 -4.123106e-04 2.189993e-01)	(1.080076e+00 -3.825392e-04 2.182671e-01)	(1.272875e-02 -2.977139e-05 7.322276e-04)
2657          	(1.093162e+00 -4.088095e-04 2.184138e-01)	(1.080428e+00 -3.791609e-04 2.176974e-01)	(1.273375e-02 -2.964864e-05 7.164208e-04)
2658          	(1.093329e+00 -4.053644e-04 2.180464e-01)	(1.080590e+00 -3.759858e-04 2.173446e-01)	(1.273907e-02 -2.937854e-05 7.018013e-04)
2659          	(1.094008e+00 -4.057793e-04 2.174632e-01)	(1.081264e+00 -3.767944e-04 2.167762e-01)	(1.274435e-02 -2.898487e-05 6.870304e-04)
2660          	(1.094597e+00 -4.052503e-04 2.169527e-01)	(1.081846e+00 -3.767965e-04 2.162800e-01)	(1.275043e-02 -2.845382e-05 6.727593e-04)
2661          	(1.094705e+00 -4.024208e-04 2.167250e-01)	(1.081950e+00 -3.745377e-04 2.160653e-01)	(1.275588e-02 -2.788314e-05 6.596360e-04)
2662          	(1.094835e+00 -3.993800e-04 2.165096e-01)	(1.082074e+00 -3.720172e-04 2.158622e-01)	(1.276049e-02 -2.736275e-05 6.473422e-04)
2663          	(1.095081e+00 -3.944110e-04 2.160692e-01)	(1.082316e+00 -3.675738e-04 2.154339e-01)	(1.276506e-02 -2.683714e-05 6.352725e-04)
2664          	(1.095208e+00 -3.909766e-04 2.159288e-01)	(1.082438e+00 -3.646920e-04 2.153041e-01)	(1.277008e-02 -2.628464e-05 6.246911e-04)
2665          	(1.095901e+00 -3.896337e-04 2.156266e-01)	(1.083126e+00 -3.637128e-04 2.150123e-01)	(1.277539e-02 -2.592086e-05 6.143226e-04)
2666          	(1.095945e+00 -3.864186e-04 2.155616e-01)	(1.083164e+00 -3.608681e-04 2.149559e-01)	(1.278109e-02 -2.555044e-05 6.057031e-04)
2667          	(1.095973e+00 -3.833441e-04 2.155097e-01)	(1.083187e+00 -3.579397e-04 2.149116e-01)	(1.278596e-02 -2.540444e-05 5.980927e-04)
2668          	(1.096002e+00 -3.725027e-04 2.153025e-01)	(1.083211e+00 -3.471782e-04 2.147113e-01)	(1.279062e-02 -2.532452e-05 5.911541e-04)
2669          	(1.095982e+00 -3.707837e-04 2.152879e-01)	(1.083187e+00 -3.455488e-04 2.147024e-01)	(1.279552e-02 -2.523487e-05 5.855732e-04)
2670          	(1.095942e+00 -3.697555e-04 2.152822e-01)	(1.083143e+00 -3.444463e-04 2.147017e-01)	(1.279950e-02 -2.530926e-05 5.805681e-04)
2671          	(1.095821e+00 -3.627755e-04 2.151931e-01)	(1.083018e+00 -3.373771e-04 2.146171e-01)	(1.280300e-02 -2.539844e-05 5.760005e-04)
2672          	(1.095952e+00 -3.673763e-04 2.152083e-01)	(1.083145e+00 -3.418900e-04 2.146362e-01)	(1.280685e-02 -2.548635e-05 5.721062e-04)
2673          	(1.096009e+00 -3.718919e-04 2.152459e-01)	(1.083199e+00 -3.461653e-04 2.146776e-01)	(1.280988e-02 -2.572666e-05 5.682818e-04)
2674          	(1.095988e+00 -3.759513e-04 2.153110e-01)	(1.083175e+00 -3.499102e-04 2.147462e-01)	(1.281261e-02 -2.604113e-05 5.648212e-04)
2675          	(1.096092e+00 -3.792123e-04 2.154051e-01)	(1.083277e+00 -3.527802e-04 2.148436e-01)	(1.281524e-02 -2.643214e-05 5.614452e-04)
2676          	(1.095849e+00 -3.790271e-04 2.155123e-01)	(1.083031e+00 -3.521832e-04 2.149540e-01)	(1.281729e-02 -2.684391e-05 5.582338e-04)
2677          	(1.095585e+00 -3.784301e-04 2.156605e-01)	(1.082767e+00 -3.511901e-04 2.151057e-01)	(1.281786e-02 -2.724004e-05 5.547411e-04)
2678          	(1.095308e+00 -3.774317e-04 2.158512e-01)	(1.082490e+00 -3.498508e-04 2.152998e-01)	(1.281784e-02 -2.758092e-05 5.513234e-04)
2679          	(1.095024e+00 -3.760934e-04 2.160812e-01)	(1.082207e+00 -3.482426e-04 2.155332e-01)	(1.281735e-02 -2.785080e-05 5.479791e-04)
2680          	(1.094352e+00 -3.730959e-04 2.163777e-01)	(1.081536e+00 -3.450586e-04 2.158327e-01)	(1.281589e-02 -2.803725e-05 5.449026e-04)
2681          	(1.094066e+00 -3.698297e-04 2.166060e-01)	(1.081252e+00 -3.415709e-04 2.160641e-01)	(1.281455e-02 -2.825877e-05 5.418870e-04)
2682          	(1.093787e+00 -3.664084e-04 2.168575e-01)	(1.080975e+00 -3.380126e-04 2.163186e-01)	(1.281252e-02 -2.839578e-05 5.388131e-04)
2683          	(1.093790e+00 -3.675830e-04 2.171368e-01)	(1.080979e+00 -3.390837e-04 2.166007e-01)	(1.281103e-02 -2.849936e-05 5.360315e-04)
2684          	(1.093500e+00 -3.642536e-04 2.174387e-01)	(1.080691e+00 -3.357098e-04 2.169051e-01)	(1.280946e-02 -2.854379e-05 5.336203e-04)
2685          	(1.092861e+00 -3.537107e-04 2.177448e-01)	(1.080054e+00 -3.252263e-04 2.172133e-01)	(1.280714e-02 -2.848431e-05 5.315523e-04)
2686          	(1.092875e+00 -3.549525e-04 2.180453e-01)	(1.080069e+00 -3.264720e-04 2.175156e-01)	(1.280575e-02 -2.848050e-05 5.297497e-04)
2687          	(1.092866e+00 -3.558474e-04 2.183572e-01)	(1.080061e+00 -3.274137e-04 2.178292e-01)	(1.280433e-02 -2.843369e-05 5.280635e-04)
2688          	(1.092692e+00 -3.530879e-04 2.186834e-01)	(1.079889e+00 -3.247183e-04 2.181567e-01)	(1.280296e-02 -2.836968e-05 5.267539e-04)
2689          	(1.092514e+00 -3.504731e-04 2.190224e-01)	(1.079712e+00 -3.221683e-04 2.184967e-01)	(1.280159e-02 -2.830479e-05 5.257628e-04)
2690          	(1.092331e+00 -3.479518e-04 2.193682e-01)	(1.079531e+00 -3.196885e-04 2.188431e-01)	(1.280024e-02 -2.826332e-05 5.251012e-04)
2691          	(1.092135e+00 -3.441149e-04 2.196938e-01)	(1.079336e+00 -3.158866e-04 2.191691e-01)	(1.279880e-02 -2.822826e-05 5.246668e-04)
2692          	(1.091964e+00 -3.418990e-04 2.200167e-01)	(1.079166e+00 -3.137281e-04 2.194921e-01)	(1.279773e-02 -2.817098e-05 5.246590e-04)
2693          	(1.092036e+00 -3.430236e-04 2.203422e-01)	(1.079239e+00 -3.147813e-04 2.198173e-01)	(1.279673e-02 -2.824232e-05 5.249124e-04)
2694          	(1.091761e+00 -3.396824e-04 2.206794e-01)	(1.078966e+00 -3.112985e-04 2.201536e-01)	(1.279571e-02 -2.838389e-05 5.258136e-04)
2695          	(1.091459e+00 -3.362836e-04 2.210284e-01)	(1.078665e+00 -3.076597e-04 2.205010e-01)	(1.279464e-02 -2.862386e-05 5.274121e-04)
2696          	(1.090947e+00 -3.295480e-04 2.214487e-01)	(1.078153e+00 -3.005626e-04 2.209189e-01)	(1.279332e-02 -2.898538e-05 5.298461e-04)
2697          	(1.090548e+00 -3.230457e-04 2.217650e-01)	(1.077755e+00 -2.936969e-04 2.212321e-01)	(1.279234e-02 -2.934881e-05 5.329307e-04)
2698          	(1.090246e+00 -3.205321e-04 2.220565e-01)	(1.077454e+00 -2.905255e-04 2.215201e-01)	(1.279114e-02 -3.000653e-05 5.363829e-04)
2699          	(1.089928e+00 -3.186063e-04 2.223531e-01)	(1.077138e+00 -2.878319e-04 2.218128e-01)	(1.279021e-02 -3.077436e-05 5.403413e-04)
2700          	(1.088996e+00 -3.127126e-04 2.228077e-01)	(1.076207e+00 -2.810935e-04 2.222625e-01)	(1.278860e-02 -3.161909e-05 5.451200e-04)
2701          	(1.088774e+00 -3.119404e-04 2.230260e-01)	(1.075986e+00 -2.796140e-04 2.224761e-01)	(1.278763e-02 -3.232632e-05 5.498956e-04)
2702          	(1.088551e+00 -3.127012e-04 2.232491e-01)	(1.075765e+00 -2.795296e-04 2.226947e-01)	(1.278653e-02 -3.317168e-05 5.543680e-04)
2703          	(1.088301e+00 -3.236830e-04 2.236472e-01)	(1.075515e+00 -2.896621e-04 2.230881e-01)	(1.278577e-02 -3.402095e-05 5.590210e-04)
2704          	(1.088110e+00 -3.240901e-04 2.238282e-01)	(1.075325e+00 -2.894589e-04 2.232650e-01)	(1.278523e-02 -3.463122e-05 5.632190e-04)
2705          	(1.087908e+00 -3.328117e-04 2.241869e-01)	(1.075123e+00 -2.975063e-04 2.236198e-01)	(1.278431e-02 -3.530545e-05 5.670521e-04)
2706          	(1.087755e+00 -3.325706e-04 2.243350e-01)	(1.074971e+00 -2.968661e-04 2.237648e-01)	(1.278348e-02 -3.570454e-05 5.702299e-04)
2707          	(1.087490e+00 -3.358947e-04 2.246615e-01)	(1.074708e+00 -2.997980e-04 2.240885e-01)	(1.278197e-02 -3.609669e-05 5.729494e-04)
2708          	(1.087376e+00 -3.351320e-04 2.247897e-01)	(1.074595e+00 -2.989189e-04 2.242146e-01)	(1.278063e-02 -3.621312e-05 5.750415e-04)
2709          	(1.087169e+00 -3.364861e-04 2.250952e-01)	(1.074390e+00 -3.001736e-04 2.245185e-01)	(1.277872e-02 -3.631250e-05 5.767724e-04)
2710          	(1.087110e+00 -3.369642e-04 2.253610e-01)	(1.074332e+00 -3.007406e-04 2.247827e-01)	(1.277717e-02 -3.622361e-05 5.782323e-04)
2711          	(1.087023e+00 -3.353088e-04 2.254377e-01)	(1.074247e+00 -2.992275e-04 2.248587e-01)	(1.277540e-02 -3.608122e-05 5.790067e-04)
2712          	(1.086774e+00 -3.307250e-04 2.256885e-01)	(1.074001e+00 -2.948056e-04 2.251089e-01)	(1.277303e-02 -3.591947e-05 5.796482e-04)
2713          	(1.086612e+00 -3.275853e-04 2.258953e-01)	(1.073842e+00 -2.919691e-04 2.253151e-01)	(1.277095e-02 -3.561621e-05 5.801442e-04)
