# Moment      
# CofR        : (0.000000e+00 0.000000e+00 0.000000e+00)
#
# Time        	(total_x total_y total_z)	(pressure_x pressure_y pressure_z)	(viscous_x viscous_y viscous_z)
2239          	(6.068938e-05 8.778410e-02 -2.397274e-04)	(6.035997e-05 8.733721e-02 -2.385429e-04)	(3.294102e-07 4.468929e-04 -1.184442e-06)
2240          	(9.491026e-05 1.793564e-01 -4.857573e-04)	(9.433058e-05 1.787849e-01 -4.840391e-04)	(5.796835e-07 5.714667e-04 -1.718251e-06)
2241          	(4.047047e-05 1.964854e-01 5.761545e-05)	(3.953114e-05 1.957348e-01 6.012171e-05)	(9.393278e-07 7.506016e-04 -2.506266e-06)
2242          	(8.898247e-07 1.650049e-01 3.542265e-04)	(7.278762e-08 1.641525e-01 3.570361e-04)	(8.170371e-07 8.523522e-04 -2.809596e-06)
2243          	(6.362883e-05 1.029979e-01 3.162417e-04)	(6.324643e-05 1.021506e-01 3.184522e-04)	(3.824000e-07 8.473343e-04 -2.210520e-06)
2244          	(2.075021e-04 3.954489e-02 7.343471e-05)	(2.066121e-04 3.882802e-02 7.495833e-05)	(8.899450e-07 7.168695e-04 -1.523619e-06)
2245          	(3.155421e-04 -7.013603e-03 -1.453876e-04)	(3.150071e-04 -7.540854e-03 -1.420794e-04)	(5.349842e-07 5.272508e-04 -3.308200e-06)
2246          	(3.609841e-04 -2.963336e-02 -2.875167e-04)	(3.600601e-04 -2.997568e-02 -2.830319e-04)	(9.239686e-07 3.423127e-04 -4.484784e-06)
2247          	(5.504683e-04 -2.890511e-02 -5.948382e-04)	(5.490502e-04 -2.911235e-02 -5.877538e-04)	(1.418105e-06 2.072356e-04 -7.084351e-06)
2248          	(4.832354e-04 -1.583020e-02 -1.041845e-03)	(4.810325e-04 -1.596027e-02 -1.035396e-03)	(2.202903e-06 1.300677e-04 -6.448594e-06)
2249          	(4.570165e-04 5.648013e-03 -9.514807e-04)	(4.539860e-04 5.533837e-03 -9.453109e-04)	(3.030483e-06 1.141766e-04 -6.169799e-06)
2250          	(3.600660e-04 2.743893e-02 -4.993595e-04)	(3.569897e-04 2.728848e-02 -4.934479e-04)	(3.076277e-06 1.504500e-04 -5.911693e-06)
2251          	(2.350341e-04 4.272626e-02 3.826146e-05)	(2.329609e-04 4.251115e-02 4.344775e-05)	(2.073237e-06 2.151149e-04 -5.186285e-06)
2252          	(1.198213e-04 4.873068e-02 3.937566e-04)	(1.179520e-04 4.845379e-02 3.965786e-04)	(1.869277e-06 2.768927e-04 -2.821949e-06)
2253          	(-1.121694e-05 4.831308e-02 5.639692e-04)	(-1.229857e-05 4.799690e-02 5.648564e-04)	(1.081630e-06 3.161741e-04 -8.871422e-07)
2254          	(-6.232900e-05 4.588276e-02 7.258464e-04)	(-6.281012e-05 4.554732e-02 7.246925e-04)	(4.811160e-07 3.354390e-04 1.153923e-06)
2255          	(-3.536738e-05 3.900788e-02 5.625746e-04)	(-3.548626e-05 3.867571e-02 5.600360e-04)	(1.188770e-07 3.321699e-04 2.538537e-06)
2256          	(3.304550e-05 3.233565e-02 2.365446e-04)	(3.294208e-05 3.202239e-02 2.337600e-04)	(1.034182e-07 3.132609e-04 2.784615e-06)
2257          	(1.235871e-04 2.785894e-02 -1.583056e-04)	(1.231682e-04 2.756884e-02 -1.602502e-04)	(4.188898e-07 2.900927e-04 1.944572e-06)
2258          	(1.777529e-04 2.348363e-02 -4.066999e-04)	(1.768915e-04 2.321931e-02 -4.075889e-04)	(8.614791e-07 2.643221e-04 8.890237e-07)
2259          	(3.185047e-04 2.444595e-02 -5.235321e-04)	(3.168493e-04 2.419843e-02 -5.234671e-04)	(1.655373e-06 2.475237e-04 -6.497909e-08)
2260          	(3.674094e-04 2.786943e-02 -6.271765e-04)	(3.650550e-04 2.762709e-02 -6.261003e-04)	(2.354382e-06 2.423389e-04 -1.076239e-06)
2261          	(3.598801e-04 3.165219e-02 -6.965061e-04)	(3.570653e-04 3.140612e-02 -6.946011e-04)	(2.814744e-06 2.460757e-04 -1.905002e-06)
2262          	(3.023196e-04 3.482283e-02 -6.020019e-04)	(2.994073e-04 3.456736e-02 -5.997789e-04)	(2.912307e-06 2.554742e-04 -2.222994e-06)
2263          	(1.999536e-04 3.724084e-02 -3.561697e-04)	(1.973410e-04 3.697233e-02 -3.543172e-04)	(2.612641e-06 2.685092e-04 -1.852516e-06)
2264          	(4.152104e-05 3.948259e-02 -9.654336e-05)	(3.960148e-05 3.919760e-02 -9.550893e-05)	(1.919559e-06 2.849924e-04 -1.034429e-06)
2265          	(-1.148772e-04 4.044748e-02 1.373649e-04)	(-1.158321e-04 4.014581e-02 1.376762e-04)	(9.548767e-07 3.016629e-04 -3.112737e-07)
2266          	(-2.530284e-04 3.925999e-02 2.122807e-04)	(-2.528827e-04 3.894720e-02 2.119544e-04)	(-1.456984e-07 3.127958e-04 3.262290e-07)
2267          	(-3.428892e-04 3.843607e-02 2.365321e-04)	(-3.417427e-04 3.811593e-02 2.357838e-04)	(-1.146445e-06 3.201352e-04 7.483856e-07)
2268          	(-3.796111e-04 3.786271e-02 1.259858e-04)	(-3.777386e-04 3.753656e-02 1.251845e-04)	(-1.872529e-06 3.261497e-04 8.012159e-07)
2269          	(-3.313221e-04 3.930289e-02 -1.019878e-05)	(-3.290629e-04 3.896679e-02 -1.082835e-05)	(-2.259137e-06 3.360993e-04 6.295733e-07)
2270          	(-2.383873e-04 4.038587e-02 -2.043529e-04)	(-2.360709e-04 4.003732e-02 -2.044633e-04)	(-2.316356e-06 3.485486e-04 1.104036e-07)
2271          	(-1.235661e-04 4.137528e-02 -3.149122e-04)	(-1.213743e-04 4.101306e-02 -3.144083e-04)	(-2.191765e-06 3.622253e-04 -5.039513e-07)
2272          	(-2.966232e-05 4.135933e-02 -4.510958e-04)	(-2.770181e-05 4.098524e-02 -4.499755e-04)	(-1.960502e-06 3.740942e-04 -1.120302e-06)
2273          	(4.671950e-05 4.198967e-02 -6.017705e-04)	(4.852284e-05 4.160327e-02 -6.000034e-04)	(-1.803340e-06 3.864031e-04 -1.767074e-06)
2274          	(6.175324e-05 4.263069e-02 -5.695333e-04)	(6.351090e-05 4.223091e-02 -5.673529e-04)	(-1.757655e-06 3.997712e-04 -2.180379e-06)
2275          	(3.975219e-05 4.302702e-02 -4.940984e-04)	(4.160357e-05 4.261369e-02 -4.916756e-04)	(-1.851379e-06 4.133333e-04 -2.422792e-06)
2276          	(1.662608e-07 4.365626e-02 -3.436308e-04)	(2.232115e-06 4.322937e-02 -3.411617e-04)	(-2.065854e-06 4.268953e-04 -2.469117e-06)
2277          	(-3.445693e-05 4.398393e-02 -1.564420e-04)	(-3.216614e-05 4.354388e-02 -1.542468e-04)	(-2.290794e-06 4.400492e-04 -2.195246e-06)
2278          	(-8.340680e-05 4.407463e-02 -6.518484e-05)	(-8.073944e-05 4.362186e-02 -6.332541e-05)	(-2.667357e-06 4.527714e-04 -1.859438e-06)
2279          	(-1.367278e-04 4.381303e-02 -6.034701e-06)	(-1.338034e-04 4.335016e-02 -4.510122e-06)	(-2.924362e-06 4.628615e-04 -1.524579e-06)
2280          	(-1.817620e-04 4.321552e-02 2.911986e-05)	(-1.787551e-04 4.274690e-02 3.053403e-05)	(-3.006865e-06 4.686199e-04 -1.414168e-06)
2281          	(-2.522137e-04 4.243218e-02 3.427672e-05)	(-2.489392e-04 4.196222e-02 3.548477e-05)	(-3.274505e-06 4.699557e-04 -1.208050e-06)
2282          	(-3.120532e-04 4.173362e-02 -3.052011e-06)	(-3.082934e-04 4.126530e-02 -2.049353e-06)	(-3.759803e-06 4.683232e-04 -1.002657e-06)
2283          	(-2.819987e-04 4.062645e-02 -8.975600e-05)	(-2.779923e-04 4.016242e-02 -8.886045e-05)	(-4.006435e-06 4.640305e-04 -8.955509e-07)
2284          	(-2.461037e-04 3.974438e-02 -1.419465e-04)	(-2.418874e-04 3.928568e-02 -1.409215e-04)	(-4.216262e-06 4.587052e-04 -1.025069e-06)
2285          	(-2.112550e-04 3.917410e-02 -1.504813e-04)	(-2.068651e-04 3.872118e-02 -1.493130e-04)	(-4.389859e-06 4.529271e-04 -1.168319e-06)
2286          	(-1.676667e-04 3.882053e-02 -1.304726e-04)	(-1.632253e-04 3.837322e-02 -1.293486e-04)	(-4.441351e-06 4.473011e-04 -1.124058e-06)
2287          	(-1.215014e-04 3.865353e-02 -8.265426e-05)	(-1.171608e-04 3.821097e-02 -8.172287e-05)	(-4.340592e-06 4.425621e-04 -9.313878e-07)
2288          	(-9.965813e-05 3.912880e-02 4.591421e-06)	(-9.554526e-05 3.868852e-02 5.207546e-06)	(-4.112874e-06 4.402818e-04 -6.161247e-07)
2289          	(-5.416087e-05 3.901134e-02 1.088589e-04)	(-5.035324e-05 3.857280e-02 1.089118e-04)	(-3.807630e-06 4.385404e-04 -5.285671e-08)
2290          	(-2.935613e-05 3.894639e-02 1.404053e-04)	(-2.593248e-05 3.850989e-02 1.400151e-04)	(-3.423650e-06 4.365049e-04 3.902464e-07)
2291          	(-1.858591e-05 3.889084e-02 1.227530e-04)	(-1.554665e-05 3.845617e-02 1.218630e-04)	(-3.039256e-06 4.346763e-04 8.899777e-07)
2292          	(-1.876350e-05 3.884704e-02 1.162245e-04)	(-1.606169e-05 3.841400e-02 1.148372e-04)	(-2.701816e-06 4.330362e-04 1.387222e-06)
2293          	(-8.389550e-05 3.874049e-02 1.164589e-04)	(-8.122437e-05 3.830868e-02 1.148547e-04)	(-2.671131e-06 4.318085e-04 1.604146e-06)
2294          	(-1.032219e-04 3.863172e-02 1.078587e-04)	(-1.006356e-04 3.820204e-02 1.061826e-04)	(-2.586247e-06 4.296820e-04 1.676052e-06)
2295          	(-1.958827e-04 3.820246e-02 8.794096e-05)	(-1.931946e-04 3.777594e-02 8.630743e-05)	(-2.688082e-06 4.265251e-04 1.633536e-06)
2296          	(-2.396804e-04 3.800300e-02 6.844389e-05)	(-2.369081e-04 3.758032e-02 6.683582e-05)	(-2.772315e-06 4.226790e-04 1.608075e-06)
2297          	(-2.990567e-04 3.771080e-02 4.285858e-05)	(-2.961767e-04 3.729304e-02 4.146002e-05)	(-2.879973e-06 4.177582e-04 1.398557e-06)
2298          	(-3.548348e-04 3.714531e-02 6.897104e-05)	(-3.518941e-04 3.673372e-02 6.772375e-05)	(-2.940718e-06 4.115871e-04 1.247294e-06)
2299          	(-3.886551e-04 3.645004e-02 6.395758e-05)	(-3.857024e-04 3.604576e-02 6.285124e-05)	(-2.952756e-06 4.042790e-04 1.106333e-06)
2300          	(-4.655750e-04 3.604116e-02 2.443732e-05)	(-4.624628e-04 3.564465e-02 2.341473e-05)	(-3.112202e-06 3.965050e-04 1.022591e-06)
2301          	(-4.607143e-04 3.531164e-02 -1.609452e-05)	(-4.575278e-04 3.492437e-02 -1.700210e-05)	(-3.186481e-06 3.872751e-04 9.075830e-07)
2302          	(-5.073688e-04 3.496312e-02 -2.826686e-05)	(-5.040180e-04 3.458440e-02 -2.915743e-05)	(-3.350839e-06 3.787262e-04 8.905688e-07)
2303          	(-4.335337e-04 3.415912e-02 -4.329177e-05)	(-4.301414e-04 3.378999e-02 -4.417005e-05)	(-3.392243e-06 3.691304e-04 8.782797e-07)
2304          	(-4.384374e-04 3.387768e-02 -2.249207e-05)	(-4.348277e-04 3.351679e-02 -2.353050e-05)	(-3.609730e-06 3.608879e-04 1.038432e-06)
2305          	(-2.986350e-04 3.292024e-02 -2.459506e-05)	(-2.950851e-04 3.256848e-02 -2.593412e-05)	(-3.549957e-06 3.517555e-04 1.339058e-06)
2306          	(-2.734656e-04 3.266485e-02 5.062923e-05)	(-2.698736e-04 3.232091e-02 4.914957e-05)	(-3.592057e-06 3.439405e-04 1.479661e-06)
2307          	(-2.225508e-04 3.242848e-02 1.236555e-04)	(-2.190645e-04 3.209224e-02 1.220567e-04)	(-3.486243e-06 3.362419e-04 1.598738e-06)
2308          	(-1.045899e-04 3.161785e-02 1.491938e-04)	(-1.014459e-04 3.128974e-02 1.473804e-04)	(-3.144024e-06 3.281092e-04 1.813370e-06)
2309          	(-3.623823e-05 3.143398e-02 2.504353e-04)	(-3.347941e-05 3.111285e-02 2.482501e-04)	(-2.758815e-06 3.211245e-04 2.185201e-06)
2310          	(3.437368e-05 3.124233e-02 3.358417e-04)	(3.647413e-05 3.092741e-02 3.331011e-04)	(-2.100455e-06 3.149183e-04 2.740558e-06)
2311          	(1.061397e-04 3.101755e-02 3.964893e-04)	(1.075477e-04 3.070812e-02 3.933388e-04)	(-1.408063e-06 3.094321e-04 3.150569e-06)
2312          	(1.844172e-04 3.066806e-02 4.122123e-04)	(1.850970e-04 3.036394e-02 4.087046e-04)	(-6.798194e-07 3.041209e-04 3.507660e-06)
2313          	(2.440248e-04 3.035426e-02 4.212074e-04)	(2.439044e-04 3.005519e-02 4.172814e-04)	(1.204593e-07 2.990674e-04 3.925957e-06)
2314          	(2.964282e-04 2.999233e-02 4.111366e-04)	(2.955550e-04 2.969841e-02 4.068185e-04)	(8.732729e-07 2.939222e-04 4.318119e-06)
2315          	(2.605753e-04 2.936456e-02 3.644256e-04)	(2.591423e-04 2.907631e-02 3.598929e-04)	(1.433032e-06 2.882511e-04 4.532733e-06)
2316          	(3.077310e-04 2.888286e-02 3.288330e-04)	(3.059481e-04 2.860037e-02 3.242731e-04)	(1.782936e-06 2.824824e-04 4.559941e-06)
2317          	(3.374911e-04 2.853482e-02 3.040715e-04)	(3.354270e-04 2.825845e-02 2.994116e-04)	(2.064106e-06 2.763674e-04 4.659887e-06)
2318          	(3.579337e-04 2.816766e-02 2.835810e-04)	(3.556796e-04 2.789737e-02 2.789243e-04)	(2.254035e-06 2.702838e-04 4.656784e-06)
2319          	(3.729427e-04 2.769906e-02 2.626985e-04)	(3.705110e-04 2.743497e-02 2.581407e-04)	(2.431677e-06 2.640858e-04 4.557866e-06)
2320          	(3.619313e-04 2.707389e-02 2.492362e-04)	(3.593349e-04 2.681656e-02 2.448027e-04)	(2.596314e-06 2.573316e-04 4.433476e-06)
2321          	(3.678014e-04 2.675566e-02 2.380464e-04)	(3.651495e-04 2.650431e-02 2.336748e-04)	(2.651938e-06 2.513504e-04 4.371622e-06)
2322          	(3.767991e-04 2.645898e-02 2.248297e-04)	(3.740386e-04 2.621338e-02 2.205401e-04)	(2.760512e-06 2.456048e-04 4.289628e-06)
2323          	(3.900742e-04 2.618631e-02 2.081310e-04)	(3.871847e-04 2.594612e-02 2.039448e-04)	(2.889524e-06 2.401898e-04 4.186247e-06)
2324          	(4.271439e-04 2.594353e-02 1.843088e-04)	(4.240165e-04 2.570872e-02 1.802783e-04)	(3.127401e-06 2.348094e-04 4.030479e-06)
2325          	(4.320516e-04 2.577622e-02 1.639902e-04)	(4.287184e-04 2.554622e-02 1.601040e-04)	(3.333176e-06 2.300008e-04 3.886265e-06)
2326          	(4.378236e-04 2.566135e-02 1.423667e-04)	(4.342866e-04 2.543550e-02 1.386606e-04)	(3.537034e-06 2.258554e-04 3.706112e-06)
2327          	(4.470451e-04 2.560169e-02 1.217813e-04)	(4.433691e-04 2.537964e-02 1.183788e-04)	(3.676041e-06 2.220515e-04 3.402474e-06)
2328          	(4.930989e-04 2.576057e-02 1.041607e-04)	(4.892866e-04 2.554200e-02 1.010629e-04)	(3.812325e-06 2.185752e-04 3.097814e-06)
2329          	(5.021472e-04 2.579417e-02 9.169043e-05)	(4.982844e-04 2.557887e-02 8.885790e-05)	(3.862796e-06 2.152973e-04 2.832531e-06)
2330          	(5.173165e-04 2.587426e-02 8.388137e-05)	(5.133602e-04 2.566153e-02 8.115929e-05)	(3.956234e-06 2.127340e-04 2.722079e-06)
2331          	(5.555975e-04 2.628506e-02 1.112562e-04)	(5.515241e-04 2.607410e-02 1.083466e-04)	(4.073420e-06 2.109656e-04 2.909556e-06)
2332          	(5.825372e-04 2.639370e-02 1.037120e-04)	(5.783973e-04 2.618426e-02 1.004692e-04)	(4.139886e-06 2.094470e-04 3.242733e-06)
2333          	(6.155358e-04 2.652499e-02 9.722050e-05)	(6.113323e-04 2.631629e-02 9.370912e-05)	(4.203505e-06 2.086925e-04 3.511386e-06)
2334          	(6.524150e-04 2.666693e-02 9.644495e-05)	(6.481103e-04 2.645870e-02 9.261702e-05)	(4.304696e-06 2.082260e-04 3.827934e-06)
2335          	(6.793195e-04 2.693039e-02 1.324470e-04)	(6.749176e-04 2.672226e-02 1.281807e-04)	(4.401903e-06 2.081319e-04 4.266262e-06)
2336          	(7.190425e-04 2.704039e-02 1.287214e-04)	(7.144247e-04 2.683223e-02 1.240144e-04)	(4.617850e-06 2.081586e-04 4.707009e-06)
2337          	(7.539331e-04 2.711745e-02 1.276891e-04)	(7.491629e-04 2.690882e-02 1.227532e-04)	(4.770224e-06 2.086361e-04 4.935980e-06)
2338          	(7.795637e-04 2.716554e-02 1.263390e-04)	(7.745909e-04 2.695629e-02 1.213127e-04)	(4.972831e-06 2.092523e-04 5.026331e-06)
2339          	(7.731229e-04 2.719203e-02 1.412759e-04)	(7.678854e-04 2.698193e-02 1.362035e-04)	(5.237494e-06 2.101049e-04 5.072401e-06)
2340          	(7.848646e-04 2.718871e-02 1.233338e-04)	(7.793281e-04 2.697748e-02 1.182760e-04)	(5.536472e-06 2.112282e-04 5.057810e-06)
2341          	(7.892959e-04 2.716316e-02 9.626181e-05)	(7.835837e-04 2.695067e-02 9.136670e-05)	(5.712147e-06 2.124936e-04 4.895119e-06)
2342          	(7.772889e-04 2.700399e-02 5.853938e-05)	(7.714943e-04 2.679038e-02 5.396558e-05)	(5.794574e-06 2.136110e-04 4.573793e-06)
2343          	(7.722236e-04 2.697723e-02 1.468823e-05)	(7.663169e-04 2.676228e-02 1.041930e-05)	(5.906640e-06 2.149521e-04 4.268937e-06)
2344          	(7.612091e-04 2.695241e-02 -3.565854e-05)	(7.552510e-04 2.673608e-02 -3.960567e-05)	(5.958107e-06 2.163248e-04 3.947122e-06)
2345          	(7.438110e-04 2.693248e-02 -9.106112e-05)	(7.378967e-04 2.671473e-02 -9.476149e-05)	(5.914293e-06 2.177534e-04 3.700365e-06)
2346          	(7.308176e-04 2.685619e-02 -1.817537e-04)	(7.250088e-04 2.663711e-02 -1.852243e-04)	(5.808773e-06 2.190767e-04 3.470687e-06)
2347          	(7.038859e-04 2.686094e-02 -2.242967e-04)	(6.982050e-04 2.664045e-02 -2.276043e-04)	(5.680902e-06 2.204910e-04 3.307668e-06)
2348          	(6.731200e-04 2.687626e-02 -2.626673e-04)	(6.677316e-04 2.665454e-02 -2.656158e-04)	(5.388386e-06 2.217195e-04 2.948503e-06)
2349          	(6.412203e-04 2.690422e-02 -3.003028e-04)	(6.361826e-04 2.668145e-02 -3.027444e-04)	(5.037710e-06 2.227704e-04 2.441541e-06)
2350          	(6.221570e-04 2.696230e-02 -3.642030e-04)	(6.175567e-04 2.673864e-02 -3.660970e-04)	(4.600275e-06 2.236665e-04 1.893994e-06)
2351          	(5.876663e-04 2.700725e-02 -3.813301e-04)	(5.836227e-04 2.678297e-02 -3.825784e-04)	(4.043651e-06 2.242861e-04 1.248314e-06)
2352          	(5.501485e-04 2.706304e-02 -3.929201e-04)	(5.466979e-04 2.683840e-02 -3.934606e-04)	(3.450597e-06 2.246427e-04 5.405020e-07)
2353          	(5.083948e-04 2.713544e-02 -4.028629e-04)	(5.056166e-04 2.691058e-02 -4.027110e-04)	(2.778220e-06 2.248577e-04 -1.518842e-07)
2354          	(4.460482e-04 2.727784e-02 -4.251662e-04)	(4.439906e-04 2.705274e-02 -4.242604e-04)	(2.057556e-06 2.251012e-04 -9.057430e-07)
2355          	(4.102048e-04 2.735874e-02 -4.186234e-04)	(4.087821e-04 2.713347e-02 -4.171126e-04)	(1.422777e-06 2.252688e-04 -1.510832e-06)
2356          	(3.738450e-04 2.744281e-02 -4.087727e-04)	(3.729888e-04 2.721749e-02 -4.067488e-04)	(8.562330e-07 2.253123e-04 -2.023842e-06)
2357          	(2.745685e-04 2.760397e-02 -3.686486e-04)	(2.742841e-04 2.737858e-02 -3.661390e-04)	(2.843767e-07 2.253828e-04 -2.509662e-06)
2358          	(2.573847e-04 2.767236e-02 -3.588686e-04)	(2.574883e-04 2.744696e-02 -3.560539e-04)	(-1.036609e-07 2.254027e-04 -2.814755e-06)
2359          	(2.348231e-04 2.773612e-02 -3.486341e-04)	(2.352365e-04 2.751081e-02 -3.455491e-04)	(-4.134008e-07 2.253080e-04 -3.084969e-06)
2360          	(1.133418e-04 2.780161e-02 -2.761795e-04)	(1.141203e-04 2.757647e-02 -2.728256e-04)	(-7.785086e-07 2.251351e-04 -3.353889e-06)
2361          	(1.004263e-04 2.785052e-02 -2.745456e-04)	(1.014479e-04 2.762543e-02 -2.710782e-04)	(-1.021584e-06 2.250905e-04 -3.467375e-06)
2362          	(7.671919e-05 2.789390e-02 -2.721266e-04)	(7.797522e-05 2.766881e-02 -2.686289e-04)	(-1.256029e-06 2.250834e-04 -3.497681e-06)
2363          	(-1.343499e-05 2.793144e-02 -2.336762e-04)	(-1.194957e-05 2.770629e-02 -2.301814e-04)	(-1.485417e-06 2.251535e-04 -3.494837e-06)
2364          	(-4.268548e-05 2.796078e-02 -2.333222e-04)	(-4.099143e-05 2.773542e-02 -2.298884e-04)	(-1.694052e-06 2.253653e-04 -3.433801e-06)
2365          	(-1.145848e-04 2.805082e-02 -1.884855e-04)	(-1.126114e-04 2.782503e-02 -1.851573e-04)	(-1.973448e-06 2.257979e-04 -3.328251e-06)
2366          	(-1.455749e-04 2.806627e-02 -1.937815e-04)	(-1.433917e-04 2.784001e-02 -1.905715e-04)	(-2.183171e-06 2.262598e-04 -3.210063e-06)
2367          	(-1.970190e-04 2.811825e-02 -1.744015e-04)	(-1.946493e-04 2.789147e-02 -1.711914e-04)	(-2.369707e-06 2.267841e-04 -3.210115e-06)
2368          	(-2.310725e-04 2.813479e-02 -1.809087e-04)	(-2.284331e-04 2.790751e-02 -1.776160e-04)	(-2.639386e-06 2.272811e-04 -3.292648e-06)
2369          	(-2.755184e-04 2.819265e-02 -1.633187e-04)	(-2.727016e-04 2.796480e-02 -1.599366e-04)	(-2.816786e-06 2.278447e-04 -3.382080e-06)
2370          	(-3.111517e-04 2.822057e-02 -1.662569e-04)	(-3.083812e-04 2.799224e-02 -1.628181e-04)	(-2.770487e-06 2.283331e-04 -3.438846e-06)
2371          	(-3.526726e-04 2.831467e-02 -1.519064e-04)	(-3.501219e-04 2.808571e-02 -1.484347e-04)	(-2.550754e-06 2.289605e-04 -3.471677e-06)
2372          	(-3.899415e-04 2.835498e-02 -1.517007e-04)	(-3.875180e-04 2.812550e-02 -1.482625e-04)	(-2.423548e-06 2.294795e-04 -3.438195e-06)
2373          	(-4.367211e-04 2.847901e-02 -1.398480e-04)	(-4.342312e-04 2.824889e-02 -1.365302e-04)	(-2.489986e-06 2.301242e-04 -3.317730e-06)
2374          	(-4.844609e-04 2.860221e-02 -1.314732e-04)	(-4.817181e-04 2.837151e-02 -1.282458e-04)	(-2.742846e-06 2.307038e-04 -3.227389e-06)
2375          	(-5.193637e-04 2.864911e-02 -1.320841e-04)	(-5.161678e-04 2.841815e-02 -1.289172e-04)	(-3.195945e-06 2.309605e-04 -3.166886e-06)
2376          	(-5.751485e-04 2.876786e-02 -1.303997e-04)	(-5.713109e-04 2.853667e-02 -1.273270e-04)	(-3.837576e-06 2.311888e-04 -3.072646e-06)
2377          	(-6.241064e-04 2.886703e-02 -1.287043e-04)	(-6.195434e-04 2.863573e-02 -1.257016e-04)	(-4.563025e-06 2.312957e-04 -3.002713e-06)
2378          	(-6.441106e-04 2.894775e-02 -1.333297e-04)	(-6.388105e-04 2.871638e-02 -1.304117e-04)	(-5.300130e-06 2.313767e-04 -2.917947e-06)
2379          	(-6.874411e-04 2.906608e-02 -1.275046e-04)	(-6.813469e-04 2.883441e-02 -1.247842e-04)	(-6.094190e-06 2.316689e-04 -2.720359e-06)
2380          	(-7.196834e-04 2.919387e-02 -1.204207e-04)	(-7.128250e-04 2.896173e-02 -1.179693e-04)	(-6.858443e-06 2.321382e-04 -2.451404e-06)
2381          	(-7.369194e-04 2.933298e-02 -1.148441e-04)	(-7.294608e-04 2.910006e-02 -1.127048e-04)	(-7.458631e-06 2.329168e-04 -2.139319e-06)
2382          	(-7.320380e-04 2.939788e-02 -1.144170e-04)	(-7.242047e-04 2.916405e-02 -1.126479e-04)	(-7.833239e-06 2.338340e-04 -1.769119e-06)
2383          	(-7.261723e-04 2.953476e-02 -9.806063e-05)	(-7.180611e-04 2.929964e-02 -9.674462e-05)	(-8.111191e-06 2.351142e-04 -1.316012e-06)
2384          	(-7.079469e-04 2.966192e-02 -7.980971e-05)	(-6.996113e-04 2.942526e-02 -7.901441e-05)	(-8.335638e-06 2.366567e-04 -7.952938e-07)
2385          	(-6.782140e-04 2.977631e-02 -6.209076e-05)	(-6.697633e-04 2.953788e-02 -6.185133e-05)	(-8.450746e-06 2.384270e-04 -2.394275e-07)
2386          	(-6.389195e-04 2.987782e-02 -4.705389e-05)	(-6.305017e-04 2.963747e-02 -4.733721e-05)	(-8.417771e-06 2.403491e-04 2.833245e-07)
2387          	(-5.929620e-04 2.994598e-02 -3.900694e-05)	(-5.846851e-04 2.970370e-02 -3.971698e-05)	(-8.276900e-06 2.422780e-04 7.100459e-07)
2388          	(-5.442881e-04 3.002317e-02 -3.354572e-05)	(-5.361983e-04 2.977898e-02 -3.462248e-05)	(-8.089814e-06 2.441982e-04 1.076760e-06)
2389          	(-4.951304e-04 3.008902e-02 -3.344578e-05)	(-4.872580e-04 2.984297e-02 -3.484505e-05)	(-7.872332e-06 2.460442e-04 1.399268e-06)
2390          	(-4.471820e-04 3.014527e-02 -3.837424e-05)	(-4.395453e-04 2.989751e-02 -3.998768e-05)	(-7.636701e-06 2.477650e-04 1.613438e-06)
2391          	(-4.014732e-04 3.019375e-02 -4.707759e-05)	(-3.940846e-04 2.994442e-02 -4.878455e-05)	(-7.388532e-06 2.493350e-04 1.706965e-06)
2392          	(-3.585153e-04 3.023653e-02 -5.808918e-05)	(-3.513806e-04 2.998578e-02 -5.980611e-05)	(-7.134698e-06 2.507434e-04 1.716933e-06)
2393          	(-3.180352e-04 3.027524e-02 -6.983547e-05)	(-3.111563e-04 3.002325e-02 -7.149954e-05)	(-6.878886e-06 2.519892e-04 1.664071e-06)
2394          	(-2.793814e-04 3.031099e-02 -8.068042e-05)	(-2.727535e-04 3.005792e-02 -8.220436e-05)	(-6.627894e-06 2.530734e-04 1.523933e-06)
2395          	(-2.422856e-04 3.034638e-02 -8.942765e-05)	(-2.359338e-04 3.009237e-02 -9.074063e-05)	(-6.351846e-06 2.540031e-04 1.312980e-06)
2396          	(-2.064266e-04 3.038185e-02 -9.523886e-05)	(-2.003887e-04 3.012705e-02 -9.631284e-05)	(-6.037931e-06 2.548023e-04 1.073979e-06)
2397          	(-1.707028e-04 3.040675e-02 -9.924517e-05)	(-1.650242e-04 3.015128e-02 -1.000761e-04)	(-5.678630e-06 2.554681e-04 8.309199e-07)
2398          	(-1.361609e-04 3.043568e-02 -9.769162e-05)	(-1.308720e-04 3.017967e-02 -9.827477e-05)	(-5.288839e-06 2.560136e-04 5.831489e-07)
2399          	(-1.031581e-04 3.046188e-02 -9.340517e-05)	(-9.824944e-05 3.020542e-02 -9.372211e-05)	(-4.908677e-06 2.564673e-04 3.169407e-07)
2400          	(-6.937300e-05 3.048540e-02 -8.506356e-05)	(-6.480850e-05 3.022853e-02 -8.510281e-05)	(-4.564498e-06 2.568735e-04 3.925164e-08)
2401          	(-3.806013e-05 3.052296e-02 -7.612362e-05)	(-3.380670e-05 3.026564e-02 -7.590533e-05)	(-4.253425e-06 2.573240e-04 -2.182876e-07)
2402          	(-7.640512e-06 3.054040e-02 -6.645575e-05)	(-3.686623e-06 3.028261e-02 -6.602866e-05)	(-3.953890e-06 2.577954e-04 -4.270897e-07)
2403          	(1.957477e-05 3.055545e-02 -5.764140e-05)	(2.324681e-05 3.029714e-02 -5.708088e-05)	(-3.672034e-06 2.583109e-04 -5.605159e-07)
2404          	(4.225351e-05 3.057865e-02 -5.040001e-05)	(4.568434e-05 3.031974e-02 -4.979770e-05)	(-3.430825e-06 2.589134e-04 -6.023044e-07)
2405          	(6.081225e-05 3.058031e-02 -4.486240e-05)	(6.401550e-05 3.032077e-02 -4.430596e-05)	(-3.203244e-06 2.595453e-04 -5.564390e-07)
2406          	(7.365878e-05 3.058273e-02 -4.090674e-05)	(7.664671e-05 3.032251e-02 -4.048169e-05)	(-2.987928e-06 2.602135e-04 -4.250511e-07)
2407          	(8.111006e-05 3.058002e-02 -3.903852e-05)	(8.389887e-05 3.031912e-02 -3.879054e-05)	(-2.788806e-06 2.608961e-04 -2.479877e-07)
2408          	(8.343831e-05 3.057205e-02 -3.842976e-05)	(8.601718e-05 3.031049e-02 -3.836189e-05)	(-2.578864e-06 2.615661e-04 -6.786811e-08)
2409          	(8.116868e-05 3.056258e-02 -3.905412e-05)	(8.354110e-05 3.030038e-02 -3.917370e-05)	(-2.372422e-06 2.622013e-04 1.195779e-07)
2410          	(7.503239e-05 3.053093e-02 -4.144581e-05)	(7.722722e-05 3.026820e-02 -4.176561e-05)	(-2.194828e-06 2.627348e-04 3.198007e-07)
2411          	(6.659865e-05 3.051658e-02 -4.218815e-05)	(6.863290e-05 3.025336e-02 -4.269794e-05)	(-2.034253e-06 2.632215e-04 5.097902e-07)
2412          	(5.628366e-05 3.050091e-02 -4.295570e-05)	(5.816605e-05 3.023725e-02 -4.362862e-05)	(-1.882396e-06 2.636582e-04 6.729192e-07)
2413          	(4.456376e-05 3.048398e-02 -4.363102e-05)	(4.629903e-05 3.021994e-02 -4.444077e-05)	(-1.735268e-06 2.640374e-04 8.097531e-07)
2414          	(3.192939e-05 3.046598e-02 -4.419895e-05)	(3.351995e-05 3.020162e-02 -4.510117e-05)	(-1.590554e-06 2.643580e-04 9.022242e-07)
2415          	(1.856614e-05 3.044732e-02 -4.482386e-05)	(2.001278e-05 3.018270e-02 -4.577839e-05)	(-1.446641e-06 2.646204e-04 9.545211e-07)
2416          	(4.502684e-06 3.042865e-02 -4.564316e-05)	(5.807890e-06 3.016382e-02 -4.661243e-05)	(-1.305206e-06 2.648282e-04 9.692698e-07)
2417          	(-1.031944e-05 3.041066e-02 -4.688178e-05)	(-9.150286e-06 3.014568e-02 -4.783339e-05)	(-1.169152e-06 2.649867e-04 9.516055e-07)
2418          	(-2.596767e-05 3.039397e-02 -4.865060e-05)	(-2.491447e-05 3.012886e-02 -4.955202e-05)	(-1.053194e-06 2.651070e-04 9.014231e-07)
2419          	(-4.244339e-05 3.037920e-02 -5.115393e-05)	(-4.149172e-05 3.011399e-02 -5.198425e-05)	(-9.516729e-07 2.652076e-04 8.303270e-07)
2420          	(-5.961712e-05 3.036648e-02 -5.431602e-05)	(-5.874894e-05 3.010118e-02 -5.506895e-05)	(-8.681798e-07 2.653033e-04 7.529299e-07)
2421          	(-7.730457e-05 3.035588e-02 -5.786943e-05)	(-7.649382e-05 3.009048e-02 -5.854896e-05)	(-8.107457e-07 2.654000e-04 6.795312e-07)
2422          	(-9.540291e-05 3.034729e-02 -6.171454e-05)	(-9.460595e-05 3.008178e-02 -6.232465e-05)	(-7.969591e-07 2.655051e-04 6.101046e-07)
2423          	(-1.137790e-04 3.034021e-02 -6.569403e-05)	(-1.129458e-04 3.007458e-02 -6.624035e-05)	(-8.331836e-07 2.656280e-04 5.463255e-07)
2424          	(-1.322447e-04 3.033451e-02 -6.975609e-05)	(-1.313302e-04 3.006873e-02 -7.023715e-05)	(-9.144905e-07 2.657787e-04 4.810581e-07)
2425          	(-1.508773e-04 3.032964e-02 -7.375665e-05)	(-1.498541e-04 3.006367e-02 -7.416012e-05)	(-1.023249e-06 2.659641e-04 4.034675e-07)
2426          	(-1.697903e-04 3.032494e-02 -7.753610e-05)	(-1.686436e-04 3.005875e-02 -7.784688e-05)	(-1.146684e-06 2.661870e-04 3.107741e-07)
2427          	(-1.889994e-04 3.031979e-02 -8.084975e-05)	(-1.877136e-04 3.005335e-02 -8.106926e-05)	(-1.285853e-06 2.664436e-04 2.195041e-07)
2428          	(-2.082085e-04 3.031350e-02 -8.349570e-05)	(-2.067610e-04 3.004677e-02 -8.363525e-05)	(-1.447551e-06 2.667258e-04 1.395477e-07)
2429          	(-2.268392e-04 3.030590e-02 -8.532340e-05)	(-2.252083e-04 3.003887e-02 -8.540338e-05)	(-1.630804e-06 2.670221e-04 7.997490e-08)
2430          	(-2.439828e-04 3.029542e-02 -8.621160e-05)	(-2.421474e-04 3.002811e-02 -8.625569e-05)	(-1.835409e-06 2.673160e-04 4.409467e-08)
2431          	(-2.588621e-04 3.028141e-02 -8.636040e-05)	(-2.568056e-04 3.001382e-02 -8.639466e-05)	(-2.056505e-06 2.675901e-04 3.425652e-08)
2432          	(-2.617051e-04 3.026663e-02 -7.943771e-05)	(-2.594445e-04 2.999881e-02 -7.948472e-05)	(-2.260558e-06 2.678260e-04 4.700866e-08)
2433          	(-2.750523e-04 3.023883e-02 -8.371975e-05)	(-2.725736e-04 2.997084e-02 -8.377807e-05)	(-2.478782e-06 2.679957e-04 5.832494e-08)
2434          	(-2.845669e-04 3.020973e-02 -8.623679e-05)	(-2.818613e-04 2.994161e-02 -8.631778e-05)	(-2.705641e-06 2.681190e-04 8.098310e-08)
2435          	(-2.892846e-04 3.017499e-02 -8.599521e-05)	(-2.863564e-04 2.990682e-02 -8.611801e-05)	(-2.928253e-06 2.681686e-04 1.227921e-07)
2436          	(-2.899288e-04 3.013793e-02 -8.489322e-05)	(-2.867910e-04 2.986979e-02 -8.506629e-05)	(-3.137772e-06 2.681409e-04 1.730709e-07)
2437          	(-2.840730e-04 3.010847e-02 -8.384444e-05)	(-2.807587e-04 2.984042e-02 -8.406216e-05)	(-3.314330e-06 2.680534e-04 2.177195e-07)
2438          	(-2.791265e-04 3.006425e-02 -8.062524e-05)	(-2.756631e-04 2.979638e-02 -8.087809e-05)	(-3.463382e-06 2.678665e-04 2.528505e-07)
2439          	(-2.718524e-04 3.001951e-02 -7.605469e-05)	(-2.682678e-04 2.975191e-02 -7.634914e-05)	(-3.584614e-06 2.676055e-04 2.944488e-07)
2440          	(-2.622560e-04 2.996838e-02 -6.771785e-05)	(-2.585916e-04 2.970113e-02 -6.804624e-05)	(-3.664473e-06 2.672508e-04 3.283906e-07)
2441          	(-2.529019e-04 2.993473e-02 -6.679000e-05)	(-2.492001e-04 2.966788e-02 -6.711265e-05)	(-3.701784e-06 2.668547e-04 3.226494e-07)
2442          	(-2.408260e-04 2.988723e-02 -5.676098e-05)	(-2.371549e-04 2.962085e-02 -5.705085e-05)	(-3.671120e-06 2.663800e-04 2.898698e-07)
2443          	(-2.274276e-04 2.984011e-02 -4.446375e-05)	(-2.238417e-04 2.957427e-02 -4.471059e-05)	(-3.585907e-06 2.658421e-04 2.468425e-07)
2444          	(-2.128379e-04 2.979393e-02 -3.012710e-05)	(-2.094020e-04 2.952868e-02 -3.031614e-05)	(-3.435922e-06 2.652505e-04 1.890417e-07)
2445          	(-2.018180e-04 2.975912e-02 -2.233058e-05)	(-1.985774e-04 2.949449e-02 -2.243772e-05)	(-3.240575e-06 2.646398e-04 1.071375e-07)
2446          	(-1.826236e-04 2.971155e-02 -2.102313e-06)	(-1.796488e-04 2.944756e-02 -2.132603e-06)	(-2.974789e-06 2.639854e-04 3.029045e-08)
2447          	(-1.614943e-04 2.966687e-02 1.938065e-05)	(-1.588266e-04 2.940357e-02 1.940159e-05)	(-2.667687e-06 2.632941e-04 -2.094532e-08)
2448          	(-1.390604e-04 2.962633e-02 4.081937e-05)	(-1.367333e-04 2.936374e-02 4.087425e-05)	(-2.327094e-06 2.625860e-04 -5.488677e-08)
2449          	(-1.244249e-04 2.959751e-02 5.386269e-05)	(-1.224319e-04 2.933563e-02 5.392922e-05)	(-1.992976e-06 2.618837e-04 -6.653352e-08)
2450          	(-9.831576e-05 2.956181e-02 7.383259e-05)	(-9.668445e-05 2.930063e-02 7.389786e-05)	(-1.631303e-06 2.611820e-04 -6.526815e-08)
2451          	(-7.316322e-05 2.953077e-02 9.106028e-05)	(-7.190653e-05 2.927031e-02 9.110424e-05)	(-1.256684e-06 2.604658e-04 -4.396604e-08)
2452          	(-5.861729e-05 2.951098e-02 1.022214e-04)	(-5.769759e-05 2.925122e-02 1.022327e-04)	(-9.197036e-07 2.597608e-04 -1.125629e-08)
2453          	(-3.462152e-05 2.948719e-02 1.136683e-04)	(-3.403967e-05 2.922812e-02 1.136636e-04)	(-5.818515e-07 2.590700e-04 4.702877e-09)
2454          	(-1.375611e-05 2.946939e-02 1.221737e-04)	(-1.348858e-05 2.921101e-02 1.221561e-04)	(-2.675332e-07 2.583742e-04 1.762856e-08)
2455          	(-3.368531e-06 2.946062e-02 1.304185e-04)	(-3.359305e-06 2.920292e-02 1.303781e-04)	(-9.226391e-09 2.576984e-04 4.035749e-08)
2456          	(1.429345e-05 2.945311e-02 1.341001e-04)	(1.405919e-05 2.919605e-02 1.340671e-04)	(2.342597e-07 2.570646e-04 3.306221e-08)
2457          	(2.342702e-05 2.945164e-02 1.424579e-04)	(2.299580e-05 2.919520e-02 1.424211e-04)	(4.312179e-07 2.564434e-04 3.687071e-08)
2458          	(3.886070e-05 2.945485e-02 1.416078e-04)	(3.823752e-05 2.919897e-02 1.416069e-04)	(6.231754e-07 2.558842e-04 8.127017e-10)
2459          	(5.185242e-05 2.946365e-02 1.397289e-04)	(5.105789e-05 2.920829e-02 1.397854e-04)	(7.945342e-07 2.553614e-04 -5.646870e-08)
2460          	(5.897373e-05 2.947251e-02 1.480610e-04)	(5.803597e-05 2.921763e-02 1.481566e-04)	(9.377617e-07 2.548788e-04 -9.559157e-08)
2461          	(7.180334e-05 2.949068e-02 1.433057e-04)	(7.072753e-05 2.923620e-02 1.434634e-04)	(1.075808e-06 2.544826e-04 -1.576747e-07)
2462          	(8.042022e-05 2.950667e-02 1.494579e-04)	(7.922984e-05 2.925256e-02 1.496443e-04)	(1.190380e-06 2.541148e-04 -1.863437e-07)
2463          	(9.421404e-05 2.953335e-02 1.419515e-04)	(9.291042e-05 2.927950e-02 1.421773e-04)	(1.303628e-06 2.538508e-04 -2.257676e-07)
2464          	(1.035278e-04 2.955680e-02 1.438519e-04)	(1.021338e-04 2.930318e-02 1.440784e-04)	(1.394019e-06 2.536253e-04 -2.265142e-07)
2465          	(1.160961e-04 2.959130e-02 1.349258e-04)	(1.146287e-04 2.933778e-02 1.351458e-04)	(1.467358e-06 2.535204e-04 -2.200441e-07)
2466          	(1.259267e-04 2.962835e-02 1.269461e-04)	(1.244110e-04 2.937486e-02 1.271388e-04)	(1.515663e-06 2.534915e-04 -1.926630e-07)
2467          	(1.316131e-04 2.966035e-02 1.234882e-04)	(1.300683e-04 2.940682e-02 1.236383e-04)	(1.544798e-06 2.535298e-04 -1.501476e-07)
2468          	(1.365504e-04 2.969661e-02 1.199087e-04)	(1.349915e-04 2.944295e-02 1.200108e-04)	(1.558945e-06 2.536618e-04 -1.020629e-07)
2469          	(1.403123e-04 2.974401e-02 1.198285e-04)	(1.387514e-04 2.949010e-02 1.198571e-04)	(1.560859e-06 2.539053e-04 -2.858331e-08)
2470          	(1.423636e-04 2.978542e-02 1.167349e-04)	(1.408077e-04 2.953122e-02 1.166957e-04)	(1.555959e-06 2.541992e-04 3.918631e-08)
2471          	(1.401061e-04 2.983616e-02 1.224519e-04)	(1.385585e-04 2.958154e-02 1.223224e-04)	(1.547591e-06 2.546194e-04 1.295333e-07)
2472          	(1.384906e-04 2.987880e-02 1.204617e-04)	(1.369474e-04 2.962372e-02 1.202636e-04)	(1.543239e-06 2.550782e-04 1.981438e-07)
2473          	(1.343858e-04 2.992216e-02 1.200876e-04)	(1.328375e-04 2.966655e-02 1.198329e-04)	(1.548279e-06 2.556084e-04 2.547065e-07)
2474          	(1.238661e-04 2.997223e-02 1.325379e-04)	(1.223140e-04 2.971601e-02 1.321940e-04)	(1.552077e-06 2.562216e-04 3.438391e-07)
2475          	(1.167115e-04 3.001241e-02 1.306298e-04)	(1.151454e-04 2.975556e-02 1.302193e-04)	(1.566068e-06 2.568536e-04 4.105001e-07)
2476          	(1.056920e-04 3.007332e-02 1.412701e-04)	(1.041058e-04 2.981574e-02 1.407762e-04)	(1.586235e-06 2.575871e-04 4.939970e-07)
2477          	(9.801874e-05 3.010598e-02 1.377318e-04)	(9.640031e-05 2.984768e-02 1.371740e-04)	(1.618432e-06 2.583012e-04 5.578288e-07)
2478          	(9.007734e-05 3.013595e-02 1.346811e-04)	(8.843140e-05 2.987695e-02 1.340606e-04)	(1.645944e-06 2.590040e-04 6.205427e-07)
2479          	(8.423006e-05 3.015708e-02 1.437987e-04)	(8.255599e-05 2.989739e-02 1.430886e-04)	(1.674065e-06 2.596919e-04 7.101088e-07)
2480          	(7.680989e-05 3.018062e-02 1.382477e-04)	(7.511764e-05 2.992026e-02 1.374574e-04)	(1.692246e-06 2.603589e-04 7.903722e-07)
2481          	(7.562197e-05 3.019307e-02 1.439091e-04)	(7.391235e-05 2.993207e-02 1.430295e-04)	(1.709622e-06 2.610015e-04 8.796344e-07)
2482          	(6.897819e-05 3.021012e-02 1.355109e-04)	(6.726895e-05 2.994849e-02 1.345513e-04)	(1.709244e-06 2.616238e-04 9.595873e-07)
2483          	(7.162137e-05 3.023506e-02 1.399208e-04)	(6.991396e-05 2.997280e-02 1.388775e-04)	(1.707414e-06 2.622601e-04 1.043296e-06)
2484          	(6.566259e-05 3.024458e-02 1.302668e-04)	(6.398342e-05 2.998172e-02 1.291493e-04)	(1.679169e-06 2.628579e-04 1.117440e-06)
2485          	(6.965760e-05 3.023904e-02 1.298727e-04)	(6.801105e-05 2.997564e-02 1.286916e-04)	(1.646541e-06 2.633927e-04 1.181149e-06)
2486          	(6.476342e-05 3.024286e-02 1.220072e-04)	(6.317456e-05 2.997896e-02 1.207757e-04)	(1.588858e-06 2.638994e-04 1.231432e-06)
2487          	(6.932006e-05 3.022979e-02 1.218968e-04)	(6.778282e-05 2.996544e-02 1.206294e-04)	(1.537244e-06 2.643436e-04 1.267396e-06)
2488          	(6.576265e-05 3.022867e-02 1.169762e-04)	(6.428827e-05 2.996391e-02 1.156867e-04)	(1.474378e-06 2.647622e-04 1.289549e-06)
2489          	(6.979700e-05 3.021901e-02 1.182585e-04)	(6.837052e-05 2.995387e-02 1.169572e-04)	(1.426481e-06 2.651337e-04 1.301228e-06)
2490          	(7.227570e-05 3.019907e-02 1.175134e-04)	(7.088683e-05 2.993363e-02 1.162098e-04)	(1.388871e-06 2.654422e-04 1.303545e-06)
2491          	(7.023773e-05 3.019221e-02 1.149260e-04)	(6.888618e-05 2.992649e-02 1.136225e-04)	(1.351551e-06 2.657118e-04 1.303590e-06)
2492          	(7.260035e-05 3.016961e-02 1.139297e-04)	(7.127401e-05 2.990371e-02 1.126327e-04)	(1.326348e-06 2.659040e-04 1.296937e-06)
2493          	(7.490495e-05 3.014721e-02 1.127986e-04)	(7.359036e-05 2.988118e-02 1.115092e-04)	(1.314587e-06 2.660358e-04 1.289331e-06)
2494          	(7.622668e-05 3.013613e-02 1.115861e-04)	(7.492030e-05 2.987000e-02 1.103020e-04)	(1.306387e-06 2.661297e-04 1.284087e-06)
2495          	(8.027773e-05 3.010911e-02 1.117293e-04)	(7.896805e-05 2.984297e-02 1.104483e-04)	(1.309686e-06 2.661387e-04 1.280921e-06)
2496          	(8.478220e-05 3.008082e-02 1.124769e-04)	(8.346157e-05 2.981474e-02 1.111905e-04)	(1.320631e-06 2.660827e-04 1.286374e-06)
2497          	(8.948854e-05 3.005179e-02 1.140371e-04)	(8.815284e-05 2.978583e-02 1.127388e-04)	(1.335704e-06 2.659583e-04 1.298395e-06)
2498          	(9.396850e-05 3.002189e-02 1.164273e-04)	(9.261894e-05 2.975612e-02 1.151146e-04)	(1.349560e-06 2.657714e-04 1.312698e-06)
2499          	(9.765534e-05 2.999120e-02 1.193777e-04)	(9.629358e-05 2.972567e-02 1.180487e-04)	(1.361759e-06 2.655287e-04 1.329001e-06)
2500          	(9.991881e-05 2.995978e-02 1.223274e-04)	(9.855219e-05 2.969454e-02 1.209827e-04)	(1.366624e-06 2.652379e-04 1.344684e-06)
2501          	(1.002905e-04 2.992773e-02 1.248576e-04)	(9.892815e-05 2.966283e-02 1.234995e-04)	(1.362348e-06 2.649069e-04 1.358180e-06)
2502          	(9.843606e-05 2.989464e-02 1.266224e-04)	(9.709145e-05 2.963010e-02 1.252536e-04)	(1.344606e-06 2.645426e-04 1.368782e-06)
2503          	(9.422876e-05 2.986194e-02 1.271493e-04)	(9.291346e-05 2.959778e-02 1.257760e-04)	(1.315300e-06 2.641537e-04 1.373291e-06)
2504          	(8.783221e-05 2.982910e-02 1.264193e-04)	(8.655834e-05 2.956536e-02 1.250535e-04)	(1.273871e-06 2.637461e-04 1.365821e-06)
2505          	(7.965895e-05 2.979636e-02 1.246250e-04)	(7.843409e-05 2.953303e-02 1.232764e-04)	(1.224859e-06 2.633242e-04 1.348589e-06)
2506          	(7.041025e-05 2.976389e-02 1.221918e-04)	(6.924070e-05 2.950100e-02 1.208703e-04)	(1.169545e-06 2.628922e-04 1.321432e-06)
2507          	(6.066646e-05 2.973191e-02 1.193543e-04)	(5.955220e-05 2.946946e-02 1.180691e-04)	(1.114262e-06 2.624542e-04 1.285201e-06)
2508          	(5.095137e-05 2.970067e-02 1.163467e-04)	(4.989058e-05 2.943866e-02 1.151032e-04)	(1.060792e-06 2.620149e-04 1.243462e-06)
2509          	(4.149760e-05 2.967045e-02 1.132158e-04)	(4.048802e-05 2.940887e-02 1.120138e-04)	(1.009581e-06 2.615779e-04 1.201993e-06)
2510          	(3.219291e-05 2.964136e-02 1.097183e-04)	(3.123733e-05 2.938022e-02 1.085583e-04)	(9.555767e-07 2.611467e-04 1.160003e-06)
2511          	(2.294815e-05 2.961340e-02 1.057134e-04)	(2.205041e-05 2.935268e-02 1.045939e-04)	(8.977427e-07 2.607230e-04 1.119506e-06)
2512          	(1.370063e-05 2.958646e-02 1.010575e-04)	(1.287032e-05 2.932615e-02 9.997866e-05)	(8.303105e-07 2.603079e-04 1.078829e-06)
2513          	(4.512962e-06 2.956034e-02 9.578872e-05)	(3.759463e-06 2.930044e-02 9.475145e-05)	(7.534995e-07 2.599014e-04 1.037267e-06)
2514          	(-4.504409e-06 2.953518e-02 8.999074e-05)	(-5.169023e-06 2.927568e-02 8.899560e-05)	(6.646135e-07 2.595039e-04 9.951386e-07)
2515          	(-1.313755e-05 2.951020e-02 8.370373e-05)	(-1.369998e-05 2.925108e-02 8.275030e-05)	(5.624319e-07 2.591138e-04 9.534274e-07)
2516          	(-2.109646e-05 2.948517e-02 7.712715e-05)	(-2.154117e-05 2.922644e-02 7.622025e-05)	(4.447149e-07 2.587301e-04 9.069033e-07)
2517          	(-2.791536e-05 2.945860e-02 7.240693e-05)	(-2.823228e-05 2.920026e-02 7.154868e-05)	(3.169181e-07 2.583485e-04 8.582496e-07)
2518          	(-3.380525e-05 2.943537e-02 6.531173e-05)	(-3.398463e-05 2.917739e-02 6.451328e-05)	(1.793735e-07 2.579787e-04 7.984501e-07)
2519          	(-3.836834e-05 2.941223e-02 5.846411e-05)	(-3.840501e-05 2.915461e-02 5.773337e-05)	(3.666867e-08 2.576196e-04 7.307451e-07)
2520          	(-4.120495e-05 2.938473e-02 5.392963e-05)	(-4.109427e-05 2.912747e-02 5.326365e-05)	(-1.106793e-07 2.572597e-04 6.659887e-07)
2521          	(-4.263143e-05 2.935962e-02 4.941400e-05)	(-4.237043e-05 2.910272e-02 4.880597e-05)	(-2.610043e-07 2.569078e-04 6.080247e-07)
2522          	(-4.272751e-05 2.933712e-02 4.468508e-05)	(-4.231026e-05 2.908055e-02 4.413025e-05)	(-4.172544e-07 2.565713e-04 5.548255e-07)
2523          	(-4.208905e-05 2.931833e-02 3.714666e-05)	(-4.151133e-05 2.906208e-02 3.664171e-05)	(-5.777217e-07 2.562571e-04 5.049507e-07)
2524          	(-4.017559e-05 2.929845e-02 3.298789e-05)	(-3.943720e-05 2.904250e-02 3.252191e-05)	(-7.383917e-07 2.559583e-04 4.659793e-07)
2525          	(-3.802714e-05 2.928124e-02 2.687397e-05)	(-3.713081e-05 2.902557e-02 2.643819e-05)	(-8.963289e-07 2.556788e-04 4.357800e-07)
2526          	(-3.507792e-05 2.926269e-02 2.435557e-05)	(-3.402906e-05 2.900728e-02 2.393280e-05)	(-1.048864e-06 2.554122e-04 4.227663e-07)
2527          	(-3.254307e-05 2.924474e-02 1.907117e-05)	(-3.134843e-05 2.898958e-02 1.864916e-05)	(-1.194639e-06 2.551578e-04 4.220067e-07)
2528          	(-2.938440e-05 2.923080e-02 1.914322e-05)	(-2.805349e-05 2.897587e-02 1.870456e-05)	(-1.330911e-06 2.549255e-04 4.386547e-07)
2529          	(-2.689816e-05 2.921729e-02 1.734560e-05)	(-2.544113e-05 2.896258e-02 1.687773e-05)	(-1.457026e-06 2.547127e-04 4.678782e-07)
2530          	(-2.464369e-05 2.920279e-02 1.678631e-05)	(-2.306980e-05 2.894827e-02 1.628004e-05)	(-1.573890e-06 2.545144e-04 5.062645e-07)
2531          	(-2.234882e-05 2.919473e-02 2.028695e-05)	(-2.067422e-05 2.894038e-02 1.972900e-05)	(-1.674605e-06 2.543467e-04 5.579523e-07)
2532          	(-2.100987e-05 2.918496e-02 2.306364e-05)	(-1.924906e-05 2.893075e-02 2.244785e-05)	(-1.760810e-06 2.542017e-04 6.157891e-07)
2533          	(-2.041572e-05 2.917623e-02 2.680943e-05)	(-1.858708e-05 2.892215e-02 2.613210e-05)	(-1.828640e-06 2.540794e-04 6.773240e-07)
2534          	(-2.073541e-05 2.916852e-02 3.111248e-05)	(-1.885680e-05 2.891454e-02 3.037675e-05)	(-1.878616e-06 2.539817e-04 7.357335e-07)
2535          	(-2.193907e-05 2.916609e-02 3.646308e-05)	(-2.003130e-05 2.891217e-02 3.567023e-05)	(-1.907763e-06 2.539196e-04 7.928473e-07)
2536          	(-2.435313e-05 2.916104e-02 4.066747e-05)	(-2.243316e-05 2.890716e-02 3.982707e-05)	(-1.919967e-06 2.538817e-04 8.403973e-07)
2537          	(-2.785278e-05 2.915739e-02 4.422366e-05)	(-2.593697e-05 2.890352e-02 4.334558e-05)	(-1.915813e-06 2.538685e-04 8.780801e-07)
2538          	(-3.209414e-05 2.916322e-02 4.946925e-05)	(-3.019570e-05 2.890932e-02 4.855573e-05)	(-1.898440e-06 2.539018e-04 9.135191e-07)
2539          	(-3.734135e-05 2.916667e-02 5.287789e-05)	(-3.546836e-05 2.891271e-02 5.193086e-05)	(-1.872991e-06 2.539663e-04 9.470313e-07)
2540          	(-4.373632e-05 2.916736e-02 5.260568e-05)	(-4.188499e-05 2.891331e-02 5.163193e-05)	(-1.851329e-06 2.540490e-04 9.737440e-07)
2541          	(-5.087092e-05 2.916917e-02 5.120145e-05)	(-4.903414e-05 2.891502e-02 5.020199e-05)	(-1.836781e-06 2.541518e-04 9.994618e-07)
2542          	(-5.849998e-05 2.917189e-02 4.882408e-05)	(-5.666610e-05 2.891761e-02 4.779934e-05)	(-1.833887e-06 2.542748e-04 1.024744e-06)
2543          	(-6.630392e-05 2.917548e-02 4.566982e-05)	(-6.445949e-05 2.892106e-02 4.461844e-05)	(-1.844436e-06 2.544165e-04 1.051377e-06)
2544          	(-7.389459e-05 2.917974e-02 4.186264e-05)	(-7.202269e-05 2.892517e-02 4.078319e-05)	(-1.871892e-06 2.545754e-04 1.079445e-06)
2545          	(-8.093539e-05 2.918474e-02 3.756187e-05)	(-7.902271e-05 2.892999e-02 3.645885e-05)	(-1.912680e-06 2.547493e-04 1.103027e-06)
2546          	(-8.708887e-05 2.919055e-02 3.296186e-05)	(-8.512282e-05 2.893561e-02 3.184302e-05)	(-1.966056e-06 2.549366e-04 1.118836e-06)
2547          	(-9.206214e-05 2.919720e-02 2.829940e-05)	(-9.003643e-05 2.894207e-02 2.717522e-05)	(-2.025707e-06 2.551354e-04 1.124188e-06)
2548          	(-9.557878e-05 2.920278e-02 2.370808e-05)	(-9.348873e-05 2.894744e-02 2.259245e-05)	(-2.090054e-06 2.553399e-04 1.115630e-06)
2549          	(-9.753955e-05 2.921170e-02 1.971738e-05)	(-9.538512e-05 2.895614e-02 1.861821e-05)	(-2.154434e-06 2.555562e-04 1.099167e-06)
2550          	(-9.775410e-05 2.921909e-02 1.630808e-05)	(-9.553683e-05 2.896331e-02 1.523234e-05)	(-2.217269e-06 2.557768e-04 1.075740e-06)
2551          	(-9.626175e-05 2.922851e-02 1.394662e-05)	(-9.398838e-05 2.897250e-02 1.290061e-05)	(-2.273373e-06 2.560044e-04 1.046012e-06)
2552          	(-9.316270e-05 2.923841e-02 1.277937e-05)	(-9.084056e-05 2.898217e-02 1.176569e-05)	(-2.322136e-06 2.562375e-04 1.013677e-06)
2553          	(-8.877841e-05 2.924848e-02 1.288555e-05)	(-8.641977e-05 2.899201e-02 1.190309e-05)	(-2.358635e-06 2.564737e-04 9.824537e-07)
2554          	(-8.349070e-05 2.925982e-02 1.437613e-05)	(-8.110663e-05 2.900310e-02 1.342091e-05)	(-2.384076e-06 2.567140e-04 9.552161e-07)
2555          	(-7.770823e-05 2.927072e-02 1.699610e-05)	(-7.531106e-05 2.901376e-02 1.605733e-05)	(-2.397168e-06 2.569551e-04 9.387715e-07)
2556          	(-7.181385e-05 2.928245e-02 2.066730e-05)	(-6.941293e-05 2.902525e-02 1.973351e-05)	(-2.400921e-06 2.571975e-04 9.337818e-07)
2557          	(-6.605765e-05 2.928323e-02 2.439503e-05)	(-6.366418e-05 2.902581e-02 2.345805e-05)	(-2.393473e-06 2.574137e-04 9.369733e-07)
2558          	(-6.106925e-05 2.928419e-02 2.948057e-05)	(-5.869169e-05 2.902658e-02 2.853110e-05)	(-2.377561e-06 2.576114e-04 9.494699e-07)
2559          	(-5.740006e-05 2.928594e-02 3.489932e-05)	(-5.504671e-05 2.902814e-02 3.393029e-05)	(-2.353345e-06 2.577996e-04 9.690236e-07)
2560          	(-5.441520e-05 2.930238e-02 4.251906e-05)	(-5.209413e-05 2.904436e-02 4.152730e-05)	(-2.321076e-06 2.580154e-04 9.917588e-07)
2561          	(-5.262232e-05 2.930407e-02 4.928163e-05)	(-5.034244e-05 2.904585e-02 4.826761e-05)	(-2.279873e-06 2.582146e-04 1.014015e-06)
2562          	(-5.209682e-05 2.930666e-02 5.680376e-05)	(-4.986520e-05 2.904826e-02 5.577172e-05)	(-2.231620e-06 2.584018e-04 1.032038e-06)
2563          	(-5.287079e-05 2.931222e-02 6.370787e-05)	(-5.069600e-05 2.905363e-02 6.266586e-05)	(-2.174792e-06 2.585903e-04 1.042016e-06)
2564          	(-5.507093e-05 2.932019e-02 7.074395e-05)	(-5.295838e-05 2.906141e-02 6.969867e-05)	(-2.112552e-06 2.587846e-04 1.045285e-06)
2565          	(-5.796671e-05 2.932353e-02 7.472741e-05)	(-5.592368e-05 2.906456e-02 7.368960e-05)	(-2.043032e-06 2.589710e-04 1.037810e-06)
2566          	(-6.160710e-05 2.933242e-02 7.870326e-05)	(-5.963741e-05 2.907326e-02 7.768148e-05)	(-1.969690e-06 2.591651e-04 1.021777e-06)
2567          	(-6.538483e-05 2.933080e-02 7.953836e-05)	(-6.349183e-05 2.907146e-02 7.854254e-05)	(-1.893002e-06 2.593394e-04 9.958128e-07)
2568          	(-6.894685e-05 2.933854e-02 8.014934e-05)	(-6.713005e-05 2.907902e-02 7.918180e-05)	(-1.816802e-06 2.595219e-04 9.675355e-07)
2569          	(-7.207169e-05 2.932861e-02 7.919550e-05)	(-7.032824e-05 2.906894e-02 7.825742e-05)	(-1.743450e-06 2.596687e-04 9.380857e-07)
2570          	(-7.455660e-05 2.933365e-02 7.745485e-05)	(-7.287792e-05 2.907382e-02 7.654534e-05)	(-1.678680e-06 2.598250e-04 9.095186e-07)
2571          	(-7.616617e-05 2.932188e-02 7.503787e-05)	(-7.454451e-05 2.906193e-02 7.415364e-05)	(-1.621665e-06 2.599490e-04 8.842266e-07)
2572          	(-7.666678e-05 2.932392e-02 7.216454e-05)	(-7.509214e-05 2.906384e-02 7.130458e-05)	(-1.574645e-06 2.600806e-04 8.599604e-07)
2573          	(-7.586333e-05 2.931346e-02 6.987099e-05)	(-7.432797e-05 2.905327e-02 6.902906e-05)	(-1.535354e-06 2.601881e-04 8.419270e-07)
2574          	(-7.359421e-05 2.930549e-02 6.769373e-05)	(-7.209072e-05 2.904521e-02 6.686748e-05)	(-1.503494e-06 2.602806e-04 8.262472e-07)
2575          	(-6.986504e-05 2.929723e-02 6.608205e-05)	(-6.839357e-05 2.903687e-02 6.527507e-05)	(-1.471467e-06 2.603609e-04 8.069737e-07)
2576          	(-6.465590e-05 2.928871e-02 6.536524e-05)	(-6.321984e-05 2.902828e-02 6.458156e-05)	(-1.436051e-06 2.604281e-04 7.836810e-07)
2577          	(-5.815359e-05 2.928207e-02 6.575874e-05)	(-5.676107e-05 2.902158e-02 6.500065e-05)	(-1.392519e-06 2.604859e-04 7.580896e-07)
2578          	(-5.015273e-05 2.927104e-02 6.724410e-05)	(-4.881146e-05 2.901052e-02 6.651525e-05)	(-1.341268e-06 2.605206e-04 7.288507e-07)
2579          	(-4.096935e-05 2.925868e-02 6.996178e-05)	(-3.968989e-05 2.899815e-02 6.926314e-05)	(-1.279460e-06 2.605285e-04 6.986441e-07)
2580          	(-3.075036e-05 2.924487e-02 7.387526e-05)	(-2.954064e-05 2.898436e-02 7.320186e-05)	(-1.209722e-06 2.605069e-04 6.734063e-07)
2581          	(-1.980149e-05 2.923160e-02 7.868136e-05)	(-1.867129e-05 2.897115e-02 7.802756e-05)	(-1.130194e-06 2.604575e-04 6.538040e-07)
2582          	(-7.892469e-06 2.921363e-02 8.484583e-05)	(-6.848925e-06 2.895326e-02 8.420026e-05)	(-1.043544e-06 2.603681e-04 6.455672e-07)
2583          	(4.593133e-06 2.919405e-02 9.205385e-05)	(5.540618e-06 2.893382e-02 9.140277e-05)	(-9.474848e-07 2.602366e-04 6.510841e-07)
2584          	(1.739000e-05 2.917317e-02 1.001575e-04)	(1.823339e-05 2.891311e-02 9.948789e-05)	(-8.433880e-07 2.600631e-04 6.696200e-07)
2585          	(3.021142e-05 2.915134e-02 1.090568e-04)	(3.094136e-05 2.889149e-02 1.083544e-04)	(-7.299447e-07 2.598478e-04 7.024089e-07)
2586          	(4.270126e-05 2.912897e-02 1.184925e-04)	(4.331182e-05 2.886937e-02 1.177416e-04)	(-6.105587e-07 2.595916e-04 7.509370e-07)
2587          	(5.445306e-05 2.910648e-02 1.282088e-04)	(5.493699e-05 2.884718e-02 1.273963e-04)	(-4.839234e-07 2.592968e-04 8.124772e-07)
2588          	(6.504135e-05 2.908500e-02 1.378567e-04)	(6.539536e-05 2.882604e-02 1.369693e-04)	(-3.540108e-07 2.589679e-04 8.874361e-07)
2589          	(7.412078e-05 2.906381e-02 1.469074e-04)	(7.433946e-05 2.880521e-02 1.459366e-04)	(-2.186749e-07 2.586070e-04 9.708882e-07)
2590          	(8.146600e-05 2.904352e-02 1.550051e-04)	(8.154687e-05 2.878530e-02 1.539481e-04)	(-8.087905e-08 2.582180e-04 1.057010e-06)
2591          	(8.705400e-05 2.902361e-02 1.621773e-04)	(8.699425e-05 2.876580e-02 1.610357e-04)	(5.974380e-08 2.578034e-04 1.141586e-06)
2592          	(9.106753e-05 2.900458e-02 1.683808e-04)	(9.086645e-05 2.874721e-02 1.671592e-04)	(2.010867e-07 2.573685e-04 1.221643e-06)
2593          	(9.405081e-05 2.897747e-02 1.737416e-04)	(9.370595e-05 2.872057e-02 1.724503e-04)	(3.448622e-07 2.568963e-04 1.291368e-06)
2594          	(9.713686e-05 2.897221e-02 1.818049e-04)	(9.664455e-05 2.871576e-02 1.804496e-04)	(4.923107e-07 2.564486e-04 1.355361e-06)
2595          	(9.964575e-05 2.896244e-02 1.880609e-04)	(9.900163e-05 2.870643e-02 1.866507e-04)	(6.441178e-07 2.560063e-04 1.410187e-06)
2596          	(1.005507e-04 2.894232e-02 1.897136e-04)	(9.976141e-05 2.868678e-02 1.882633e-04)	(7.892671e-07 2.555388e-04 1.450277e-06)
2597          	(1.019375e-04 2.892055e-02 1.922947e-04)	(1.010080e-04 2.866550e-02 1.908127e-04)	(9.294481e-07 2.550504e-04 1.482051e-06)
2598          	(1.049928e-04 2.891931e-02 1.975728e-04)	(1.039261e-04 2.866471e-02 1.960574e-04)	(1.066657e-06 2.546002e-04 1.515353e-06)
2599          	(1.069066e-04 2.890943e-02 1.990805e-04)	(1.057141e-04 2.865527e-02 1.975337e-04)	(1.192521e-06 2.541580e-04 1.546788e-06)
2600          	(1.098183e-04 2.889823e-02 2.011942e-04)	(1.085158e-04 2.864452e-02 1.996145e-04)	(1.302470e-06 2.537162e-04 1.579723e-06)
2601          	(1.138111e-04 2.888507e-02 2.037203e-04)	(1.124110e-04 2.863180e-02 2.021039e-04)	(1.400111e-06 2.532737e-04 1.616455e-06)
2602          	(1.191965e-04 2.886261e-02 2.079487e-04)	(1.177114e-04 2.860980e-02 2.062895e-04)	(1.485131e-06 2.528104e-04 1.659168e-06)
2603          	(1.249534e-04 2.884873e-02 2.120438e-04)	(1.233958e-04 2.859637e-02 2.103328e-04)	(1.557581e-06 2.523559e-04 1.711000e-06)
2604          	(1.294841e-04 2.884102e-02 2.151032e-04)	(1.278706e-04 2.858909e-02 2.133370e-04)	(1.613509e-06 2.519270e-04 1.766212e-06)
2605          	(1.346276e-04 2.883386e-02 2.181504e-04)	(1.329682e-04 2.858234e-02 2.163328e-04)	(1.659430e-06 2.515178e-04 1.817575e-06)
2606          	(1.401792e-04 2.882664e-02 2.211607e-04)	(1.384803e-04 2.857551e-02 2.192987e-04)	(1.698924e-06 2.511236e-04 1.862004e-06)
2607          	(1.462053e-04 2.881402e-02 2.241835e-04)	(1.444655e-04 2.856330e-02 2.222860e-04)	(1.739804e-06 2.507273e-04 1.897508e-06)
2608          	(1.509792e-04 2.880833e-02 2.265879e-04)	(1.492002e-04 2.855798e-02 2.246663e-04)	(1.778957e-06 2.503488e-04 1.921591e-06)
2609          	(1.550149e-04 2.880229e-02 2.287972e-04)	(1.531963e-04 2.855230e-02 2.268569e-04)	(1.818619e-06 2.499841e-04 1.940257e-06)
2610          	(1.578446e-04 2.878925e-02 2.300012e-04)	(1.559899e-04 2.853963e-02 2.280450e-04)	(1.854676e-06 2.496127e-04 1.956240e-06)
2611          	(1.595024e-04 2.877880e-02 2.309968e-04)	(1.576143e-04 2.852956e-02 2.290245e-04)	(1.888143e-06 2.492454e-04 1.972289e-06)
2612          	(1.606384e-04 2.877524e-02 2.330387e-04)	(1.587208e-04 2.852633e-02 2.310451e-04)	(1.917606e-06 2.489026e-04 1.993596e-06)
2613          	(1.605329e-04 2.877159e-02 2.348178e-04)	(1.585911e-04 2.852301e-02 2.327939e-04)	(1.941764e-06 2.485791e-04 2.023932e-06)
2614          	(1.583305e-04 2.876298e-02 2.349593e-04)	(1.563763e-04 2.851472e-02 2.328976e-04)	(1.954232e-06 2.482597e-04 2.061679e-06)
2615          	(1.561212e-04 2.876221e-02 2.360444e-04)	(1.541599e-04 2.851425e-02 2.339338e-04)	(1.961228e-06 2.479663e-04 2.110575e-06)
2616          	(1.517958e-04 2.875474e-02 2.357010e-04)	(1.498405e-04 2.850706e-02 2.335320e-04)	(1.955374e-06 2.476799e-04 2.168993e-06)
2617          	(1.473519e-04 2.875306e-02 2.366430e-04)	(1.454069e-04 2.850564e-02 2.344092e-04)	(1.945023e-06 2.474158e-04 2.233764e-06)
2618          	(1.482922e-04 2.874830e-02 2.367534e-04)	(1.463425e-04 2.850113e-02 2.344662e-04)	(1.949783e-06 2.471692e-04 2.287215e-06)
2619          	(1.370856e-04 2.874979e-02 2.357531e-04)	(1.351505e-04 2.850284e-02 2.334049e-04)	(1.935084e-06 2.469498e-04 2.348179e-06)
2620          	(1.247452e-04 2.875120e-02 2.342323e-04)	(1.228401e-04 2.850445e-02 2.318161e-04)	(1.905168e-06 2.467516e-04 2.416268e-06)
2621          	(1.124256e-04 2.875309e-02 2.321859e-04)	(1.105524e-04 2.850651e-02 2.297100e-04)	(1.873274e-06 2.465750e-04 2.475863e-06)
2622          	(1.071734e-04 2.874832e-02 2.307128e-04)	(1.053115e-04 2.850191e-02 2.282000e-04)	(1.861940e-06 2.464062e-04 2.512722e-06)
2623          	(9.311926e-05 2.874309e-02 2.279618e-04)	(9.127970e-05 2.849684e-02 2.254272e-04)	(1.839557e-06 2.462464e-04 2.534588e-06)
2624          	(8.062614e-05 2.874379e-02 2.260283e-04)	(7.881486e-05 2.849768e-02 2.234743e-04)	(1.811276e-06 2.461090e-04 2.553994e-06)
2625          	(7.501215e-05 2.874179e-02 2.253459e-04)	(7.321019e-05 2.849580e-02 2.227874e-04)	(1.801953e-06 2.459896e-04 2.558570e-06)
2626          	(6.477871e-05 2.874900e-02 2.240495e-04)	(6.299274e-05 2.850308e-02 2.215083e-04)	(1.785970e-06 2.459130e-04 2.541192e-06)
2627          	(5.566684e-05 2.875454e-02 2.216502e-04)	(5.389765e-05 2.850868e-02 2.191292e-04)	(1.769192e-06 2.458611e-04 2.521004e-06)
2628          	(4.941640e-05 2.875265e-02 2.194954e-04)	(4.766623e-05 2.850684e-02 2.169930e-04)	(1.750169e-06 2.458135e-04 2.502401e-06)
2629          	(4.205804e-05 2.875819e-02 2.139152e-04)	(4.034037e-05 2.851239e-02 2.114634e-04)	(1.717667e-06 2.457968e-04 2.451849e-06)
2630          	(3.564725e-05 2.876377e-02 2.068839e-04)	(3.397456e-05 2.851797e-02 2.044778e-04)	(1.672692e-06 2.458007e-04 2.406183e-06)
2631          	(3.028008e-05 2.877183e-02 1.989155e-04)	(2.866308e-05 2.852600e-02 1.965668e-04)	(1.616998e-06 2.458298e-04 2.348708e-06)
2632          	(2.586038e-05 2.878289e-02 1.903668e-04)	(2.431070e-05 2.853700e-02 1.880849e-04)	(1.549683e-06 2.458853e-04 2.281913e-06)
2633          	(2.070702e-05 2.879072e-02 1.856731e-04)	(1.923922e-05 2.854477e-02 1.834334e-04)	(1.467799e-06 2.459487e-04 2.239640e-06)
2634          	(1.932082e-05 2.881385e-02 1.758433e-04)	(1.793221e-05 2.856779e-02 1.736851e-04)	(1.388612e-06 2.460626e-04 2.158204e-06)
2635          	(1.845021e-05 2.884309e-02 1.663394e-04)	(1.715181e-05 2.859687e-02 1.642488e-04)	(1.298398e-06 2.462220e-04 2.090600e-06)
2636          	(1.756589e-05 2.887194e-02 1.562332e-04)	(1.635311e-05 2.862553e-02 1.542261e-04)	(1.212780e-06 2.464174e-04 2.007131e-06)
2637          	(1.586643e-05 2.889074e-02 1.531647e-04)	(1.473609e-05 2.864413e-02 1.512240e-04)	(1.130345e-06 2.466131e-04 1.940650e-06)
2638          	(1.609594e-05 2.893546e-02 1.463463e-04)	(1.502370e-05 2.868858e-02 1.444988e-04)	(1.072247e-06 2.468810e-04 1.847545e-06)
2639          	(1.641248e-05 2.897905e-02 1.420970e-04)	(1.539955e-05 2.873186e-02 1.403202e-04)	(1.012923e-06 2.471970e-04 1.776716e-06)
2640          	(1.675141e-05 2.900309e-02 1.412950e-04)	(1.578770e-05 2.875559e-02 1.395718e-04)	(9.637080e-07 2.475042e-04 1.723201e-06)
2641          	(1.790835e-05 2.904457e-02 1.412176e-04)	(1.696885e-05 2.879671e-02 1.395467e-04)	(9.394999e-07 2.478584e-04 1.670855e-06)
2642          	(1.946187e-05 2.907226e-02 1.414755e-04)	(1.855805e-05 2.882405e-02 1.398221e-04)	(9.038180e-07 2.482125e-04 1.653419e-06)
2643          	(2.016928e-05 2.913117e-02 1.442891e-04)	(1.929638e-05 2.888252e-02 1.426277e-04)	(8.728971e-07 2.486558e-04 1.661400e-06)
2644          	(2.090661e-05 2.918566e-02 1.479189e-04)	(2.008586e-05 2.893650e-02 1.462033e-04)	(8.207547e-07 2.491576e-04 1.715639e-06)
2645          	(2.304141e-05 2.920944e-02 1.486558e-04)	(2.228490e-05 2.895981e-02 1.468676e-04)	(7.565113e-07 2.496318e-04 1.788208e-06)
2646          	(2.236576e-05 2.924820e-02 1.537108e-04)	(2.169178e-05 2.899806e-02 1.518184e-04)	(6.739792e-07 2.501352e-04 1.892390e-06)
2647          	(2.334622e-05 2.926839e-02 1.539154e-04)	(2.276297e-05 2.901777e-02 1.519158e-04)	(5.832509e-07 2.506197e-04 1.999631e-06)
2648          	(2.045112e-05 2.931155e-02 1.582821e-04)	(1.997415e-05 2.906039e-02 1.561547e-04)	(4.769654e-07 2.511559e-04 2.127404e-06)
2649          	(1.947653e-05 2.932678e-02 1.575233e-04)	(1.910052e-05 2.907511e-02 1.552819e-04)	(3.760099e-07 2.516639e-04 2.241375e-06)
2650          	(1.494891e-05 2.935577e-02 1.612832e-04)	(1.468075e-05 2.910358e-02 1.589229e-04)	(2.681603e-07 2.521902e-04 2.360336e-06)
2651          	(1.293007e-05 2.936647e-02 1.594966e-04)	(1.275140e-05 2.911378e-02 1.570376e-04)	(1.786664e-07 2.526870e-04 2.459043e-06)
2652          	(1.048398e-05 2.937885e-02 1.622034e-04)	(1.038979e-05 2.912568e-02 1.596516e-04)	(9.418606e-08 2.531691e-04 2.551815e-06)
2653          	(8.906428e-06 2.938642e-02 1.600227e-04)	(8.873770e-06 2.913280e-02 1.574066e-04)	(3.265784e-08 2.536265e-04 2.616136e-06)
2654          	(9.406982e-06 2.940482e-02 1.619606e-04)	(9.420489e-06 2.915072e-02 1.593059e-04)	(-1.350697e-08 2.540951e-04 2.654722e-06)
2655          	(1.155978e-05 2.941245e-02 1.625682e-04)	(1.159619e-05 2.915790e-02 1.598887e-04)	(-3.641083e-08 2.545444e-04 2.679502e-06)
2656          	(1.201456e-05 2.941675e-02 1.603052e-04)	(1.205689e-05 2.916179e-02 1.576253e-04)	(-4.232926e-08 2.549633e-04 2.679855e-06)
2657          	(1.711592e-05 2.942667e-02 1.600955e-04)	(1.715022e-05 2.917130e-02 1.574467e-04)	(-3.430741e-08 2.553766e-04 2.648733e-06)
2658          	(1.909311e-05 2.943142e-02 1.579899e-04)	(1.911605e-05 2.917566e-02 1.553597e-04)	(-2.293915e-08 2.557663e-04 2.630165e-06)
2659          	(2.543869e-05 2.945004e-02 1.571583e-04)	(2.545056e-05 2.919386e-02 1.545823e-04)	(-1.187377e-08 2.561739e-04 2.576034e-06)
2660          	(3.061827e-05 2.946617e-02 1.558372e-04)	(3.062404e-05 2.920958e-02 1.533067e-04)	(-5.776569e-09 2.565860e-04 2.530499e-06)
2661          	(3.274381e-05 2.946934e-02 1.545027e-04)	(3.275563e-05 2.921237e-02 1.520171e-04)	(-1.181832e-08 2.569619e-04 2.485620e-06)
2662          	(3.454763e-05 2.947306e-02 1.533586e-04)	(3.457731e-05 2.921575e-02 1.509374e-04)	(-2.968062e-08 2.573100e-04 2.421225e-06)
2663          	(3.695701e-05 2.947992e-02 1.505474e-04)	(3.700745e-05 2.922227e-02 1.481995e-04)	(-5.043595e-08 2.576473e-04 2.347878e-06)
2664          	(3.686457e-05 2.948353e-02 1.501309e-04)	(3.695078e-05 2.922557e-02 1.478223e-04)	(-8.620656e-08 2.579606e-04 2.308594e-06)
2665          	(3.764278e-05 2.950242e-02 1.484659e-04)	(3.774741e-05 2.924413e-02 1.462364e-04)	(-1.046311e-07 2.582902e-04 2.229480e-06)
2666          	(3.633612e-05 2.950375e-02 1.485805e-04)	(3.647489e-05 2.924516e-02 1.463814e-04)	(-1.387697e-07 2.585826e-04 2.199059e-06)
2667          	(3.541477e-05 2.950462e-02 1.486056e-04)	(3.556807e-05 2.924578e-02 1.464504e-04)	(-1.533001e-07 2.588389e-04 2.155191e-06)
2668          	(4.031244e-05 2.950550e-02 1.455668e-04)	(4.046279e-05 2.924643e-02 1.434519e-04)	(-1.503460e-07 2.590672e-04 2.114897e-06)
2669          	(4.097021e-05 2.950505e-02 1.459163e-04)	(4.114288e-05 2.924578e-02 1.437810e-04)	(-1.726717e-07 2.592684e-04 2.135313e-06)
2670          	(4.343898e-05 2.950403e-02 1.463145e-04)	(4.362159e-05 2.924459e-02 1.441500e-04)	(-1.826030e-07 2.594424e-04 2.164455e-06)
2671          	(5.385279e-05 2.950081e-02 1.442297e-04)	(5.403926e-05 2.924122e-02 1.420191e-04)	(-1.864693e-07 2.595873e-04 2.210665e-06)
2672          	(5.801331e-05 2.950439e-02 1.460469e-04)	(5.823986e-05 2.924466e-02 1.437488e-04)	(-2.265485e-07 2.597282e-04 2.298127e-06)
2673          	(6.261869e-05 2.950597e-02 1.476988e-04)	(6.288002e-05 2.924611e-02 1.453190e-04)	(-2.613302e-07 2.598573e-04 2.379780e-06)
2674          	(6.727914e-05 2.950544e-02 1.490778e-04)	(6.759985e-05 2.924547e-02 1.466068e-04)	(-3.207056e-07 2.599701e-04 2.471017e-06)
2675          	(7.351567e-05 2.950828e-02 1.491812e-04)	(7.390588e-05 2.924821e-02 1.466146e-04)	(-3.902010e-07 2.600757e-04 2.566614e-06)
2676          	(7.562246e-05 2.950174e-02 1.484848e-04)	(7.610623e-05 2.924158e-02 1.458180e-04)	(-4.837688e-07 2.601581e-04 2.666780e-06)
2677          	(7.620148e-05 2.949467e-02 1.476959e-04)	(7.678567e-05 2.923446e-02 1.449414e-04)	(-5.841880e-07 2.602183e-04 2.754538e-06)
2678          	(7.498096e-05 2.948723e-02 1.469291e-04)	(7.567490e-05 2.922697e-02 1.440929e-04)	(-6.939463e-07 2.602621e-04 2.836139e-06)
2679          	(7.179217e-05 2.947961e-02 1.462042e-04)	(7.258995e-05 2.921932e-02 1.433007e-04)	(-7.977821e-07 2.602921e-04 2.903503e-06)
2680          	(6.214425e-05 2.946148e-02 1.459842e-04)	(6.305391e-05 2.920120e-02 1.430189e-04)	(-9.096570e-07 2.602832e-04 2.965249e-06)
2681          	(5.743855e-05 2.945381e-02 1.450755e-04)	(5.842715e-05 2.919354e-02 1.420869e-04)	(-9.885940e-07 2.602760e-04 2.988621e-06)
2682          	(5.196460e-05 2.944632e-02 1.439706e-04)	(5.300717e-05 2.918605e-02 1.409835e-04)	(-1.042576e-06 2.602651e-04 2.987059e-06)
2683          	(4.601486e-05 2.944644e-02 1.433569e-04)	(4.710055e-05 2.918618e-02 1.403755e-04)	(-1.085689e-06 2.602670e-04 2.981414e-06)
2684          	(3.992276e-05 2.943865e-02 1.416697e-04)	(4.104234e-05 2.917839e-02 1.387019e-04)	(-1.119583e-06 2.602580e-04 2.967801e-06)
2685          	(3.066969e-05 2.942140e-02 1.375016e-04)	(3.182678e-05 2.916119e-02 1.345648e-04)	(-1.157096e-06 2.602141e-04 2.936762e-06)
2686          	(2.741427e-05 2.942181e-02 1.371496e-04)	(2.858133e-05 2.916162e-02 1.342552e-04)	(-1.167060e-06 2.601917e-04 2.894443e-06)
2687          	(2.536074e-05 2.942157e-02 1.364560e-04)	(2.652866e-05 2.916139e-02 1.336334e-04)	(-1.167920e-06 2.601802e-04 2.822696e-06)
2688          	(2.425272e-05 2.941690e-02 1.342024e-04)	(2.542191e-05 2.915674e-02 1.314615e-04)	(-1.169187e-06 2.601628e-04 2.740936e-06)
2689          	(2.399636e-05 2.941211e-02 1.317022e-04)	(2.516363e-05 2.915197e-02 1.290612e-04)	(-1.167264e-06 2.601404e-04 2.640937e-06)
2690          	(2.434345e-05 2.940719e-02 1.290715e-04)	(2.550507e-05 2.914707e-02 1.265487e-04)	(-1.161620e-06 2.601131e-04 2.522816e-06)
2691          	(2.656999e-05 2.940189e-02 1.257711e-04)	(2.771116e-05 2.914182e-02 1.233934e-04)	(-1.141168e-06 2.600781e-04 2.377663e-06)
2692          	(2.722747e-05 2.939726e-02 1.239800e-04)	(2.835629e-05 2.913722e-02 1.217235e-04)	(-1.128821e-06 2.600414e-04 2.256518e-06)
2693          	(2.801620e-05 2.939921e-02 1.226080e-04)	(2.912056e-05 2.913919e-02 1.204857e-04)	(-1.104362e-06 2.600147e-04 2.122250e-06)
2694          	(2.882404e-05 2.939178e-02 1.210541e-04)	(2.990141e-05 2.913181e-02 1.190502e-04)	(-1.077378e-06 2.599716e-04 2.003836e-06)
2695          	(3.003320e-05 2.938360e-02 1.201026e-04)	(3.107326e-05 2.912369e-02 1.182002e-04)	(-1.040059e-06 2.599121e-04 1.902386e-06)
2696          	(3.493526e-05 2.936971e-02 1.207103e-04)	(3.590951e-05 2.910988e-02 1.189015e-04)	(-9.742457e-07 2.598257e-04 1.808714e-06)
2697          	(3.702803e-05 2.935887e-02 1.198740e-04)	(3.794326e-05 2.909914e-02 1.181198e-04)	(-9.152327e-07 2.597279e-04 1.754232e-06)
2698          	(3.977753e-05 2.935064e-02 1.203046e-04)	(4.061517e-05 2.909101e-02 1.186072e-04)	(-8.376357e-07 2.596250e-04 1.697326e-06)
2699          	(4.324851e-05 2.934197e-02 1.212684e-04)	(4.401716e-05 2.908246e-02 1.196034e-04)	(-7.686497e-07 2.595163e-04 1.665085e-06)
2700          	(5.018074e-05 2.931671e-02 1.250944e-04)	(5.087589e-05 2.905734e-02 1.234381e-04)	(-6.951494e-07 2.593644e-04 1.656252e-06)
2701          	(5.239760e-05 2.931059e-02 1.259313e-04)	(5.305362e-05 2.905136e-02 1.242542e-04)	(-6.560196e-07 2.592273e-04 1.677159e-06)
2702          	(5.326228e-05 2.930449e-02 1.269236e-04)	(5.388723e-05 2.904539e-02 1.252352e-04)	(-6.249506e-07 2.591026e-04 1.688349e-06)
2703          	(5.243852e-05 2.929763e-02 1.314082e-04)	(5.305048e-05 2.903865e-02 1.296810e-04)	(-6.119512e-07 2.589849e-04 1.727247e-06)
2704          	(4.994200e-05 2.929239e-02 1.305501e-04)	(5.056908e-05 2.903352e-02 1.287685e-04)	(-6.270767e-07 2.588773e-04 1.781662e-06)
2705          	(4.408320e-05 2.928685e-02 1.314332e-04)	(4.472071e-05 2.902807e-02 1.295946e-04)	(-6.375098e-07 2.587795e-04 1.838628e-06)
2706          	(3.928709e-05 2.928266e-02 1.290896e-04)	(3.994432e-05 2.902397e-02 1.271865e-04)	(-6.572252e-07 2.586921e-04 1.903105e-06)
2707          	(3.116149e-05 2.927547e-02 1.266386e-04)	(3.182391e-05 2.901687e-02 1.246811e-04)	(-6.624218e-07 2.586083e-04 1.957469e-06)
2708          	(2.612598e-05 2.927235e-02 1.241190e-04)	(2.679546e-05 2.901381e-02 1.221021e-04)	(-6.694867e-07 2.585367e-04 2.016933e-06)
2709          	(1.881583e-05 2.926675e-02 1.212272e-04)	(1.947966e-05 2.900828e-02 1.191658e-04)	(-6.638307e-07 2.584707e-04 2.061381e-06)
2710          	(1.330780e-05 2.926514e-02 1.187870e-04)	(1.396799e-05 2.900672e-02 1.166764e-04)	(-6.601916e-07 2.584187e-04 2.110679e-06)
2711          	(1.161003e-05 2.926279e-02 1.182007e-04)	(1.224451e-05 2.900442e-02 1.160669e-04)	(-6.344860e-07 2.583763e-04 2.133760e-06)
2712          	(9.257350e-06 2.925610e-02 1.162353e-04)	(9.862408e-06 2.899777e-02 1.141039e-04)	(-6.050573e-07 2.583311e-04 2.131466e-06)
2713          	(8.968188e-06 2.925176e-02 1.161066e-04)	(9.538844e-06 2.899346e-02 1.139767e-04)	(-5.706559e-07 2.582919e-04 2.129929e-06)
