# Force       
# CofR        : (0.000000e+00 0.000000e+00 0.000000e+00)
#
# Time        	(total_x total_y total_z)	(pressure_x pressure_y pressure_z)	(viscous_x viscous_y viscous_z)
3501          	(1.861420e+00 1.103562e+00 -4.699104e+02)	(1.860326e+00 1.105963e+00 -4.699092e+02)	(1.093986e-03 -2.401055e-03 -1.153287e-03)
3502          	(1.860645e+00 1.103149e+00 -4.699105e+02)	(1.859552e+00 1.105549e+00 -4.699093e+02)	(1.092908e-03 -2.400194e-03 -1.154701e-03)
3503          	(1.859970e+00 1.102869e+00 -4.699106e+02)	(1.858878e+00 1.105269e+00 -4.699094e+02)	(1.091988e-03 -2.399545e-03 -1.156198e-03)
3504          	(1.859392e+00 1.102718e+00 -4.699107e+02)	(1.858301e+00 1.105117e+00 -4.699095e+02)	(1.091063e-03 -2.399044e-03 -1.157691e-03)
3505          	(1.858879e+00 1.102672e+00 -4.699108e+02)	(1.857789e+00 1.105071e+00 -4.699096e+02)	(1.090018e-03 -2.398652e-03 -1.159118e-03)
3506          	(1.858393e+00 1.102705e+00 -4.699109e+02)	(1.857304e+00 1.105104e+00 -4.699097e+02)	(1.088749e-03 -2.398309e-03 -1.160439e-03)
3507          	(1.857905e+00 1.102792e+00 -4.699110e+02)	(1.856817e+00 1.105190e+00 -4.699098e+02)	(1.087207e-03 -2.397959e-03 -1.161620e-03)
3508          	(1.857388e+00 1.102905e+00 -4.699111e+02)	(1.856303e+00 1.105303e+00 -4.699099e+02)	(1.085372e-03 -2.397553e-03 -1.162630e-03)
3509          	(1.856834e+00 1.103016e+00 -4.699112e+02)	(1.855750e+00 1.105413e+00 -4.699100e+02)	(1.083306e-03 -2.397084e-03 -1.163439e-03)
3510          	(1.856252e+00 1.103107e+00 -4.699112e+02)	(1.855171e+00 1.105504e+00 -4.699101e+02)	(1.081112e-03 -2.396563e-03 -1.164020e-03)
3511          	(1.840994e+00 1.095938e+00 -4.699164e+02)	(1.839920e+00 1.098332e+00 -4.699153e+02)	(1.074442e-03 -2.393915e-03 -1.164194e-03)
3512          	(1.840156e+00 1.095709e+00 -4.699165e+02)	(1.839087e+00 1.098100e+00 -4.699153e+02)	(1.069459e-03 -2.391413e-03 -1.163990e-03)
3513          	(1.839365e+00 1.095450e+00 -4.699166e+02)	(1.838298e+00 1.097840e+00 -4.699154e+02)	(1.066166e-03 -2.389767e-03 -1.163648e-03)
3514          	(1.840594e+00 1.096225e+00 -4.699184e+02)	(1.839529e+00 1.098613e+00 -4.699172e+02)	(1.064342e-03 -2.388206e-03 -1.163121e-03)
3515          	(1.838439e+00 1.095337e+00 -4.699211e+02)	(1.837376e+00 1.097723e+00 -4.699199e+02)	(1.062339e-03 -2.386027e-03 -1.162402e-03)
3516          	(1.840183e+00 1.096250e+00 -4.699218e+02)	(1.839122e+00 1.098634e+00 -4.699206e+02)	(1.061594e-03 -2.383868e-03 -1.161490e-03)
3517          	(1.841870e+00 1.097102e+00 -4.699223e+02)	(1.840808e+00 1.099484e+00 -4.699211e+02)	(1.061749e-03 -2.381901e-03 -1.160455e-03)
3518          	(1.843497e+00 1.097900e+00 -4.699226e+02)	(1.842435e+00 1.100280e+00 -4.699215e+02)	(1.062338e-03 -2.379884e-03 -1.159262e-03)
3519          	(1.844718e+00 1.098412e+00 -4.699228e+02)	(1.843655e+00 1.100790e+00 -4.699216e+02)	(1.063221e-03 -2.378050e-03 -1.157892e-03)
3520          	(1.845031e+00 1.098509e+00 -4.699227e+02)	(1.843967e+00 1.100885e+00 -4.699216e+02)	(1.063751e-03 -2.375976e-03 -1.156360e-03)
3521          	(1.845560e+00 1.098665e+00 -4.699227e+02)	(1.844496e+00 1.101039e+00 -4.699215e+02)	(1.063991e-03 -2.373768e-03 -1.154671e-03)
3522          	(1.846187e+00 1.098853e+00 -4.699226e+02)	(1.845123e+00 1.101225e+00 -4.699215e+02)	(1.063928e-03 -2.371404e-03 -1.152879e-03)
3523          	(1.846797e+00 1.098963e+00 -4.699226e+02)	(1.845733e+00 1.101332e+00 -4.699215e+02)	(1.063722e-03 -2.369039e-03 -1.151031e-03)
3524          	(1.847371e+00 1.098985e+00 -4.699226e+02)	(1.846308e+00 1.101352e+00 -4.699214e+02)	(1.063555e-03 -2.366823e-03 -1.149186e-03)
3525          	(1.847911e+00 1.098934e+00 -4.699225e+02)	(1.846847e+00 1.101298e+00 -4.699214e+02)	(1.063558e-03 -2.364830e-03 -1.147404e-03)
3526          	(1.848427e+00 1.098828e+00 -4.699225e+02)	(1.847364e+00 1.101191e+00 -4.699214e+02)	(1.063785e-03 -2.363089e-03 -1.145755e-03)
3527          	(1.848937e+00 1.098694e+00 -4.699225e+02)	(1.847873e+00 1.101056e+00 -4.699214e+02)	(1.064252e-03 -2.361594e-03 -1.144304e-03)
3528          	(1.849452e+00 1.098555e+00 -4.699225e+02)	(1.848387e+00 1.100916e+00 -4.699214e+02)	(1.064924e-03 -2.360327e-03 -1.143112e-03)
3529          	(1.849977e+00 1.098431e+00 -4.699226e+02)	(1.848911e+00 1.100790e+00 -4.699214e+02)	(1.065753e-03 -2.359278e-03 -1.142232e-03)
3530          	(1.850591e+00 1.098370e+00 -4.699226e+02)	(1.849524e+00 1.100729e+00 -4.699215e+02)	(1.066701e-03 -2.358466e-03 -1.141708e-03)
3531          	(1.851232e+00 1.098357e+00 -4.699227e+02)	(1.850164e+00 1.100715e+00 -4.699215e+02)	(1.067714e-03 -2.357900e-03 -1.141565e-03)
3532          	(1.851895e+00 1.098397e+00 -4.699227e+02)	(1.850827e+00 1.100755e+00 -4.699216e+02)	(1.068743e-03 -2.357601e-03 -1.141811e-03)
3533          	(1.852838e+00 1.098618e+00 -4.699228e+02)	(1.851768e+00 1.100976e+00 -4.699217e+02)	(1.069846e-03 -2.357649e-03 -1.142437e-03)
3534          	(1.853749e+00 1.098880e+00 -4.699229e+02)	(1.852678e+00 1.101238e+00 -4.699218e+02)	(1.070955e-03 -2.358062e-03 -1.143413e-03)
3535          	(1.854344e+00 1.099062e+00 -4.699230e+02)	(1.853272e+00 1.101420e+00 -4.699218e+02)	(1.071926e-03 -2.358731e-03 -1.144706e-03)
3536          	(1.854861e+00 1.099262e+00 -4.699231e+02)	(1.853788e+00 1.101621e+00 -4.699219e+02)	(1.072754e-03 -2.359653e-03 -1.146257e-03)
3537          	(1.855283e+00 1.099467e+00 -4.699231e+02)	(1.854210e+00 1.101827e+00 -4.699220e+02)	(1.073440e-03 -2.360828e-03 -1.148010e-03)
3538          	(1.855590e+00 1.099661e+00 -4.699232e+02)	(1.854516e+00 1.102023e+00 -4.699220e+02)	(1.073958e-03 -2.362243e-03 -1.149896e-03)
3539          	(1.855763e+00 1.099828e+00 -4.699232e+02)	(1.854689e+00 1.102192e+00 -4.699221e+02)	(1.074301e-03 -2.363882e-03 -1.151842e-03)
3540          	(1.855789e+00 1.099950e+00 -4.699233e+02)	(1.854715e+00 1.102315e+00 -4.699221e+02)	(1.074471e-03 -2.365736e-03 -1.153773e-03)
3541          	(1.855657e+00 1.100008e+00 -4.699233e+02)	(1.854582e+00 1.102376e+00 -4.699222e+02)	(1.074497e-03 -2.367821e-03 -1.155621e-03)
3542          	(1.855188e+00 1.099846e+00 -4.699234e+02)	(1.854114e+00 1.102216e+00 -4.699222e+02)	(1.074531e-03 -2.370356e-03 -1.157319e-03)
3543          	(1.854510e+00 1.099560e+00 -4.699234e+02)	(1.853435e+00 1.101933e+00 -4.699222e+02)	(1.074653e-03 -2.373390e-03 -1.158812e-03)
3544          	(1.853662e+00 1.099158e+00 -4.699234e+02)	(1.852587e+00 1.101535e+00 -4.699222e+02)	(1.074955e-03 -2.376975e-03 -1.160056e-03)
3545          	(1.852724e+00 1.098681e+00 -4.699233e+02)	(1.851648e+00 1.101062e+00 -4.699222e+02)	(1.075527e-03 -2.381108e-03 -1.161014e-03)
3546          	(1.851779e+00 1.098182e+00 -4.699233e+02)	(1.850703e+00 1.100568e+00 -4.699222e+02)	(1.076378e-03 -2.385669e-03 -1.161675e-03)
3547          	(1.850872e+00 1.097696e+00 -4.699233e+02)	(1.849794e+00 1.100086e+00 -4.699221e+02)	(1.077457e-03 -2.390452e-03 -1.162044e-03)
3548          	(1.850001e+00 1.097226e+00 -4.699232e+02)	(1.848923e+00 1.099621e+00 -4.699221e+02)	(1.078682e-03 -2.395230e-03 -1.162126e-03)
3549          	(1.848116e+00 1.096156e+00 -4.699232e+02)	(1.847036e+00 1.098556e+00 -4.699220e+02)	(1.080024e-03 -2.400049e-03 -1.161898e-03)
3550          	(1.845778e+00 1.094838e+00 -4.699232e+02)	(1.844697e+00 1.097243e+00 -4.699221e+02)	(1.081400e-03 -2.404700e-03 -1.161366e-03)
3551          	(1.842011e+00 1.092889e+00 -4.699234e+02)	(1.840929e+00 1.095297e+00 -4.699223e+02)	(1.082071e-03 -2.408412e-03 -1.160544e-03)
3552          	(1.841564e+00 1.092590e+00 -4.699235e+02)	(1.840480e+00 1.095002e+00 -4.699223e+02)	(1.083104e-03 -2.411449e-03 -1.159476e-03)
3553          	(1.841099e+00 1.092243e+00 -4.699235e+02)	(1.840015e+00 1.094657e+00 -4.699223e+02)	(1.084507e-03 -2.414059e-03 -1.158201e-03)
3554          	(1.840732e+00 1.091916e+00 -4.699235e+02)	(1.839646e+00 1.094333e+00 -4.699224e+02)	(1.086156e-03 -2.416155e-03 -1.156734e-03)
3555          	(1.840474e+00 1.091616e+00 -4.699236e+02)	(1.839386e+00 1.094034e+00 -4.699224e+02)	(1.087971e-03 -2.417747e-03 -1.155122e-03)
3556          	(1.840326e+00 1.091339e+00 -4.699236e+02)	(1.839236e+00 1.093758e+00 -4.699224e+02)	(1.089895e-03 -2.418911e-03 -1.153418e-03)
3557          	(1.840272e+00 1.091070e+00 -4.699236e+02)	(1.839181e+00 1.093490e+00 -4.699225e+02)	(1.091918e-03 -2.419781e-03 -1.151671e-03)
3558          	(1.840317e+00 1.090808e+00 -4.699237e+02)	(1.839223e+00 1.093229e+00 -4.699225e+02)	(1.094048e-03 -2.420515e-03 -1.149933e-03)
3559          	(1.840418e+00 1.090536e+00 -4.699237e+02)	(1.839322e+00 1.092957e+00 -4.699226e+02)	(1.096272e-03 -2.421227e-03 -1.148258e-03)
3560          	(1.840575e+00 1.090267e+00 -4.699237e+02)	(1.839476e+00 1.092689e+00 -4.699226e+02)	(1.098509e-03 -2.421929e-03 -1.146709e-03)
3561          	(1.840751e+00 1.090007e+00 -4.699238e+02)	(1.839651e+00 1.092429e+00 -4.699226e+02)	(1.100658e-03 -2.422560e-03 -1.145352e-03)
3562          	(1.840994e+00 1.089795e+00 -4.699238e+02)	(1.839891e+00 1.092218e+00 -4.699226e+02)	(1.102655e-03 -2.423091e-03 -1.144243e-03)
3563          	(1.841212e+00 1.089567e+00 -4.699238e+02)	(1.840108e+00 1.091991e+00 -4.699226e+02)	(1.104538e-03 -2.423627e-03 -1.143416e-03)
3564          	(1.841391e+00 1.089318e+00 -4.699237e+02)	(1.840285e+00 1.091742e+00 -4.699226e+02)	(1.106330e-03 -2.424264e-03 -1.142899e-03)
3565          	(1.841467e+00 1.089037e+00 -4.699237e+02)	(1.840359e+00 1.091462e+00 -4.699226e+02)	(1.107949e-03 -2.424965e-03 -1.142717e-03)
3566          	(1.841449e+00 1.088719e+00 -4.699237e+02)	(1.840340e+00 1.091145e+00 -4.699225e+02)	(1.109403e-03 -2.425806e-03 -1.142887e-03)
3567          	(1.841313e+00 1.088359e+00 -4.699236e+02)	(1.840202e+00 1.090786e+00 -4.699225e+02)	(1.110770e-03 -2.426885e-03 -1.143426e-03)
3568          	(1.841039e+00 1.087954e+00 -4.699235e+02)	(1.839927e+00 1.090382e+00 -4.699224e+02)	(1.112101e-03 -2.428276e-03 -1.144332e-03)
3569          	(1.840623e+00 1.087510e+00 -4.699234e+02)	(1.839510e+00 1.089940e+00 -4.699223e+02)	(1.113478e-03 -2.430061e-03 -1.145576e-03)
3570          	(1.845448e+00 1.089397e+00 -4.699186e+02)	(1.844330e+00 1.091831e+00 -4.699175e+02)	(1.117632e-03 -2.434205e-03 -1.147173e-03)
3571          	(1.845430e+00 1.089340e+00 -4.699186e+02)	(1.844309e+00 1.091778e+00 -4.699174e+02)	(1.121194e-03 -2.438475e-03 -1.149025e-03)
3572          	(1.845472e+00 1.089386e+00 -4.699185e+02)	(1.844349e+00 1.091828e+00 -4.699174e+02)	(1.123869e-03 -2.442327e-03 -1.151000e-03)
3573          	(1.845540e+00 1.089510e+00 -4.699185e+02)	(1.844414e+00 1.091956e+00 -4.699174e+02)	(1.125991e-03 -2.446158e-03 -1.153033e-03)
3574          	(1.845555e+00 1.089656e+00 -4.699185e+02)	(1.844428e+00 1.092106e+00 -4.699173e+02)	(1.127597e-03 -2.449952e-03 -1.155059e-03)
3575          	(1.845491e+00 1.089800e+00 -4.699185e+02)	(1.844362e+00 1.092254e+00 -4.699173e+02)	(1.128758e-03 -2.453714e-03 -1.157013e-03)
3576          	(1.845331e+00 1.089925e+00 -4.699185e+02)	(1.844201e+00 1.092383e+00 -4.699173e+02)	(1.129531e-03 -2.457422e-03 -1.158854e-03)
3577          	(1.845076e+00 1.090020e+00 -4.699185e+02)	(1.843946e+00 1.092481e+00 -4.699174e+02)	(1.130032e-03 -2.461098e-03 -1.160540e-03)
3578          	(1.844721e+00 1.090071e+00 -4.699185e+02)	(1.843591e+00 1.092536e+00 -4.699174e+02)	(1.130367e-03 -2.464761e-03 -1.162035e-03)
3579          	(1.844280e+00 1.090073e+00 -4.699185e+02)	(1.843149e+00 1.092541e+00 -4.699174e+02)	(1.130680e-03 -2.468456e-03 -1.163297e-03)
3580          	(1.843776e+00 1.090020e+00 -4.699186e+02)	(1.842645e+00 1.092492e+00 -4.699174e+02)	(1.131080e-03 -2.472234e-03 -1.164284e-03)
3581          	(1.843244e+00 1.089918e+00 -4.699186e+02)	(1.842112e+00 1.092394e+00 -4.699174e+02)	(1.131675e-03 -2.476134e-03 -1.164965e-03)
3582          	(1.842680e+00 1.089752e+00 -4.699186e+02)	(1.841547e+00 1.092232e+00 -4.699174e+02)	(1.132513e-03 -2.480159e-03 -1.165331e-03)
3583          	(1.842142e+00 1.089562e+00 -4.699186e+02)	(1.841008e+00 1.092046e+00 -4.699174e+02)	(1.133598e-03 -2.484237e-03 -1.165377e-03)
3584          	(1.841679e+00 1.089383e+00 -4.699186e+02)	(1.840544e+00 1.091871e+00 -4.699174e+02)	(1.134852e-03 -2.488213e-03 -1.165114e-03)
3585          	(1.841260e+00 1.089195e+00 -4.699186e+02)	(1.840124e+00 1.091687e+00 -4.699174e+02)	(1.136243e-03 -2.491988e-03 -1.164548e-03)
3586          	(1.840852e+00 1.088973e+00 -4.699186e+02)	(1.839715e+00 1.091468e+00 -4.699175e+02)	(1.137734e-03 -2.495487e-03 -1.163706e-03)
3587          	(1.840498e+00 1.088752e+00 -4.699187e+02)	(1.839358e+00 1.091250e+00 -4.699175e+02)	(1.139287e-03 -2.498605e-03 -1.162619e-03)
3588          	(1.840195e+00 1.088533e+00 -4.699187e+02)	(1.839054e+00 1.091034e+00 -4.699175e+02)	(1.140834e-03 -2.501227e-03 -1.161321e-03)
3589          	(1.839784e+00 1.088202e+00 -4.699187e+02)	(1.838641e+00 1.090706e+00 -4.699176e+02)	(1.142445e-03 -2.503471e-03 -1.159836e-03)
3590          	(1.834419e+00 1.085376e+00 -4.699196e+02)	(1.833276e+00 1.087880e+00 -4.699185e+02)	(1.142675e-03 -2.504712e-03 -1.158143e-03)
3591          	(1.834254e+00 1.085134e+00 -4.699197e+02)	(1.833111e+00 1.087639e+00 -4.699185e+02)	(1.143311e-03 -2.505314e-03 -1.156363e-03)
3592          	(1.834159e+00 1.084892e+00 -4.699197e+02)	(1.833015e+00 1.087398e+00 -4.699185e+02)	(1.144269e-03 -2.505630e-03 -1.154563e-03)
3593          	(1.834157e+00 1.084670e+00 -4.699197e+02)	(1.833012e+00 1.087175e+00 -4.699186e+02)	(1.145460e-03 -2.505599e-03 -1.152780e-03)
3594          	(1.834271e+00 1.084489e+00 -4.699198e+02)	(1.833124e+00 1.086994e+00 -4.699186e+02)	(1.146823e-03 -2.505274e-03 -1.151076e-03)
3595          	(1.834515e+00 1.084369e+00 -4.699198e+02)	(1.833367e+00 1.086874e+00 -4.699186e+02)	(1.148286e-03 -2.504696e-03 -1.149522e-03)
3596          	(1.834890e+00 1.084318e+00 -4.699198e+02)	(1.833741e+00 1.086822e+00 -4.699187e+02)	(1.149763e-03 -2.503911e-03 -1.148181e-03)
3597          	(1.837026e+00 1.085325e+00 -4.699211e+02)	(1.835875e+00 1.087828e+00 -4.699199e+02)	(1.150961e-03 -2.502441e-03 -1.147126e-03)
3598          	(1.837436e+00 1.085344e+00 -4.699211e+02)	(1.836284e+00 1.087845e+00 -4.699200e+02)	(1.151873e-03 -2.500908e-03 -1.146388e-03)
3599          	(1.837862e+00 1.085392e+00 -4.699211e+02)	(1.836710e+00 1.087891e+00 -4.699200e+02)	(1.152606e-03 -2.499429e-03 -1.146013e-03)
3600          	(1.838316e+00 1.085473e+00 -4.699212e+02)	(1.837163e+00 1.087971e+00 -4.699200e+02)	(1.153149e-03 -2.498072e-03 -1.146033e-03)
3601          	(1.838886e+00 1.085645e+00 -4.699212e+02)	(1.837732e+00 1.088142e+00 -4.699201e+02)	(1.153538e-03 -2.496903e-03 -1.146468e-03)
3602          	(1.841763e+00 1.086992e+00 -4.699216e+02)	(1.840608e+00 1.089488e+00 -4.699205e+02)	(1.154473e-03 -2.496301e-03 -1.147328e-03)
3603          	(1.842340e+00 1.087246e+00 -4.699217e+02)	(1.841185e+00 1.089742e+00 -4.699205e+02)	(1.155188e-03 -2.496125e-03 -1.148559e-03)
3604          	(1.844487e+00 1.088309e+00 -4.699219e+02)	(1.843331e+00 1.090805e+00 -4.699208e+02)	(1.156272e-03 -2.496555e-03 -1.150125e-03)
3605          	(1.845060e+00 1.088671e+00 -4.699220e+02)	(1.843903e+00 1.091169e+00 -4.699208e+02)	(1.157106e-03 -2.497382e-03 -1.151946e-03)
3606          	(1.845297e+00 1.088916e+00 -4.699220e+02)	(1.844139e+00 1.091414e+00 -4.699209e+02)	(1.157610e-03 -2.498454e-03 -1.153932e-03)
3607          	(1.845480e+00 1.089195e+00 -4.699221e+02)	(1.844322e+00 1.091695e+00 -4.699209e+02)	(1.157835e-03 -2.499750e-03 -1.156023e-03)
3608          	(1.845592e+00 1.089496e+00 -4.699222e+02)	(1.844434e+00 1.091997e+00 -4.699210e+02)	(1.157771e-03 -2.501176e-03 -1.158141e-03)
3609          	(1.845616e+00 1.089806e+00 -4.699222e+02)	(1.844459e+00 1.092309e+00 -4.699211e+02)	(1.157431e-03 -2.502654e-03 -1.160213e-03)
3610          	(1.845545e+00 1.090111e+00 -4.699223e+02)	(1.844388e+00 1.092616e+00 -4.699211e+02)	(1.156824e-03 -2.504129e-03 -1.162173e-03)
3611          	(1.845371e+00 1.090399e+00 -4.699224e+02)	(1.844215e+00 1.092904e+00 -4.699212e+02)	(1.155977e-03 -2.505556e-03 -1.163964e-03)
3612          	(1.845091e+00 1.090656e+00 -4.699224e+02)	(1.843936e+00 1.093163e+00 -4.699213e+02)	(1.154923e-03 -2.506901e-03 -1.165530e-03)
3613          	(1.844707e+00 1.090870e+00 -4.699225e+02)	(1.843553e+00 1.093378e+00 -4.699213e+02)	(1.153702e-03 -2.508139e-03 -1.166827e-03)
3614          	(1.844225e+00 1.091027e+00 -4.699225e+02)	(1.843073e+00 1.093536e+00 -4.699214e+02)	(1.152366e-03 -2.509267e-03 -1.167810e-03)
3615          	(1.843663e+00 1.091121e+00 -4.699225e+02)	(1.842512e+00 1.093631e+00 -4.699214e+02)	(1.150990e-03 -2.510289e-03 -1.168457e-03)
3616          	(1.843042e+00 1.091150e+00 -4.699226e+02)	(1.841893e+00 1.093661e+00 -4.699214e+02)	(1.149625e-03 -2.511194e-03 -1.168758e-03)
3617          	(1.839415e+00 1.089669e+00 -4.699226e+02)	(1.838268e+00 1.092181e+00 -4.699214e+02)	(1.147378e-03 -2.511401e-03 -1.168701e-03)
3618          	(1.836096e+00 1.088280e+00 -4.699226e+02)	(1.834952e+00 1.090791e+00 -4.699214e+02)	(1.144682e-03 -2.510900e-03 -1.168268e-03)
3619          	(1.835381e+00 1.088050e+00 -4.699226e+02)	(1.834238e+00 1.090560e+00 -4.699214e+02)	(1.142798e-03 -2.510475e-03 -1.167533e-03)
3620          	(1.834525e+00 1.087715e+00 -4.699225e+02)	(1.833383e+00 1.090225e+00 -4.699214e+02)	(1.141489e-03 -2.509979e-03 -1.166549e-03)
3621          	(1.833778e+00 1.087394e+00 -4.699225e+02)	(1.832637e+00 1.089904e+00 -4.699213e+02)	(1.140604e-03 -2.509168e-03 -1.165320e-03)
3622          	(1.833135e+00 1.087092e+00 -4.699225e+02)	(1.831995e+00 1.089600e+00 -4.699213e+02)	(1.140026e-03 -2.507970e-03 -1.163876e-03)
3623          	(1.828067e+00 1.084640e+00 -4.699219e+02)	(1.826930e+00 1.087145e+00 -4.699208e+02)	(1.137491e-03 -2.504333e-03 -1.162321e-03)
3624          	(1.827691e+00 1.084349e+00 -4.699218e+02)	(1.826555e+00 1.086851e+00 -4.699207e+02)	(1.135871e-03 -2.501009e-03 -1.160406e-03)
3625          	(1.827502e+00 1.084111e+00 -4.699218e+02)	(1.826366e+00 1.086609e+00 -4.699206e+02)	(1.135366e-03 -2.498288e-03 -1.158481e-03)
3626          	(1.827538e+00 1.083948e+00 -4.699216e+02)	(1.826402e+00 1.086444e+00 -4.699205e+02)	(1.135471e-03 -2.495697e-03 -1.156527e-03)
3627          	(1.828773e+00 1.084474e+00 -4.699183e+02)	(1.827637e+00 1.086966e+00 -4.699172e+02)	(1.135348e-03 -2.491932e-03 -1.154726e-03)
3628          	(1.835381e+00 1.087432e+00 -4.699151e+02)	(1.834243e+00 1.089922e+00 -4.699140e+02)	(1.137620e-03 -2.489809e-03 -1.152933e-03)
3629          	(1.840696e+00 1.089918e+00 -4.699126e+02)	(1.839555e+00 1.092406e+00 -4.699114e+02)	(1.140829e-03 -2.488268e-03 -1.151422e-03)
3630          	(1.842421e+00 1.090755e+00 -4.699125e+02)	(1.841279e+00 1.093240e+00 -4.699114e+02)	(1.142612e-03 -2.485751e-03 -1.150132e-03)
3631          	(1.844321e+00 1.091726e+00 -4.699125e+02)	(1.843178e+00 1.094209e+00 -4.699113e+02)	(1.143052e-03 -2.482300e-03 -1.149091e-03)
3632          	(1.846185e+00 1.092702e+00 -4.699124e+02)	(1.845042e+00 1.095181e+00 -4.699113e+02)	(1.142427e-03 -2.478247e-03 -1.148350e-03)
3633          	(1.847854e+00 1.093586e+00 -4.699124e+02)	(1.846713e+00 1.096059e+00 -4.699113e+02)	(1.140985e-03 -2.473824e-03 -1.147947e-03)
3634          	(1.849239e+00 1.094320e+00 -4.699124e+02)	(1.848100e+00 1.096789e+00 -4.699112e+02)	(1.138974e-03 -2.469279e-03 -1.147931e-03)
3635          	(1.849878e+00 1.094587e+00 -4.699124e+02)	(1.848741e+00 1.097052e+00 -4.699112e+02)	(1.136850e-03 -2.465191e-03 -1.148314e-03)
3636          	(1.850284e+00 1.094754e+00 -4.699124e+02)	(1.849149e+00 1.097216e+00 -4.699112e+02)	(1.134774e-03 -2.461607e-03 -1.149120e-03)
3637          	(1.850499e+00 1.094858e+00 -4.699124e+02)	(1.849366e+00 1.097316e+00 -4.699112e+02)	(1.132811e-03 -2.458525e-03 -1.150337e-03)
3638          	(1.850560e+00 1.094932e+00 -4.699124e+02)	(1.849429e+00 1.097388e+00 -4.699112e+02)	(1.130988e-03 -2.455932e-03 -1.151914e-03)
3639          	(1.850515e+00 1.095011e+00 -4.699124e+02)	(1.849386e+00 1.097464e+00 -4.699112e+02)	(1.129310e-03 -2.453793e-03 -1.153771e-03)
3640          	(1.850554e+00 1.095230e+00 -4.699123e+02)	(1.849426e+00 1.097681e+00 -4.699112e+02)	(1.127647e-03 -2.451894e-03 -1.155831e-03)
3641          	(1.850377e+00 1.095364e+00 -4.699123e+02)	(1.849251e+00 1.097814e+00 -4.699112e+02)	(1.126054e-03 -2.450361e-03 -1.157976e-03)
3642          	(1.850162e+00 1.095536e+00 -4.699123e+02)	(1.849038e+00 1.097985e+00 -4.699111e+02)	(1.124477e-03 -2.449136e-03 -1.160126e-03)
3643          	(1.849915e+00 1.095745e+00 -4.699123e+02)	(1.848792e+00 1.098193e+00 -4.699111e+02)	(1.122846e-03 -2.448139e-03 -1.162196e-03)
3644          	(1.849650e+00 1.095982e+00 -4.699123e+02)	(1.848529e+00 1.098429e+00 -4.699111e+02)	(1.121120e-03 -2.447339e-03 -1.164116e-03)
3645          	(1.849361e+00 1.096239e+00 -4.699123e+02)	(1.848241e+00 1.098686e+00 -4.699111e+02)	(1.119274e-03 -2.446690e-03 -1.165829e-03)
3646          	(1.849039e+00 1.096502e+00 -4.699123e+02)	(1.847921e+00 1.098948e+00 -4.699111e+02)	(1.117274e-03 -2.446139e-03 -1.167290e-03)
3647          	(1.848679e+00 1.096755e+00 -4.699122e+02)	(1.847563e+00 1.099200e+00 -4.699111e+02)	(1.115139e-03 -2.445648e-03 -1.168456e-03)
3648          	(1.848280e+00 1.096981e+00 -4.699122e+02)	(1.847167e+00 1.099426e+00 -4.699110e+02)	(1.112900e-03 -2.445185e-03 -1.169293e-03)
3649          	(1.847849e+00 1.097170e+00 -4.699122e+02)	(1.846738e+00 1.099615e+00 -4.699110e+02)	(1.110615e-03 -2.444724e-03 -1.169781e-03)
3650          	(1.847397e+00 1.097315e+00 -4.699121e+02)	(1.846289e+00 1.099759e+00 -4.699110e+02)	(1.108339e-03 -2.444218e-03 -1.169914e-03)
3651          	(1.846945e+00 1.097415e+00 -4.699121e+02)	(1.845839e+00 1.099858e+00 -4.699109e+02)	(1.106139e-03 -2.443608e-03 -1.169701e-03)
3652          	(1.846514e+00 1.097476e+00 -4.699120e+02)	(1.845410e+00 1.099919e+00 -4.699108e+02)	(1.104057e-03 -2.442816e-03 -1.169166e-03)
3653          	(1.846128e+00 1.097509e+00 -4.699119e+02)	(1.845026e+00 1.099951e+00 -4.699108e+02)	(1.102136e-03 -2.441752e-03 -1.168332e-03)
3654          	(1.845808e+00 1.097524e+00 -4.699119e+02)	(1.844707e+00 1.099964e+00 -4.699107e+02)	(1.100387e-03 -2.440318e-03 -1.167223e-03)
3655          	(1.845569e+00 1.097528e+00 -4.699118e+02)	(1.844470e+00 1.099966e+00 -4.699106e+02)	(1.098824e-03 -2.438431e-03 -1.165864e-03)
3656          	(1.845401e+00 1.097525e+00 -4.699117e+02)	(1.844304e+00 1.099961e+00 -4.699106e+02)	(1.097412e-03 -2.435985e-03 -1.164264e-03)
3657          	(1.845317e+00 1.097518e+00 -4.699117e+02)	(1.844220e+00 1.099951e+00 -4.699105e+02)	(1.096131e-03 -2.432953e-03 -1.162443e-03)
3658          	(1.845318e+00 1.097511e+00 -4.699116e+02)	(1.844223e+00 1.099940e+00 -4.699105e+02)	(1.094942e-03 -2.429341e-03 -1.160431e-03)
3659          	(1.845408e+00 1.097503e+00 -4.699116e+02)	(1.844314e+00 1.099928e+00 -4.699104e+02)	(1.093835e-03 -2.425243e-03 -1.158267e-03)
3660          	(1.845590e+00 1.097489e+00 -4.699115e+02)	(1.844497e+00 1.099910e+00 -4.699104e+02)	(1.092819e-03 -2.420801e-03 -1.156004e-03)
3661          	(1.845872e+00 1.097474e+00 -4.699115e+02)	(1.844780e+00 1.099890e+00 -4.699103e+02)	(1.091919e-03 -2.416188e-03 -1.153710e-03)
3662          	(1.846288e+00 1.097473e+00 -4.699114e+02)	(1.845197e+00 1.099885e+00 -4.699103e+02)	(1.091171e-03 -2.411577e-03 -1.151470e-03)
3663          	(1.846844e+00 1.097504e+00 -4.699114e+02)	(1.845754e+00 1.099911e+00 -4.699103e+02)	(1.090586e-03 -2.407077e-03 -1.149381e-03)
3664          	(1.847636e+00 1.097635e+00 -4.699114e+02)	(1.846546e+00 1.100038e+00 -4.699103e+02)	(1.090129e-03 -2.402709e-03 -1.147535e-03)
3665          	(1.848658e+00 1.097885e+00 -4.699115e+02)	(1.847568e+00 1.100284e+00 -4.699103e+02)	(1.089739e-03 -2.398458e-03 -1.146016e-03)
3666          	(1.852702e+00 1.099789e+00 -4.699119e+02)	(1.851613e+00 1.102183e+00 -4.699108e+02)	(1.089608e-03 -2.394143e-03 -1.144925e-03)
3667          	(1.857211e+00 1.101995e+00 -4.699126e+02)	(1.856122e+00 1.104385e+00 -4.699114e+02)	(1.089525e-03 -2.389801e-03 -1.144342e-03)
3668          	(1.861178e+00 1.103988e+00 -4.699131e+02)	(1.860088e+00 1.106374e+00 -4.699120e+02)	(1.089171e-03 -2.385490e-03 -1.144256e-03)
3669          	(1.861837e+00 1.104233e+00 -4.699132e+02)	(1.860749e+00 1.106614e+00 -4.699120e+02)	(1.088255e-03 -2.381619e-03 -1.144640e-03)
3670          	(1.862356e+00 1.104428e+00 -4.699132e+02)	(1.861269e+00 1.106806e+00 -4.699121e+02)	(1.087093e-03 -2.378352e-03 -1.145466e-03)
3671          	(1.862756e+00 1.104581e+00 -4.699133e+02)	(1.861671e+00 1.106957e+00 -4.699122e+02)	(1.085862e-03 -2.375818e-03 -1.146716e-03)
3672          	(1.863053e+00 1.104701e+00 -4.699134e+02)	(1.861968e+00 1.107075e+00 -4.699123e+02)	(1.084697e-03 -2.374077e-03 -1.148317e-03)
3673          	(1.863804e+00 1.105058e+00 -4.699177e+02)	(1.862720e+00 1.107432e+00 -4.699166e+02)	(1.084537e-03 -2.374465e-03 -1.150075e-03)
3674          	(1.863759e+00 1.105087e+00 -4.699179e+02)	(1.862675e+00 1.107462e+00 -4.699167e+02)	(1.084204e-03 -2.374921e-03 -1.152109e-03)
3675          	(1.863534e+00 1.105082e+00 -4.699180e+02)	(1.862450e+00 1.107458e+00 -4.699168e+02)	(1.083296e-03 -2.375247e-03 -1.154161e-03)
3676          	(1.863166e+00 1.105075e+00 -4.699181e+02)	(1.862084e+00 1.107451e+00 -4.699169e+02)	(1.082052e-03 -2.375547e-03 -1.156198e-03)
3677          	(1.862562e+00 1.105001e+00 -4.699182e+02)	(1.861481e+00 1.107377e+00 -4.699171e+02)	(1.080610e-03 -2.375909e-03 -1.158160e-03)
3678          	(1.861772e+00 1.104879e+00 -4.699183e+02)	(1.860693e+00 1.107255e+00 -4.699172e+02)	(1.079052e-03 -2.376384e-03 -1.159996e-03)
3679          	(1.860640e+00 1.104594e+00 -4.699184e+02)	(1.859563e+00 1.106971e+00 -4.699173e+02)	(1.077457e-03 -2.377080e-03 -1.161656e-03)
3680          	(1.849793e+00 1.099184e+00 -4.699220e+02)	(1.848718e+00 1.101563e+00 -4.699208e+02)	(1.074635e-03 -2.378860e-03 -1.162910e-03)
3681          	(1.848594e+00 1.098854e+00 -4.699220e+02)	(1.847522e+00 1.101234e+00 -4.699209e+02)	(1.072707e-03 -2.380165e-03 -1.163978e-03)
3682          	(1.847749e+00 1.098691e+00 -4.699221e+02)	(1.846678e+00 1.101072e+00 -4.699209e+02)	(1.070869e-03 -2.381163e-03 -1.164770e-03)
3683          	(1.846916e+00 1.098489e+00 -4.699221e+02)	(1.845846e+00 1.100871e+00 -4.699209e+02)	(1.069250e-03 -2.381973e-03 -1.165215e-03)
3684          	(1.846108e+00 1.098247e+00 -4.699221e+02)	(1.845040e+00 1.100630e+00 -4.699209e+02)	(1.067982e-03 -2.382803e-03 -1.165288e-03)
3685          	(1.845357e+00 1.097974e+00 -4.699221e+02)	(1.844290e+00 1.100358e+00 -4.699209e+02)	(1.067170e-03 -2.383802e-03 -1.164990e-03)
3686          	(1.843221e+00 1.096718e+00 -4.699222e+02)	(1.842153e+00 1.099104e+00 -4.699211e+02)	(1.067281e-03 -2.385816e-03 -1.164287e-03)
3687          	(1.842955e+00 1.096595e+00 -4.699222e+02)	(1.841887e+00 1.098983e+00 -4.699211e+02)	(1.067863e-03 -2.387729e-03 -1.163295e-03)
3688          	(1.842866e+00 1.096514e+00 -4.699223e+02)	(1.841797e+00 1.098903e+00 -4.699211e+02)	(1.068645e-03 -2.389340e-03 -1.162051e-03)
3689          	(1.842939e+00 1.096451e+00 -4.699223e+02)	(1.841870e+00 1.098842e+00 -4.699211e+02)	(1.069699e-03 -2.390737e-03 -1.160567e-03)
3690          	(1.843176e+00 1.096432e+00 -4.699223e+02)	(1.842105e+00 1.098824e+00 -4.699212e+02)	(1.070929e-03 -2.391784e-03 -1.158872e-03)
3691          	(1.843545e+00 1.096445e+00 -4.699224e+02)	(1.842473e+00 1.098838e+00 -4.699212e+02)	(1.072251e-03 -2.392384e-03 -1.156990e-03)
3692          	(1.833446e+00 1.091309e+00 -4.699333e+02)	(1.832377e+00 1.093698e+00 -4.699321e+02)	(1.068912e-03 -2.388761e-03 -1.155029e-03)
3693          	(1.836662e+00 1.092567e+00 -4.699343e+02)	(1.835594e+00 1.094953e+00 -4.699332e+02)	(1.068033e-03 -2.386431e-03 -1.152644e-03)
3694          	(1.836889e+00 1.092359e+00 -4.699343e+02)	(1.835821e+00 1.094745e+00 -4.699332e+02)	(1.068878e-03 -2.385409e-03 -1.150409e-03)
3695          	(1.837173e+00 1.092132e+00 -4.699343e+02)	(1.836103e+00 1.094517e+00 -4.699332e+02)	(1.070421e-03 -2.384606e-03 -1.148229e-03)
3696          	(1.838226e+00 1.092066e+00 -4.699344e+02)	(1.837153e+00 1.094450e+00 -4.699333e+02)	(1.073180e-03 -2.384783e-03 -1.146162e-03)
3697          	(1.839842e+00 1.092308e+00 -4.699345e+02)	(1.838765e+00 1.094693e+00 -4.699334e+02)	(1.076649e-03 -2.385450e-03 -1.144316e-03)
3698          	(1.842393e+00 1.093078e+00 -4.699346e+02)	(1.841313e+00 1.095464e+00 -4.699335e+02)	(1.080320e-03 -2.386026e-03 -1.142765e-03)
3699          	(1.843778e+00 1.093385e+00 -4.699347e+02)	(1.842695e+00 1.095771e+00 -4.699335e+02)	(1.083229e-03 -2.385946e-03 -1.141541e-03)
3700          	(1.845081e+00 1.093687e+00 -4.699347e+02)	(1.843995e+00 1.096072e+00 -4.699335e+02)	(1.085378e-03 -2.385328e-03 -1.140680e-03)
3701          	(1.846336e+00 1.094001e+00 -4.699347e+02)	(1.845249e+00 1.096386e+00 -4.699336e+02)	(1.087014e-03 -2.384552e-03 -1.140213e-03)
3702          	(1.847371e+00 1.094233e+00 -4.699347e+02)	(1.846283e+00 1.096617e+00 -4.699336e+02)	(1.088314e-03 -2.383914e-03 -1.140156e-03)
3703          	(1.848410e+00 1.094495e+00 -4.699348e+02)	(1.847320e+00 1.096879e+00 -4.699337e+02)	(1.089474e-03 -2.383666e-03 -1.140517e-03)
3704          	(1.849112e+00 1.094601e+00 -4.699348e+02)	(1.848022e+00 1.096985e+00 -4.699337e+02)	(1.090602e-03 -2.384011e-03 -1.141275e-03)
3705          	(1.849999e+00 1.094838e+00 -4.699349e+02)	(1.848908e+00 1.097223e+00 -4.699337e+02)	(1.091816e-03 -2.384979e-03 -1.142425e-03)
3706          	(1.850918e+00 1.095138e+00 -4.699350e+02)	(1.849824e+00 1.097524e+00 -4.699338e+02)	(1.093107e-03 -2.386556e-03 -1.143936e-03)
3707          	(1.851630e+00 1.095385e+00 -4.699351e+02)	(1.850535e+00 1.097774e+00 -4.699339e+02)	(1.094470e-03 -2.388750e-03 -1.145736e-03)
3708          	(1.852014e+00 1.095541e+00 -4.699351e+02)	(1.850918e+00 1.097932e+00 -4.699340e+02)	(1.095791e-03 -2.391410e-03 -1.147744e-03)
3709          	(1.852238e+00 1.095677e+00 -4.699352e+02)	(1.851141e+00 1.098071e+00 -4.699340e+02)	(1.097029e-03 -2.394457e-03 -1.149889e-03)
3710          	(1.852299e+00 1.095791e+00 -4.699352e+02)	(1.851201e+00 1.098189e+00 -4.699341e+02)	(1.098121e-03 -2.397812e-03 -1.152096e-03)
3711          	(1.852194e+00 1.095892e+00 -4.699353e+02)	(1.851095e+00 1.098293e+00 -4.699341e+02)	(1.098977e-03 -2.401331e-03 -1.154288e-03)
3712          	(1.851933e+00 1.095955e+00 -4.699353e+02)	(1.850834e+00 1.098360e+00 -4.699341e+02)	(1.099578e-03 -2.404964e-03 -1.156387e-03)
3713          	(1.851500e+00 1.095955e+00 -4.699353e+02)	(1.850400e+00 1.098364e+00 -4.699342e+02)	(1.099945e-03 -2.408695e-03 -1.158319e-03)
3714          	(1.850866e+00 1.095861e+00 -4.699353e+02)	(1.849766e+00 1.098274e+00 -4.699342e+02)	(1.100103e-03 -2.412509e-03 -1.160029e-03)
3715          	(1.845593e+00 1.093269e+00 -4.699347e+02)	(1.844494e+00 1.095685e+00 -4.699335e+02)	(1.099523e-03 -2.416602e-03 -1.161420e-03)
3716          	(1.839748e+00 1.090353e+00 -4.699339e+02)	(1.838650e+00 1.092774e+00 -4.699327e+02)	(1.098454e-03 -2.420786e-03 -1.162418e-03)
3717          	(1.834074e+00 1.087470e+00 -4.699329e+02)	(1.832977e+00 1.089895e+00 -4.699317e+02)	(1.097291e-03 -2.425061e-03 -1.163027e-03)
3718          	(1.829049e+00 1.084851e+00 -4.699318e+02)	(1.827953e+00 1.087280e+00 -4.699306e+02)	(1.096423e-03 -2.429424e-03 -1.163245e-03)
3719          	(1.824988e+00 1.082680e+00 -4.699303e+02)	(1.823892e+00 1.085114e+00 -4.699292e+02)	(1.096102e-03 -2.433753e-03 -1.163086e-03)
3720          	(1.824214e+00 1.081894e+00 -4.699272e+02)	(1.823116e+00 1.084333e+00 -4.699260e+02)	(1.097986e-03 -2.439287e-03 -1.162527e-03)
3721          	(1.824347e+00 1.081825e+00 -4.699271e+02)	(1.823246e+00 1.084270e+00 -4.699259e+02)	(1.100700e-03 -2.444512e-03 -1.161705e-03)
3722          	(1.825038e+00 1.082080e+00 -4.699269e+02)	(1.823935e+00 1.084529e+00 -4.699258e+02)	(1.103494e-03 -2.448817e-03 -1.160636e-03)
3723          	(1.825354e+00 1.082185e+00 -4.699269e+02)	(1.824248e+00 1.084638e+00 -4.699257e+02)	(1.106100e-03 -2.452116e-03 -1.159350e-03)
3724          	(1.825796e+00 1.082360e+00 -4.699268e+02)	(1.824688e+00 1.084814e+00 -4.699256e+02)	(1.108453e-03 -2.454415e-03 -1.157864e-03)
3725          	(1.826342e+00 1.082579e+00 -4.699267e+02)	(1.825232e+00 1.085035e+00 -4.699255e+02)	(1.110544e-03 -2.455809e-03 -1.156223e-03)
3726          	(1.826979e+00 1.082820e+00 -4.699266e+02)	(1.825867e+00 1.085276e+00 -4.699254e+02)	(1.112411e-03 -2.456418e-03 -1.154473e-03)
3727          	(1.827704e+00 1.083068e+00 -4.699265e+02)	(1.826590e+00 1.085524e+00 -4.699253e+02)	(1.114130e-03 -2.456392e-03 -1.152670e-03)
3728          	(1.828514e+00 1.083315e+00 -4.699264e+02)	(1.827399e+00 1.085771e+00 -4.699252e+02)	(1.115769e-03 -2.455878e-03 -1.150872e-03)
3729          	(1.844460e+00 1.090794e+00 -4.699203e+02)	(1.843337e+00 1.093252e+00 -4.699191e+02)	(1.122714e-03 -2.458173e-03 -1.149205e-03)
3730          	(1.845825e+00 1.091394e+00 -4.699202e+02)	(1.844697e+00 1.093853e+00 -4.699190e+02)	(1.127866e-03 -2.459683e-03 -1.147761e-03)
3731          	(1.847269e+00 1.092019e+00 -4.699201e+02)	(1.846138e+00 1.094479e+00 -4.699190e+02)	(1.131058e-03 -2.459616e-03 -1.146426e-03)
3732          	(1.848688e+00 1.092595e+00 -4.699200e+02)	(1.847555e+00 1.095054e+00 -4.699189e+02)	(1.133130e-03 -2.459100e-03 -1.145251e-03)
3733          	(1.850972e+00 1.093671e+00 -4.699199e+02)	(1.849838e+00 1.096129e+00 -4.699187e+02)	(1.134265e-03 -2.458093e-03 -1.144287e-03)
3734          	(1.851936e+00 1.093929e+00 -4.699198e+02)	(1.850801e+00 1.096386e+00 -4.699187e+02)	(1.134873e-03 -2.457297e-03 -1.143569e-03)
3735          	(1.852846e+00 1.094153e+00 -4.699198e+02)	(1.851711e+00 1.096610e+00 -4.699186e+02)	(1.135253e-03 -2.456828e-03 -1.143165e-03)
3736          	(1.853423e+00 1.094189e+00 -4.699198e+02)	(1.852287e+00 1.096646e+00 -4.699186e+02)	(1.135533e-03 -2.456768e-03 -1.143125e-03)
3737          	(1.853714e+00 1.094081e+00 -4.699198e+02)	(1.852578e+00 1.096538e+00 -4.699186e+02)	(1.135863e-03 -2.457190e-03 -1.143484e-03)
3738          	(1.853755e+00 1.093862e+00 -4.699198e+02)	(1.852619e+00 1.096321e+00 -4.699187e+02)	(1.136332e-03 -2.458141e-03 -1.144254e-03)
3739          	(1.853581e+00 1.093575e+00 -4.699199e+02)	(1.852444e+00 1.096035e+00 -4.699187e+02)	(1.136968e-03 -2.459600e-03 -1.145427e-03)
3740          	(1.853256e+00 1.093275e+00 -4.699199e+02)	(1.852118e+00 1.095737e+00 -4.699188e+02)	(1.137729e-03 -2.461494e-03 -1.146970e-03)
3741          	(1.852821e+00 1.092990e+00 -4.699200e+02)	(1.851682e+00 1.095454e+00 -4.699188e+02)	(1.138582e-03 -2.463774e-03 -1.148817e-03)
3742          	(1.852294e+00 1.092738e+00 -4.699200e+02)	(1.851155e+00 1.095204e+00 -4.699189e+02)	(1.139446e-03 -2.466365e-03 -1.150887e-03)
3743          	(1.851683e+00 1.092522e+00 -4.699201e+02)	(1.850543e+00 1.094992e+00 -4.699190e+02)	(1.140251e-03 -2.469199e-03 -1.153090e-03)
3744          	(1.850995e+00 1.092341e+00 -4.699202e+02)	(1.849854e+00 1.094813e+00 -4.699190e+02)	(1.140915e-03 -2.472200e-03 -1.155327e-03)
3745          	(1.850235e+00 1.092187e+00 -4.699202e+02)	(1.849094e+00 1.094663e+00 -4.699191e+02)	(1.141382e-03 -2.475298e-03 -1.157510e-03)
3746          	(1.849405e+00 1.092048e+00 -4.699203e+02)	(1.848263e+00 1.094526e+00 -4.699191e+02)	(1.141601e-03 -2.478430e-03 -1.159564e-03)
3747          	(1.846760e+00 1.090926e+00 -4.699204e+02)	(1.845618e+00 1.093407e+00 -4.699192e+02)	(1.141486e-03 -2.481803e-03 -1.161403e-03)
3748          	(1.841152e+00 1.088397e+00 -4.699209e+02)	(1.840012e+00 1.090882e+00 -4.699198e+02)	(1.140087e-03 -2.484709e-03 -1.162957e-03)
3749          	(1.838865e+00 1.087452e+00 -4.699210e+02)	(1.837726e+00 1.089940e+00 -4.699199e+02)	(1.139004e-03 -2.487790e-03 -1.164188e-03)
3750          	(1.831558e+00 1.084059e+00 -4.699229e+02)	(1.830422e+00 1.086549e+00 -4.699218e+02)	(1.136577e-03 -2.490273e-03 -1.165088e-03)
3751          	(1.828369e+00 1.082657e+00 -4.699252e+02)	(1.827234e+00 1.085149e+00 -4.699241e+02)	(1.134450e-03 -2.492535e-03 -1.165575e-03)
3752          	(1.827383e+00 1.082205e+00 -4.699254e+02)	(1.826249e+00 1.084700e+00 -4.699242e+02)	(1.133801e-03 -2.495584e-03 -1.165753e-03)
3753          	(1.828777e+00 1.083007e+00 -4.699265e+02)	(1.827643e+00 1.085506e+00 -4.699253e+02)	(1.134637e-03 -2.499001e-03 -1.165674e-03)
3754          	(1.830475e+00 1.083935e+00 -4.699274e+02)	(1.829338e+00 1.086437e+00 -4.699262e+02)	(1.136467e-03 -2.502550e-03 -1.165369e-03)
3755          	(1.832492e+00 1.085223e+00 -4.699288e+02)	(1.831354e+00 1.087728e+00 -4.699276e+02)	(1.138281e-03 -2.505151e-03 -1.164882e-03)
3756          	(1.834268e+00 1.086402e+00 -4.699301e+02)	(1.833128e+00 1.088909e+00 -4.699290e+02)	(1.139700e-03 -2.506661e-03 -1.164199e-03)
3757          	(1.834562e+00 1.086725e+00 -4.699301e+02)	(1.833421e+00 1.089232e+00 -4.699289e+02)	(1.140653e-03 -2.507403e-03 -1.163315e-03)
3758          	(1.834912e+00 1.087047e+00 -4.699300e+02)	(1.833771e+00 1.089555e+00 -4.699289e+02)	(1.141258e-03 -2.507424e-03 -1.162216e-03)
3759          	(1.835305e+00 1.087345e+00 -4.699300e+02)	(1.834163e+00 1.089852e+00 -4.699288e+02)	(1.141614e-03 -2.506830e-03 -1.160921e-03)
3760          	(1.835734e+00 1.087601e+00 -4.699299e+02)	(1.834592e+00 1.090107e+00 -4.699288e+02)	(1.141839e-03 -2.505751e-03 -1.159439e-03)
3761          	(1.836185e+00 1.087808e+00 -4.699299e+02)	(1.835043e+00 1.090312e+00 -4.699287e+02)	(1.142028e-03 -2.504285e-03 -1.157792e-03)
3762          	(1.836661e+00 1.087967e+00 -4.699299e+02)	(1.835519e+00 1.090469e+00 -4.699287e+02)	(1.142242e-03 -2.502533e-03 -1.156017e-03)
3763          	(1.837169e+00 1.088085e+00 -4.699298e+02)	(1.836027e+00 1.090585e+00 -4.699287e+02)	(1.142536e-03 -2.500600e-03 -1.154161e-03)
3764          	(1.837717e+00 1.088173e+00 -4.699298e+02)	(1.836575e+00 1.090672e+00 -4.699287e+02)	(1.142918e-03 -2.498561e-03 -1.152289e-03)
3765          	(1.838309e+00 1.088241e+00 -4.699299e+02)	(1.837166e+00 1.090738e+00 -4.699287e+02)	(1.143393e-03 -2.496483e-03 -1.150475e-03)
3766          	(1.838945e+00 1.088310e+00 -4.699299e+02)	(1.837801e+00 1.090804e+00 -4.699287e+02)	(1.143895e-03 -2.494375e-03 -1.148807e-03)
3767          	(1.839618e+00 1.088395e+00 -4.699299e+02)	(1.838474e+00 1.090887e+00 -4.699288e+02)	(1.144352e-03 -2.492225e-03 -1.147369e-03)
3768          	(1.840317e+00 1.088508e+00 -4.699300e+02)	(1.839172e+00 1.090998e+00 -4.699288e+02)	(1.144683e-03 -2.490028e-03 -1.146245e-03)
3769          	(1.841333e+00 1.088879e+00 -4.699301e+02)	(1.840188e+00 1.091366e+00 -4.699289e+02)	(1.144650e-03 -2.487503e-03 -1.145515e-03)
3770          	(1.842303e+00 1.089299e+00 -4.699302e+02)	(1.841159e+00 1.091784e+00 -4.699290e+02)	(1.144089e-03 -2.484590e-03 -1.145220e-03)
3771          	(1.843010e+00 1.089618e+00 -4.699302e+02)	(1.841867e+00 1.092100e+00 -4.699291e+02)	(1.143085e-03 -2.481489e-03 -1.145386e-03)
3772          	(1.843421e+00 1.089814e+00 -4.699302e+02)	(1.842279e+00 1.092293e+00 -4.699291e+02)	(1.141759e-03 -2.478411e-03 -1.146019e-03)
3773          	(1.842436e+00 1.089228e+00 -4.699287e+02)	(1.841295e+00 1.091704e+00 -4.699276e+02)	(1.140254e-03 -2.475781e-03 -1.147080e-03)
3774          	(1.842397e+00 1.089073e+00 -4.699261e+02)	(1.841258e+00 1.091547e+00 -4.699249e+02)	(1.139412e-03 -2.474065e-03 -1.148557e-03)
3775          	(1.842258e+00 1.088977e+00 -4.699260e+02)	(1.841120e+00 1.091450e+00 -4.699249e+02)	(1.138924e-03 -2.473099e-03 -1.150315e-03)
3776          	(1.842131e+00 1.088948e+00 -4.699260e+02)	(1.840992e+00 1.091421e+00 -4.699249e+02)	(1.138566e-03 -2.472624e-03 -1.152282e-03)
3777          	(1.845745e+00 1.090719e+00 -4.699217e+02)	(1.844606e+00 1.093193e+00 -4.699205e+02)	(1.139811e-03 -2.473436e-03 -1.154456e-03)
3778          	(1.845863e+00 1.090975e+00 -4.699217e+02)	(1.844722e+00 1.093450e+00 -4.699205e+02)	(1.140573e-03 -2.474410e-03 -1.156640e-03)
3779          	(1.846036e+00 1.091337e+00 -4.699217e+02)	(1.844895e+00 1.093812e+00 -4.699205e+02)	(1.140643e-03 -2.475126e-03 -1.158751e-03)
3780          	(1.846288e+00 1.091833e+00 -4.699217e+02)	(1.845148e+00 1.094308e+00 -4.699205e+02)	(1.140041e-03 -2.475600e-03 -1.160752e-03)
3781          	(1.850790e+00 1.094576e+00 -4.699181e+02)	(1.849650e+00 1.097053e+00 -4.699169e+02)	(1.140046e-03 -2.476498e-03 -1.162634e-03)
3782          	(1.848382e+00 1.093831e+00 -4.699170e+02)	(1.847243e+00 1.096307e+00 -4.699158e+02)	(1.138347e-03 -2.476594e-03 -1.164370e-03)
3783          	(1.846163e+00 1.093134e+00 -4.699162e+02)	(1.845027e+00 1.095610e+00 -4.699150e+02)	(1.135546e-03 -2.476127e-03 -1.165782e-03)
3784          	(1.845887e+00 1.093318e+00 -4.699162e+02)	(1.844754e+00 1.095794e+00 -4.699150e+02)	(1.133001e-03 -2.476005e-03 -1.166906e-03)
3785          	(1.845512e+00 1.093429e+00 -4.699162e+02)	(1.844382e+00 1.095905e+00 -4.699150e+02)	(1.130793e-03 -2.476232e-03 -1.167762e-03)
3786          	(1.845059e+00 1.093484e+00 -4.699162e+02)	(1.843930e+00 1.095960e+00 -4.699150e+02)	(1.128867e-03 -2.476614e-03 -1.168327e-03)
3787          	(1.844607e+00 1.093516e+00 -4.699162e+02)	(1.843480e+00 1.095993e+00 -4.699150e+02)	(1.127222e-03 -2.477075e-03 -1.168595e-03)
3788          	(1.844163e+00 1.093533e+00 -4.699162e+02)	(1.843037e+00 1.096011e+00 -4.699150e+02)	(1.125818e-03 -2.477507e-03 -1.168566e-03)
3789          	(1.843563e+00 1.093481e+00 -4.699161e+02)	(1.842438e+00 1.095958e+00 -4.699149e+02)	(1.124463e-03 -2.477637e-03 -1.168239e-03)
3790          	(1.843010e+00 1.093414e+00 -4.699161e+02)	(1.841886e+00 1.095891e+00 -4.699149e+02)	(1.123180e-03 -2.477431e-03 -1.167623e-03)
3791          	(1.842529e+00 1.093337e+00 -4.699160e+02)	(1.841407e+00 1.095814e+00 -4.699148e+02)	(1.122015e-03 -2.476866e-03 -1.166728e-03)
3792          	(1.842136e+00 1.093258e+00 -4.699160e+02)	(1.841015e+00 1.095734e+00 -4.699148e+02)	(1.120984e-03 -2.475883e-03 -1.165581e-03)
3793          	(1.841843e+00 1.093184e+00 -4.699159e+02)	(1.840723e+00 1.095658e+00 -4.699148e+02)	(1.120094e-03 -2.474430e-03 -1.164199e-03)
3794          	(1.841642e+00 1.093121e+00 -4.699159e+02)	(1.840523e+00 1.095593e+00 -4.699147e+02)	(1.119297e-03 -2.472464e-03 -1.162606e-03)
3795          	(1.841527e+00 1.093073e+00 -4.699158e+02)	(1.840408e+00 1.095543e+00 -4.699147e+02)	(1.118564e-03 -2.469983e-03 -1.160842e-03)
3796          	(1.841519e+00 1.093048e+00 -4.699158e+02)	(1.840401e+00 1.095515e+00 -4.699147e+02)	(1.117874e-03 -2.467048e-03 -1.158955e-03)
3797          	(1.841631e+00 1.093050e+00 -4.699158e+02)	(1.840514e+00 1.095514e+00 -4.699146e+02)	(1.117233e-03 -2.463757e-03 -1.156998e-03)
3798          	(1.841850e+00 1.093078e+00 -4.699158e+02)	(1.840734e+00 1.095539e+00 -4.699146e+02)	(1.116623e-03 -2.460197e-03 -1.155032e-03)
3799          	(1.842212e+00 1.093141e+00 -4.699158e+02)	(1.841096e+00 1.095598e+00 -4.699146e+02)	(1.116060e-03 -2.456484e-03 -1.153121e-03)
3800          	(1.842718e+00 1.093253e+00 -4.699158e+02)	(1.841603e+00 1.095706e+00 -4.699146e+02)	(1.115525e-03 -2.452683e-03 -1.151333e-03)
3801          	(1.843367e+00 1.093416e+00 -4.699158e+02)	(1.842252e+00 1.095865e+00 -4.699147e+02)	(1.115021e-03 -2.448855e-03 -1.149738e-03)
3802          	(1.844068e+00 1.093607e+00 -4.699158e+02)	(1.842953e+00 1.096052e+00 -4.699147e+02)	(1.114464e-03 -2.444986e-03 -1.148401e-03)
3803          	(1.844873e+00 1.093866e+00 -4.699159e+02)	(1.843760e+00 1.096307e+00 -4.699147e+02)	(1.113803e-03 -2.441061e-03 -1.147371e-03)
3804          	(1.846838e+00 1.094920e+00 -4.699160e+02)	(1.845725e+00 1.097357e+00 -4.699149e+02)	(1.112639e-03 -2.436412e-03 -1.146733e-03)
3805          	(1.848083e+00 1.095542e+00 -4.699161e+02)	(1.846972e+00 1.097974e+00 -4.699150e+02)	(1.111142e-03 -2.431601e-03 -1.146468e-03)
3806          	(1.849226e+00 1.096146e+00 -4.699162e+02)	(1.848116e+00 1.098573e+00 -4.699151e+02)	(1.109427e-03 -2.426829e-03 -1.146590e-03)
3807          	(1.850223e+00 1.096703e+00 -4.699163e+02)	(1.849115e+00 1.099125e+00 -4.699151e+02)	(1.107544e-03 -2.422207e-03 -1.147097e-03)
3808          	(1.850908e+00 1.097093e+00 -4.699163e+02)	(1.849802e+00 1.099511e+00 -4.699152e+02)	(1.105641e-03 -2.418010e-03 -1.147960e-03)
3809          	(1.851499e+00 1.097465e+00 -4.699164e+02)	(1.850395e+00 1.099879e+00 -4.699152e+02)	(1.103769e-03 -2.414284e-03 -1.149149e-03)
3810          	(1.851946e+00 1.097802e+00 -4.699164e+02)	(1.850844e+00 1.100213e+00 -4.699152e+02)	(1.101907e-03 -2.411009e-03 -1.150618e-03)
3811          	(1.852284e+00 1.098123e+00 -4.699164e+02)	(1.851184e+00 1.100531e+00 -4.699153e+02)	(1.100043e-03 -2.408161e-03 -1.152301e-03)
3812          	(1.852514e+00 1.098431e+00 -4.699164e+02)	(1.851416e+00 1.100837e+00 -4.699153e+02)	(1.098153e-03 -2.405703e-03 -1.154124e-03)
3813          	(1.852635e+00 1.098727e+00 -4.699164e+02)	(1.851539e+00 1.101131e+00 -4.699153e+02)	(1.096218e-03 -2.403593e-03 -1.156013e-03)
3814          	(1.852646e+00 1.099006e+00 -4.699164e+02)	(1.851552e+00 1.101408e+00 -4.699153e+02)	(1.094210e-03 -2.401788e-03 -1.157887e-03)
3815          	(1.852555e+00 1.099265e+00 -4.699164e+02)	(1.851463e+00 1.101665e+00 -4.699152e+02)	(1.092115e-03 -2.400239e-03 -1.159673e-03)
3816          	(1.852372e+00 1.099502e+00 -4.699163e+02)	(1.851282e+00 1.101901e+00 -4.699152e+02)	(1.089911e-03 -2.398887e-03 -1.161315e-03)
3817          	(1.852083e+00 1.099710e+00 -4.699163e+02)	(1.850995e+00 1.102107e+00 -4.699151e+02)	(1.087556e-03 -2.397636e-03 -1.162769e-03)
3818          	(1.851699e+00 1.099879e+00 -4.699162e+02)	(1.850614e+00 1.102276e+00 -4.699150e+02)	(1.085053e-03 -2.396437e-03 -1.163989e-03)
3819          	(1.851242e+00 1.100009e+00 -4.699161e+02)	(1.850159e+00 1.102404e+00 -4.699149e+02)	(1.082447e-03 -2.395271e-03 -1.164936e-03)
3820          	(1.856624e+00 1.102980e+00 -4.699112e+02)	(1.855541e+00 1.105375e+00 -4.699100e+02)	(1.082057e-03 -2.395607e-03 -1.165627e-03)
3821          	(1.853836e+00 1.101968e+00 -4.699098e+02)	(1.852756e+00 1.104364e+00 -4.699086e+02)	(1.080332e-03 -2.395256e-03 -1.166050e-03)
3822          	(1.853609e+00 1.102121e+00 -4.699097e+02)	(1.852530e+00 1.104516e+00 -4.699085e+02)	(1.078277e-03 -2.394491e-03 -1.166046e-03)
3823          	(1.853420e+00 1.102251e+00 -4.699096e+02)	(1.852344e+00 1.104645e+00 -4.699085e+02)	(1.076317e-03 -2.393783e-03 -1.165725e-03)
3824          	(1.853262e+00 1.102357e+00 -4.699096e+02)	(1.852187e+00 1.104750e+00 -4.699084e+02)	(1.074454e-03 -2.392968e-03 -1.165081e-03)
3825          	(1.853124e+00 1.102436e+00 -4.699095e+02)	(1.852051e+00 1.104828e+00 -4.699083e+02)	(1.072753e-03 -2.392019e-03 -1.164144e-03)
3826          	(1.852051e+00 1.102106e+00 -4.699092e+02)	(1.850980e+00 1.104496e+00 -4.699080e+02)	(1.070589e-03 -2.390375e-03 -1.162938e-03)
3827          	(1.851687e+00 1.101968e+00 -4.699091e+02)	(1.850618e+00 1.104356e+00 -4.699080e+02)	(1.068772e-03 -2.388563e-03 -1.161501e-03)
3828          	(1.851372e+00 1.101794e+00 -4.699090e+02)	(1.850305e+00 1.104181e+00 -4.699079e+02)	(1.067447e-03 -2.386659e-03 -1.159886e-03)
3829          	(1.851093e+00 1.101594e+00 -4.699090e+02)	(1.850026e+00 1.103979e+00 -4.699078e+02)	(1.066438e-03 -2.384425e-03 -1.158127e-03)
3830          	(1.850868e+00 1.101387e+00 -4.699089e+02)	(1.849802e+00 1.103769e+00 -4.699077e+02)	(1.065598e-03 -2.381748e-03 -1.156252e-03)
3831          	(1.850704e+00 1.101178e+00 -4.699088e+02)	(1.849639e+00 1.103556e+00 -4.699076e+02)	(1.064831e-03 -2.378626e-03 -1.154300e-03)
3832          	(1.850603e+00 1.100966e+00 -4.699087e+02)	(1.849538e+00 1.103341e+00 -4.699075e+02)	(1.064086e-03 -2.375153e-03 -1.152305e-03)
3833          	(1.850537e+00 1.100741e+00 -4.699086e+02)	(1.849474e+00 1.103112e+00 -4.699075e+02)	(1.063355e-03 -2.371458e-03 -1.150320e-03)
3834          	(1.850581e+00 1.100537e+00 -4.699085e+02)	(1.849518e+00 1.102905e+00 -4.699074e+02)	(1.062680e-03 -2.367710e-03 -1.148411e-03)
3835          	(1.850742e+00 1.100357e+00 -4.699085e+02)	(1.849680e+00 1.102721e+00 -4.699073e+02)	(1.062125e-03 -2.364079e-03 -1.146653e-03)
3836          	(1.851021e+00 1.100216e+00 -4.699084e+02)	(1.849960e+00 1.102577e+00 -4.699073e+02)	(1.061722e-03 -2.360661e-03 -1.145115e-03)
3837          	(1.851424e+00 1.100132e+00 -4.699084e+02)	(1.850363e+00 1.102489e+00 -4.699072e+02)	(1.061451e-03 -2.357485e-03 -1.143868e-03)
3838          	(1.851954e+00 1.100122e+00 -4.699084e+02)	(1.850893e+00 1.102477e+00 -4.699072e+02)	(1.061259e-03 -2.354550e-03 -1.142962e-03)
3839          	(1.852586e+00 1.100193e+00 -4.699084e+02)	(1.851525e+00 1.102545e+00 -4.699073e+02)	(1.061104e-03 -2.351865e-03 -1.142436e-03)
3840          	(1.853302e+00 1.100343e+00 -4.699084e+02)	(1.852241e+00 1.102692e+00 -4.699073e+02)	(1.060968e-03 -2.349470e-03 -1.142299e-03)
3841          	(1.856424e+00 1.101846e+00 -4.699086e+02)	(1.855363e+00 1.104193e+00 -4.699075e+02)	(1.061091e-03 -2.347219e-03 -1.142595e-03)
3842          	(1.859994e+00 1.103621e+00 -4.699089e+02)	(1.858933e+00 1.105966e+00 -4.699078e+02)	(1.061441e-03 -2.345302e-03 -1.143311e-03)
3843          	(1.863251e+00 1.105257e+00 -4.699092e+02)	(1.862189e+00 1.107601e+00 -4.699080e+02)	(1.061973e-03 -2.343905e-03 -1.144409e-03)
3844          	(1.863817e+00 1.105533e+00 -4.699092e+02)	(1.862754e+00 1.107876e+00 -4.699081e+02)	(1.062123e-03 -2.343066e-03 -1.145789e-03)
3845          	(1.866928e+00 1.107054e+00 -4.699096e+02)	(1.865865e+00 1.109397e+00 -4.699085e+02)	(1.062962e-03 -2.343319e-03 -1.147428e-03)
3846          	(1.870179e+00 1.108728e+00 -4.699104e+02)	(1.869115e+00 1.111072e+00 -4.699093e+02)	(1.064240e-03 -2.344590e-03 -1.149289e-03)
3847          	(1.873188e+00 1.110513e+00 -4.699120e+02)	(1.872123e+00 1.112859e+00 -4.699109e+02)	(1.065004e-03 -2.345835e-03 -1.151314e-03)
3848          	(1.873480e+00 1.111035e+00 -4.699149e+02)	(1.872416e+00 1.113381e+00 -4.699138e+02)	(1.064333e-03 -2.346576e-03 -1.153368e-03)
3849          	(1.868437e+00 1.108624e+00 -4.699200e+02)	(1.867374e+00 1.110973e+00 -4.699188e+02)	(1.062805e-03 -2.348566e-03 -1.155130e-03)
3850          	(1.859802e+00 1.104568e+00 -4.699235e+02)	(1.858743e+00 1.106917e+00 -4.699224e+02)	(1.059161e-03 -2.349375e-03 -1.156750e-03)
3851          	(1.857992e+00 1.103780e+00 -4.699236e+02)	(1.856936e+00 1.106130e+00 -4.699224e+02)	(1.055974e-03 -2.350220e-03 -1.158075e-03)
3852          	(1.856277e+00 1.103034e+00 -4.699236e+02)	(1.855223e+00 1.105385e+00 -4.699224e+02)	(1.053538e-03 -2.351499e-03 -1.159194e-03)
3853          	(1.854351e+00 1.102144e+00 -4.699236e+02)	(1.853300e+00 1.104497e+00 -4.699225e+02)	(1.051663e-03 -2.352949e-03 -1.160034e-03)
3854          	(1.852315e+00 1.101156e+00 -4.699237e+02)	(1.851265e+00 1.103511e+00 -4.699225e+02)	(1.050428e-03 -2.354692e-03 -1.160562e-03)
3855          	(1.850302e+00 1.100132e+00 -4.699238e+02)	(1.849253e+00 1.102489e+00 -4.699227e+02)	(1.049890e-03 -2.356831e-03 -1.160770e-03)
3856          	(1.849530e+00 1.099826e+00 -4.699239e+02)	(1.848480e+00 1.102185e+00 -4.699227e+02)	(1.049852e-03 -2.358956e-03 -1.160678e-03)
3857          	(1.848929e+00 1.099570e+00 -4.699239e+02)	(1.847879e+00 1.101931e+00 -4.699227e+02)	(1.050205e-03 -2.361077e-03 -1.160297e-03)
3858          	(1.848500e+00 1.099360e+00 -4.699240e+02)	(1.847449e+00 1.101723e+00 -4.699228e+02)	(1.050893e-03 -2.363207e-03 -1.159642e-03)
3859          	(1.848149e+00 1.099132e+00 -4.699240e+02)	(1.847097e+00 1.101497e+00 -4.699229e+02)	(1.051865e-03 -2.365368e-03 -1.158732e-03)
3860          	(1.840415e+00 1.094624e+00 -4.699323e+02)	(1.839363e+00 1.096992e+00 -4.699311e+02)	(1.052197e-03 -2.368062e-03 -1.157555e-03)
3861          	(1.840544e+00 1.094668e+00 -4.699323e+02)	(1.839491e+00 1.097038e+00 -4.699311e+02)	(1.053115e-03 -2.370071e-03 -1.156107e-03)
3862          	(1.840772e+00 1.094737e+00 -4.699323e+02)	(1.839718e+00 1.097108e+00 -4.699311e+02)	(1.054074e-03 -2.371366e-03 -1.154537e-03)
3863          	(1.841061e+00 1.094798e+00 -4.699323e+02)	(1.840006e+00 1.097170e+00 -4.699311e+02)	(1.055082e-03 -2.372074e-03 -1.152837e-03)
3864          	(1.841366e+00 1.094813e+00 -4.699323e+02)	(1.840310e+00 1.097186e+00 -4.699311e+02)	(1.056086e-03 -2.372269e-03 -1.151032e-03)
3865          	(1.841694e+00 1.094771e+00 -4.699323e+02)	(1.840637e+00 1.097143e+00 -4.699311e+02)	(1.057127e-03 -2.372097e-03 -1.149158e-03)
3866          	(1.842047e+00 1.094669e+00 -4.699323e+02)	(1.840989e+00 1.097041e+00 -4.699311e+02)	(1.058274e-03 -2.371714e-03 -1.147257e-03)
3867          	(1.842438e+00 1.094523e+00 -4.699323e+02)	(1.841379e+00 1.096894e+00 -4.699311e+02)	(1.059588e-03 -2.371222e-03 -1.145402e-03)
3868          	(1.842929e+00 1.094367e+00 -4.699323e+02)	(1.841868e+00 1.096738e+00 -4.699311e+02)	(1.061157e-03 -2.370763e-03 -1.143656e-03)
3869          	(1.843483e+00 1.094231e+00 -4.699323e+02)	(1.842421e+00 1.096601e+00 -4.699311e+02)	(1.062915e-03 -2.370323e-03 -1.142102e-03)
3870          	(1.844044e+00 1.094112e+00 -4.699323e+02)	(1.842979e+00 1.096482e+00 -4.699312e+02)	(1.064729e-03 -2.369851e-03 -1.140794e-03)
3871          	(1.844646e+00 1.094017e+00 -4.699323e+02)	(1.843580e+00 1.096386e+00 -4.699312e+02)	(1.066569e-03 -2.369459e-03 -1.139776e-03)
3872          	(1.845209e+00 1.093920e+00 -4.699324e+02)	(1.844141e+00 1.096289e+00 -4.699312e+02)	(1.068373e-03 -2.369235e-03 -1.139073e-03)
3873          	(1.845888e+00 1.093877e+00 -4.699324e+02)	(1.844818e+00 1.096246e+00 -4.699313e+02)	(1.070204e-03 -2.369357e-03 -1.138713e-03)
3874          	(1.846559e+00 1.093857e+00 -4.699325e+02)	(1.845487e+00 1.096227e+00 -4.699313e+02)	(1.072018e-03 -2.369883e-03 -1.138702e-03)
3875          	(1.847193e+00 1.093857e+00 -4.699325e+02)	(1.846119e+00 1.096228e+00 -4.699314e+02)	(1.073769e-03 -2.370842e-03 -1.139057e-03)
3876          	(1.847759e+00 1.093872e+00 -4.699326e+02)	(1.846683e+00 1.096245e+00 -4.699314e+02)	(1.075430e-03 -2.372241e-03 -1.139762e-03)
3877          	(1.848240e+00 1.093901e+00 -4.699326e+02)	(1.847163e+00 1.096275e+00 -4.699315e+02)	(1.076983e-03 -2.374057e-03 -1.140800e-03)
3878          	(1.848581e+00 1.093924e+00 -4.699327e+02)	(1.847503e+00 1.096300e+00 -4.699315e+02)	(1.078394e-03 -2.376236e-03 -1.142141e-03)
3879          	(1.848826e+00 1.093962e+00 -4.699327e+02)	(1.847747e+00 1.096341e+00 -4.699316e+02)	(1.079666e-03 -2.378732e-03 -1.143753e-03)
3880          	(1.848960e+00 1.094012e+00 -4.699327e+02)	(1.847879e+00 1.096393e+00 -4.699316e+02)	(1.080788e-03 -2.381498e-03 -1.145568e-03)
3881          	(1.848975e+00 1.094066e+00 -4.699328e+02)	(1.847894e+00 1.096450e+00 -4.699316e+02)	(1.081759e-03 -2.384474e-03 -1.147523e-03)
3882          	(1.848871e+00 1.094117e+00 -4.699328e+02)	(1.847788e+00 1.096505e+00 -4.699316e+02)	(1.082571e-03 -2.387611e-03 -1.149542e-03)
3883          	(1.848645e+00 1.094156e+00 -4.699328e+02)	(1.847562e+00 1.096547e+00 -4.699316e+02)	(1.083219e-03 -2.390857e-03 -1.151551e-03)
3884          	(1.848290e+00 1.094166e+00 -4.699328e+02)	(1.847206e+00 1.096560e+00 -4.699316e+02)	(1.083687e-03 -2.394165e-03 -1.153474e-03)
3885          	(1.847796e+00 1.094125e+00 -4.699327e+02)	(1.846712e+00 1.096523e+00 -4.699316e+02)	(1.083984e-03 -2.397526e-03 -1.155248e-03)
3886          	(1.847166e+00 1.094020e+00 -4.699327e+02)	(1.846082e+00 1.096420e+00 -4.699315e+02)	(1.084125e-03 -2.400918e-03 -1.156797e-03)
3887          	(1.840810e+00 1.090885e+00 -4.699304e+02)	(1.839726e+00 1.093289e+00 -4.699293e+02)	(1.083199e-03 -2.404296e-03 -1.158030e-03)
3888          	(1.844458e+00 1.092341e+00 -4.699240e+02)	(1.843372e+00 1.094752e+00 -4.699229e+02)	(1.085948e-03 -2.410413e-03 -1.158898e-03)
3889          	(1.840220e+00 1.090255e+00 -4.699221e+02)	(1.839132e+00 1.092671e+00 -4.699209e+02)	(1.087742e-03 -2.416434e-03 -1.159491e-03)
3890          	(1.837139e+00 1.088793e+00 -4.699204e+02)	(1.836051e+00 1.091214e+00 -4.699192e+02)	(1.088447e-03 -2.421209e-03 -1.159621e-03)
3891          	(1.837470e+00 1.089068e+00 -4.699204e+02)	(1.836380e+00 1.091493e+00 -4.699192e+02)	(1.089280e-03 -2.425444e-03 -1.159419e-03)
3892          	(1.837902e+00 1.089380e+00 -4.699203e+02)	(1.836812e+00 1.091809e+00 -4.699192e+02)	(1.090150e-03 -2.429177e-03 -1.158918e-03)
3893          	(1.838295e+00 1.089648e+00 -4.699203e+02)	(1.837204e+00 1.092081e+00 -4.699191e+02)	(1.091038e-03 -2.432315e-03 -1.158127e-03)
3894          	(1.838609e+00 1.089872e+00 -4.699202e+02)	(1.837517e+00 1.092306e+00 -4.699191e+02)	(1.091869e-03 -2.434739e-03 -1.157095e-03)
3895          	(1.838635e+00 1.089911e+00 -4.699202e+02)	(1.837542e+00 1.092348e+00 -4.699190e+02)	(1.092643e-03 -2.436450e-03 -1.155882e-03)
3896          	(1.838639e+00 1.089922e+00 -4.699201e+02)	(1.837546e+00 1.092359e+00 -4.699189e+02)	(1.093383e-03 -2.437428e-03 -1.154525e-03)
3897          	(1.838653e+00 1.089902e+00 -4.699200e+02)	(1.837559e+00 1.092340e+00 -4.699189e+02)	(1.094117e-03 -2.437724e-03 -1.153076e-03)
3898          	(1.838702e+00 1.089855e+00 -4.699199e+02)	(1.837607e+00 1.092292e+00 -4.699188e+02)	(1.094884e-03 -2.437444e-03 -1.151562e-03)
3899          	(1.838797e+00 1.089777e+00 -4.699198e+02)	(1.837701e+00 1.092214e+00 -4.699186e+02)	(1.095731e-03 -2.436737e-03 -1.150019e-03)
3900          	(1.838941e+00 1.089660e+00 -4.699197e+02)	(1.837844e+00 1.092096e+00 -4.699185e+02)	(1.096718e-03 -2.435803e-03 -1.148461e-03)
3901          	(1.839142e+00 1.089497e+00 -4.699195e+02)	(1.838045e+00 1.091932e+00 -4.699184e+02)	(1.097923e-03 -2.434885e-03 -1.146916e-03)
3902          	(1.841552e+00 1.090137e+00 -4.699169e+02)	(1.840451e+00 1.092573e+00 -4.699157e+02)	(1.100861e-03 -2.435430e-03 -1.145416e-03)
3903          	(1.842150e+00 1.090142e+00 -4.699168e+02)	(1.841047e+00 1.092577e+00 -4.699156e+02)	(1.103524e-03 -2.435836e-03 -1.144070e-03)
3904          	(1.842844e+00 1.090185e+00 -4.699167e+02)	(1.841738e+00 1.092621e+00 -4.699155e+02)	(1.105631e-03 -2.435865e-03 -1.142883e-03)
3905          	(1.843584e+00 1.090248e+00 -4.699166e+02)	(1.842477e+00 1.092684e+00 -4.699155e+02)	(1.107427e-03 -2.435920e-03 -1.141916e-03)
3906          	(1.844330e+00 1.090320e+00 -4.699166e+02)	(1.843221e+00 1.092756e+00 -4.699154e+02)	(1.108981e-03 -2.436116e-03 -1.141221e-03)
3907          	(1.845063e+00 1.090405e+00 -4.699166e+02)	(1.843953e+00 1.092841e+00 -4.699154e+02)	(1.110357e-03 -2.436542e-03 -1.140855e-03)
3908          	(1.845772e+00 1.090511e+00 -4.699166e+02)	(1.844660e+00 1.092948e+00 -4.699154e+02)	(1.111601e-03 -2.437240e-03 -1.140861e-03)
3909          	(1.848418e+00 1.091699e+00 -4.699166e+02)	(1.847305e+00 1.094137e+00 -4.699155e+02)	(1.113085e-03 -2.438171e-03 -1.141313e-03)
3910          	(1.850883e+00 1.092865e+00 -4.699167e+02)	(1.849768e+00 1.095305e+00 -4.699156e+02)	(1.114616e-03 -2.439334e-03 -1.142206e-03)
3911          	(1.851247e+00 1.092965e+00 -4.699168e+02)	(1.850131e+00 1.095406e+00 -4.699156e+02)	(1.115890e-03 -2.440883e-03 -1.143480e-03)
3912          	(1.851560e+00 1.093112e+00 -4.699168e+02)	(1.850443e+00 1.095554e+00 -4.699157e+02)	(1.116991e-03 -2.442712e-03 -1.145094e-03)
3913          	(1.851826e+00 1.093309e+00 -4.699169e+02)	(1.850708e+00 1.095754e+00 -4.699157e+02)	(1.117924e-03 -2.444762e-03 -1.146986e-03)
3914          	(1.852049e+00 1.093556e+00 -4.699170e+02)	(1.850930e+00 1.096003e+00 -4.699158e+02)	(1.118683e-03 -2.446960e-03 -1.149070e-03)
3915          	(1.852210e+00 1.093841e+00 -4.699170e+02)	(1.851091e+00 1.096290e+00 -4.699159e+02)	(1.119256e-03 -2.449249e-03 -1.151257e-03)
3916          	(1.852323e+00 1.094161e+00 -4.699171e+02)	(1.851204e+00 1.096613e+00 -4.699160e+02)	(1.119635e-03 -2.451588e-03 -1.153447e-03)
3917          	(1.852383e+00 1.094502e+00 -4.699172e+02)	(1.851263e+00 1.096956e+00 -4.699161e+02)	(1.119825e-03 -2.453956e-03 -1.155544e-03)
3918          	(1.852382e+00 1.094845e+00 -4.699173e+02)	(1.851262e+00 1.097301e+00 -4.699162e+02)	(1.119830e-03 -2.456348e-03 -1.157463e-03)
3919          	(1.849387e+00 1.093866e+00 -4.699211e+02)	(1.848269e+00 1.096324e+00 -4.699200e+02)	(1.118169e-03 -2.457712e-03 -1.159127e-03)
3920          	(1.845945e+00 1.092620e+00 -4.699244e+02)	(1.844830e+00 1.095079e+00 -4.699232e+02)	(1.115191e-03 -2.458244e-03 -1.160411e-03)
3921          	(1.846463e+00 1.093202e+00 -4.699258e+02)	(1.845350e+00 1.095662e+00 -4.699247e+02)	(1.113168e-03 -2.459330e-03 -1.161358e-03)
3922          	(1.844911e+00 1.092687e+00 -4.699275e+02)	(1.843799e+00 1.095148e+00 -4.699263e+02)	(1.111540e-03 -2.460906e-03 -1.162021e-03)
3923          	(1.843767e+00 1.092310e+00 -4.699275e+02)	(1.842657e+00 1.094773e+00 -4.699263e+02)	(1.110427e-03 -2.462762e-03 -1.162385e-03)
3924          	(1.842562e+00 1.091888e+00 -4.699275e+02)	(1.841452e+00 1.094353e+00 -4.699263e+02)	(1.109730e-03 -2.464731e-03 -1.162490e-03)
3925          	(1.841342e+00 1.091437e+00 -4.699275e+02)	(1.840233e+00 1.093904e+00 -4.699263e+02)	(1.109286e-03 -2.466597e-03 -1.162345e-03)
3926          	(1.840178e+00 1.090992e+00 -4.699274e+02)	(1.839069e+00 1.093460e+00 -4.699263e+02)	(1.109003e-03 -2.468220e-03 -1.161945e-03)
3927          	(1.839140e+00 1.090584e+00 -4.699274e+02)	(1.838031e+00 1.093054e+00 -4.699262e+02)	(1.108827e-03 -2.469490e-03 -1.161287e-03)
3928          	(1.838688e+00 1.090452e+00 -4.699274e+02)	(1.837580e+00 1.092922e+00 -4.699262e+02)	(1.108791e-03 -2.470313e-03 -1.160367e-03)
3929          	(1.838416e+00 1.090375e+00 -4.699274e+02)	(1.837307e+00 1.092846e+00 -4.699262e+02)	(1.108858e-03 -2.470663e-03 -1.159199e-03)
3930          	(1.838223e+00 1.090309e+00 -4.699273e+02)	(1.837114e+00 1.092780e+00 -4.699262e+02)	(1.108967e-03 -2.470474e-03 -1.157791e-03)
3931          	(1.838131e+00 1.090260e+00 -4.699273e+02)	(1.837022e+00 1.092730e+00 -4.699261e+02)	(1.109104e-03 -2.469743e-03 -1.156177e-03)
3932          	(1.838131e+00 1.090222e+00 -4.699272e+02)	(1.837021e+00 1.092690e+00 -4.699261e+02)	(1.109262e-03 -2.468505e-03 -1.154396e-03)
3933          	(1.838218e+00 1.090193e+00 -4.699272e+02)	(1.837108e+00 1.092660e+00 -4.699261e+02)	(1.109444e-03 -2.466813e-03 -1.152505e-03)
3934          	(1.838386e+00 1.090170e+00 -4.699272e+02)	(1.837277e+00 1.092634e+00 -4.699260e+02)	(1.109624e-03 -2.464727e-03 -1.150560e-03)
3935          	(1.838646e+00 1.090161e+00 -4.699271e+02)	(1.837536e+00 1.092623e+00 -4.699260e+02)	(1.109797e-03 -2.462337e-03 -1.148635e-03)
3936          	(1.838910e+00 1.090183e+00 -4.699271e+02)	(1.837800e+00 1.092642e+00 -4.699259e+02)	(1.109684e-03 -2.459455e-03 -1.146780e-03)
3937          	(1.836928e+00 1.089164e+00 -4.699266e+02)	(1.835819e+00 1.091619e+00 -4.699255e+02)	(1.108285e-03 -2.455379e-03 -1.145070e-03)
3938          	(1.833888e+00 1.087449e+00 -4.699255e+02)	(1.832781e+00 1.089900e+00 -4.699243e+02)	(1.106163e-03 -2.450732e-03 -1.143573e-03)
3939          	(1.832543e+00 1.086432e+00 -4.699226e+02)	(1.831439e+00 1.088879e+00 -4.699215e+02)	(1.104685e-03 -2.446496e-03 -1.142411e-03)
3940          	(1.839913e+00 1.089852e+00 -4.699181e+02)	(1.838808e+00 1.092296e+00 -4.699169e+02)	(1.105888e-03 -2.443327e-03 -1.141782e-03)
3941          	(1.846527e+00 1.093071e+00 -4.699153e+02)	(1.845419e+00 1.095511e+00 -4.699142e+02)	(1.108124e-03 -2.440724e-03 -1.141684e-03)
3942          	(1.847638e+00 1.093648e+00 -4.699153e+02)	(1.846529e+00 1.096086e+00 -4.699142e+02)	(1.109075e-03 -2.437769e-03 -1.141963e-03)
3943          	(1.848571e+00 1.094141e+00 -4.699153e+02)	(1.847462e+00 1.096576e+00 -4.699142e+02)	(1.109149e-03 -2.434808e-03 -1.142586e-03)
3944          	(1.849173e+00 1.094409e+00 -4.699153e+02)	(1.848064e+00 1.096842e+00 -4.699142e+02)	(1.108890e-03 -2.432545e-03 -1.143519e-03)
3945          	(1.849748e+00 1.094689e+00 -4.699153e+02)	(1.848640e+00 1.097120e+00 -4.699142e+02)	(1.108408e-03 -2.430960e-03 -1.144744e-03)
3946          	(1.850278e+00 1.094986e+00 -4.699153e+02)	(1.849170e+00 1.097416e+00 -4.699142e+02)	(1.107680e-03 -2.429904e-03 -1.146240e-03)
3947          	(1.850733e+00 1.095305e+00 -4.699153e+02)	(1.849627e+00 1.097735e+00 -4.699142e+02)	(1.106719e-03 -2.429236e-03 -1.147968e-03)
3948          	(1.851078e+00 1.095641e+00 -4.699153e+02)	(1.849973e+00 1.098070e+00 -4.699142e+02)	(1.105525e-03 -2.428798e-03 -1.149872e-03)
3949          	(1.851362e+00 1.096043e+00 -4.699153e+02)	(1.850258e+00 1.098472e+00 -4.699142e+02)	(1.104083e-03 -2.428386e-03 -1.151887e-03)
3950          	(1.851467e+00 1.096425e+00 -4.699153e+02)	(1.850365e+00 1.098853e+00 -4.699142e+02)	(1.102419e-03 -2.427919e-03 -1.153916e-03)
3951          	(1.851418e+00 1.096788e+00 -4.699153e+02)	(1.850318e+00 1.099215e+00 -4.699141e+02)	(1.100577e-03 -2.427351e-03 -1.155877e-03)
3952          	(1.851224e+00 1.097117e+00 -4.699153e+02)	(1.850125e+00 1.099544e+00 -4.699141e+02)	(1.098561e-03 -2.426648e-03 -1.157691e-03)
3953          	(1.850945e+00 1.097450e+00 -4.699152e+02)	(1.849849e+00 1.099876e+00 -4.699141e+02)	(1.096324e-03 -2.425707e-03 -1.159314e-03)
3954          	(1.850511e+00 1.097700e+00 -4.699152e+02)	(1.849417e+00 1.100124e+00 -4.699140e+02)	(1.093914e-03 -2.424595e-03 -1.160683e-03)
3955          	(1.849962e+00 1.097866e+00 -4.699151e+02)	(1.848871e+00 1.100290e+00 -4.699139e+02)	(1.091413e-03 -2.423420e-03 -1.161757e-03)
3956          	(1.849349e+00 1.097958e+00 -4.699150e+02)	(1.848260e+00 1.100380e+00 -4.699139e+02)	(1.088928e-03 -2.422302e-03 -1.162495e-03)
3957          	(1.848761e+00 1.098010e+00 -4.699150e+02)	(1.847674e+00 1.100431e+00 -4.699138e+02)	(1.086577e-03 -2.421339e-03 -1.162878e-03)
3958          	(1.848292e+00 1.098070e+00 -4.699149e+02)	(1.847208e+00 1.100490e+00 -4.699138e+02)	(1.084434e-03 -2.420555e-03 -1.162902e-03)
3959          	(1.847883e+00 1.098111e+00 -4.699149e+02)	(1.846800e+00 1.100530e+00 -4.699137e+02)	(1.082531e-03 -2.419916e-03 -1.162583e-03)
3960          	(1.847558e+00 1.098146e+00 -4.699148e+02)	(1.846478e+00 1.100565e+00 -4.699137e+02)	(1.080881e-03 -2.419336e-03 -1.161943e-03)
3961          	(1.847404e+00 1.098213e+00 -4.699148e+02)	(1.846325e+00 1.100632e+00 -4.699137e+02)	(1.079515e-03 -2.418732e-03 -1.161026e-03)
3962          	(1.847315e+00 1.098278e+00 -4.699148e+02)	(1.846237e+00 1.100696e+00 -4.699136e+02)	(1.078355e-03 -2.417949e-03 -1.159866e-03)
3963          	(1.847310e+00 1.098351e+00 -4.699147e+02)	(1.846233e+00 1.100768e+00 -4.699136e+02)	(1.077374e-03 -2.416848e-03 -1.158496e-03)
3964          	(1.847378e+00 1.098431e+00 -4.699147e+02)	(1.846301e+00 1.100847e+00 -4.699136e+02)	(1.076505e-03 -2.415298e-03 -1.156929e-03)
3965          	(1.847511e+00 1.098518e+00 -4.699147e+02)	(1.846435e+00 1.100932e+00 -4.699135e+02)	(1.075712e-03 -2.413220e-03 -1.155183e-03)
3966          	(1.847725e+00 1.098625e+00 -4.699147e+02)	(1.846650e+00 1.101035e+00 -4.699135e+02)	(1.074934e-03 -2.410550e-03 -1.153281e-03)
3967          	(1.848000e+00 1.098737e+00 -4.699147e+02)	(1.846926e+00 1.101144e+00 -4.699135e+02)	(1.074137e-03 -2.407309e-03 -1.151265e-03)
3968          	(1.848333e+00 1.098851e+00 -4.699146e+02)	(1.847260e+00 1.101254e+00 -4.699135e+02)	(1.073286e-03 -2.403567e-03 -1.149181e-03)
3969          	(1.848714e+00 1.098969e+00 -4.699146e+02)	(1.847641e+00 1.101369e+00 -4.699135e+02)	(1.072361e-03 -2.399392e-03 -1.147098e-03)
3970          	(1.849163e+00 1.099097e+00 -4.699147e+02)	(1.848092e+00 1.101492e+00 -4.699135e+02)	(1.071351e-03 -2.394881e-03 -1.145091e-03)
3971          	(1.849693e+00 1.099238e+00 -4.699147e+02)	(1.848623e+00 1.101628e+00 -4.699135e+02)	(1.070289e-03 -2.390175e-03 -1.143252e-03)
3972          	(1.850295e+00 1.099411e+00 -4.699147e+02)	(1.849226e+00 1.101796e+00 -4.699136e+02)	(1.069126e-03 -2.385305e-03 -1.141659e-03)
3973          	(1.850962e+00 1.099628e+00 -4.699147e+02)	(1.849894e+00 1.102008e+00 -4.699136e+02)	(1.067812e-03 -2.380286e-03 -1.140390e-03)
3974          	(1.851667e+00 1.099888e+00 -4.699148e+02)	(1.850601e+00 1.102263e+00 -4.699136e+02)	(1.066290e-03 -2.375136e-03 -1.139503e-03)
3975          	(1.852368e+00 1.100170e+00 -4.699148e+02)	(1.851304e+00 1.102540e+00 -4.699137e+02)	(1.064580e-03 -2.369970e-03 -1.139038e-03)
3976          	(1.852943e+00 1.100398e+00 -4.699148e+02)	(1.851880e+00 1.102763e+00 -4.699137e+02)	(1.062753e-03 -2.364995e-03 -1.138996e-03)
3977          	(1.853456e+00 1.100626e+00 -4.699149e+02)	(1.852395e+00 1.102986e+00 -4.699137e+02)	(1.060864e-03 -2.360340e-03 -1.139374e-03)
3978          	(1.853897e+00 1.100850e+00 -4.699149e+02)	(1.852838e+00 1.103206e+00 -4.699138e+02)	(1.058932e-03 -2.356085e-03 -1.140142e-03)
3979          	(1.854265e+00 1.101073e+00 -4.699149e+02)	(1.853208e+00 1.103425e+00 -4.699138e+02)	(1.056995e-03 -2.352298e-03 -1.141272e-03)
3980          	(1.854564e+00 1.101301e+00 -4.699149e+02)	(1.853509e+00 1.103650e+00 -4.699138e+02)	(1.055043e-03 -2.348973e-03 -1.142717e-03)
3981          	(1.854785e+00 1.101535e+00 -4.699149e+02)	(1.853731e+00 1.103881e+00 -4.699138e+02)	(1.053079e-03 -2.346100e-03 -1.144425e-03)
3982          	(1.854948e+00 1.101797e+00 -4.699149e+02)	(1.853897e+00 1.104141e+00 -4.699138e+02)	(1.051072e-03 -2.343617e-03 -1.146323e-03)
3983          	(1.854988e+00 1.102036e+00 -4.699149e+02)	(1.853939e+00 1.104378e+00 -4.699137e+02)	(1.049060e-03 -2.341554e-03 -1.148323e-03)
3984          	(1.860795e+00 1.105196e+00 -4.699138e+02)	(1.859746e+00 1.107537e+00 -4.699127e+02)	(1.048734e-03 -2.340549e-03 -1.150427e-03)
3985          	(1.860727e+00 1.105491e+00 -4.699137e+02)	(1.859679e+00 1.107831e+00 -4.699126e+02)	(1.047843e-03 -2.339912e-03 -1.152495e-03)
3986          	(1.860574e+00 1.105775e+00 -4.699137e+02)	(1.859528e+00 1.108115e+00 -4.699125e+02)	(1.046390e-03 -2.339244e-03 -1.154371e-03)
3987          	(1.860358e+00 1.106042e+00 -4.699136e+02)	(1.859314e+00 1.108381e+00 -4.699125e+02)	(1.044600e-03 -2.338760e-03 -1.156037e-03)
3988          	(1.860054e+00 1.106259e+00 -4.699136e+02)	(1.859012e+00 1.108597e+00 -4.699124e+02)	(1.042556e-03 -2.338444e-03 -1.157428e-03)
