# Force       
# CofR        : (0.000000e+00 0.000000e+00 0.000000e+00)
#
# Time        	(total_x total_y total_z)	(pressure_x pressure_y pressure_z)	(viscous_x viscous_y viscous_z)
5001          	(-3.508361e+00 -1.641732e+00 5.739466e-01)	(-3.524518e+00 -1.646161e+00 5.656082e-01)	(1.615725e-02 4.429565e-03 8.338445e-03)
5002          	(-4.127834e+00 -1.945620e+00 4.895474e-01)	(-4.138326e+00 -1.948715e+00 4.808080e-01)	(1.049209e-02 3.095213e-03 8.739405e-03)
5003          	(-3.216208e+00 -1.467588e+00 3.809493e-01)	(-3.222910e+00 -1.469642e+00 3.716521e-01)	(6.702377e-03 2.054693e-03 9.297265e-03)
5004          	(-1.582112e+00 -5.411664e-01 2.829904e-01)	(-1.588010e+00 -5.428461e-01 2.736389e-01)	(5.898498e-03 1.679715e-03 9.351520e-03)
5005          	(2.826724e-01 4.687521e-01 2.161815e-01)	(2.746871e-01 4.668033e-01 2.073532e-01)	(7.985218e-03 1.948799e-03 8.828294e-03)
5006          	(1.779918e+00 1.267479e+00 1.751152e-01)	(1.767986e+00 1.264745e+00 1.673003e-01)	(1.193152e-02 2.734017e-03 7.814925e-03)
5007          	(2.444070e+00 1.662782e+00 1.720345e-01)	(2.428066e+00 1.659050e+00 1.653471e-01)	(1.600461e-02 3.732742e-03 6.687454e-03)
5008          	(2.517543e+00 1.702897e+00 1.983049e-01)	(2.498231e+00 1.698313e+00 1.925196e-01)	(1.931109e-02 4.583617e-03 5.785221e-03)
5009          	(2.142819e+00 1.505344e+00 2.382041e-01)	(2.121621e+00 1.500203e+00 2.329596e-01)	(2.119869e-02 5.140672e-03 5.244405e-03)
5010          	(1.447256e+00 1.148045e+00 2.802533e-01)	(1.425749e+00 1.142646e+00 2.751799e-01)	(2.150703e-02 5.398909e-03 5.073385e-03)
5011          	(8.340512e-01 7.947481e-01 3.105381e-01)	(8.132187e-01 7.894053e-01 3.053889e-01)	(2.083251e-02 5.342849e-03 5.149192e-03)
5012          	(3.773361e-01 5.247246e-01 3.240387e-01)	(3.577095e-01 5.196354e-01 3.186840e-01)	(1.962658e-02 5.089200e-03 5.354703e-03)
5013          	(1.546803e-01 3.870754e-01 3.194836e-01)	(1.362848e-01 3.822903e-01 3.139140e-01)	(1.839547e-02 4.785172e-03 5.569606e-03)
5014          	(8.283118e-02 3.521706e-01 3.020314e-01)	(6.550836e-02 3.476135e-01 2.962917e-01)	(1.732281e-02 4.557153e-03 5.739648e-03)
5015          	(2.168973e-01 4.058956e-01 2.748480e-01)	(2.001000e-01 4.014860e-01 2.690488e-01)	(1.679727e-02 4.409666e-03 5.799176e-03)
5016          	(4.306992e-01 5.103740e-01 2.443813e-01)	(4.138876e-01 5.059852e-01 2.386536e-01)	(1.681161e-02 4.388867e-03 5.727676e-03)
5017          	(6.418169e-01 6.166589e-01 2.209055e-01)	(6.246042e-01 6.121865e-01 2.153516e-01)	(1.721278e-02 4.472340e-03 5.553946e-03)
5018          	(7.922062e-01 6.971553e-01 2.080019e-01)	(7.744165e-01 6.925267e-01 2.026781e-01)	(1.778969e-02 4.628620e-03 5.323778e-03)
5019          	(8.520210e-01 7.460464e-01 2.061941e-01)	(8.337146e-01 7.412114e-01 2.011030e-01)	(1.830630e-02 4.835010e-03 5.091141e-03)
5020          	(8.066886e-01 7.351437e-01 2.125901e-01)	(7.880992e-01 7.301222e-01 2.076862e-01)	(1.858936e-02 5.021438e-03 4.903932e-03)
5021          	(7.614232e-01 7.128258e-01 2.216594e-01)	(7.426904e-01 7.076650e-01 2.169036e-01)	(1.873285e-02 5.160804e-03 4.755754e-03)
5022          	(6.994960e-01 6.691972e-01 2.308994e-01)	(6.807466e-01 6.639725e-01 2.262473e-01)	(1.874944e-02 5.224688e-03 4.652172e-03)
5023          	(6.422790e-01 6.295188e-01 2.363360e-01)	(6.236058e-01 6.242782e-01 2.317582e-01)	(1.867319e-02 5.240571e-03 4.577786e-03)
5024          	(5.973810e-01 5.955652e-01 2.366962e-01)	(5.788363e-01 5.903482e-01 2.321756e-01)	(1.854465e-02 5.217064e-03 4.520563e-03)
5025          	(5.930684e-01 5.780422e-01 2.316247e-01)	(5.746059e-01 5.728791e-01 2.271632e-01)	(1.846250e-02 5.163033e-03 4.461530e-03)
5026          	(5.748448e-01 5.638755e-01 2.228789e-01)	(5.564808e-01 5.587654e-01 2.184765e-01)	(1.836402e-02 5.110171e-03 4.402418e-03)
5027          	(5.685617e-01 5.582365e-01 2.133500e-01)	(5.502879e-01 5.531705e-01 2.090138e-01)	(1.827381e-02 5.065996e-03 4.336238e-03)
5028          	(5.782827e-01 5.648354e-01 2.037738e-01)	(5.600614e-01 5.597934e-01 1.995123e-01)	(1.822128e-02 5.042038e-03 4.261494e-03)
5029          	(5.949617e-01 5.723401e-01 1.967641e-01)	(5.767505e-01 5.673110e-01 1.925773e-01)	(1.821125e-02 5.029140e-03 4.186811e-03)
5030          	(5.953984e-01 5.766108e-01 1.919241e-01)	(5.772056e-01 5.715765e-01 1.878054e-01)	(1.819286e-02 5.034289e-03 4.118788e-03)
5031          	(6.051376e-01 5.858694e-01 1.897221e-01)	(5.869510e-01 5.808177e-01 1.856675e-01)	(1.818663e-02 5.051740e-03 4.054516e-03)
5032          	(6.086770e-01 5.894685e-01 1.903586e-01)	(5.904989e-01 5.843997e-01 1.863593e-01)	(1.817809e-02 5.068750e-03 3.999232e-03)
5033          	(6.024108e-01 5.822681e-01 1.934411e-01)	(5.842540e-01 5.771984e-01 1.894853e-01)	(1.815683e-02 5.069658e-03 3.955803e-03)
5034          	(5.834629e-01 5.689110e-01 1.971245e-01)	(5.653638e-01 5.638527e-01 1.932010e-01)	(1.809907e-02 5.058300e-03 3.923437e-03)
5035          	(5.714714e-01 5.569298e-01 2.012370e-01)	(5.534388e-01 5.518984e-01 1.973387e-01)	(1.803255e-02 5.031451e-03 3.898318e-03)
5036          	(5.687345e-01 5.520136e-01 2.043846e-01)	(5.507577e-01 5.470111e-01 2.005109e-01)	(1.797681e-02 5.002486e-03 3.873751e-03)
5037          	(5.623686e-01 5.455295e-01 2.080264e-01)	(5.444508e-01 5.405593e-01 2.041727e-01)	(1.791779e-02 4.970206e-03 3.853697e-03)
5038          	(5.543573e-01 5.373120e-01 2.124284e-01)	(5.365014e-01 5.323782e-01 2.085905e-01)	(1.785594e-02 4.933877e-03 3.837910e-03)
5039          	(5.455207e-01 5.276155e-01 2.175695e-01)	(5.277278e-01 5.227234e-01 2.137434e-01)	(1.779291e-02 4.892126e-03 3.826076e-03)
5040          	(5.384540e-01 5.179581e-01 2.233182e-01)	(5.207204e-01 5.131138e-01 2.195004e-01)	(1.773360e-02 4.844290e-03 3.817720e-03)
5041          	(5.191525e-01 5.037548e-01 2.299912e-01)	(5.015039e-01 4.989621e-01 2.261751e-01)	(1.764865e-02 4.792669e-03 3.816171e-03)
5042          	(5.071401e-01 4.922244e-01 2.369023e-01)	(4.895786e-01 4.874908e-01 2.330832e-01)	(1.756147e-02 4.733573e-03 3.819121e-03)
5043          	(5.049215e-01 4.886499e-01 2.409837e-01)	(4.874325e-01 4.839718e-01 2.371654e-01)	(1.748900e-02 4.678113e-03 3.818312e-03)
5044          	(5.027368e-01 4.860863e-01 2.447174e-01)	(4.853155e-01 4.814610e-01 2.408994e-01)	(1.742135e-02 4.625306e-03 3.817972e-03)
5045          	(5.003224e-01 4.835115e-01 2.490078e-01)	(4.829655e-01 4.789371e-01 2.451884e-01)	(1.735688e-02 4.574390e-03 3.819362e-03)
5046          	(4.975024e-01 4.805697e-01 2.543395e-01)	(4.802078e-01 4.760450e-01 2.505153e-01)	(1.729458e-02 4.524788e-03 3.824179e-03)
5047          	(4.940054e-01 4.770641e-01 2.607275e-01)	(4.767726e-01 4.725883e-01 2.568939e-01)	(1.723285e-02 4.475846e-03 3.833598e-03)
5048          	(4.889277e-01 4.726554e-01 2.680354e-01)	(4.717592e-01 4.682282e-01 2.641864e-01)	(1.716845e-02 4.427159e-03 3.849006e-03)
5049          	(4.821874e-01 4.670842e-01 2.759422e-01)	(4.650882e-01 4.627063e-01 2.720710e-01)	(1.709927e-02 4.377878e-03 3.871236e-03)
5050          	(4.769727e-01 4.602625e-01 2.848738e-01)	(4.599396e-01 4.559386e-01 2.809721e-01)	(1.703317e-02 4.323975e-03 3.901670e-03)
5051          	(4.699546e-01 4.521616e-01 2.938206e-01)	(4.529890e-01 4.478957e-01 2.898809e-01)	(1.696559e-02 4.265936e-03 3.939688e-03)
5052          	(4.616635e-01 4.462727e-01 2.995596e-01)	(4.447745e-01 4.420607e-01 2.955816e-01)	(1.688897e-02 4.211973e-03 3.978037e-03)
5053          	(4.610347e-01 4.428052e-01 3.040727e-01)	(4.442110e-01 4.386477e-01 3.000563e-01)	(1.682370e-02 4.157556e-03 4.016342e-03)
5054          	(4.597947e-01 4.422624e-01 3.060527e-01)	(4.430329e-01 4.381496e-01 3.020039e-01)	(1.676178e-02 4.112796e-03 4.048806e-03)
5055          	(4.600339e-01 4.427134e-01 3.074152e-01)	(4.433321e-01 4.386392e-01 3.033370e-01)	(1.670183e-02 4.074189e-03 4.078273e-03)
5056          	(4.611728e-01 4.437370e-01 3.086549e-01)	(4.445267e-01 4.396960e-01 3.045490e-01)	(1.664611e-02 4.040971e-03 4.105884e-03)
5057          	(4.628559e-01 4.451385e-01 3.099422e-01)	(4.462614e-01 4.411258e-01 3.058088e-01)	(1.659455e-02 4.012731e-03 4.133342e-03)
5058          	(4.648860e-01 4.467856e-01 3.112773e-01)	(4.483390e-01 4.427965e-01 3.071152e-01)	(1.654691e-02 3.989152e-03 4.162089e-03)
5059          	(4.670256e-01 4.485104e-01 3.125693e-01)	(4.505230e-01 4.445407e-01 3.083765e-01)	(1.650259e-02 3.969728e-03 4.192813e-03)
5060          	(4.690860e-01 4.501758e-01 3.136714e-01)	(4.526250e-01 4.462220e-01 3.094453e-01)	(1.646099e-02 3.953878e-03 4.226065e-03)
5061          	(4.709565e-01 4.517070e-01 3.144376e-01)	(4.545351e-01 4.477661e-01 3.101758e-01)	(1.642144e-02 3.940873e-03 4.261801e-03)
5062          	(4.726257e-01 4.530982e-01 3.147644e-01)	(4.562419e-01 4.491681e-01 3.104652e-01)	(1.638373e-02 3.930112e-03 4.299235e-03)
5063          	(4.741701e-01 4.543925e-01 3.145943e-01)	(4.578222e-01 4.504713e-01 3.102565e-01)	(1.634786e-02 3.921164e-03 4.337786e-03)
5064          	(4.757316e-01 4.556630e-01 3.139010e-01)	(4.594172e-01 4.517491e-01 3.095239e-01)	(1.631432e-02 3.913895e-03 4.377088e-03)
5065          	(4.774017e-01 4.569976e-01 3.126885e-01)	(4.611185e-01 4.530892e-01 3.082719e-01)	(1.628323e-02 3.908465e-03 4.416567e-03)
5066          	(4.792273e-01 4.584388e-01 3.109835e-01)	(4.629726e-01 4.545337e-01 3.065278e-01)	(1.625468e-02 3.905133e-03 4.455706e-03)
5067          	(4.812164e-01 4.600437e-01 3.088226e-01)	(4.649882e-01 4.561398e-01 3.043291e-01)	(1.622825e-02 3.903954e-03 4.493473e-03)
5068          	(4.834213e-01 4.618303e-01 3.062411e-01)	(4.672178e-01 4.579255e-01 3.017124e-01)	(1.620354e-02 3.904783e-03 4.528630e-03)
5069          	(4.857780e-01 4.637663e-01 3.032918e-01)	(4.695981e-01 4.598588e-01 2.987316e-01)	(1.617989e-02 3.907579e-03 4.560268e-03)
5070          	(4.881934e-01 4.657806e-01 3.000333e-01)	(4.720368e-01 4.618683e-01 2.954453e-01)	(1.615664e-02 3.912355e-03 4.587979e-03)
5071          	(4.905861e-01 4.678145e-01 2.965321e-01)	(4.744527e-01 4.638955e-01 2.919202e-01)	(1.613333e-02 3.918969e-03 4.611827e-03)
5072          	(4.928841e-01 4.698020e-01 2.928577e-01)	(4.767742e-01 4.658748e-01 2.882264e-01)	(1.610991e-02 3.927244e-03 4.631359e-03)
5073          	(4.950039e-01 4.716505e-01 2.890821e-01)	(4.789175e-01 4.677135e-01 2.844359e-01)	(1.608639e-02 3.937034e-03 4.646213e-03)
5074          	(4.969401e-01 4.733601e-01 2.852410e-01)	(4.808772e-01 4.694117e-01 2.805848e-01)	(1.606296e-02 3.948446e-03 4.656215e-03)
5075          	(4.986481e-01 4.748741e-01 2.813794e-01)	(4.826084e-01 4.709129e-01 2.767180e-01)	(1.603967e-02 3.961243e-03 4.661412e-03)
5076          	(5.001374e-01 4.761933e-01 2.775433e-01)	(4.841207e-01 4.722178e-01 2.728812e-01)	(1.601668e-02 3.975501e-03 4.662092e-03)
5077          	(5.014099e-01 4.772976e-01 2.737824e-01)	(4.854157e-01 4.733064e-01 2.691238e-01)	(1.599412e-02 3.991174e-03 4.658641e-03)
5078          	(5.024657e-01 4.781649e-01 2.701509e-01)	(4.864936e-01 4.741569e-01 2.654994e-01)	(1.597208e-02 4.008067e-03 4.651461e-03)
5079          	(5.032840e-01 4.787622e-01 2.667082e-01)	(4.873335e-01 4.747364e-01 2.620671e-01)	(1.595050e-02 4.025809e-03 4.641044e-03)
5080          	(5.038277e-01 4.790538e-01 2.635055e-01)	(4.878984e-01 4.750098e-01 2.588777e-01)	(1.592932e-02 4.044018e-03 4.627803e-03)
5081          	(5.040781e-01 4.790285e-01 2.605676e-01)	(4.881699e-01 4.749663e-01 2.559553e-01)	(1.590829e-02 4.062181e-03 4.612288e-03)
5082          	(5.040293e-01 4.786942e-01 2.578873e-01)	(4.881420e-01 4.746145e-01 2.532923e-01)	(1.588722e-02 4.079726e-03 4.594941e-03)
5083          	(5.037002e-01 4.780840e-01 2.554345e-01)	(4.878344e-01 4.739879e-01 2.508583e-01)	(1.586584e-02 4.096141e-03 4.576254e-03)
5084          	(5.031558e-01 4.772619e-01 2.531663e-01)	(4.873118e-01 4.731508e-01 2.486098e-01)	(1.584397e-02 4.111083e-03 4.556579e-03)
5085          	(5.024548e-01 4.762793e-01 2.510221e-01)	(4.866334e-01 4.721550e-01 2.464859e-01)	(1.582138e-02 4.124276e-03 4.536109e-03)
5086          	(5.016585e-01 4.751799e-01 2.489466e-01)	(4.858602e-01 4.710443e-01 2.444318e-01)	(1.579824e-02 4.135596e-03 4.514831e-03)
5087          	(5.016922e-01 4.742689e-01 2.467330e-01)	(4.859150e-01 4.701241e-01 2.422411e-01)	(1.577714e-02 4.144750e-03 4.491956e-03)
5088          	(5.017943e-01 4.734441e-01 2.445939e-01)	(4.860366e-01 4.692919e-01 2.401265e-01)	(1.575771e-02 4.152209e-03 4.467364e-03)
5089          	(5.018080e-01 4.726257e-01 2.425723e-01)	(4.860687e-01 4.684677e-01 2.381307e-01)	(1.573927e-02 4.157967e-03 4.441632e-03)
5090          	(5.017868e-01 4.719329e-01 2.406631e-01)	(4.860651e-01 4.677706e-01 2.362479e-01)	(1.572161e-02 4.162302e-03 4.415158e-03)
5091          	(5.011510e-01 4.711816e-01 2.389744e-01)	(4.854480e-01 4.670160e-01 2.345857e-01)	(1.570294e-02 4.165551e-03 4.388688e-03)
5092          	(5.005355e-01 4.704397e-01 2.373155e-01)	(4.848515e-01 4.662720e-01 2.329531e-01)	(1.568396e-02 4.167733e-03 4.362454e-03)
5093          	(4.999317e-01 4.696812e-01 2.356873e-01)	(4.842666e-01 4.655121e-01 2.313506e-01)	(1.566509e-02 4.169044e-03 4.336650e-03)
5094          	(4.993284e-01 4.688869e-01 2.340992e-01)	(4.836819e-01 4.647170e-01 2.297876e-01)	(1.564652e-02 4.169962e-03 4.311601e-03)
5095          	(4.987594e-01 4.680821e-01 2.325935e-01)	(4.831310e-01 4.639114e-01 2.283059e-01)	(1.562837e-02 4.170779e-03 4.287621e-03)
5096          	(4.981968e-01 4.672535e-01 2.311509e-01)	(4.825861e-01 4.630817e-01 2.268859e-01)	(1.561068e-02 4.171796e-03 4.264954e-03)
5097          	(4.989754e-01 4.667933e-01 2.296002e-01)	(4.833783e-01 4.626205e-01 2.253573e-01)	(1.559711e-02 4.172769e-03 4.242933e-03)
5098          	(4.984894e-01 4.660684e-01 2.283702e-01)	(4.829064e-01 4.618939e-01 2.241477e-01)	(1.558300e-02 4.174537e-03 4.222463e-03)
5099          	(4.980343e-01 4.653736e-01 2.272333e-01)	(4.824659e-01 4.611968e-01 2.230292e-01)	(1.556844e-02 4.176840e-03 4.204097e-03)
5100          	(4.975979e-01 4.646892e-01 2.261869e-01)	(4.820441e-01 4.605095e-01 2.219992e-01)	(1.555374e-02 4.179703e-03 4.187690e-03)
5101          	(4.987057e-01 4.644781e-01 2.251017e-01)	(4.831627e-01 4.602954e-01 2.209290e-01)	(1.554304e-02 4.182760e-03 4.172740e-03)
5102          	(4.983461e-01 4.639057e-01 2.242992e-01)	(4.828149e-01 4.597189e-01 2.201391e-01)	(1.553116e-02 4.186748e-03 4.160073e-03)
5103          	(4.987855e-01 4.635896e-01 2.235293e-01)	(4.832650e-01 4.593983e-01 2.193797e-01)	(1.552052e-02 4.191281e-03 4.149599e-03)
5104          	(4.983883e-01 4.630258e-01 2.230082e-01)	(4.828796e-01 4.588292e-01 2.188668e-01)	(1.550869e-02 4.196624e-03 4.141358e-03)
5105          	(4.979086e-01 4.623958e-01 2.226159e-01)	(4.824130e-01 4.581932e-01 2.184804e-01)	(1.549561e-02 4.202618e-03 4.135491e-03)
5106          	(4.973149e-01 4.616676e-01 2.223512e-01)	(4.818333e-01 4.574585e-01 2.182195e-01)	(1.548160e-02 4.209162e-03 4.131683e-03)
5107          	(4.965865e-01 4.608232e-01 2.222170e-01)	(4.811200e-01 4.566070e-01 2.180871e-01)	(1.546651e-02 4.216145e-03 4.129848e-03)
5108          	(4.957167e-01 4.598590e-01 2.222162e-01)	(4.802664e-01 4.556354e-01 2.180863e-01)	(1.545028e-02 4.223595e-03 4.129868e-03)
5109          	(4.947091e-01 4.587825e-01 2.223507e-01)	(4.792763e-01 4.545510e-01 2.182190e-01)	(1.543275e-02 4.231489e-03 4.131679e-03)
5110          	(4.936382e-01 4.576816e-01 2.226172e-01)	(4.782241e-01 4.534415e-01 2.184820e-01)	(1.541406e-02 4.240092e-03 4.135161e-03)
5111          	(4.924387e-01 4.564729e-01 2.230071e-01)	(4.770447e-01 4.522236e-01 2.188668e-01)	(1.539400e-02 4.249302e-03 4.140213e-03)
5112          	(4.911337e-01 4.551790e-01 2.235000e-01)	(4.757611e-01 4.509199e-01 2.193534e-01)	(1.537261e-02 4.259163e-03 4.146665e-03)
5113          	(4.903883e-01 4.539521e-01 2.240911e-01)	(4.750367e-01 4.496828e-01 2.199368e-01)	(1.535159e-02 4.269289e-03 4.154288e-03)
5114          	(4.894404e-01 4.527393e-01 2.247088e-01)	(4.741103e-01 4.484591e-01 2.205458e-01)	(1.533009e-02 4.280179e-03 4.163007e-03)
5115          	(4.881358e-01 4.515932e-01 2.252817e-01)	(4.728292e-01 4.473011e-01 2.211088e-01)	(1.530662e-02 4.292111e-03 4.172864e-03)
5116          	(4.867952e-01 4.504566e-01 2.258399e-01)	(4.715136e-01 4.461517e-01 2.216562e-01)	(1.528158e-02 4.304826e-03 4.183726e-03)
5117          	(4.854122e-01 4.493173e-01 2.263508e-01)	(4.701571e-01 4.449992e-01 2.221556e-01)	(1.525512e-02 4.318058e-03 4.195218e-03)
5118          	(4.839730e-01 4.481595e-01 2.267802e-01)	(4.687456e-01 4.438278e-01 2.225732e-01)	(1.522741e-02 4.331708e-03 4.207013e-03)
5119          	(4.825313e-01 4.470152e-01 2.270911e-01)	(4.673327e-01 4.426696e-01 2.228723e-01)	(1.519860e-02 4.345618e-03 4.218797e-03)
5120          	(4.812687e-01 4.458059e-01 2.272789e-01)	(4.660989e-01 4.414466e-01 2.230487e-01)	(1.516979e-02 4.359337e-03 4.230216e-03)
5121          	(4.800762e-01 4.448811e-01 2.272609e-01)	(4.649358e-01 4.405076e-01 2.230199e-01)	(1.514046e-02 4.373433e-03 4.240911e-03)
5122          	(4.792145e-01 4.439994e-01 2.270628e-01)	(4.641027e-01 4.396119e-01 2.228122e-01)	(1.511184e-02 4.387450e-03 4.250601e-03)
5123          	(4.783652e-01 4.433774e-01 2.267003e-01)	(4.632821e-01 4.389756e-01 2.224411e-01)	(1.508314e-02 4.401814e-03 4.259190e-03)
5124          	(4.776546e-01 4.428834e-01 2.261827e-01)	(4.626000e-01 4.384669e-01 2.219162e-01)	(1.505454e-02 4.416455e-03 4.266546e-03)
5125          	(4.775427e-01 4.426258e-01 2.254769e-01)	(4.625149e-01 4.381946e-01 2.212047e-01)	(1.502783e-02 4.431196e-03 4.272198e-03)
5126          	(4.771428e-01 4.424114e-01 2.247550e-01)	(4.621413e-01 4.379651e-01 2.204784e-01)	(1.500156e-02 4.446303e-03 4.276615e-03)
5127          	(4.773654e-01 4.424810e-01 2.239074e-01)	(4.623881e-01 4.380193e-01 2.196280e-01)	(1.497725e-02 4.461734e-03 4.279391e-03)
5128          	(4.775888e-01 4.426431e-01 2.230797e-01)	(4.626343e-01 4.381655e-01 2.187988e-01)	(1.495456e-02 4.477589e-03 4.280877e-03)
5129          	(4.777200e-01 4.427975e-01 2.223125e-01)	(4.627873e-01 4.383038e-01 2.180312e-01)	(1.493273e-02 4.493665e-03 4.281371e-03)
5130          	(4.775563e-01 4.428428e-01 2.216420e-01)	(4.626453e-01 4.383330e-01 2.173608e-01)	(1.491097e-02 4.509775e-03 4.281286e-03)
5131          	(4.775164e-01 4.429133e-01 2.210492e-01)	(4.626266e-01 4.383876e-01 2.167684e-01)	(1.488981e-02 4.525657e-03 4.280776e-03)
5132          	(4.774331e-01 4.429326e-01 2.205358e-01)	(4.625639e-01 4.383913e-01 2.162558e-01)	(1.486922e-02 4.541293e-03 4.279993e-03)
5133          	(4.772760e-01 4.428699e-01 2.201133e-01)	(4.624270e-01 4.383134e-01 2.158342e-01)	(1.484896e-02 4.556574e-03 4.279132e-03)
5134          	(4.768091e-01 4.426026e-01 2.197865e-01)	(4.619807e-01 4.380311e-01 2.155081e-01)	(1.482843e-02 4.571446e-03 4.278351e-03)
5135          	(4.767521e-01 4.423862e-01 2.195472e-01)	(4.619432e-01 4.378005e-01 2.152697e-01)	(1.480894e-02 4.585693e-03 4.277571e-03)
5136          	(4.765502e-01 4.420180e-01 2.194352e-01)	(4.617601e-01 4.374186e-01 2.151582e-01)	(1.479012e-02 4.599368e-03 4.276984e-03)
5137          	(4.760342e-01 4.415398e-01 2.194506e-01)	(4.612634e-01 4.369272e-01 2.151738e-01)	(1.477078e-02 4.612587e-03 4.276849e-03)
5138          	(4.755252e-01 4.408955e-01 2.195726e-01)	(4.607738e-01 4.362705e-01 2.152953e-01)	(1.475140e-02 4.625030e-03 4.277269e-03)
5139          	(4.748997e-01 4.401737e-01 2.197984e-01)	(4.601679e-01 4.355369e-01 2.155201e-01)	(1.473172e-02 4.636766e-03 4.278256e-03)
5140          	(4.741427e-01 4.394543e-01 2.201087e-01)	(4.594312e-01 4.348062e-01 2.158288e-01)	(1.471147e-02 4.648061e-03 4.279948e-03)
5141          	(4.732402e-01 4.386025e-01 2.205168e-01)	(4.585497e-01 4.339438e-01 2.162344e-01)	(1.469054e-02 4.658669e-03 4.282492e-03)
5142          	(4.722430e-01 4.376620e-01 2.210156e-01)	(4.575739e-01 4.329934e-01 2.167296e-01)	(1.466904e-02 4.668526e-03 4.285959e-03)
5143          	(4.711674e-01 4.366440e-01 2.215985e-01)	(4.565203e-01 4.319665e-01 2.173080e-01)	(1.464710e-02 4.677501e-03 4.290458e-03)
5144          	(4.700385e-01 4.355671e-01 2.222565e-01)	(4.554135e-01 4.308815e-01 2.179605e-01)	(1.462499e-02 4.685587e-03 4.295974e-03)
5145          	(4.688869e-01 4.344546e-01 2.229787e-01)	(4.542840e-01 4.297619e-01 2.186763e-01)	(1.460290e-02 4.692715e-03 4.302486e-03)
5146          	(4.680037e-01 4.332742e-01 2.238087e-01)	(4.534216e-01 4.285757e-01 2.194987e-01)	(1.458211e-02 4.698530e-03 4.309950e-03)
5147          	(4.670084e-01 4.322870e-01 2.245887e-01)	(4.524466e-01 4.275831e-01 2.202706e-01)	(1.456176e-02 4.703945e-03 4.318054e-03)
5148          	(4.663685e-01 4.313531e-01 2.254611e-01)	(4.518256e-01 4.266444e-01 2.211343e-01)	(1.454295e-02 4.708706e-03 4.326862e-03)
5149          	(4.655977e-01 4.305801e-01 2.262757e-01)	(4.510729e-01 4.258665e-01 2.219396e-01)	(1.452475e-02 4.713586e-03 4.336037e-03)
5150          	(4.649078e-01 4.298868e-01 2.271294e-01)	(4.504006e-01 4.251682e-01 2.227838e-01)	(1.450720e-02 4.718606e-03 4.345615e-03)
5151          	(4.642891e-01 4.292636e-01 2.280275e-01)	(4.497986e-01 4.245398e-01 2.236719e-01)	(1.449051e-02 4.723843e-03 4.355578e-03)
5152          	(4.637368e-01 4.287055e-01 2.289651e-01)	(4.492620e-01 4.239761e-01 2.245992e-01)	(1.447474e-02 4.729403e-03 4.365947e-03)
5153          	(4.635295e-01 4.282858e-01 2.299908e-01)	(4.490688e-01 4.235506e-01 2.256140e-01)	(1.446070e-02 4.735227e-03 4.376806e-03)
5154          	(4.631575e-01 4.278998e-01 2.309295e-01)	(4.487101e-01 4.231583e-01 2.265414e-01)	(1.444737e-02 4.741539e-03 4.388069e-03)
5155          	(4.628397e-01 4.275577e-01 2.318710e-01)	(4.484051e-01 4.228095e-01 2.274711e-01)	(1.443470e-02 4.748187e-03 4.399861e-03)
5156          	(4.625643e-01 4.272470e-01 2.328078e-01)	(4.481415e-01 4.224919e-01 2.283957e-01)	(1.442283e-02 4.755113e-03 4.412151e-03)
5157          	(4.626057e-01 4.270458e-01 2.337944e-01)	(4.481931e-01 4.222836e-01 2.293695e-01)	(1.441257e-02 4.762162e-03 4.424923e-03)
5158          	(4.624180e-01 4.268043e-01 2.346459e-01)	(4.480152e-01 4.220349e-01 2.302079e-01)	(1.440277e-02 4.769340e-03 4.438008e-03)
5159          	(4.622519e-01 4.265788e-01 2.354431e-01)	(4.478586e-01 4.218024e-01 2.309919e-01)	(1.439326e-02 4.776409e-03 4.451282e-03)
5160          	(4.621194e-01 4.263684e-01 2.361755e-01)	(4.477353e-01 4.215852e-01 2.317109e-01)	(1.438413e-02 4.783222e-03 4.464597e-03)
5161          	(4.620075e-01 4.261711e-01 2.368291e-01)	(4.476321e-01 4.213814e-01 2.323513e-01)	(1.437534e-02 4.789652e-03 4.477856e-03)
5162          	(4.621834e-01 4.260739e-01 2.374315e-01)	(4.478158e-01 4.212783e-01 2.329406e-01)	(1.436766e-02 4.795536e-03 4.490878e-03)
5163          	(4.620915e-01 4.259328e-01 2.378773e-01)	(4.477316e-01 4.211318e-01 2.333736e-01)	(1.435997e-02 4.801006e-03 4.503650e-03)
5164          	(4.620070e-01 4.258077e-01 2.382305e-01)	(4.476547e-01 4.210019e-01 2.337144e-01)	(1.435228e-02 4.805867e-03 4.516083e-03)
5165          	(4.619124e-01 4.256901e-01 2.384980e-01)	(4.475677e-01 4.208801e-01 2.339699e-01)	(1.434464e-02 4.810033e-03 4.528101e-03)
5166          	(4.618011e-01 4.255699e-01 2.386896e-01)	(4.474642e-01 4.207565e-01 2.341501e-01)	(1.433694e-02 4.813414e-03 4.539515e-03)
5167          	(4.616684e-01 4.254356e-01 2.388173e-01)	(4.473393e-01 4.206196e-01 2.342672e-01)	(1.432907e-02 4.815951e-03 4.550113e-03)
5168          	(4.617770e-01 4.253577e-01 2.388904e-01)	(4.474553e-01 4.205402e-01 2.343309e-01)	(1.432168e-02 4.817507e-03 4.559517e-03)
5169          	(4.616249e-01 4.252007e-01 2.389289e-01)	(4.473112e-01 4.203823e-01 2.343613e-01)	(1.431370e-02 4.818354e-03 4.567617e-03)
5170          	(4.614569e-01 4.250394e-01 2.389435e-01)	(4.471518e-01 4.202209e-01 2.343691e-01)	(1.430509e-02 4.818512e-03 4.574322e-03)
5171          	(4.612588e-01 4.248478e-01 2.389496e-01)	(4.469630e-01 4.200298e-01 2.343699e-01)	(1.429588e-02 4.817979e-03 4.579661e-03)
5172          	(4.610161e-01 4.246024e-01 2.389633e-01)	(4.467300e-01 4.197857e-01 2.343795e-01)	(1.428609e-02 4.816735e-03 4.583752e-03)
5173          	(4.607258e-01 4.243053e-01 2.389991e-01)	(4.464501e-01 4.194905e-01 2.344123e-01)	(1.427569e-02 4.814759e-03 4.586810e-03)
5174          	(4.603856e-01 4.239583e-01 2.390706e-01)	(4.461209e-01 4.191463e-01 2.344817e-01)	(1.426471e-02 4.812032e-03 4.588948e-03)
5175          	(4.599957e-01 4.235671e-01 2.391905e-01)	(4.457425e-01 4.187585e-01 2.346000e-01)	(1.425318e-02 4.808560e-03 4.590428e-03)
5176          	(4.595597e-01 4.231394e-01 2.393687e-01)	(4.453185e-01 4.183351e-01 2.347773e-01)	(1.424116e-02 4.804387e-03 4.591431e-03)
5177          	(4.590847e-01 4.226832e-01 2.396133e-01)	(4.448560e-01 4.178836e-01 2.350212e-01)	(1.422872e-02 4.799600e-03 4.592111e-03)
5178          	(4.585803e-01 4.222081e-01 2.399269e-01)	(4.443644e-01 4.174138e-01 2.353343e-01)	(1.421592e-02 4.794309e-03 4.592609e-03)
5179          	(4.580588e-01 4.217209e-01 2.403065e-01)	(4.438560e-01 4.169323e-01 2.357133e-01)	(1.420280e-02 4.788563e-03 4.593158e-03)
5180          	(4.580469e-01 4.213521e-01 2.407684e-01)	(4.438560e-01 4.165700e-01 2.361745e-01)	(1.419095e-02 4.782024e-03 4.593908e-03)
5181          	(4.576237e-01 4.209607e-01 2.412281e-01)	(4.434450e-01 4.161852e-01 2.366332e-01)	(1.417871e-02 4.775504e-03 4.594828e-03)
5182          	(4.572386e-01 4.206006e-01 2.417178e-01)	(4.430724e-01 4.158318e-01 2.371216e-01)	(1.416623e-02 4.768846e-03 4.596166e-03)
5183          	(4.568912e-01 4.202677e-01 2.422245e-01)	(4.427374e-01 4.155056e-01 2.376266e-01)	(1.415383e-02 4.762068e-03 4.597971e-03)
5184          	(4.569497e-01 4.201416e-01 2.427546e-01)	(4.428071e-01 4.153864e-01 2.381544e-01)	(1.414262e-02 4.755256e-03 4.600218e-03)
5185          	(4.567186e-01 4.199071e-01 2.432361e-01)	(4.425869e-01 4.151586e-01 2.386331e-01)	(1.413166e-02 4.748494e-03 4.603023e-03)
5186          	(4.565431e-01 4.197255e-01 2.436969e-01)	(4.424220e-01 4.149836e-01 2.390904e-01)	(1.412119e-02 4.741858e-03 4.606443e-03)
5187          	(4.564231e-01 4.195973e-01 2.441341e-01)	(4.423117e-01 4.148619e-01 2.395236e-01)	(1.411146e-02 4.735423e-03 4.610490e-03)
5188          	(4.563588e-01 4.195234e-01 2.445486e-01)	(4.422561e-01 4.147941e-01 2.399335e-01)	(1.410270e-02 4.729331e-03 4.615075e-03)
5189          	(4.563356e-01 4.194854e-01 2.449434e-01)	(4.422406e-01 4.147618e-01 2.403232e-01)	(1.409497e-02 4.723600e-03 4.620190e-03)
5190          	(4.563503e-01 4.194804e-01 2.453228e-01)	(4.422619e-01 4.147621e-01 2.406970e-01)	(1.408835e-02 4.718285e-03 4.625802e-03)
5191          	(4.564182e-01 4.195384e-01 2.456893e-01)	(4.423353e-01 4.148250e-01 2.410575e-01)	(1.408284e-02 4.713436e-03 4.631829e-03)
5192          	(4.564885e-01 4.195608e-01 2.460453e-01)	(4.424100e-01 4.148520e-01 2.414071e-01)	(1.407844e-02 4.708836e-03 4.638175e-03)
5193          	(4.566112e-01 4.196458e-01 2.463856e-01)	(4.425361e-01 4.149413e-01 2.417409e-01)	(1.407512e-02 4.704481e-03 4.644688e-03)
5194          	(4.567372e-01 4.197029e-01 2.467070e-01)	(4.426643e-01 4.150028e-01 2.420557e-01)	(1.407287e-02 4.700134e-03 4.651281e-03)
5195          	(4.569111e-01 4.198034e-01 2.469968e-01)	(4.428395e-01 4.151076e-01 2.423389e-01)	(1.407170e-02 4.695758e-03 4.657860e-03)
5196          	(4.570875e-01 4.198750e-01 2.472473e-01)	(4.430159e-01 4.151838e-01 2.425830e-01)	(1.407160e-02 4.691187e-03 4.664326e-03)
5197          	(4.573141e-01 4.199782e-01 2.474445e-01)	(4.432415e-01 4.152918e-01 2.427739e-01)	(1.407261e-02 4.686374e-03 4.670580e-03)
5198          	(4.575615e-01 4.200710e-01 2.475765e-01)	(4.434867e-01 4.153897e-01 2.428999e-01)	(1.407480e-02 4.681257e-03 4.676518e-03)
5199          	(4.580980e-01 4.202358e-01 2.476378e-01)	(4.440191e-01 4.155601e-01 2.429558e-01)	(1.407886e-02 4.675654e-03 4.681967e-03)
5200          	(4.583448e-01 4.202956e-01 2.475972e-01)	(4.442612e-01 4.156259e-01 2.429103e-01)	(1.408365e-02 4.669700e-03 4.686921e-03)
5201          	(4.586091e-01 4.203548e-01 2.474574e-01)	(4.445200e-01 4.156915e-01 2.427661e-01)	(1.408915e-02 4.663288e-03 4.691270e-03)
5202          	(4.588958e-01 4.204154e-01 2.472128e-01)	(4.448004e-01 4.157590e-01 2.425179e-01)	(1.409545e-02 4.656455e-03 4.694931e-03)
5203          	(4.591855e-01 4.204657e-01 2.468632e-01)	(4.450832e-01 4.158165e-01 2.421653e-01)	(1.410237e-02 4.649228e-03 4.697908e-03)
5204          	(4.599292e-01 4.206578e-01 2.463890e-01)	(4.458180e-01 4.160162e-01 2.416889e-01)	(1.411116e-02 4.641623e-03 4.700095e-03)
5205          	(4.601990e-01 4.207018e-01 2.458484e-01)	(4.460791e-01 4.160678e-01 2.411465e-01)	(1.411992e-02 4.633953e-03 4.701829e-03)
5206          	(4.604467e-01 4.207312e-01 2.452199e-01)	(4.463181e-01 4.161050e-01 2.405169e-01)	(1.412855e-02 4.626152e-03 4.703038e-03)
5207          	(4.606690e-01 4.207431e-01 2.445085e-01)	(4.465320e-01 4.161250e-01 2.398048e-01)	(1.413696e-02 4.618148e-03 4.703665e-03)
5208          	(4.608587e-01 4.207341e-01 2.437207e-01)	(4.467137e-01 4.161242e-01 2.390171e-01)	(1.414501e-02 4.609882e-03 4.703592e-03)
5209          	(4.610082e-01 4.207008e-01 2.428654e-01)	(4.468557e-01 4.160996e-01 2.381626e-01)	(1.415252e-02 4.601266e-03 4.702877e-03)
5210          	(4.611201e-01 4.206468e-01 2.419525e-01)	(4.469607e-01 4.160545e-01 2.372509e-01)	(1.415946e-02 4.592318e-03 4.701567e-03)
5211          	(4.612011e-01 4.205816e-01 2.409923e-01)	(4.470354e-01 4.159986e-01 2.362926e-01)	(1.416569e-02 4.582999e-03 4.699686e-03)
5212          	(4.612471e-01 4.204860e-01 2.400039e-01)	(4.470759e-01 4.159127e-01 2.353068e-01)	(1.417119e-02 4.573277e-03 4.697135e-03)
5213          	(4.612713e-01 4.203983e-01 2.389919e-01)	(4.470953e-01 4.158351e-01 2.342981e-01)	(1.417594e-02 4.563206e-03 4.693810e-03)
5214          	(4.612694e-01 4.202974e-01 2.379799e-01)	(4.470895e-01 4.157446e-01 2.332904e-01)	(1.417996e-02 4.552789e-03 4.689545e-03)
5215          	(4.615495e-01 4.202828e-01 2.369005e-01)	(4.473653e-01 4.157409e-01 2.322166e-01)	(1.418422e-02 4.541939e-03 4.683980e-03)
5216          	(4.615286e-01 4.201708e-01 2.359839e-01)	(4.473409e-01 4.156398e-01 2.313063e-01)	(1.418778e-02 4.530909e-03 4.677522e-03)
5217          	(4.614904e-01 4.200527e-01 2.351178e-01)	(4.472996e-01 4.155330e-01 2.304475e-01)	(1.419082e-02 4.519711e-03 4.670291e-03)
5218          	(4.614041e-01 4.199146e-01 2.343035e-01)	(4.472105e-01 4.154062e-01 2.296411e-01)	(1.419355e-02 4.508404e-03 4.662303e-03)
5219          	(4.612843e-01 4.197491e-01 2.335496e-01)	(4.470883e-01 4.152521e-01 2.288959e-01)	(1.419609e-02 4.497039e-03 4.653699e-03)
5220          	(4.610320e-01 4.195025e-01 2.328502e-01)	(4.468337e-01 4.150168e-01 2.282056e-01)	(1.419834e-02 4.485750e-03 4.644635e-03)
5221          	(4.608585e-01 4.192812e-01 2.322221e-01)	(4.466579e-01 4.148066e-01 2.275869e-01)	(1.420065e-02 4.474595e-03 4.635265e-03)
5222          	(4.605418e-01 4.189790e-01 2.316385e-01)	(4.463389e-01 4.145153e-01 2.270127e-01)	(1.420287e-02 4.463665e-03 4.625739e-03)
5223          	(4.603650e-01 4.187384e-01 2.311180e-01)	(4.461596e-01 4.142854e-01 2.265019e-01)	(1.420545e-02 4.453019e-03 4.616082e-03)
5224          	(4.601956e-01 4.185011e-01 2.306358e-01)	(4.459871e-01 4.140583e-01 2.260295e-01)	(1.420850e-02 4.442753e-03 4.606343e-03)
5225          	(4.600408e-01 4.182761e-01 2.301855e-01)	(4.458288e-01 4.138433e-01 2.255890e-01)	(1.421206e-02 4.432855e-03 4.596503e-03)
5226          	(4.599056e-01 4.180709e-01 2.297628e-01)	(4.456894e-01 4.136475e-01 2.251763e-01)	(1.421623e-02 4.423400e-03 4.586540e-03)
5227          	(4.600781e-01 4.179570e-01 2.293399e-01)	(4.458561e-01 4.135428e-01 2.247637e-01)	(1.422195e-02 4.414256e-03 4.576271e-03)
5228          	(4.600204e-01 4.178442e-01 2.289779e-01)	(4.457923e-01 4.134385e-01 2.244119e-01)	(1.422809e-02 4.405734e-03 4.565969e-03)
5229          	(4.599881e-01 4.177683e-01 2.286402e-01)	(4.457535e-01 4.133706e-01 2.240846e-01)	(1.423461e-02 4.397727e-03 4.555553e-03)
5230          	(4.599716e-01 4.177211e-01 2.283238e-01)	(4.457300e-01 4.133309e-01 2.237788e-01)	(1.424159e-02 4.390199e-03 4.545002e-03)
5231          	(4.599606e-01 4.176939e-01 2.280263e-01)	(4.457116e-01 4.133108e-01 2.234919e-01)	(1.424895e-02 4.383106e-03 4.534416e-03)
5232          	(4.598187e-01 4.176350e-01 2.277438e-01)	(4.455625e-01 4.132586e-01 2.232200e-01)	(1.425627e-02 4.376427e-03 4.523839e-03)
5233          	(4.597981e-01 4.176151e-01 2.274780e-01)	(4.455343e-01 4.132451e-01 2.229647e-01)	(1.426386e-02 4.370011e-03 4.513304e-03)
5234          	(4.597632e-01 4.175886e-01 2.272194e-01)	(4.454916e-01 4.132249e-01 2.227164e-01)	(1.427160e-02 4.363797e-03 4.502911e-03)
5235          	(4.597089e-01 4.175489e-01 2.269611e-01)	(4.454294e-01 4.131911e-01 2.224683e-01)	(1.427949e-02 4.357825e-03 4.492814e-03)
5236          	(4.596312e-01 4.174902e-01 2.266962e-01)	(4.453437e-01 4.131382e-01 2.222131e-01)	(1.428749e-02 4.352062e-03 4.483122e-03)
5237          	(4.595271e-01 4.174073e-01 2.264187e-01)	(4.452316e-01 4.130608e-01 2.219448e-01)	(1.429547e-02 4.346471e-03 4.473886e-03)
5238          	(4.593947e-01 4.172952e-01 2.261238e-01)	(4.450913e-01 4.129542e-01 2.216586e-01)	(1.430341e-02 4.341005e-03 4.465152e-03)
5239          	(4.592333e-01 4.171501e-01 2.258080e-01)	(4.449221e-01 4.128144e-01 2.213511e-01)	(1.431119e-02 4.335672e-03 4.456872e-03)
5240          	(4.592004e-01 4.169859e-01 2.254498e-01)	(4.448811e-01 4.126555e-01 2.210010e-01)	(1.431931e-02 4.330383e-03 4.448828e-03)
5241          	(4.590204e-01 4.168016e-01 2.250943e-01)	(4.446934e-01 4.124763e-01 2.206532e-01)	(1.432705e-02 4.325372e-03 4.441048e-03)
5242          	(4.588192e-01 4.165921e-01 2.247120e-01)	(4.444848e-01 4.122715e-01 2.202786e-01)	(1.433436e-02 4.320571e-03 4.433416e-03)
5243          	(4.585931e-01 4.163574e-01 2.243000e-01)	(4.442519e-01 4.120414e-01 2.198741e-01)	(1.434119e-02 4.315997e-03 4.425859e-03)
5244          	(4.583411e-01 4.161001e-01 2.238582e-01)	(4.439936e-01 4.117885e-01 2.194399e-01)	(1.434744e-02 4.311664e-03 4.418314e-03)
5245          	(4.580633e-01 4.158238e-01 2.233902e-01)	(4.437103e-01 4.115163e-01 2.189794e-01)	(1.435305e-02 4.307522e-03 4.410781e-03)
5246          	(4.577586e-01 4.155310e-01 2.229007e-01)	(4.434006e-01 4.112275e-01 2.184974e-01)	(1.435803e-02 4.303478e-03 4.403239e-03)
5247          	(4.574248e-01 4.152231e-01 2.223959e-01)	(4.430625e-01 4.109237e-01 2.180002e-01)	(1.436230e-02 4.299411e-03 4.395686e-03)
5248          	(4.570430e-01 4.148814e-01 2.218851e-01)	(4.426771e-01 4.105863e-01 2.174970e-01)	(1.436582e-02 4.295118e-03 4.388179e-03)
5249          	(4.566345e-01 4.145297e-01 2.213800e-01)	(4.422660e-01 4.102392e-01 2.169993e-01)	(1.436857e-02 4.290437e-03 4.380763e-03)
5250          	(4.562064e-01 4.141746e-01 2.208927e-01)	(4.418358e-01 4.098894e-01 2.165193e-01)	(1.437060e-02 4.285229e-03 4.373448e-03)
5251          	(4.557675e-01 4.138253e-01 2.204329e-01)	(4.413955e-01 4.095458e-01 2.160666e-01)	(1.437203e-02 4.279437e-03 4.366278e-03)
5252          	(4.553270e-01 4.134914e-01 2.200058e-01)	(4.409540e-01 4.092183e-01 2.156465e-01)	(1.437299e-02 4.273062e-03 4.359310e-03)
5253          	(4.548940e-01 4.131819e-01 2.196124e-01)	(4.405204e-01 4.089158e-01 2.152599e-01)	(1.437361e-02 4.266133e-03 4.352579e-03)
5254          	(4.544783e-01 4.129054e-01 2.192513e-01)	(4.401043e-01 4.086466e-01 2.149053e-01)	(1.437406e-02 4.258797e-03 4.346054e-03)
5255          	(4.540903e-01 4.126695e-01 2.189196e-01)	(4.397159e-01 4.084183e-01 2.145798e-01)	(1.437443e-02 4.251217e-03 4.339805e-03)
5256          	(4.537334e-01 4.124750e-01 2.186130e-01)	(4.393586e-01 4.082315e-01 2.142792e-01)	(1.437488e-02 4.243537e-03 4.333832e-03)
5257          	(4.534170e-01 4.123285e-01 2.183265e-01)	(4.390415e-01 4.080926e-01 2.139984e-01)	(1.437550e-02 4.235897e-03 4.328097e-03)
5258          	(4.531431e-01 4.122296e-01 2.180553e-01)	(4.387666e-01 4.080012e-01 2.137328e-01)	(1.437644e-02 4.228450e-03 4.322534e-03)
5259          	(4.529133e-01 4.121785e-01 2.177964e-01)	(4.385355e-01 4.079572e-01 2.134794e-01)	(1.437778e-02 4.221292e-03 4.317070e-03)
5260          	(4.527329e-01 4.121789e-01 2.175484e-01)	(4.383533e-01 4.079644e-01 2.132368e-01)	(1.437962e-02 4.214576e-03 4.311617e-03)
5261          	(4.526010e-01 4.122297e-01 2.173109e-01)	(4.382190e-01 4.080213e-01 2.130048e-01)	(1.438195e-02 4.208393e-03 4.306113e-03)
5262          	(4.525196e-01 4.123330e-01 2.170835e-01)	(4.381347e-01 4.081301e-01 2.127830e-01)	(1.438488e-02 4.202882e-03 4.300526e-03)
5263          	(4.525142e-01 4.125062e-01 2.168655e-01)	(4.381258e-01 4.083081e-01 2.125707e-01)	(1.438839e-02 4.198066e-03 4.294803e-03)
5264          	(4.525512e-01 4.127239e-01 2.166582e-01)	(4.381586e-01 4.085298e-01 2.123693e-01)	(1.439253e-02 4.194015e-03 4.288902e-03)
5265          	(4.526301e-01 4.129850e-01 2.164619e-01)	(4.382329e-01 4.087943e-01 2.121791e-01)	(1.439720e-02 4.190636e-03 4.282791e-03)
5266          	(4.527498e-01 4.132869e-01 2.162756e-01)	(4.383473e-01 4.090990e-01 2.119991e-01)	(1.440243e-02 4.187926e-03 4.276446e-03)
5267          	(4.529068e-01 4.136254e-01 2.160980e-01)	(4.384988e-01 4.094396e-01 2.118281e-01)	(1.440807e-02 4.185790e-03 4.269902e-03)
5268          	(4.530965e-01 4.139948e-01 2.159275e-01)	(4.386824e-01 4.098106e-01 2.116643e-01)	(1.441407e-02 4.184229e-03 4.263183e-03)
5269          	(4.533121e-01 4.143883e-01 2.157625e-01)	(4.388919e-01 4.102052e-01 2.115062e-01)	(1.442025e-02 4.183140e-03 4.256342e-03)
5270          	(4.535462e-01 4.147987e-01 2.156015e-01)	(4.391197e-01 4.106163e-01 2.113521e-01)	(1.442653e-02 4.182457e-03 4.249405e-03)
5271          	(4.537907e-01 4.152186e-01 2.154438e-01)	(4.393578e-01 4.110364e-01 2.112014e-01)	(1.443281e-02 4.182125e-03 4.242419e-03)
5272          	(4.540374e-01 4.156407e-01 2.152891e-01)	(4.395984e-01 4.114586e-01 2.110537e-01)	(1.443901e-02 4.182066e-03 4.235413e-03)
5273          	(4.542790e-01 4.160583e-01 2.151375e-01)	(4.398340e-01 4.118761e-01 2.109090e-01)	(1.444506e-02 4.182226e-03 4.228437e-03)
5274          	(4.545096e-01 4.164767e-01 2.149888e-01)	(4.400587e-01 4.122941e-01 2.107672e-01)	(1.445083e-02 4.182548e-03 4.221543e-03)
5275          	(4.547238e-01 4.168796e-01 2.148451e-01)	(4.402676e-01 4.126966e-01 2.106303e-01)	(1.445622e-02 4.182937e-03 4.214784e-03)
5276          	(4.549179e-01 4.172624e-01 2.147072e-01)	(4.404568e-01 4.130790e-01 2.104990e-01)	(1.446113e-02 4.183336e-03 4.208151e-03)
5277          	(4.550891e-01 4.176211e-01 2.145748e-01)	(4.406236e-01 4.134374e-01 2.103731e-01)	(1.446549e-02 4.183693e-03 4.201651e-03)
5278          	(4.552361e-01 4.179529e-01 2.144465e-01)	(4.407668e-01 4.137689e-01 2.102511e-01)	(1.446925e-02 4.183953e-03 4.195304e-03)
5279          	(4.553584e-01 4.182557e-01 2.143192e-01)	(4.408861e-01 4.140716e-01 2.101300e-01)	(1.447239e-02 4.184075e-03 4.189149e-03)
5280          	(4.554563e-01 4.185283e-01 2.141886e-01)	(4.409814e-01 4.143443e-01 2.100053e-01)	(1.447489e-02 4.184003e-03 4.183223e-03)
5281          	(4.555306e-01 4.187705e-01 2.140501e-01)	(4.410539e-01 4.145868e-01 2.098726e-01)	(1.447674e-02 4.183713e-03 4.177526e-03)
5282          	(4.555832e-01 4.189829e-01 2.139001e-01)	(4.411053e-01 4.147998e-01 2.097281e-01)	(1.447793e-02 4.183183e-03 4.172004e-03)
5283          	(4.556162e-01 4.191670e-01 2.137366e-01)	(4.411377e-01 4.149846e-01 2.095699e-01)	(1.447844e-02 4.182405e-03 4.166640e-03)
5284          	(4.556316e-01 4.193243e-01 2.135597e-01)	(4.411533e-01 4.151429e-01 2.093983e-01)	(1.447829e-02 4.181395e-03 4.161406e-03)
5285          	(4.556308e-01 4.194564e-01 2.133723e-01)	(4.411533e-01 4.152762e-01 2.092160e-01)	(1.447751e-02 4.180159e-03 4.156327e-03)
5286          	(4.556145e-01 4.195637e-01 2.131791e-01)	(4.411383e-01 4.153850e-01 2.090277e-01)	(1.447622e-02 4.178680e-03 4.151437e-03)
5287          	(4.555879e-01 4.196592e-01 2.129853e-01)	(4.411134e-01 4.154822e-01 2.088386e-01)	(1.447450e-02 4.176983e-03 4.146766e-03)
5288          	(4.555417e-01 4.197193e-01 2.127996e-01)	(4.410691e-01 4.155442e-01 2.086573e-01)	(1.447258e-02 4.175044e-03 4.142328e-03)
5289          	(4.554821e-01 4.197612e-01 2.126272e-01)	(4.410114e-01 4.155883e-01 2.084890e-01)	(1.447067e-02 4.172920e-03 4.138158e-03)
5290          	(4.554091e-01 4.197794e-01 2.124746e-01)	(4.409400e-01 4.156087e-01 2.083404e-01)	(1.446901e-02 4.170661e-03 4.134286e-03)
5291          	(4.553235e-01 4.197744e-01 2.123472e-01)	(4.408557e-01 4.156061e-01 2.082165e-01)	(1.446779e-02 4.168309e-03 4.130750e-03)
5292          	(4.552267e-01 4.197473e-01 2.122491e-01)	(4.407596e-01 4.155814e-01 2.081216e-01)	(1.446711e-02 4.165881e-03 4.127559e-03)
5293          	(4.551198e-01 4.196998e-01 2.121838e-01)	(4.406528e-01 4.155365e-01 2.080590e-01)	(1.446703e-02 4.163388e-03 4.124737e-03)
5294          	(4.550041e-01 4.196337e-01 2.121542e-01)	(4.405365e-01 4.154728e-01 2.080319e-01)	(1.446758e-02 4.160849e-03 4.122317e-03)
5295          	(4.548807e-01 4.195509e-01 2.121623e-01)	(4.404120e-01 4.153926e-01 2.080419e-01)	(1.446873e-02 4.158288e-03 4.120353e-03)
5296          	(4.547511e-01 4.194544e-01 2.122077e-01)	(4.402806e-01 4.152987e-01 2.080888e-01)	(1.447047e-02 4.155694e-03 4.118903e-03)
5297          	(4.546173e-01 4.193480e-01 2.122887e-01)	(4.401445e-01 4.151949e-01 2.081707e-01)	(1.447274e-02 4.153096e-03 4.118029e-03)
5298          	(4.544817e-01 4.192350e-01 2.124024e-01)	(4.400063e-01 4.150845e-01 2.082847e-01)	(1.447544e-02 4.150499e-03 4.117765e-03)
5299          	(4.543478e-01 4.191197e-01 2.125455e-01)	(4.398693e-01 4.149717e-01 2.084273e-01)	(1.447853e-02 4.147926e-03 4.118169e-03)
5300          	(4.542184e-01 4.190054e-01 2.127149e-01)	(4.397364e-01 4.148600e-01 2.085957e-01)	(1.448193e-02 4.145371e-03 4.119219e-03)
5301          	(4.540962e-01 4.188955e-01 2.129078e-01)	(4.396105e-01 4.147526e-01 2.087869e-01)	(1.448565e-02 4.142860e-03 4.120890e-03)
5302          	(4.539835e-01 4.187936e-01 2.131204e-01)	(4.394939e-01 4.146533e-01 2.089973e-01)	(1.448958e-02 4.140312e-03 4.123037e-03)
5303          	(4.538833e-01 4.187066e-01 2.133477e-01)	(4.393896e-01 4.145689e-01 2.092222e-01)	(1.449372e-02 4.137735e-03 4.125500e-03)
5304          	(4.537960e-01 4.186339e-01 2.135854e-01)	(4.392980e-01 4.144988e-01 2.094573e-01)	(1.449802e-02 4.135107e-03 4.128097e-03)
5305          	(4.537229e-01 4.185781e-01 2.138281e-01)	(4.392205e-01 4.144457e-01 2.096975e-01)	(1.450242e-02 4.132466e-03 4.130691e-03)
5306          	(4.536648e-01 4.185412e-01 2.140705e-01)	(4.391579e-01 4.144114e-01 2.099374e-01)	(1.450691e-02 4.129841e-03 4.133131e-03)
5307          	(4.536203e-01 4.185197e-01 2.143076e-01)	(4.391089e-01 4.143924e-01 2.101723e-01)	(1.451141e-02 4.127246e-03 4.135332e-03)
5308          	(4.535921e-01 4.185184e-01 2.145346e-01)	(4.390762e-01 4.143937e-01 2.103974e-01)	(1.451589e-02 4.124685e-03 4.137235e-03)
5309          	(4.535808e-01 4.185372e-01 2.147473e-01)	(4.390605e-01 4.144151e-01 2.106084e-01)	(1.452035e-02 4.122168e-03 4.138894e-03)
5310          	(4.535874e-01 4.185756e-01 2.149417e-01)	(4.390627e-01 4.144560e-01 2.108014e-01)	(1.452470e-02 4.119649e-03 4.140388e-03)
5311          	(4.536126e-01 4.186328e-01 2.151142e-01)	(4.390837e-01 4.145157e-01 2.109724e-01)	(1.452892e-02 4.117121e-03 4.141792e-03)
5312          	(4.536567e-01 4.187076e-01 2.152620e-01)	(4.391238e-01 4.145931e-01 2.111188e-01)	(1.453291e-02 4.114527e-03 4.143167e-03)
5313          	(4.537197e-01 4.187988e-01 2.153833e-01)	(4.391830e-01 4.146869e-01 2.112387e-01)	(1.453667e-02 4.111893e-03 4.144546e-03)
5314          	(4.537998e-01 4.189042e-01 2.154777e-01)	(4.392597e-01 4.147950e-01 2.113318e-01)	(1.454013e-02 4.109213e-03 4.145958e-03)
5315          	(4.538943e-01 4.190212e-01 2.155464e-01)	(4.393511e-01 4.149147e-01 2.113990e-01)	(1.454323e-02 4.106472e-03 4.147374e-03)
5316          	(4.539992e-01 4.191457e-01 2.155912e-01)	(4.394533e-01 4.150421e-01 2.114424e-01)	(1.454589e-02 4.103646e-03 4.148788e-03)
5317          	(4.541093e-01 4.192732e-01 2.156144e-01)	(4.395612e-01 4.151725e-01 2.114642e-01)	(1.454806e-02 4.100729e-03 4.150188e-03)
5318          	(4.542195e-01 4.193989e-01 2.156179e-01)	(4.396698e-01 4.153011e-01 2.114664e-01)	(1.454975e-02 4.097751e-03 4.151560e-03)
5319          	(4.543345e-01 4.195318e-01 2.156021e-01)	(4.397836e-01 4.154370e-01 2.114492e-01)	(1.455090e-02 4.094737e-03 4.152861e-03)
5320          	(4.544389e-01 4.196514e-01 2.155702e-01)	(4.398874e-01 4.155597e-01 2.114161e-01)	(1.455151e-02 4.091687e-03 4.154071e-03)
5321          	(4.545277e-01 4.197529e-01 2.155240e-01)	(4.399761e-01 4.156643e-01 2.113688e-01)	(1.455156e-02 4.088630e-03 4.155141e-03)
5322          	(4.545959e-01 4.198321e-01 2.154654e-01)	(4.400449e-01 4.157466e-01 2.113093e-01)	(1.455104e-02 4.085558e-03 4.156019e-03)
5323          	(4.546394e-01 4.198850e-01 2.153960e-01)	(4.400895e-01 4.158025e-01 2.112394e-01)	(1.454992e-02 4.082482e-03 4.156622e-03)
5324          	(4.546545e-01 4.199082e-01 2.153176e-01)	(4.401062e-01 4.158288e-01 2.111608e-01)	(1.454825e-02 4.079465e-03 4.156826e-03)
5325          	(4.547155e-01 4.199236e-01 2.152287e-01)	(4.401693e-01 4.158472e-01 2.110721e-01)	(1.454618e-02 4.076463e-03 4.156564e-03)
5326          	(4.545306e-01 4.198560e-01 2.151352e-01)	(4.399876e-01 4.157824e-01 2.109794e-01)	(1.454298e-02 4.073655e-03 4.155867e-03)
5327          	(4.543160e-01 4.197446e-01 2.150391e-01)	(4.397771e-01 4.156737e-01 2.108844e-01)	(1.453887e-02 4.070975e-03 4.154688e-03)
5328          	(4.541731e-01 4.196161e-01 2.149388e-01)	(4.396387e-01 4.155478e-01 2.107858e-01)	(1.453438e-02 4.068341e-03 4.152953e-03)
5329          	(4.539952e-01 4.194510e-01 2.148297e-01)	(4.394658e-01 4.153852e-01 2.106791e-01)	(1.452948e-02 4.065765e-03 4.150606e-03)
5330          	(4.536837e-01 4.192312e-01 2.147095e-01)	(4.391598e-01 4.151679e-01 2.105619e-01)	(1.452384e-02 4.063272e-03 4.147597e-03)
5331          	(4.534468e-01 4.189986e-01 2.145818e-01)	(4.389288e-01 4.149379e-01 2.104379e-01)	(1.451800e-02 4.060736e-03 4.143929e-03)
5332          	(4.532055e-01 4.187579e-01 2.144416e-01)	(4.386935e-01 4.146996e-01 2.103020e-01)	(1.451198e-02 4.058240e-03 4.139616e-03)
5333          	(4.529807e-01 4.185290e-01 2.142884e-01)	(4.384748e-01 4.144732e-01 2.101537e-01)	(1.450591e-02 4.055827e-03 4.134703e-03)
5334          	(4.527712e-01 4.183125e-01 2.141252e-01)	(4.382712e-01 4.142589e-01 2.099959e-01)	(1.449998e-02 4.053529e-03 4.129295e-03)
5335          	(4.525885e-01 4.181198e-01 2.139560e-01)	(4.380942e-01 4.140684e-01 2.098325e-01)	(1.449433e-02 4.051439e-03 4.123524e-03)
5336          	(4.524293e-01 4.179492e-01 2.137871e-01)	(4.379402e-01 4.138996e-01 2.096696e-01)	(1.448908e-02 4.049599e-03 4.117528e-03)
5337          	(4.522996e-01 4.178072e-01 2.136248e-01)	(4.378153e-01 4.137592e-01 2.095133e-01)	(1.448425e-02 4.048042e-03 4.111481e-03)
5338          	(4.521910e-01 4.176855e-01 2.134769e-01)	(4.377112e-01 4.136387e-01 2.093714e-01)	(1.447985e-02 4.046790e-03 4.105535e-03)
5339          	(4.521073e-01 4.175881e-01 2.133500e-01)	(4.376314e-01 4.135422e-01 2.092502e-01)	(1.447589e-02 4.045860e-03 4.099875e-03)
5340          	(4.520493e-01 4.175170e-01 2.132499e-01)	(4.375770e-01 4.134718e-01 2.091552e-01)	(1.447235e-02 4.045257e-03 4.094659e-03)
5341          	(4.520139e-01 4.174684e-01 2.131812e-01)	(4.375446e-01 4.134234e-01 2.090912e-01)	(1.446925e-02 4.044954e-03 4.090020e-03)
5342          	(4.519976e-01 4.174391e-01 2.131466e-01)	(4.375310e-01 4.133942e-01 2.090605e-01)	(1.446658e-02 4.044920e-03 4.086056e-03)
5343          	(4.516560e-01 4.172905e-01 2.131612e-01)	(4.371926e-01 4.132454e-01 2.090782e-01)	(1.446339e-02 4.045137e-03 4.083034e-03)
5344          	(4.516508e-01 4.172694e-01 2.131892e-01)	(4.371899e-01 4.132239e-01 2.091084e-01)	(1.446085e-02 4.045484e-03 4.080820e-03)
5345          	(4.516610e-01 4.172639e-01 2.132395e-01)	(4.372021e-01 4.132178e-01 2.091600e-01)	(1.445893e-02 4.046066e-03 4.079497e-03)
5346          	(4.516871e-01 4.172733e-01 2.133053e-01)	(4.372297e-01 4.132265e-01 2.092262e-01)	(1.445746e-02 4.046812e-03 4.079053e-03)
5347          	(4.517295e-01 4.172955e-01 2.133786e-01)	(4.372731e-01 4.132478e-01 2.092992e-01)	(1.445641e-02 4.047710e-03 4.079466e-03)
5348          	(4.517873e-01 4.173318e-01 2.134504e-01)	(4.373317e-01 4.132831e-01 2.093697e-01)	(1.445567e-02 4.048698e-03 4.080663e-03)
5349          	(4.518589e-01 4.173798e-01 2.135125e-01)	(4.374038e-01 4.133301e-01 2.094299e-01)	(1.445518e-02 4.049755e-03 4.082587e-03)
5350          	(4.519422e-01 4.174362e-01 2.135580e-01)	(4.374873e-01 4.133853e-01 2.094728e-01)	(1.445484e-02 4.050831e-03 4.085173e-03)
5351          	(4.520345e-01 4.174969e-01 2.135816e-01)	(4.375799e-01 4.134450e-01 2.094933e-01)	(1.445456e-02 4.051900e-03 4.088356e-03)
5352          	(4.521336e-01 4.175583e-01 2.135799e-01)	(4.376793e-01 4.135054e-01 2.094879e-01)	(1.445427e-02 4.052926e-03 4.092037e-03)
5353          	(4.522392e-01 4.176175e-01 2.135512e-01)	(4.377853e-01 4.135636e-01 2.094550e-01)	(1.445393e-02 4.053828e-03 4.096161e-03)
5354          	(4.523472e-01 4.176710e-01 2.134958e-01)	(4.378937e-01 4.136165e-01 2.093951e-01)	(1.445355e-02 4.054598e-03 4.100663e-03)
5355          	(4.524563e-01 4.177176e-01 2.134154e-01)	(4.380032e-01 4.136625e-01 2.093099e-01)	(1.445310e-02 4.055189e-03 4.105503e-03)
5356          	(4.525652e-01 4.177567e-01 2.133124e-01)	(4.381125e-01 4.137010e-01 2.092018e-01)	(1.445263e-02 4.055620e-03 4.110621e-03)
5357          	(4.526723e-01 4.177876e-01 2.131898e-01)	(4.382202e-01 4.137317e-01 2.090739e-01)	(1.445213e-02 4.055853e-03 4.115959e-03)
5358          	(4.527755e-01 4.178099e-01 2.130516e-01)	(4.383239e-01 4.137540e-01 2.089302e-01)	(1.445162e-02 4.055905e-03 4.121420e-03)
5359          	(4.528720e-01 4.178225e-01 2.129020e-01)	(4.384209e-01 4.137667e-01 2.087752e-01)	(1.445109e-02 4.055732e-03 4.126888e-03)
5360          	(4.529579e-01 4.178237e-01 2.127466e-01)	(4.385073e-01 4.137684e-01 2.086144e-01)	(1.445058e-02 4.055361e-03 4.132203e-03)
5361          	(4.530280e-01 4.178110e-01 2.125917e-01)	(4.385779e-01 4.137562e-01 2.084544e-01)	(1.445006e-02 4.054772e-03 4.137276e-03)
5362          	(4.530759e-01 4.177803e-01 2.124443e-01)	(4.386264e-01 4.137264e-01 2.083022e-01)	(1.444950e-02 4.053982e-03 4.142031e-03)
5363          	(4.530944e-01 4.177265e-01 2.123116e-01)	(4.386454e-01 4.136735e-01 2.081652e-01)	(1.444892e-02 4.053028e-03 4.146410e-03)
5364          	(4.530765e-01 4.176439e-01 2.122003e-01)	(4.386283e-01 4.135920e-01 2.080499e-01)	(1.444826e-02 4.051903e-03 4.150356e-03)
5365          	(4.530163e-01 4.175267e-01 2.121160e-01)	(4.385688e-01 4.134760e-01 2.079622e-01)	(1.444751e-02 4.050667e-03 4.153803e-03)
5366          	(4.529096e-01 4.173717e-01 2.120627e-01)	(4.384630e-01 4.133224e-01 2.079060e-01)	(1.444656e-02 4.049294e-03 4.156761e-03)
5367          	(4.527520e-01 4.171729e-01 2.120420e-01)	(4.383066e-01 4.131250e-01 2.078827e-01)	(1.444543e-02 4.047854e-03 4.159230e-03)
5368          	(4.525419e-01 4.169279e-01 2.120526e-01)	(4.380979e-01 4.128816e-01 2.078913e-01)	(1.444399e-02 4.046315e-03 4.161251e-03)
5369          	(4.522797e-01 4.166365e-01 2.120909e-01)	(4.378375e-01 4.125918e-01 2.079280e-01)	(1.444224e-02 4.044735e-03 4.162825e-03)
5370          	(4.519675e-01 4.162997e-01 2.121512e-01)	(4.375274e-01 4.122566e-01 2.079872e-01)	(1.444004e-02 4.043077e-03 4.163973e-03)
5371          	(4.516097e-01 4.159208e-01 2.122266e-01)	(4.371723e-01 4.118794e-01 2.080619e-01)	(1.443735e-02 4.041391e-03 4.164710e-03)
5372          	(4.512104e-01 4.155017e-01 2.123095e-01)	(4.367762e-01 4.114621e-01 2.081444e-01)	(1.443418e-02 4.039685e-03 4.165055e-03)
5373          	(4.507814e-01 4.150545e-01 2.123910e-01)	(4.363508e-01 4.110165e-01 2.082260e-01)	(1.443056e-02 4.037956e-03 4.165027e-03)
5374          	(4.503331e-01 4.145886e-01 2.124629e-01)	(4.359066e-01 4.105523e-01 2.082983e-01)	(1.442656e-02 4.036219e-03 4.164603e-03)
5375          	(4.498696e-01 4.141063e-01 2.125187e-01)	(4.354473e-01 4.100718e-01 2.083549e-01)	(1.442227e-02 4.034480e-03 4.163817e-03)
5376          	(4.494106e-01 4.136286e-01 2.125514e-01)	(4.349929e-01 4.095959e-01 2.083887e-01)	(1.441771e-02 4.032747e-03 4.162702e-03)
5377          	(4.489689e-01 4.131681e-01 2.125564e-01)	(4.345558e-01 4.091370e-01 2.083951e-01)	(1.441303e-02 4.031087e-03 4.161295e-03)
5378          	(4.485549e-01 4.127356e-01 2.125311e-01)	(4.341466e-01 4.087061e-01 2.083715e-01)	(1.440829e-02 4.029491e-03 4.159684e-03)
5379          	(4.481765e-01 4.123393e-01 2.124759e-01)	(4.337729e-01 4.083114e-01 2.083179e-01)	(1.440361e-02 4.027968e-03 4.157938e-03)
5380          	(4.478386e-01 4.119849e-01 2.123927e-01)	(4.334396e-01 4.079584e-01 2.082366e-01)	(1.439906e-02 4.026515e-03 4.156116e-03)
5381          	(4.475442e-01 4.116759e-01 2.122850e-01)	(4.331495e-01 4.076507e-01 2.081307e-01)	(1.439474e-02 4.025147e-03 4.154276e-03)
5382          	(4.472960e-01 4.114151e-01 2.121565e-01)	(4.329053e-01 4.073913e-01 2.080040e-01)	(1.439070e-02 4.023854e-03 4.152448e-03)
5383          	(4.471509e-01 4.112560e-01 2.120083e-01)	(4.327637e-01 4.072332e-01 2.078576e-01)	(1.438716e-02 4.022759e-03 4.150647e-03)
5384          	(4.470489e-01 4.111382e-01 2.118477e-01)	(4.326648e-01 4.071164e-01 2.076988e-01)	(1.438417e-02 4.021811e-03 4.148912e-03)
5385          	(4.469869e-01 4.110585e-01 2.116781e-01)	(4.326051e-01 4.070376e-01 2.075308e-01)	(1.438171e-02 4.020954e-03 4.147282e-03)
5386          	(4.469609e-01 4.110132e-01 2.115008e-01)	(4.325811e-01 4.069931e-01 2.073550e-01)	(1.437977e-02 4.020147e-03 4.145804e-03)
5387          	(4.467041e-01 4.108767e-01 2.113174e-01)	(4.323266e-01 4.068574e-01 2.071727e-01)	(1.437756e-02 4.019278e-03 4.144658e-03)
5388          	(4.467213e-01 4.108697e-01 2.111263e-01)	(4.323454e-01 4.068514e-01 2.069825e-01)	(1.437593e-02 4.018293e-03 4.143748e-03)
5389          	(4.467656e-01 4.108886e-01 2.109211e-01)	(4.323908e-01 4.068714e-01 2.067780e-01)	(1.437482e-02 4.017235e-03 4.143136e-03)
5390          	(4.468400e-01 4.109373e-01 2.106967e-01)	(4.324659e-01 4.069213e-01 2.065538e-01)	(1.437413e-02 4.016060e-03 4.142831e-03)
5391          	(4.469486e-01 4.110212e-01 2.104485e-01)	(4.325748e-01 4.070064e-01 2.063056e-01)	(1.437380e-02 4.014780e-03 4.142872e-03)
5392          	(4.470955e-01 4.111471e-01 2.101748e-01)	(4.327217e-01 4.071337e-01 2.060316e-01)	(1.437382e-02 4.013402e-03 4.143257e-03)
5393          	(4.472863e-01 4.113253e-01 2.098766e-01)	(4.329122e-01 4.073133e-01 2.057327e-01)	(1.437418e-02 4.011996e-03 4.143952e-03)
5394          	(4.475240e-01 4.115658e-01 2.095590e-01)	(4.331492e-01 4.075552e-01 2.054141e-01)	(1.437485e-02 4.010641e-03 4.144878e-03)
5395          	(4.478095e-01 4.118742e-01 2.092285e-01)	(4.334338e-01 4.078648e-01 2.050825e-01)	(1.437579e-02 4.009448e-03 4.145937e-03)
5396          	(4.481552e-01 4.122693e-01 2.088892e-01)	(4.337782e-01 4.082607e-01 2.047422e-01)	(1.437697e-02 4.008558e-03 4.146982e-03)
5397          	(4.485640e-01 4.127505e-01 2.085479e-01)	(4.341856e-01 4.087424e-01 2.044000e-01)	(1.437839e-02 4.008052e-03 4.147878e-03)
5398          	(4.489972e-01 4.132650e-01 2.082156e-01)	(4.346172e-01 4.092571e-01 2.040670e-01)	(1.438003e-02 4.007947e-03 4.148533e-03)
5399          	(4.494292e-01 4.137776e-01 2.078983e-01)	(4.350474e-01 4.097695e-01 2.037494e-01)	(1.438179e-02 4.008132e-03 4.148881e-03)
5400          	(4.498346e-01 4.142550e-01 2.075999e-01)	(4.354510e-01 4.102465e-01 2.034510e-01)	(1.438361e-02 4.008513e-03 4.148864e-03)
5401          	(4.501931e-01 4.146727e-01 2.073221e-01)	(4.358078e-01 4.106637e-01 2.031737e-01)	(1.438539e-02 4.008999e-03 4.148446e-03)
5402          	(4.504926e-01 4.150170e-01 2.070655e-01)	(4.361056e-01 4.110075e-01 2.029179e-01)	(1.438704e-02 4.009517e-03 4.147596e-03)
5403          	(4.507423e-01 4.152941e-01 2.068297e-01)	(4.363538e-01 4.112841e-01 2.026834e-01)	(1.438849e-02 4.010035e-03 4.146318e-03)
5404          	(4.508566e-01 4.154307e-01 2.066248e-01)	(4.364671e-01 4.114203e-01 2.024802e-01)	(1.438953e-02 4.010438e-03 4.144645e-03)
5405          	(4.508777e-01 4.154713e-01 2.064483e-01)	(4.364876e-01 4.114606e-01 2.023057e-01)	(1.439008e-02 4.010731e-03 4.142573e-03)
5406          	(4.508321e-01 4.154391e-01 2.063024e-01)	(4.364420e-01 4.114282e-01 2.021623e-01)	(1.439015e-02 4.010938e-03 4.140107e-03)
5407          	(4.507187e-01 4.153327e-01 2.061926e-01)	(4.363290e-01 4.113216e-01 2.020554e-01)	(1.438969e-02 4.011054e-03 4.137283e-03)
5408          	(4.505369e-01 4.151507e-01 2.061233e-01)	(4.361482e-01 4.111396e-01 2.019892e-01)	(1.438874e-02 4.011090e-03 4.134122e-03)
5409          	(4.502876e-01 4.148693e-01 2.060985e-01)	(4.359003e-01 4.108584e-01 2.019677e-01)	(1.438725e-02 4.010930e-03 4.130715e-03)
5410          	(4.499691e-01 4.145163e-01 2.061151e-01)	(4.355838e-01 4.105056e-01 2.019880e-01)	(1.438528e-02 4.010673e-03 4.127087e-03)
5411          	(4.495875e-01 4.140986e-01 2.061697e-01)	(4.352048e-01 4.100883e-01 2.020464e-01)	(1.438270e-02 4.010279e-03 4.123321e-03)
5412          	(4.491553e-01 4.136352e-01 2.062561e-01)	(4.347757e-01 4.096253e-01 2.021367e-01)	(1.437957e-02 4.009868e-03 4.119445e-03)
5413          	(4.486855e-01 4.131440e-01 2.063669e-01)	(4.343097e-01 4.091345e-01 2.022514e-01)	(1.437584e-02 4.009487e-03 4.115512e-03)
5414          	(4.481939e-01 4.126451e-01 2.064928e-01)	(4.338223e-01 4.086360e-01 2.023812e-01)	(1.437157e-02 4.009182e-03 4.111563e-03)
5415          	(4.473373e-01 4.120079e-01 2.066432e-01)	(4.329716e-01 4.079989e-01 2.025354e-01)	(1.436571e-02 4.008962e-03 4.107800e-03)
5416          	(4.468675e-01 4.115618e-01 2.067634e-01)	(4.325078e-01 4.075529e-01 2.026594e-01)	(1.435971e-02 4.008903e-03 4.104020e-03)
5417          	(4.464302e-01 4.111644e-01 2.068675e-01)	(4.320768e-01 4.071553e-01 2.027672e-01)	(1.435345e-02 4.009101e-03 4.100347e-03)
5418          	(4.460408e-01 4.108315e-01 2.069475e-01)	(4.316940e-01 4.068219e-01 2.028507e-01)	(1.434689e-02 4.009613e-03 4.096796e-03)
5419          	(4.457181e-01 4.105836e-01 2.069953e-01)	(4.313780e-01 4.065730e-01 2.029018e-01)	(1.434009e-02 4.010550e-03 4.093407e-03)
5420          	(4.454709e-01 4.104246e-01 2.070053e-01)	(4.311379e-01 4.064126e-01 2.029151e-01)	(1.433303e-02 4.011931e-03 4.090226e-03)
5421          	(4.453096e-01 4.103638e-01 2.069734e-01)	(4.309838e-01 4.063500e-01 2.028862e-01)	(1.432583e-02 4.013827e-03 4.087288e-03)
5422          	(4.452379e-01 4.103976e-01 2.068986e-01)	(4.309193e-01 4.063814e-01 2.028140e-01)	(1.431859e-02 4.016236e-03 4.084588e-03)
5423          	(4.452591e-01 4.105247e-01 2.067810e-01)	(4.309476e-01 4.065056e-01 2.026988e-01)	(1.431147e-02 4.019124e-03 4.082118e-03)
5424          	(4.453732e-01 4.107412e-01 2.066226e-01)	(4.310685e-01 4.067188e-01 2.025428e-01)	(1.430463e-02 4.022432e-03 4.079830e-03)
5425          	(4.455771e-01 4.110401e-01 2.064271e-01)	(4.312789e-01 4.070140e-01 2.023495e-01)	(1.429827e-02 4.026100e-03 4.077639e-03)
5426          	(4.458705e-01 4.114169e-01 2.061995e-01)	(4.315780e-01 4.073869e-01 2.021241e-01)	(1.429257e-02 4.030045e-03 4.075464e-03)
5427          	(4.462390e-01 4.118550e-01 2.059472e-01)	(4.319513e-01 4.078208e-01 2.018740e-01)	(1.428770e-02 4.034154e-03 4.073286e-03)
5428          	(4.466663e-01 4.123396e-01 2.056780e-01)	(4.323824e-01 4.083012e-01 2.016069e-01)	(1.428381e-02 4.038335e-03 4.071092e-03)
5429          	(4.471363e-01 4.128556e-01 2.054001e-01)	(4.328553e-01 4.088131e-01 2.013311e-01)	(1.428101e-02 4.042489e-03 4.068969e-03)
5430          	(4.476315e-01 4.133873e-01 2.051222e-01)	(4.333522e-01 4.093408e-01 2.010552e-01)	(1.427925e-02 4.046479e-03 4.067011e-03)
5431          	(4.481337e-01 4.139188e-01 2.048528e-01)	(4.338552e-01 4.098685e-01 2.007875e-01)	(1.427857e-02 4.050294e-03 4.065354e-03)
5432          	(4.486254e-01 4.144346e-01 2.045994e-01)	(4.343466e-01 4.103808e-01 2.005353e-01)	(1.427876e-02 4.053823e-03 4.064109e-03)
5433          	(4.490908e-01 4.149204e-01 2.043680e-01)	(4.348110e-01 4.108633e-01 2.003046e-01)	(1.427979e-02 4.057090e-03 4.063363e-03)
5434          	(4.495187e-01 4.153605e-01 2.041635e-01)	(4.352372e-01 4.113005e-01 2.001004e-01)	(1.428145e-02 4.059988e-03 4.063138e-03)
5435          	(4.498947e-01 4.157457e-01 2.039897e-01)	(4.356110e-01 4.116832e-01 1.999263e-01)	(1.428371e-02 4.062550e-03 4.063448e-03)
5436          	(4.502105e-01 4.160662e-01 2.038502e-01)	(4.359242e-01 4.120015e-01 1.997860e-01)	(1.428637e-02 4.064695e-03 4.064257e-03)
5437          	(4.504559e-01 4.163156e-01 2.037485e-01)	(4.361666e-01 4.122491e-01 1.996829e-01)	(1.428936e-02 4.066513e-03 4.065559e-03)
5438          	(4.506256e-01 4.164889e-01 2.036877e-01)	(4.363332e-01 4.124209e-01 1.996205e-01)	(1.429247e-02 4.067976e-03 4.067265e-03)
5439          	(4.507154e-01 4.165785e-01 2.036716e-01)	(4.364198e-01 4.125093e-01 1.996023e-01)	(1.429561e-02 4.069186e-03 4.069296e-03)
5440          	(4.507262e-01 4.165863e-01 2.037030e-01)	(4.364276e-01 4.125161e-01 1.996315e-01)	(1.429856e-02 4.070149e-03 4.071529e-03)
5441          	(4.506575e-01 4.165103e-01 2.037841e-01)	(4.363562e-01 4.124394e-01 1.997102e-01)	(1.430129e-02 4.070900e-03 4.073869e-03)
5442          	(4.505114e-01 4.163583e-01 2.039142e-01)	(4.362078e-01 4.122869e-01 1.998380e-01)	(1.430366e-02 4.071388e-03 4.076211e-03)
5443          	(4.502894e-01 4.161216e-01 2.040942e-01)	(4.359838e-01 4.120500e-01 2.000157e-01)	(1.430564e-02 4.071563e-03 4.078512e-03)
5444          	(4.499929e-01 4.157932e-01 2.043215e-01)	(4.356857e-01 4.117219e-01 2.002407e-01)	(1.430719e-02 4.071322e-03 4.080726e-03)
5445          	(4.496295e-01 4.153903e-01 2.045890e-01)	(4.353213e-01 4.113197e-01 2.005062e-01)	(1.430822e-02 4.070659e-03 4.082802e-03)
5446          	(4.489709e-01 4.148104e-01 2.049167e-01)	(4.346629e-01 4.107409e-01 2.008318e-01)	(1.430800e-02 4.069524e-03 4.084877e-03)
5447          	(4.485165e-01 4.143180e-01 2.052255e-01)	(4.342091e-01 4.102500e-01 2.011389e-01)	(1.430742e-02 4.068020e-03 4.086580e-03)
5448          	(4.480225e-01 4.137789e-01 2.055515e-01)	(4.337160e-01 4.097127e-01 2.014635e-01)	(1.430644e-02 4.066136e-03 4.087994e-03)
5449          	(4.471851e-01 4.130318e-01 2.059276e-01)	(4.328809e-01 4.089681e-01 2.018383e-01)	(1.430425e-02 4.063671e-03 4.089308e-03)
5450          	(4.466519e-01 4.124428e-01 2.062618e-01)	(4.323499e-01 4.083819e-01 2.021716e-01)	(1.430201e-02 4.060809e-03 4.090150e-03)
5451          	(4.461114e-01 4.118424e-01 2.065978e-01)	(4.318118e-01 4.077848e-01 2.025070e-01)	(1.429963e-02 4.057554e-03 4.090740e-03)
5452          	(4.455751e-01 4.112437e-01 2.069315e-01)	(4.312780e-01 4.071898e-01 2.028404e-01)	(1.429708e-02 4.053917e-03 4.091093e-03)
5453          	(4.450558e-01 4.106614e-01 2.072563e-01)	(4.307614e-01 4.066115e-01 2.031650e-01)	(1.429432e-02 4.049953e-03 4.091286e-03)
5454          	(4.445674e-01 4.101106e-01 2.075634e-01)	(4.302760e-01 4.060649e-01 2.034720e-01)	(1.429134e-02 4.045716e-03 4.091381e-03)
5455          	(4.441232e-01 4.096057e-01 2.078422e-01)	(4.298352e-01 4.055644e-01 2.037508e-01)	(1.428805e-02 4.041280e-03 4.091446e-03)
5456          	(4.437361e-01 4.091599e-01 2.080816e-01)	(4.294516e-01 4.051232e-01 2.039901e-01)	(1.428445e-02 4.036755e-03 4.091510e-03)
5457          	(4.431644e-01 4.086516e-01 2.082928e-01)	(4.288845e-01 4.046195e-01 2.042010e-01)	(1.427983e-02 4.032129e-03 4.091797e-03)
5458          	(4.429147e-01 4.083473e-01 2.084139e-01)	(4.286396e-01 4.043198e-01 2.043218e-01)	(1.427518e-02 4.027573e-03 4.092055e-03)
5459          	(4.427498e-01 4.081277e-01 2.084660e-01)	(4.284794e-01 4.041045e-01 2.043736e-01)	(1.427043e-02 4.023188e-03 4.092398e-03)
5460          	(4.426758e-01 4.079954e-01 2.084451e-01)	(4.284102e-01 4.039764e-01 2.043522e-01)	(1.426564e-02 4.019000e-03 4.092836e-03)
5461          	(4.426974e-01 4.079555e-01 2.083489e-01)	(4.284365e-01 4.039405e-01 2.042555e-01)	(1.426085e-02 4.015053e-03 4.093390e-03)
5462          	(4.428136e-01 4.080095e-01 2.081790e-01)	(4.285574e-01 4.039981e-01 2.040849e-01)	(1.425620e-02 4.011376e-03 4.094043e-03)
5463          	(4.430184e-01 4.081509e-01 2.079415e-01)	(4.287666e-01 4.041429e-01 2.038467e-01)	(1.425181e-02 4.007948e-03 4.094782e-03)
5464          	(4.433002e-01 4.083706e-01 2.076467e-01)	(4.290524e-01 4.043659e-01 2.035511e-01)	(1.424784e-02 4.004759e-03 4.095561e-03)
5465          	(4.436436e-01 4.086564e-01 2.073073e-01)	(4.293992e-01 4.046546e-01 2.032109e-01)	(1.424444e-02 4.001760e-03 4.096355e-03)
5466          	(4.440308e-01 4.089930e-01 2.069385e-01)	(4.297890e-01 4.049940e-01 2.028414e-01)	(1.424175e-02 3.998926e-03 4.097142e-03)
5467          	(4.444441e-01 4.093643e-01 2.065560e-01)	(4.302043e-01 4.053680e-01 2.024580e-01)	(1.423986e-02 3.996270e-03 4.097929e-03)
5468          	(4.448659e-01 4.097547e-01 2.061744e-01)	(4.306270e-01 4.057609e-01 2.020757e-01)	(1.423883e-02 3.993795e-03 4.098694e-03)
5469          	(4.452804e-01 4.101468e-01 2.058084e-01)	(4.310417e-01 4.061553e-01 2.017089e-01)	(1.423868e-02 3.991521e-03 4.099462e-03)
5470          	(4.456726e-01 4.105248e-01 2.054711e-01)	(4.314332e-01 4.065353e-01 2.013708e-01)	(1.423940e-02 3.989468e-03 4.100260e-03)
5471          	(4.460285e-01 4.108730e-01 2.051744e-01)	(4.317876e-01 4.068854e-01 2.010732e-01)	(1.424092e-02 3.987627e-03 4.101145e-03)
5472          	(4.463352e-01 4.111764e-01 2.049286e-01)	(4.320921e-01 4.071904e-01 2.008264e-01)	(1.424316e-02 3.985976e-03 4.102186e-03)
5473          	(4.465825e-01 4.114221e-01 2.047409e-01)	(4.323365e-01 4.074376e-01 2.006374e-01)	(1.424600e-02 3.984528e-03 4.103500e-03)
5474          	(4.467583e-01 4.115976e-01 2.046151e-01)	(4.325090e-01 4.076143e-01 2.005099e-01)	(1.424931e-02 3.983264e-03 4.105187e-03)
5475          	(4.468640e-01 4.116990e-01 2.045504e-01)	(4.326111e-01 4.077169e-01 2.004430e-01)	(1.425291e-02 3.982138e-03 4.107323e-03)
5476          	(4.468988e-01 4.117228e-01 2.045425e-01)	(4.326421e-01 4.077417e-01 2.004326e-01)	(1.425667e-02 3.981133e-03 4.109930e-03)
5477          	(4.468645e-01 4.116687e-01 2.045845e-01)	(4.326040e-01 4.076885e-01 2.004715e-01)	(1.426044e-02 3.980224e-03 4.112982e-03)
5478          	(4.467650e-01 4.115400e-01 2.046669e-01)	(4.325008e-01 4.075606e-01 2.005505e-01)	(1.426413e-02 3.979386e-03 4.116386e-03)
5479          	(4.466060e-01 4.113429e-01 2.047795e-01)	(4.323384e-01 4.073643e-01 2.006595e-01)	(1.426763e-02 3.978612e-03 4.120012e-03)
5480          	(4.463943e-01 4.110853e-01 2.049123e-01)	(4.321235e-01 4.071074e-01 2.007886e-01)	(1.427086e-02 3.977903e-03 4.123679e-03)
5481          	(4.461399e-01 4.107785e-01 2.050550e-01)	(4.318661e-01 4.068013e-01 2.009277e-01)	(1.427378e-02 3.977260e-03 4.127236e-03)
5482          	(4.458537e-01 4.104351e-01 2.051985e-01)	(4.315773e-01 4.064584e-01 2.010679e-01)	(1.427636e-02 3.976681e-03 4.130533e-03)
5483          	(4.455477e-01 4.100690e-01 2.053350e-01)	(4.312691e-01 4.060928e-01 2.012015e-01)	(1.427865e-02 3.976180e-03 4.133458e-03)
5484          	(4.452350e-01 4.096946e-01 2.054579e-01)	(4.309543e-01 4.057188e-01 2.013220e-01)	(1.428067e-02 3.975761e-03 4.135898e-03)
5485          	(4.449287e-01 4.093269e-01 2.055621e-01)	(4.306463e-01 4.053514e-01 2.014243e-01)	(1.428246e-02 3.975477e-03 4.137824e-03)
5486          	(4.446413e-01 4.089802e-01 2.056442e-01)	(4.303573e-01 4.050048e-01 2.015049e-01)	(1.428406e-02 3.975376e-03 4.139235e-03)
5487          	(4.443839e-01 4.086671e-01 2.057020e-01)	(4.300985e-01 4.046916e-01 2.015618e-01)	(1.428544e-02 3.975515e-03 4.140176e-03)
5488          	(4.441652e-01 4.083981e-01 2.057348e-01)	(4.298786e-01 4.044222e-01 2.015941e-01)	(1.428657e-02 3.975937e-03 4.140686e-03)
5489          	(4.439924e-01 4.081817e-01 2.057421e-01)	(4.297050e-01 4.042050e-01 2.016013e-01)	(1.428742e-02 3.976668e-03 4.140822e-03)
5490          	(4.438715e-01 4.080242e-01 2.057240e-01)	(4.295835e-01 4.040466e-01 2.015833e-01)	(1.428796e-02 3.977689e-03 4.140622e-03)
5491          	(4.438074e-01 4.079321e-01 2.056802e-01)	(4.295193e-01 4.039531e-01 2.015401e-01)	(1.428815e-02 3.978987e-03 4.140126e-03)
5492          	(4.438103e-01 4.079133e-01 2.056112e-01)	(4.295222e-01 4.039327e-01 2.014719e-01)	(1.428802e-02 3.980548e-03 4.139346e-03)
5493          	(4.438883e-01 4.079723e-01 2.055181e-01)	(4.296007e-01 4.039900e-01 2.013798e-01)	(1.428763e-02 3.982333e-03 4.138306e-03)
5494          	(4.440317e-01 4.080990e-01 2.054028e-01)	(4.297447e-01 4.041147e-01 2.012658e-01)	(1.428703e-02 3.984261e-03 4.137010e-03)
5495          	(4.442449e-01 4.082920e-01 2.052670e-01)	(4.299586e-01 4.043057e-01 2.011316e-01)	(1.428631e-02 3.986261e-03 4.135469e-03)
5496          	(4.445072e-01 4.085337e-01 2.051137e-01)	(4.302216e-01 4.045454e-01 2.009800e-01)	(1.428555e-02 3.988250e-03 4.133681e-03)
5497          	(4.448045e-01 4.088104e-01 2.049454e-01)	(4.305196e-01 4.048202e-01 2.008137e-01)	(1.428483e-02 3.990155e-03 4.131638e-03)
5498          	(4.451200e-01 4.091065e-01 2.047649e-01)	(4.308358e-01 4.051146e-01 2.006355e-01)	(1.428422e-02 3.991892e-03 4.129320e-03)
5499          	(4.454364e-01 4.094066e-01 2.045749e-01)	(4.311527e-01 4.054132e-01 2.004482e-01)	(1.428372e-02 3.993376e-03 4.126734e-03)
5500          	(4.457361e-01 4.096948e-01 2.043783e-01)	(4.314528e-01 4.057002e-01 2.002544e-01)	(1.428335e-02 3.994552e-03 4.123886e-03)
5501          	(4.460059e-01 4.099599e-01 2.041783e-01)	(4.317228e-01 4.059645e-01 2.000574e-01)	(1.428312e-02 3.995418e-03 4.120832e-03)
5502          	(4.462340e-01 4.101914e-01 2.039783e-01)	(4.319510e-01 4.061954e-01 1.998607e-01)	(1.428300e-02 3.995963e-03 4.117597e-03)
5503          	(4.464031e-01 4.103757e-01 2.037828e-01)	(4.321201e-01 4.063796e-01 1.996686e-01)	(1.428296e-02 3.996183e-03 4.114242e-03)
5504          	(4.465198e-01 4.105147e-01 2.035940e-01)	(4.322368e-01 4.065187e-01 1.994832e-01)	(1.428299e-02 3.996081e-03 4.110808e-03)
5505          	(4.465816e-01 4.106058e-01 2.034150e-01)	(4.322986e-01 4.066101e-01 1.993077e-01)	(1.428308e-02 3.995679e-03 4.107361e-03)
5506          	(4.465878e-01 4.106481e-01 2.032479e-01)	(4.323047e-01 4.066531e-01 1.991440e-01)	(1.428318e-02 3.994978e-03 4.103919e-03)
5507          	(4.465389e-01 4.106427e-01 2.030944e-01)	(4.322556e-01 4.066487e-01 1.989939e-01)	(1.428329e-02 3.993997e-03 4.100513e-03)
5508          	(4.464373e-01 4.105928e-01 2.029551e-01)	(4.321539e-01 4.066000e-01 1.988579e-01)	(1.428339e-02 3.992720e-03 4.097144e-03)
5509          	(4.462868e-01 4.105039e-01 2.028300e-01)	(4.320033e-01 4.065127e-01 1.987362e-01)	(1.428348e-02 3.991160e-03 4.093815e-03)
5510          	(4.460939e-01 4.103819e-01 2.027189e-01)	(4.318104e-01 4.063926e-01 1.986284e-01)	(1.428355e-02 3.989336e-03 4.090513e-03)
5511          	(4.458663e-01 4.102357e-01 2.026213e-01)	(4.315827e-01 4.062484e-01 1.985340e-01)	(1.428355e-02 3.987317e-03 4.087256e-03)
5512          	(4.456129e-01 4.100722e-01 2.025365e-01)	(4.313294e-01 4.060870e-01 1.984524e-01)	(1.428348e-02 3.985145e-03 4.084050e-03)
5513          	(4.453431e-01 4.098994e-01 2.024636e-01)	(4.310598e-01 4.059166e-01 1.983827e-01)	(1.428334e-02 3.982876e-03 4.080912e-03)
5514          	(4.450671e-01 4.097256e-01 2.024020e-01)	(4.307839e-01 4.057450e-01 1.983242e-01)	(1.428316e-02 3.980547e-03 4.077844e-03)
5515          	(4.447952e-01 4.095575e-01 2.023506e-01)	(4.305123e-01 4.055793e-01 1.982757e-01)	(1.428299e-02 3.978208e-03 4.074881e-03)
5516          	(4.445387e-01 4.094059e-01 2.023072e-01)	(4.302559e-01 4.054300e-01 1.982351e-01)	(1.428285e-02 3.975901e-03 4.072047e-03)
5517          	(4.443079e-01 4.092790e-01 2.022693e-01)	(4.300251e-01 4.053053e-01 1.981999e-01)	(1.428280e-02 3.973680e-03 4.069386e-03)
5518          	(4.439486e-01 4.091579e-01 2.022306e-01)	(4.296663e-01 4.051862e-01 1.981636e-01)	(1.428231e-02 3.971716e-03 4.066959e-03)
5519          	(4.437890e-01 4.090827e-01 2.021964e-01)	(4.295069e-01 4.051129e-01 1.981317e-01)	(1.428210e-02 3.969836e-03 4.064755e-03)
5520          	(4.436758e-01 4.090461e-01 2.021566e-01)	(4.293937e-01 4.050780e-01 1.980937e-01)	(1.428208e-02 3.968138e-03 4.062831e-03)
5521          	(4.436126e-01 4.090520e-01 2.021067e-01)	(4.293303e-01 4.050854e-01 1.980455e-01)	(1.428222e-02 3.966674e-03 4.061181e-03)
5522          	(4.436100e-01 4.091124e-01 2.020416e-01)	(4.293275e-01 4.051469e-01 1.979818e-01)	(1.428250e-02 3.965487e-03 4.059786e-03)
5523          	(4.436729e-01 4.092320e-01 2.019577e-01)	(4.293900e-01 4.052674e-01 1.978991e-01)	(1.428291e-02 3.964640e-03 4.058640e-03)
5524          	(4.438034e-01 4.094128e-01 2.018528e-01)	(4.295200e-01 4.054486e-01 1.977951e-01)	(1.428344e-02 3.964163e-03 4.057705e-03)
5525          	(4.439996e-01 4.096528e-01 2.017265e-01)	(4.297155e-01 4.056887e-01 1.976695e-01)	(1.428409e-02 3.964100e-03 4.056961e-03)
5526          	(4.442559e-01 4.099476e-01 2.015799e-01)	(4.299711e-01 4.059832e-01 1.975236e-01)	(1.428482e-02 3.964456e-03 4.056362e-03)
5527          	(4.445715e-01 4.102981e-01 2.014156e-01)	(4.302858e-01 4.063328e-01 1.973597e-01)	(1.428566e-02 3.965252e-03 4.055892e-03)
5528          	(4.449292e-01 4.106868e-01 2.012380e-01)	(4.306426e-01 4.067203e-01 1.971824e-01)	(1.428660e-02 3.966441e-03 4.055525e-03)
5529          	(4.453178e-01 4.111037e-01 2.010521e-01)	(4.310302e-01 4.071357e-01 1.969969e-01)	(1.428766e-02 3.967976e-03 4.055253e-03)
5530          	(4.457264e-01 4.115388e-01 2.008639e-01)	(4.314376e-01 4.075690e-01 1.968088e-01)	(1.428886e-02 3.969802e-03 4.055049e-03)
5531          	(4.461442e-01 4.119822e-01 2.006794e-01)	(4.318540e-01 4.080103e-01 1.966245e-01)	(1.429023e-02 3.971882e-03 4.054906e-03)
5532          	(4.466275e-01 4.124646e-01 2.005023e-01)	(4.323356e-01 4.084904e-01 1.964475e-01)	(1.429192e-02 3.974253e-03 4.054760e-03)
5533          	(4.470178e-01 4.128824e-01 2.003474e-01)	(4.327241e-01 4.089055e-01 1.962927e-01)	(1.429366e-02 3.976837e-03 4.054705e-03)
5534          	(4.473825e-01 4.132752e-01 2.002154e-01)	(4.330870e-01 4.092956e-01 1.961606e-01)	(1.429543e-02 3.979587e-03 4.054721e-03)
5535          	(4.477086e-01 4.136265e-01 2.001098e-01)	(4.334113e-01 4.096441e-01 1.960550e-01)	(1.429721e-02 3.982449e-03 4.054826e-03)
5536          	(4.482708e-01 4.140582e-01 2.000263e-01)	(4.339711e-01 4.100727e-01 1.959714e-01)	(1.429973e-02 3.985433e-03 4.054888e-03)
5537          	(4.485084e-01 4.143313e-01 1.999805e-01)	(4.342064e-01 4.103428e-01 1.959255e-01)	(1.430194e-02 3.988501e-03 4.055080e-03)
5538          	(4.486923e-01 4.145559e-01 1.999658e-01)	(4.343885e-01 4.105643e-01 1.959105e-01)	(1.430381e-02 3.991588e-03 4.055241e-03)
5539          	(4.488164e-01 4.147182e-01 1.999815e-01)	(4.345111e-01 4.107236e-01 1.959261e-01)	(1.430535e-02 3.994639e-03 4.055370e-03)
5540          	(4.488793e-01 4.148228e-01 2.000246e-01)	(4.345729e-01 4.108252e-01 1.959692e-01)	(1.430649e-02 3.997626e-03 4.055462e-03)
5541          	(4.488811e-01 4.148682e-01 2.000917e-01)	(4.345739e-01 4.108677e-01 1.960362e-01)	(1.430720e-02 4.000542e-03 4.055503e-03)
5542          	(4.488251e-01 4.148560e-01 2.001782e-01)	(4.345177e-01 4.108527e-01 1.961227e-01)	(1.430741e-02 4.003354e-03 4.055484e-03)
5543          	(4.487178e-01 4.147908e-01 2.002790e-01)	(4.344107e-01 4.107847e-01 1.962236e-01)	(1.430711e-02 4.006068e-03 4.055406e-03)
5544          	(4.485677e-01 4.146853e-01 2.003887e-01)	(4.342614e-01 4.106766e-01 1.963334e-01)	(1.430626e-02 4.008698e-03 4.055255e-03)
5545          	(4.483841e-01 4.145394e-01 2.005027e-01)	(4.340792e-01 4.105281e-01 1.964477e-01)	(1.430490e-02 4.011248e-03 4.055013e-03)
5546          	(4.481759e-01 4.143601e-01 2.006169e-01)	(4.338728e-01 4.103464e-01 1.965623e-01)	(1.430302e-02 4.013681e-03 4.054658e-03)
5547          	(4.480998e-01 4.141807e-01 2.007330e-01)	(4.337986e-01 4.101648e-01 1.966789e-01)	(1.430117e-02 4.015890e-03 4.054129e-03)
5548          	(4.478970e-01 4.139828e-01 2.008303e-01)	(4.335982e-01 4.099647e-01 1.967768e-01)	(1.429881e-02 4.018080e-03 4.053453e-03)
5549          	(4.476976e-01 4.137702e-01 2.009170e-01)	(4.334015e-01 4.097500e-01 1.968643e-01)	(1.429603e-02 4.020163e-03 4.052634e-03)
5550          	(4.475007e-01 4.135527e-01 2.009891e-01)	(4.332077e-01 4.095305e-01 1.969375e-01)	(1.429294e-02 4.022147e-03 4.051652e-03)
5551          	(4.473095e-01 4.133342e-01 2.010428e-01)	(4.330199e-01 4.093102e-01 1.969923e-01)	(1.428960e-02 4.024037e-03 4.050539e-03)
5552          	(4.471271e-01 4.131187e-01 2.010745e-01)	(4.328411e-01 4.090929e-01 1.970252e-01)	(1.428607e-02 4.025806e-03 4.049295e-03)
5553          	(4.469595e-01 4.129135e-01 2.010817e-01)	(4.326770e-01 4.088861e-01 1.970338e-01)	(1.428248e-02 4.027451e-03 4.047926e-03)
5554          	(4.468151e-01 4.127287e-01 2.010633e-01)	(4.325362e-01 4.086997e-01 1.970170e-01)	(1.427892e-02 4.028965e-03 4.046378e-03)
5555          	(4.466914e-01 4.125627e-01 2.010203e-01)	(4.324159e-01 4.085323e-01 1.969757e-01)	(1.427542e-02 4.030345e-03 4.044652e-03)
5556          	(4.465922e-01 4.124202e-01 2.009544e-01)	(4.323201e-01 4.083885e-01 1.969117e-01)	(1.427211e-02 4.031636e-03 4.042698e-03)
5557          	(4.465189e-01 4.123028e-01 2.008685e-01)	(4.322498e-01 4.082699e-01 1.968280e-01)	(1.426906e-02 4.032883e-03 4.040534e-03)
5558          	(4.464720e-01 4.122115e-01 2.007665e-01)	(4.322057e-01 4.081774e-01 1.967284e-01)	(1.426630e-02 4.034081e-03 4.038159e-03)
5559          	(4.464522e-01 4.121470e-01 2.006534e-01)	(4.321883e-01 4.081118e-01 1.966178e-01)	(1.426389e-02 4.035279e-03 4.035619e-03)
5560          	(4.464617e-01 4.121119e-01 2.005348e-01)	(4.321998e-01 4.080754e-01 1.965019e-01)	(1.426190e-02 4.036501e-03 4.032946e-03)
5561          	(4.464956e-01 4.121027e-01 2.004178e-01)	(4.322353e-01 4.080650e-01 1.963875e-01)	(1.426032e-02 4.037763e-03 4.030235e-03)
5562          	(4.465567e-01 4.121239e-01 2.003090e-01)	(4.322976e-01 4.080848e-01 1.962814e-01)	(1.425915e-02 4.039075e-03 4.027545e-03)
5563          	(4.466430e-01 4.121745e-01 2.002148e-01)	(4.323846e-01 4.081340e-01 1.961898e-01)	(1.425842e-02 4.040474e-03 4.024979e-03)
5564          	(4.467520e-01 4.122546e-01 2.001402e-01)	(4.324940e-01 4.082126e-01 1.961176e-01)	(1.425808e-02 4.041946e-03 4.022609e-03)
5565          	(4.468817e-01 4.123607e-01 2.000894e-01)	(4.326235e-01 4.083172e-01 1.960689e-01)	(1.425816e-02 4.043510e-03 4.020529e-03)
5566          	(4.470270e-01 4.124881e-01 2.000649e-01)	(4.327684e-01 4.084430e-01 1.960461e-01)	(1.425859e-02 4.045145e-03 4.018792e-03)
5567          	(4.471821e-01 4.126307e-01 2.000670e-01)	(4.329228e-01 4.085839e-01 1.960496e-01)	(1.425935e-02 4.046857e-03 4.017446e-03)
5568          	(4.473403e-01 4.127817e-01 2.000949e-01)	(4.330800e-01 4.087331e-01 1.960784e-01)	(1.426034e-02 4.048615e-03 4.016479e-03)
5569          	(4.475043e-01 4.129448e-01 2.001459e-01)	(4.332428e-01 4.088944e-01 1.961300e-01)	(1.426149e-02 4.050442e-03 4.015852e-03)
5570          	(4.476561e-01 4.130997e-01 2.002179e-01)	(4.333934e-01 4.090474e-01 1.962024e-01)	(1.426272e-02 4.052315e-03 4.015499e-03)
5571          	(4.477060e-01 4.132433e-01 2.003156e-01)	(4.334424e-01 4.091890e-01 1.963002e-01)	(1.426361e-02 4.054303e-03 4.015415e-03)
5572          	(4.478178e-01 4.133632e-01 2.004175e-01)	(4.335533e-01 4.093070e-01 1.964020e-01)	(1.426455e-02 4.056152e-03 4.015482e-03)
5573          	(4.477804e-01 4.134019e-01 2.005411e-01)	(4.335153e-01 4.093440e-01 1.965254e-01)	(1.426514e-02 4.057836e-03 4.015712e-03)
5574          	(4.478022e-01 4.134123e-01 2.006619e-01)	(4.335365e-01 4.093530e-01 1.966459e-01)	(1.426572e-02 4.059211e-03 4.015983e-03)
5575          	(4.477719e-01 4.133605e-01 2.007875e-01)	(4.335058e-01 4.093003e-01 1.967712e-01)	(1.426614e-02 4.060253e-03 4.016315e-03)
5576          	(4.477083e-01 4.132679e-01 2.009143e-01)	(4.334419e-01 4.092069e-01 1.968975e-01)	(1.426635e-02 4.061004e-03 4.016721e-03)
5577          	(4.476167e-01 4.131437e-01 2.010377e-01)	(4.333505e-01 4.090822e-01 1.970205e-01)	(1.426627e-02 4.061495e-03 4.017231e-03)
5578          	(4.475013e-01 4.129901e-01 2.011543e-01)	(4.332354e-01 4.089284e-01 1.971365e-01)	(1.426590e-02 4.061746e-03 4.017812e-03)
5579          	(4.473673e-01 4.128138e-01 2.012592e-01)	(4.331020e-01 4.087520e-01 1.972408e-01)	(1.426526e-02 4.061804e-03 4.018430e-03)
5580          	(4.472207e-01 4.126220e-01 2.013479e-01)	(4.329563e-01 4.085604e-01 1.973289e-01)	(1.426433e-02 4.061676e-03 4.019026e-03)
5581          	(4.470674e-01 4.124220e-01 2.014166e-01)	(4.328043e-01 4.083606e-01 1.973970e-01)	(1.426314e-02 4.061409e-03 4.019536e-03)
5582          	(4.469128e-01 4.122202e-01 2.014623e-01)	(4.326511e-01 4.081591e-01 1.974424e-01)	(1.426171e-02 4.061024e-03 4.019885e-03)
5583          	(4.467614e-01 4.120218e-01 2.014830e-01)	(4.325013e-01 4.079613e-01 1.974630e-01)	(1.426004e-02 4.060537e-03 4.020000e-03)
5584          	(4.466168e-01 4.118315e-01 2.014775e-01)	(4.323587e-01 4.077715e-01 1.974577e-01)	(1.425813e-02 4.059987e-03 4.019773e-03)
5585          	(4.464823e-01 4.116527e-01 2.014453e-01)	(4.322263e-01 4.075933e-01 1.974261e-01)	(1.425600e-02 4.059407e-03 4.019117e-03)
5586          	(4.463601e-01 4.114880e-01 2.013867e-01)	(4.321064e-01 4.074292e-01 1.973688e-01)	(1.425368e-02 4.058820e-03 4.017939e-03)
5587          	(4.462524e-01 4.113395e-01 2.013028e-01)	(4.320012e-01 4.072813e-01 1.972866e-01)	(1.425117e-02 4.058243e-03 4.016243e-03)
5588          	(4.461561e-01 4.112005e-01 2.011957e-01)	(4.319076e-01 4.071428e-01 1.971816e-01)	(1.424854e-02 4.057699e-03 4.014043e-03)
5589          	(4.460782e-01 4.110821e-01 2.010663e-01)	(4.318324e-01 4.070250e-01 1.970549e-01)	(1.424580e-02 4.057178e-03 4.011397e-03)
5590          	(4.460197e-01 4.109864e-01 2.009165e-01)	(4.317767e-01 4.069297e-01 1.969082e-01)	(1.424304e-02 4.056727e-03 4.008333e-03)
5591          	(4.459807e-01 4.109144e-01 2.007481e-01)	(4.317404e-01 4.068580e-01 1.967432e-01)	(1.424029e-02 4.056370e-03 4.004915e-03)
5592          	(4.459601e-01 4.108659e-01 2.005632e-01)	(4.317225e-01 4.068098e-01 1.965620e-01)	(1.423755e-02 4.056101e-03 4.001237e-03)
5593          	(4.459552e-01 4.108393e-01 2.003646e-01)	(4.317204e-01 4.067834e-01 1.963672e-01)	(1.423485e-02 4.055944e-03 3.997395e-03)
5594          	(4.459632e-01 4.108340e-01 2.001548e-01)	(4.317310e-01 4.067781e-01 1.961614e-01)	(1.423223e-02 4.055903e-03 3.993431e-03)
5595          	(4.459797e-01 4.108443e-01 1.999372e-01)	(4.317500e-01 4.067884e-01 1.959479e-01)	(1.422975e-02 4.055963e-03 3.989377e-03)
5596          	(4.459990e-01 4.108603e-01 1.997155e-01)	(4.317715e-01 4.068042e-01 1.957303e-01)	(1.422744e-02 4.056052e-03 3.985270e-03)
5597          	(4.460162e-01 4.108790e-01 1.994931e-01)	(4.317908e-01 4.068229e-01 1.955120e-01)	(1.422534e-02 4.056135e-03 3.981133e-03)
5598          	(4.460277e-01 4.108967e-01 1.992739e-01)	(4.318042e-01 4.068405e-01 1.952969e-01)	(1.422350e-02 4.056201e-03 3.976980e-03)
5599          	(4.460303e-01 4.109095e-01 1.990624e-01)	(4.318084e-01 4.068533e-01 1.950895e-01)	(1.422189e-02 4.056236e-03 3.972879e-03)
5600          	(4.460149e-01 4.109090e-01 1.988636e-01)	(4.317944e-01 4.068528e-01 1.948947e-01)	(1.422049e-02 4.056204e-03 3.968891e-03)
5601          	(4.459842e-01 4.108976e-01 1.986828e-01)	(4.317649e-01 4.068415e-01 1.947177e-01)	(1.421931e-02 4.056151e-03 3.965093e-03)
5602          	(4.458489e-01 4.108612e-01 1.985241e-01)	(4.316309e-01 4.068051e-01 1.945625e-01)	(1.421799e-02 4.056140e-03 3.961588e-03)
5603          	(4.458117e-01 4.108398e-01 1.983954e-01)	(4.315947e-01 4.067837e-01 1.944370e-01)	(1.421699e-02 4.056119e-03 3.958435e-03)
5604          	(4.457710e-01 4.108152e-01 1.982987e-01)	(4.315548e-01 4.067591e-01 1.943430e-01)	(1.421623e-02 4.056118e-03 3.955719e-03)
5605          	(4.457254e-01 4.107850e-01 1.982371e-01)	(4.315097e-01 4.067289e-01 1.942835e-01)	(1.421565e-02 4.056150e-03 3.953517e-03)
5606          	(4.456722e-01 4.107442e-01 1.982120e-01)	(4.314570e-01 4.066880e-01 1.942602e-01)	(1.421520e-02 4.056179e-03 3.951877e-03)
5607          	(4.456136e-01 4.106954e-01 1.982219e-01)	(4.313987e-01 4.066392e-01 1.942710e-01)	(1.421487e-02 4.056222e-03 3.950861e-03)
5608          	(4.455529e-01 4.106428e-01 1.982615e-01)	(4.313383e-01 4.065865e-01 1.943110e-01)	(1.421461e-02 4.056273e-03 3.950487e-03)
5609          	(4.454935e-01 4.105918e-01 1.983234e-01)	(4.312791e-01 4.065354e-01 1.943726e-01)	(1.421437e-02 4.056346e-03 3.950747e-03)
5610          	(4.454402e-01 4.105471e-01 1.983994e-01)	(4.312261e-01 4.064907e-01 1.944478e-01)	(1.421411e-02 4.056461e-03 3.951584e-03)
5611          	(4.453966e-01 4.105130e-01 1.984820e-01)	(4.311828e-01 4.064564e-01 1.945291e-01)	(1.421375e-02 4.056637e-03 3.952937e-03)
5612          	(4.453649e-01 4.104919e-01 1.985650e-01)	(4.311516e-01 4.064350e-01 1.946103e-01)	(1.421330e-02 4.056927e-03 3.954723e-03)
5613          	(4.453459e-01 4.104844e-01 1.986438e-01)	(4.311333e-01 4.064271e-01 1.946869e-01)	(1.421267e-02 4.057313e-03 3.956861e-03)
5614          	(4.453390e-01 4.104894e-01 1.987155e-01)	(4.311271e-01 4.064316e-01 1.947563e-01)	(1.421194e-02 4.057834e-03 3.959258e-03)
5615          	(4.453425e-01 4.105044e-01 1.987790e-01)	(4.311314e-01 4.064460e-01 1.948172e-01)	(1.421108e-02 4.058426e-03 3.961800e-03)
5616          	(4.453538e-01 4.105285e-01 1.988342e-01)	(4.311436e-01 4.064694e-01 1.948698e-01)	(1.421016e-02 4.059112e-03 3.964385e-03)
5617          	(4.453698e-01 4.105553e-01 1.988822e-01)	(4.311607e-01 4.064954e-01 1.949152e-01)	(1.420911e-02 4.059850e-03 3.966980e-03)
5618          	(4.454627e-01 4.105774e-01 1.989264e-01)	(4.312544e-01 4.065168e-01 1.949569e-01)	(1.420821e-02 4.060575e-03 3.969576e-03)
5619          	(4.453544e-01 4.105347e-01 1.989711e-01)	(4.311477e-01 4.064733e-01 1.949988e-01)	(1.420671e-02 4.061376e-03 3.972291e-03)
5620          	(4.452830e-01 4.104778e-01 1.990096e-01)	(4.310781e-01 4.064156e-01 1.950346e-01)	(1.420491e-02 4.062119e-03 3.975022e-03)
5621          	(4.453424e-01 4.104817e-01 1.990382e-01)	(4.311391e-01 4.064188e-01 1.950606e-01)	(1.420328e-02 4.062868e-03 3.977647e-03)
5622          	(4.453619e-01 4.104693e-01 1.990686e-01)	(4.311603e-01 4.064057e-01 1.950885e-01)	(1.420162e-02 4.063631e-03 3.980161e-03)
5623          	(4.453715e-01 4.104407e-01 1.991050e-01)	(4.311716e-01 4.063764e-01 1.951225e-01)	(1.419991e-02 4.064310e-03 3.982570e-03)
5624          	(4.453947e-01 4.103911e-01 1.991530e-01)	(4.311964e-01 4.063263e-01 1.951682e-01)	(1.419829e-02 4.064846e-03 3.984852e-03)
5625          	(4.453972e-01 4.103176e-01 1.992150e-01)	(4.312005e-01 4.062524e-01 1.952280e-01)	(1.419671e-02 4.065191e-03 3.987028e-03)
5626          	(4.452621e-01 4.101778e-01 1.992967e-01)	(4.310673e-01 4.061125e-01 1.953075e-01)	(1.419477e-02 4.065308e-03 3.989127e-03)
5627          	(4.451947e-01 4.100697e-01 1.993790e-01)	(4.310019e-01 4.060045e-01 1.953880e-01)	(1.419283e-02 4.065205e-03 3.991006e-03)
5628          	(4.450997e-01 4.099291e-01 1.994707e-01)	(4.309088e-01 4.058643e-01 1.954780e-01)	(1.419089e-02 4.064814e-03 3.992657e-03)
5629          	(4.449744e-01 4.097540e-01 1.995710e-01)	(4.307854e-01 4.056899e-01 1.955769e-01)	(1.418892e-02 4.064100e-03 3.994077e-03)
5630          	(4.448165e-01 4.095424e-01 1.996795e-01)	(4.306296e-01 4.054794e-01 1.956843e-01)	(1.418691e-02 4.063007e-03 3.995271e-03)
5631          	(4.446272e-01 4.092997e-01 1.997952e-01)	(4.304424e-01 4.052381e-01 1.957990e-01)	(1.418489e-02 4.061530e-03 3.996255e-03)
5632          	(4.444047e-01 4.090208e-01 1.999179e-01)	(4.302219e-01 4.049612e-01 1.959208e-01)	(1.418285e-02 4.059638e-03 3.997036e-03)
5633          	(4.441517e-01 4.087120e-01 2.000456e-01)	(4.299709e-01 4.046546e-01 1.960480e-01)	(1.418083e-02 4.057365e-03 3.997635e-03)
5634          	(4.438679e-01 4.083761e-01 2.001763e-01)	(4.296891e-01 4.043214e-01 1.961782e-01)	(1.417877e-02 4.054697e-03 3.998111e-03)
5635          	(4.435666e-01 4.080333e-01 2.003056e-01)	(4.293898e-01 4.039816e-01 1.963071e-01)	(1.417671e-02 4.051717e-03 3.998489e-03)
5636          	(4.430745e-01 4.076300e-01 2.004369e-01)	(4.289004e-01 4.035814e-01 1.964381e-01)	(1.417415e-02 4.048503e-03 3.998844e-03)
5637          	(4.427722e-01 4.073035e-01 2.005505e-01)	(4.286003e-01 4.032585e-01 1.965514e-01)	(1.417187e-02 4.045062e-03 3.999082e-03)
5638          	(4.424822e-01 4.069974e-01 2.006541e-01)	(4.283123e-01 4.029559e-01 1.966549e-01)	(1.416991e-02 4.041490e-03 3.999202e-03)
