# Moment      
# CofR        : (0.000000e+00 0.000000e+00 0.000000e+00)
#
# Time        	(total_x total_y total_z)	(pressure_x pressure_y pressure_z)	(viscous_x viscous_y viscous_z)
5001          	(3.833029e-03 1.557100e-02 -1.421674e-02)	(3.770326e-03 1.525993e-02 -1.396195e-02)	(6.270234e-05 3.110693e-04 -2.547970e-04)
5002          	(3.828193e-03 1.555756e-02 -1.420783e-02)	(3.765313e-03 1.524645e-02 -1.395322e-02)	(6.288044e-05 3.111050e-04 -2.546105e-04)
5003          	(3.822965e-03 1.554563e-02 -1.420198e-02)	(3.759900e-03 1.523449e-02 -1.394756e-02)	(6.306444e-05 3.111428e-04 -2.544167e-04)
5004          	(3.817495e-03 1.553543e-02 -1.419890e-02)	(3.754250e-03 1.522425e-02 -1.394467e-02)	(6.324528e-05 3.111795e-04 -2.542330e-04)
5005          	(3.811691e-03 1.552709e-02 -1.419837e-02)	(3.748267e-03 1.521587e-02 -1.394431e-02)	(6.342373e-05 3.112210e-04 -2.540529e-04)
5006          	(3.805323e-03 1.552057e-02 -1.420033e-02)	(3.741735e-03 1.520930e-02 -1.394644e-02)	(6.358809e-05 3.112628e-04 -2.538959e-04)
5007          	(3.798085e-03 1.551546e-02 -1.420471e-02)	(3.734345e-03 1.520415e-02 -1.395096e-02)	(6.373995e-05 3.113098e-04 -2.537516e-04)
5008          	(3.789667e-03 1.551136e-02 -1.421151e-02)	(3.725798e-03 1.520000e-02 -1.395787e-02)	(6.386884e-05 3.113575e-04 -2.536373e-04)
5009          	(3.779847e-03 1.550788e-02 -1.422069e-02)	(3.715871e-03 1.519647e-02 -1.396715e-02)	(6.397583e-05 3.114081e-04 -2.535399e-04)
5010          	(3.768557e-03 1.550473e-02 -1.423214e-02)	(3.704505e-03 1.519327e-02 -1.397867e-02)	(6.405189e-05 3.114569e-04 -2.534747e-04)
5011          	(3.755965e-03 1.550178e-02 -1.424557e-02)	(3.691865e-03 1.519027e-02 -1.399215e-02)	(6.410050e-05 3.115063e-04 -2.534216e-04)
5012          	(3.742490e-03 1.549905e-02 -1.426066e-02)	(3.678377e-03 1.518750e-02 -1.400726e-02)	(6.411277e-05 3.115494e-04 -2.533944e-04)
5013          	(3.728726e-03 1.549679e-02 -1.427660e-02)	(3.664628e-03 1.518520e-02 -1.402323e-02)	(6.409714e-05 3.115907e-04 -2.533718e-04)
5014          	(3.715425e-03 1.549533e-02 -1.429253e-02)	(3.651377e-03 1.518371e-02 -1.403917e-02)	(6.404799e-05 3.116249e-04 -2.533663e-04)
5015          	(3.703292e-03 1.549502e-02 -1.430765e-02)	(3.639315e-03 1.518336e-02 -1.405429e-02)	(6.397696e-05 3.116588e-04 -2.533569e-04)
5016          	(3.692634e-03 1.549593e-02 -1.432124e-02)	(3.628752e-03 1.518424e-02 -1.406788e-02)	(6.388153e-05 3.116899e-04 -2.533597e-04)
5017          	(3.684670e-03 1.549881e-02 -1.433266e-02)	(3.620897e-03 1.518709e-02 -1.407930e-02)	(6.377293e-05 3.117232e-04 -2.533576e-04)
5018          	(3.679881e-03 1.550372e-02 -1.434153e-02)	(3.616233e-03 1.519196e-02 -1.408816e-02)	(6.364805e-05 3.117534e-04 -2.533680e-04)
5019          	(3.678501e-03 1.551053e-02 -1.434766e-02)	(3.614983e-03 1.519875e-02 -1.409428e-02)	(6.351752e-05 3.117841e-04 -2.533776e-04)
5020          	(3.680871e-03 1.551919e-02 -1.435114e-02)	(3.617492e-03 1.520738e-02 -1.409774e-02)	(6.337906e-05 3.118093e-04 -2.534034e-04)
5021          	(3.686466e-03 1.552925e-02 -1.435166e-02)	(3.623222e-03 1.521741e-02 -1.409823e-02)	(6.324399e-05 3.118329e-04 -2.534296e-04)
5022          	(3.694947e-03 1.554016e-02 -1.434908e-02)	(3.631834e-03 1.522831e-02 -1.409561e-02)	(6.311241e-05 3.118521e-04 -2.534693e-04)
5023          	(3.705826e-03 1.555124e-02 -1.434320e-02)	(3.642828e-03 1.523936e-02 -1.408970e-02)	(6.299792e-05 3.118734e-04 -2.535032e-04)
5024          	(3.718533e-03 1.556207e-02 -1.433414e-02)	(3.655630e-03 1.525017e-02 -1.408060e-02)	(6.290294e-05 3.118961e-04 -2.535386e-04)
5025          	(3.732425e-03 1.557218e-02 -1.432196e-02)	(3.669585e-03 1.526025e-02 -1.406841e-02)	(6.283997e-05 3.119273e-04 -2.535558e-04)
5026          	(3.746741e-03 1.558101e-02 -1.430687e-02)	(3.683931e-03 1.526904e-02 -1.405331e-02)	(6.281002e-05 3.119672e-04 -2.535626e-04)
5027          	(3.760648e-03 1.558800e-02 -1.428924e-02)	(3.697827e-03 1.527598e-02 -1.403570e-02)	(6.282153e-05 3.120206e-04 -2.535391e-04)
5028          	(3.773244e-03 1.559268e-02 -1.426986e-02)	(3.710371e-03 1.528060e-02 -1.401637e-02)	(6.287233e-05 3.120869e-04 -2.534958e-04)
5029          	(3.783865e-03 1.559487e-02 -1.424977e-02)	(3.720902e-03 1.528270e-02 -1.399635e-02)	(6.296282e-05 3.121664e-04 -2.534214e-04)
5030          	(3.791947e-03 1.559438e-02 -1.423010e-02)	(3.728861e-03 1.528212e-02 -1.397676e-02)	(6.308571e-05 3.122565e-04 -2.533312e-04)
5031          	(3.797273e-03 1.559141e-02 -1.421176e-02)	(3.734034e-03 1.527905e-02 -1.395855e-02)	(6.323900e-05 3.123564e-04 -2.532142e-04)
5032          	(3.799962e-03 1.558635e-02 -1.419556e-02)	(3.736548e-03 1.527388e-02 -1.394248e-02)	(6.341369e-05 3.124622e-04 -2.530875e-04)
5033          	(3.800138e-03 1.557940e-02 -1.418224e-02)	(3.736531e-03 1.526683e-02 -1.392930e-02)	(6.360686e-05 3.125720e-04 -2.529409e-04)
5034          	(3.798230e-03 1.557153e-02 -1.417223e-02)	(3.734422e-03 1.525885e-02 -1.391943e-02)	(6.380787e-05 3.126826e-04 -2.527966e-04)
5035          	(3.794810e-03 1.556347e-02 -1.416571e-02)	(3.730795e-03 1.525067e-02 -1.391307e-02)	(6.401561e-05 3.127962e-04 -2.526480e-04)
5036          	(3.790443e-03 1.555580e-02 -1.416267e-02)	(3.726222e-03 1.524289e-02 -1.391016e-02)	(6.422070e-05 3.129081e-04 -2.525107e-04)
5037          	(3.785621e-03 1.554906e-02 -1.416283e-02)	(3.721197e-03 1.523604e-02 -1.391045e-02)	(6.442439e-05 3.130226e-04 -2.523812e-04)
5038          	(3.780541e-03 1.554329e-02 -1.416611e-02)	(3.715924e-03 1.523015e-02 -1.391383e-02)	(6.461724e-05 3.131345e-04 -2.522761e-04)
5039          	(3.775285e-03 1.553858e-02 -1.417237e-02)	(3.710486e-03 1.522533e-02 -1.392018e-02)	(6.479920e-05 3.132462e-04 -2.521915e-04)
5040          	(3.769778e-03 1.553474e-02 -1.418147e-02)	(3.704816e-03 1.522138e-02 -1.392933e-02)	(6.496181e-05 3.133527e-04 -2.521424e-04)
5041          	(3.763847e-03 1.553148e-02 -1.419337e-02)	(3.698742e-03 1.521803e-02 -1.394125e-02)	(6.510452e-05 3.134538e-04 -2.521201e-04)
5042          	(3.757288e-03 1.552849e-02 -1.420809e-02)	(3.692069e-03 1.521495e-02 -1.395596e-02)	(6.521880e-05 3.135433e-04 -2.521350e-04)
5043          	(3.742953e-03 1.552432e-02 -1.425547e-02)	(3.677675e-03 1.521071e-02 -1.400325e-02)	(6.527794e-05 3.136136e-04 -2.522192e-04)
5044          	(3.737588e-03 1.552270e-02 -1.426968e-02)	(3.672275e-03 1.520904e-02 -1.401737e-02)	(6.531299e-05 3.136582e-04 -2.523105e-04)
5045          	(3.732057e-03 1.552109e-02 -1.428442e-02)	(3.666730e-03 1.520739e-02 -1.403203e-02)	(6.532718e-05 3.136943e-04 -2.523986e-04)
5046          	(3.725882e-03 1.551943e-02 -1.430031e-02)	(3.660570e-03 1.520572e-02 -1.404781e-02)	(6.531183e-05 3.137110e-04 -2.524987e-04)
5047          	(3.719833e-03 1.551814e-02 -1.431730e-02)	(3.654560e-03 1.520443e-02 -1.406470e-02)	(6.527275e-05 3.137112e-04 -2.525944e-04)
5048          	(3.714113e-03 1.551745e-02 -1.433488e-02)	(3.648909e-03 1.520376e-02 -1.408218e-02)	(6.520396e-05 3.136904e-04 -2.526998e-04)
5049          	(3.709279e-03 1.551770e-02 -1.435255e-02)	(3.644165e-03 1.520404e-02 -1.409975e-02)	(6.511373e-05 3.136533e-04 -2.527989e-04)
5050          	(3.705151e-03 1.551863e-02 -1.436950e-02)	(3.640154e-03 1.520503e-02 -1.411660e-02)	(6.499755e-05 3.135970e-04 -2.529054e-04)
5051          	(3.702863e-03 1.552103e-02 -1.438519e-02)	(3.637999e-03 1.520751e-02 -1.413219e-02)	(6.486403e-05 3.135262e-04 -2.530061e-04)
5052          	(3.703757e-03 1.552553e-02 -1.439934e-02)	(3.639046e-03 1.521209e-02 -1.414623e-02)	(6.471120e-05 3.134366e-04 -2.531178e-04)
5053          	(3.706906e-03 1.553146e-02 -1.441099e-02)	(3.642358e-03 1.521812e-02 -1.415776e-02)	(6.454806e-05 3.133340e-04 -2.532276e-04)
5054          	(3.712273e-03 1.553873e-02 -1.441972e-02)	(3.647898e-03 1.522551e-02 -1.416638e-02)	(6.437516e-05 3.132189e-04 -2.533446e-04)
5055          	(3.719728e-03 1.554715e-02 -1.442507e-02)	(3.655525e-03 1.523405e-02 -1.417162e-02)	(6.420344e-05 3.130990e-04 -2.534546e-04)
5056          	(3.729028e-03 1.555642e-02 -1.442669e-02)	(3.664991e-03 1.524344e-02 -1.417313e-02)	(6.403736e-05 3.129783e-04 -2.535637e-04)
5057          	(3.739823e-03 1.556619e-02 -1.442438e-02)	(3.675934e-03 1.525333e-02 -1.417073e-02)	(6.388897e-05 3.128652e-04 -2.536546e-04)
5058          	(3.751628e-03 1.557598e-02 -1.441803e-02)	(3.687865e-03 1.526321e-02 -1.416429e-02)	(6.376345e-05 3.127642e-04 -2.537324e-04)
5059          	(3.763928e-03 1.558535e-02 -1.440780e-02)	(3.700257e-03 1.527267e-02 -1.415402e-02)	(6.367109e-05 3.126827e-04 -2.537812e-04)
5060          	(3.776052e-03 1.559377e-02 -1.439400e-02)	(3.712438e-03 1.528115e-02 -1.414019e-02)	(6.361449e-05 3.126231e-04 -2.538067e-04)
5061          	(3.787247e-03 1.560064e-02 -1.437761e-02)	(3.723648e-03 1.528805e-02 -1.412381e-02)	(6.359872e-05 3.125891e-04 -2.537997e-04)
5062          	(3.796808e-03 1.560556e-02 -1.435984e-02)	(3.733190e-03 1.529298e-02 -1.410607e-02)	(6.361777e-05 3.125768e-04 -2.537716e-04)
5063          	(3.804308e-03 1.560840e-02 -1.434181e-02)	(3.740636e-03 1.529581e-02 -1.408809e-02)	(6.367237e-05 3.125874e-04 -2.537158e-04)
5064          	(3.809494e-03 1.560912e-02 -1.432450e-02)	(3.745742e-03 1.529650e-02 -1.407085e-02)	(6.375238e-05 3.126134e-04 -2.536457e-04)
5065          	(3.812235e-03 1.560778e-02 -1.430891e-02)	(3.748379e-03 1.529513e-02 -1.405536e-02)	(6.385642e-05 3.126546e-04 -2.535563e-04)
5066          	(3.812634e-03 1.560474e-02 -1.429599e-02)	(3.748659e-03 1.529203e-02 -1.404253e-02)	(6.397447e-05 3.127052e-04 -2.534632e-04)
5067          	(3.811027e-03 1.560048e-02 -1.428609e-02)	(3.746923e-03 1.528771e-02 -1.403272e-02)	(6.410324e-05 3.127645e-04 -2.533654e-04)
5068          	(3.807872e-03 1.559559e-02 -1.427930e-02)	(3.743638e-03 1.528276e-02 -1.402602e-02)	(6.423469e-05 3.128285e-04 -2.532768e-04)
5069          	(3.803700e-03 1.559066e-02 -1.427541e-02)	(3.739331e-03 1.527776e-02 -1.402222e-02)	(6.436911e-05 3.128996e-04 -2.531948e-04)
5070          	(3.798995e-03 1.558619e-02 -1.427409e-02)	(3.734495e-03 1.527321e-02 -1.402096e-02)	(6.450052e-05 3.129758e-04 -2.531322e-04)
5071          	(3.794158e-03 1.558252e-02 -1.427489e-02)	(3.729529e-03 1.526946e-02 -1.402180e-02)	(6.462915e-05 3.130590e-04 -2.530859e-04)
5072          	(3.789426e-03 1.557981e-02 -1.427753e-02)	(3.724676e-03 1.526666e-02 -1.402446e-02)	(6.475008e-05 3.131482e-04 -2.530699e-04)
5073          	(3.784906e-03 1.557803e-02 -1.428184e-02)	(3.720042e-03 1.526479e-02 -1.402877e-02)	(6.486432e-05 3.132437e-04 -2.530764e-04)
5074          	(3.780574e-03 1.557699e-02 -1.428779e-02)	(3.715608e-03 1.526365e-02 -1.403468e-02)	(6.496603e-05 3.133417e-04 -2.531167e-04)
5075          	(3.776308e-03 1.557641e-02 -1.429547e-02)	(3.711253e-03 1.526297e-02 -1.404229e-02)	(6.505546e-05 3.134399e-04 -2.531779e-04)
5076          	(3.771971e-03 1.557599e-02 -1.430502e-02)	(3.706845e-03 1.526246e-02 -1.405175e-02)	(6.512631e-05 3.135322e-04 -2.532694e-04)
5077          	(3.767499e-03 1.557548e-02 -1.431650e-02)	(3.702320e-03 1.526187e-02 -1.406312e-02)	(6.517877e-05 3.136157e-04 -2.533778e-04)
5078          	(3.762886e-03 1.557470e-02 -1.432988e-02)	(3.697679e-03 1.526102e-02 -1.407637e-02)	(6.520627e-05 3.136833e-04 -2.535109e-04)
5079          	(3.758340e-03 1.557377e-02 -1.434495e-02)	(3.693128e-03 1.526003e-02 -1.409129e-02)	(6.521225e-05 3.137347e-04 -2.536532e-04)
5080          	(3.754138e-03 1.557289e-02 -1.436141e-02)	(3.688946e-03 1.525912e-02 -1.410760e-02)	(6.519166e-05 3.137645e-04 -2.538121e-04)
5081          	(3.750664e-03 1.557238e-02 -1.437870e-02)	(3.685515e-03 1.525861e-02 -1.412473e-02)	(6.514905e-05 3.137734e-04 -2.539703e-04)
5082          	(3.748339e-03 1.557261e-02 -1.439604e-02)	(3.683258e-03 1.525885e-02 -1.414190e-02)	(6.508128e-05 3.137590e-04 -2.541374e-04)
5083          	(3.747503e-03 1.557378e-02 -1.441260e-02)	(3.682508e-03 1.526006e-02 -1.415830e-02)	(6.499547e-05 3.137251e-04 -2.542967e-04)
5084          	(3.748374e-03 1.557608e-02 -1.442760e-02)	(3.683484e-03 1.526241e-02 -1.417314e-02)	(6.488921e-05 3.136707e-04 -2.544614e-04)
5085          	(3.751057e-03 1.557957e-02 -1.444047e-02)	(3.686287e-03 1.526597e-02 -1.418585e-02)	(6.477003e-05 3.136005e-04 -2.546175e-04)
5086          	(3.755570e-03 1.558429e-02 -1.445082e-02)	(3.690932e-03 1.527077e-02 -1.419604e-02)	(6.463771e-05 3.135153e-04 -2.547766e-04)
5087          	(3.761851e-03 1.559012e-02 -1.445828e-02)	(3.697349e-03 1.527670e-02 -1.420336e-02)	(6.450219e-05 3.134220e-04 -2.549239e-04)
5088          	(3.769785e-03 1.559703e-02 -1.446272e-02)	(3.705420e-03 1.528371e-02 -1.420765e-02)	(6.436538e-05 3.133235e-04 -2.550715e-04)
5089          	(3.779173e-03 1.560487e-02 -1.446398e-02)	(3.714935e-03 1.529164e-02 -1.420877e-02)	(6.423779e-05 3.132274e-04 -2.552044e-04)
5090          	(3.789547e-03 1.561317e-02 -1.446170e-02)	(3.725422e-03 1.530003e-02 -1.420637e-02)	(6.412467e-05 3.131400e-04 -2.553301e-04)
5091          	(3.800822e-03 1.562221e-02 -1.445672e-02)	(3.736789e-03 1.530914e-02 -1.420128e-02)	(6.403360e-05 3.130674e-04 -2.554364e-04)
5092          	(3.812155e-03 1.563078e-02 -1.444885e-02)	(3.748188e-03 1.531776e-02 -1.419332e-02)	(6.396708e-05 3.130120e-04 -2.555299e-04)
5093          	(3.823403e-03 1.563902e-02 -1.443851e-02)	(3.759471e-03 1.532604e-02 -1.418291e-02)	(6.393227e-05 3.129789e-04 -2.555970e-04)
5094          	(3.833987e-03 1.564644e-02 -1.442634e-02)	(3.770059e-03 1.533347e-02 -1.417069e-02)	(6.392769e-05 3.129686e-04 -2.556489e-04)
5095          	(3.843570e-03 1.565285e-02 -1.441296e-02)	(3.779615e-03 1.533987e-02 -1.415729e-02)	(6.395449e-05 3.129814e-04 -2.556763e-04)
5096          	(3.851731e-03 1.565800e-02 -1.439933e-02)	(3.787723e-03 1.534498e-02 -1.414364e-02)	(6.400748e-05 3.130142e-04 -2.556908e-04)
5097          	(3.858179e-03 1.566174e-02 -1.438637e-02)	(3.794094e-03 1.534867e-02 -1.413069e-02)	(6.408530e-05 3.130655e-04 -2.556868e-04)
5098          	(3.862744e-03 1.566406e-02 -1.437506e-02)	(3.798564e-03 1.535093e-02 -1.411938e-02)	(6.418070e-05 3.131304e-04 -2.556745e-04)
5099          	(3.865577e-03 1.566520e-02 -1.436589e-02)	(3.801286e-03 1.535200e-02 -1.411024e-02)	(6.429184e-05 3.132076e-04 -2.556487e-04)
5100          	(3.866890e-03 1.566544e-02 -1.435923e-02)	(3.802480e-03 1.535215e-02 -1.410360e-02)	(6.441056e-05 3.132925e-04 -2.556250e-04)
5101          	(3.867020e-03 1.566512e-02 -1.435504e-02)	(3.802485e-03 1.535174e-02 -1.409945e-02)	(6.453515e-05 3.133838e-04 -2.555965e-04)
5102          	(3.866279e-03 1.566457e-02 -1.435339e-02)	(3.801618e-03 1.535108e-02 -1.409781e-02)	(6.466135e-05 3.134801e-04 -2.555747e-04)
5103          	(3.864990e-03 1.566408e-02 -1.435394e-02)	(3.800202e-03 1.535050e-02 -1.409839e-02)	(6.478755e-05 3.135808e-04 -2.555540e-04)
5104          	(3.863350e-03 1.566379e-02 -1.435638e-02)	(3.798440e-03 1.535010e-02 -1.410083e-02)	(6.490973e-05 3.136853e-04 -2.555481e-04)
5105          	(3.861523e-03 1.566380e-02 -1.436054e-02)	(3.796497e-03 1.535000e-02 -1.410499e-02)	(6.502617e-05 3.137920e-04 -2.555523e-04)
5106          	(3.859533e-03 1.566403e-02 -1.436633e-02)	(3.794400e-03 1.535013e-02 -1.411075e-02)	(6.513332e-05 3.139002e-04 -2.555778e-04)
5107          	(3.857270e-03 1.566430e-02 -1.437371e-02)	(3.792038e-03 1.535029e-02 -1.411810e-02)	(6.523154e-05 3.140091e-04 -2.556140e-04)
5108          	(3.854548e-03 1.566433e-02 -1.438279e-02)	(3.789234e-03 1.535021e-02 -1.412711e-02)	(6.531409e-05 3.141138e-04 -2.556727e-04)
5109          	(3.851218e-03 1.566387e-02 -1.439373e-02)	(3.785836e-03 1.534966e-02 -1.413799e-02)	(6.538167e-05 3.142129e-04 -2.557447e-04)
5110          	(3.847187e-03 1.566273e-02 -1.440664e-02)	(3.781759e-03 1.534843e-02 -1.415080e-02)	(6.542772e-05 3.143007e-04 -2.558396e-04)
5111          	(3.842523e-03 1.566085e-02 -1.442139e-02)	(3.777070e-03 1.534648e-02 -1.416545e-02)	(6.545245e-05 3.143741e-04 -2.559434e-04)
5112          	(3.837435e-03 1.565831e-02 -1.443768e-02)	(3.771985e-03 1.534388e-02 -1.418162e-02)	(6.545026e-05 3.144273e-04 -2.560661e-04)
5113          	(3.832215e-03 1.565529e-02 -1.445504e-02)	(3.766791e-03 1.534083e-02 -1.419885e-02)	(6.542386e-05 3.144588e-04 -2.561922e-04)
5114          	(3.827242e-03 1.565207e-02 -1.447297e-02)	(3.761872e-03 1.533761e-02 -1.421664e-02)	(6.536951e-05 3.144646e-04 -2.563291e-04)
5115          	(3.822926e-03 1.564901e-02 -1.449085e-02)	(3.757633e-03 1.533456e-02 -1.423439e-02)	(6.529246e-05 3.144464e-04 -2.564605e-04)
5116          	(3.819665e-03 1.564645e-02 -1.450804e-02)	(3.754475e-03 1.533205e-02 -1.425144e-02)	(6.518968e-05 3.144014e-04 -2.565963e-04)
5117          	(3.817805e-03 1.564469e-02 -1.452383e-02)	(3.752737e-03 1.533036e-02 -1.426711e-02)	(6.506838e-05 3.143331e-04 -2.567205e-04)
5118          	(3.817578e-03 1.564394e-02 -1.453760e-02)	(3.752651e-03 1.532970e-02 -1.428076e-02)	(6.492700e-05 3.142412e-04 -2.568442e-04)
5119          	(3.819129e-03 1.564442e-02 -1.454886e-02)	(3.754353e-03 1.533029e-02 -1.429191e-02)	(6.477585e-05 3.141329e-04 -2.569501e-04)
5120          	(3.822422e-03 1.564603e-02 -1.455717e-02)	(3.757807e-03 1.533202e-02 -1.430012e-02)	(6.461495e-05 3.140094e-04 -2.570520e-04)
5121          	(3.827354e-03 1.564870e-02 -1.456224e-02)	(3.762899e-03 1.533482e-02 -1.430510e-02)	(6.445574e-05 3.138789e-04 -2.571335e-04)
5122          	(3.833712e-03 1.565228e-02 -1.456393e-02)	(3.769413e-03 1.533853e-02 -1.430672e-02)	(6.429961e-05 3.137442e-04 -2.572065e-04)
5123          	(3.841249e-03 1.565665e-02 -1.456223e-02)	(3.777090e-03 1.534303e-02 -1.430497e-02)	(6.415907e-05 3.136152e-04 -2.572542e-04)
5124          	(3.849573e-03 1.566143e-02 -1.455723e-02)	(3.785539e-03 1.534794e-02 -1.429994e-02)	(6.403398e-05 3.134932e-04 -2.572907e-04)
5125          	(3.858271e-03 1.566631e-02 -1.454918e-02)	(3.794337e-03 1.535292e-02 -1.429188e-02)	(6.393431e-05 3.133856e-04 -2.573008e-04)
5126          	(3.866874e-03 1.567089e-02 -1.453854e-02)	(3.803015e-03 1.535760e-02 -1.428125e-02)	(6.385874e-05 3.132924e-04 -2.572957e-04)
5127          	(3.874830e-03 1.567470e-02 -1.452598e-02)	(3.811016e-03 1.536148e-02 -1.426872e-02)	(6.381416e-05 3.132191e-04 -2.572638e-04)
5128          	(3.881745e-03 1.567754e-02 -1.451219e-02)	(3.817952e-03 1.536437e-02 -1.425497e-02)	(6.379335e-05 3.131612e-04 -2.572213e-04)
5129          	(3.887220e-03 1.567916e-02 -1.449800e-02)	(3.823422e-03 1.536604e-02 -1.424084e-02)	(6.379747e-05 3.131203e-04 -2.571607e-04)
5130          	(3.890964e-03 1.567944e-02 -1.448428e-02)	(3.827144e-03 1.536635e-02 -1.422718e-02)	(6.381995e-05 3.130933e-04 -2.570971e-04)
5131          	(3.892836e-03 1.567848e-02 -1.447217e-02)	(3.828976e-03 1.536540e-02 -1.421515e-02)	(6.386024e-05 3.130806e-04 -2.570234e-04)
5132          	(3.892999e-03 1.567655e-02 -1.446200e-02)	(3.829088e-03 1.536347e-02 -1.420505e-02)	(6.391086e-05 3.130785e-04 -2.569531e-04)
5133          	(3.891574e-03 1.567376e-02 -1.445400e-02)	(3.827603e-03 1.536067e-02 -1.419712e-02)	(6.397115e-05 3.130871e-04 -2.568799e-04)
5134          	(3.888743e-03 1.567024e-02 -1.444823e-02)	(3.824709e-03 1.535714e-02 -1.419141e-02)	(6.403373e-05 3.131036e-04 -2.568191e-04)
5135          	(3.884772e-03 1.566628e-02 -1.444469e-02)	(3.820672e-03 1.535315e-02 -1.418793e-02)	(6.410024e-05 3.131298e-04 -2.567608e-04)
5136          	(3.880101e-03 1.566237e-02 -1.444352e-02)	(3.815937e-03 1.534921e-02 -1.418680e-02)	(6.416405e-05 3.131625e-04 -2.567194e-04)
5137          	(3.875035e-03 1.565877e-02 -1.444454e-02)	(3.810808e-03 1.534557e-02 -1.418785e-02)	(6.422663e-05 3.132038e-04 -2.566889e-04)
5138          	(3.869807e-03 1.565564e-02 -1.444761e-02)	(3.805524e-03 1.534239e-02 -1.419093e-02)	(6.428303e-05 3.132521e-04 -2.566845e-04)
5139          	(3.864582e-03 1.565305e-02 -1.445257e-02)	(3.800247e-03 1.533974e-02 -1.419587e-02)	(6.433485e-05 3.133078e-04 -2.566977e-04)
5140          	(3.859452e-03 1.565097e-02 -1.445927e-02)	(3.795074e-03 1.533760e-02 -1.420254e-02)	(6.437861e-05 3.133684e-04 -2.567386e-04)
5141          	(3.854450e-03 1.564930e-02 -1.446763e-02)	(3.790035e-03 1.533587e-02 -1.421083e-02)	(6.441481e-05 3.134321e-04 -2.567972e-04)
5142          	(3.849462e-03 1.564780e-02 -1.447762e-02)	(3.785023e-03 1.533431e-02 -1.422073e-02)	(6.443887e-05 3.134951e-04 -2.568845e-04)
5143          	(3.844584e-03 1.564645e-02 -1.448916e-02)	(3.780132e-03 1.533290e-02 -1.423217e-02)	(6.445229e-05 3.135561e-04 -2.569893e-04)
5144          	(3.839652e-03 1.564504e-02 -1.450230e-02)	(3.775204e-03 1.533143e-02 -1.424518e-02)	(6.444819e-05 3.136081e-04 -2.571199e-04)
5145          	(3.835080e-03 1.564373e-02 -1.451655e-02)	(3.770653e-03 1.533008e-02 -1.425928e-02)	(6.442775e-05 3.136487e-04 -2.572646e-04)
5146          	(3.830935e-03 1.564250e-02 -1.453159e-02)	(3.766549e-03 1.532883e-02 -1.427416e-02)	(6.438603e-05 3.136720e-04 -2.574286e-04)
5147          	(3.827414e-03 1.564142e-02 -1.454689e-02)	(3.763087e-03 1.532775e-02 -1.428930e-02)	(6.432697e-05 3.136778e-04 -2.575949e-04)
5148          	(3.824706e-03 1.564057e-02 -1.456191e-02)	(3.760461e-03 1.532691e-02 -1.430414e-02)	(6.424580e-05 3.136608e-04 -2.577742e-04)
5149          	(3.823063e-03 1.564002e-02 -1.457576e-02)	(3.758915e-03 1.532640e-02 -1.431781e-02)	(6.414819e-05 3.136224e-04 -2.579486e-04)
5150          	(3.822499e-03 1.563986e-02 -1.458827e-02)	(3.758467e-03 1.532630e-02 -1.433014e-02)	(6.403202e-05 3.135606e-04 -2.581267e-04)
5151          	(3.823150e-03 1.564019e-02 -1.459890e-02)	(3.759244e-03 1.532671e-02 -1.434061e-02)	(6.390618e-05 3.134814e-04 -2.582921e-04)
5152          	(3.825097e-03 1.564105e-02 -1.460721e-02)	(3.761328e-03 1.532767e-02 -1.434876e-02)	(6.376871e-05 3.133834e-04 -2.584574e-04)
5153          	(3.828372e-03 1.564245e-02 -1.461283e-02)	(3.764741e-03 1.532918e-02 -1.435422e-02)	(6.363045e-05 3.132742e-04 -2.586054e-04)
5154          	(3.832928e-03 1.564434e-02 -1.461551e-02)	(3.769437e-03 1.533119e-02 -1.435676e-02)	(6.349065e-05 3.131543e-04 -2.587508e-04)
5155          	(3.838684e-03 1.564654e-02 -1.461517e-02)	(3.775322e-03 1.533350e-02 -1.435629e-02)	(6.336226e-05 3.130330e-04 -2.588760e-04)
5156          	(3.845382e-03 1.564889e-02 -1.461165e-02)	(3.782138e-03 1.533598e-02 -1.435265e-02)	(6.324350e-05 3.129099e-04 -2.589957e-04)
5157          	(3.852711e-03 1.565115e-02 -1.460506e-02)	(3.789562e-03 1.533836e-02 -1.434596e-02)	(6.314809e-05 3.127956e-04 -2.590924e-04)
5158          	(3.860268e-03 1.565304e-02 -1.459572e-02)	(3.797194e-03 1.534035e-02 -1.433654e-02)	(6.307361e-05 3.126901e-04 -2.591807e-04)
5159          	(3.870986e-03 1.565624e-02 -1.458349e-02)	(3.807955e-03 1.534364e-02 -1.432425e-02)	(6.303099e-05 3.125956e-04 -2.592459e-04)
5160          	(3.877472e-03 1.565654e-02 -1.457065e-02)	(3.814458e-03 1.534403e-02 -1.431135e-02)	(6.301412e-05 3.125179e-04 -2.593009e-04)
5161          	(3.882831e-03 1.565607e-02 -1.455697e-02)	(3.819804e-03 1.534361e-02 -1.429765e-02)	(6.302701e-05 3.124607e-04 -2.593288e-04)
5162          	(3.886781e-03 1.565471e-02 -1.454331e-02)	(3.823721e-03 1.534229e-02 -1.428396e-02)	(6.305970e-05 3.124185e-04 -2.593502e-04)
5163          	(3.889147e-03 1.565254e-02 -1.453033e-02)	(3.826032e-03 1.534015e-02 -1.427097e-02)	(6.311527e-05 3.123958e-04 -2.593555e-04)
5164          	(3.889887e-03 1.564973e-02 -1.451863e-02)	(3.826702e-03 1.533734e-02 -1.425927e-02)	(6.318447e-05 3.123887e-04 -2.593615e-04)
5165          	(3.889123e-03 1.564654e-02 -1.450857e-02)	(3.825855e-03 1.533414e-02 -1.424922e-02)	(6.326808e-05 3.123988e-04 -2.593563e-04)
5166          	(3.887041e-03 1.564318e-02 -1.450036e-02)	(3.823682e-03 1.533075e-02 -1.424100e-02)	(6.335945e-05 3.124243e-04 -2.593546e-04)
5167          	(3.883920e-03 1.563989e-02 -1.449399e-02)	(3.820462e-03 1.532742e-02 -1.423464e-02)	(6.345802e-05 3.124654e-04 -2.593482e-04)
5168          	(3.881989e-03 1.563774e-02 -1.449009e-02)	(3.818431e-03 1.532523e-02 -1.423073e-02)	(6.355786e-05 3.125151e-04 -2.593576e-04)
5169          	(3.877794e-03 1.563531e-02 -1.448723e-02)	(3.814134e-03 1.532273e-02 -1.422786e-02)	(6.366011e-05 3.125796e-04 -2.593662e-04)
5170          	(3.875003e-03 1.563475e-02 -1.448649e-02)	(3.811244e-03 1.532210e-02 -1.422710e-02)	(6.375935e-05 3.126551e-04 -2.593927e-04)
5171          	(3.871877e-03 1.563466e-02 -1.448723e-02)	(3.808018e-03 1.532192e-02 -1.422781e-02)	(6.385867e-05 3.127437e-04 -2.594270e-04)
5172          	(3.867390e-03 1.563386e-02 -1.448870e-02)	(3.803437e-03 1.532102e-02 -1.422922e-02)	(6.395250e-05 3.128442e-04 -2.594816e-04)
5173          	(3.863142e-03 1.563362e-02 -1.449123e-02)	(3.799099e-03 1.532066e-02 -1.423169e-02)	(6.404321e-05 3.129557e-04 -2.595438e-04)
5174          	(3.859057e-03 1.563378e-02 -1.449487e-02)	(3.794932e-03 1.532071e-02 -1.423524e-02)	(6.412565e-05 3.130732e-04 -2.596256e-04)
5175          	(3.855192e-03 1.563418e-02 -1.449955e-02)	(3.790992e-03 1.532099e-02 -1.423983e-02)	(6.420082e-05 3.131950e-04 -2.597177e-04)
5176          	(3.851504e-03 1.563461e-02 -1.450532e-02)	(3.787242e-03 1.532130e-02 -1.424549e-02)	(6.426219e-05 3.133144e-04 -2.598321e-04)
5177          	(3.848018e-03 1.563489e-02 -1.451211e-02)	(3.783709e-03 1.532147e-02 -1.425216e-02)	(6.430911e-05 3.134266e-04 -2.599555e-04)
5178          	(3.845421e-03 1.563553e-02 -1.451963e-02)	(3.781087e-03 1.532201e-02 -1.425953e-02)	(6.433394e-05 3.135231e-04 -2.601006e-04)
5179          	(3.843038e-03 1.563564e-02 -1.452783e-02)	(3.778699e-03 1.532204e-02 -1.426758e-02)	(6.433931e-05 3.136016e-04 -2.602512e-04)
5180          	(3.840842e-03 1.563513e-02 -1.453650e-02)	(3.776524e-03 1.532147e-02 -1.427608e-02)	(6.431861e-05 3.136546e-04 -2.604172e-04)
5181          	(3.838904e-03 1.563385e-02 -1.454500e-02)	(3.774627e-03 1.532017e-02 -1.428442e-02)	(6.427669e-05 3.136823e-04 -2.605826e-04)
5182          	(3.837299e-03 1.563201e-02 -1.455329e-02)	(3.773091e-03 1.531834e-02 -1.429253e-02)	(6.420793e-05 3.136789e-04 -2.607558e-04)
5183          	(3.836148e-03 1.562974e-02 -1.456097e-02)	(3.772027e-03 1.531609e-02 -1.430005e-02)	(6.412053e-05 3.136486e-04 -2.609182e-04)
5184          	(3.835548e-03 1.562716e-02 -1.456770e-02)	(3.771537e-03 1.531357e-02 -1.430662e-02)	(6.401068e-05 3.135884e-04 -2.610818e-04)
5185          	(3.835740e-03 1.562444e-02 -1.457326e-02)	(3.771851e-03 1.531094e-02 -1.431203e-02)	(6.388959e-05 3.135053e-04 -2.612281e-04)
5186          	(3.836601e-03 1.562160e-02 -1.457707e-02)	(3.772847e-03 1.530820e-02 -1.431571e-02)	(6.375427e-05 3.133975e-04 -2.613677e-04)
5187          	(3.838132e-03 1.561872e-02 -1.457879e-02)	(3.774514e-03 1.530544e-02 -1.431731e-02)	(6.361838e-05 3.132748e-04 -2.614818e-04)
5188          	(3.840280e-03 1.561587e-02 -1.457813e-02)	(3.776801e-03 1.530273e-02 -1.431655e-02)	(6.347851e-05 3.131361e-04 -2.615846e-04)
5189          	(3.842942e-03 1.561311e-02 -1.457489e-02)	(3.779594e-03 1.530012e-02 -1.431323e-02)	(6.334828e-05 3.129918e-04 -2.616563e-04)
5190          	(3.845945e-03 1.561037e-02 -1.456898e-02)	(3.782720e-03 1.529752e-02 -1.430727e-02)	(6.322501e-05 3.128418e-04 -2.617113e-04)
5191          	(3.851868e-03 1.560940e-02 -1.456065e-02)	(3.788744e-03 1.529671e-02 -1.429892e-02)	(6.312392e-05 3.126937e-04 -2.617303e-04)
5192          	(3.854832e-03 1.560697e-02 -1.455034e-02)	(3.791792e-03 1.529442e-02 -1.428861e-02)	(6.304015e-05 3.125541e-04 -2.617281e-04)
5193          	(3.857482e-03 1.560471e-02 -1.453828e-02)	(3.794498e-03 1.529228e-02 -1.427659e-02)	(6.298398e-05 3.124323e-04 -2.616858e-04)
5194          	(3.859612e-03 1.560260e-02 -1.452494e-02)	(3.796664e-03 1.529028e-02 -1.426333e-02)	(6.294835e-05 3.123237e-04 -2.616179e-04)
5195          	(3.861054e-03 1.560063e-02 -1.451090e-02)	(3.798114e-03 1.528839e-02 -1.424939e-02)	(6.294028e-05 3.122353e-04 -2.615092e-04)
5196          	(3.861676e-03 1.559880e-02 -1.449681e-02)	(3.798728e-03 1.528664e-02 -1.423543e-02)	(6.294829e-05 3.121620e-04 -2.613843e-04)
5197          	(3.861458e-03 1.559718e-02 -1.448318e-02)	(3.798480e-03 1.528506e-02 -1.422195e-02)	(6.297815e-05 3.121105e-04 -2.612338e-04)
5198          	(3.860467e-03 1.559593e-02 -1.447057e-02)	(3.797449e-03 1.528386e-02 -1.420949e-02)	(6.301771e-05 3.120734e-04 -2.610768e-04)
5199          	(3.858814e-03 1.559504e-02 -1.445911e-02)	(3.795740e-03 1.528298e-02 -1.419821e-02)	(6.307357e-05 3.120579e-04 -2.609046e-04)
5200          	(3.856686e-03 1.559464e-02 -1.444900e-02)	(3.793549e-03 1.528258e-02 -1.418827e-02)	(6.313671e-05 3.120585e-04 -2.607364e-04)
5201          	(3.854307e-03 1.559484e-02 -1.444032e-02)	(3.791098e-03 1.528276e-02 -1.417975e-02)	(6.320920e-05 3.120784e-04 -2.605675e-04)
5202          	(3.851886e-03 1.559573e-02 -1.443309e-02)	(3.788603e-03 1.528361e-02 -1.417267e-02)	(6.328325e-05 3.121130e-04 -2.604155e-04)
5203          	(3.849610e-03 1.559734e-02 -1.442730e-02)	(3.786246e-03 1.528517e-02 -1.416703e-02)	(6.336443e-05 3.121672e-04 -2.602711e-04)
5204          	(3.847599e-03 1.559963e-02 -1.442292e-02)	(3.784153e-03 1.528740e-02 -1.416277e-02)	(6.344546e-05 3.122360e-04 -2.601517e-04)
5205          	(3.845916e-03 1.560251e-02 -1.441994e-02)	(3.782387e-03 1.529019e-02 -1.415989e-02)	(6.352881e-05 3.123207e-04 -2.600497e-04)
5206          	(3.844562e-03 1.560580e-02 -1.441835e-02)	(3.780953e-03 1.529339e-02 -1.415837e-02)	(6.360913e-05 3.124172e-04 -2.599791e-04)
5207          	(3.843516e-03 1.560933e-02 -1.441811e-02)	(3.779826e-03 1.529680e-02 -1.415818e-02)	(6.368999e-05 3.125263e-04 -2.599265e-04)
5208          	(3.842684e-03 1.561294e-02 -1.441919e-02)	(3.778919e-03 1.530030e-02 -1.415928e-02)	(6.376452e-05 3.126418e-04 -2.599059e-04)
5209          	(3.842070e-03 1.561640e-02 -1.442152e-02)	(3.778237e-03 1.530364e-02 -1.416162e-02)	(6.383356e-05 3.127616e-04 -2.599046e-04)
5210          	(3.841625e-03 1.561952e-02 -1.442504e-02)	(3.777736e-03 1.530664e-02 -1.416511e-02)	(6.388937e-05 3.128781e-04 -2.599343e-04)
5211          	(3.841320e-03 1.562216e-02 -1.442962e-02)	(3.777388e-03 1.530917e-02 -1.416964e-02)	(6.393246e-05 3.129882e-04 -2.599830e-04)
5212          	(3.841150e-03 1.562420e-02 -1.443511e-02)	(3.777195e-03 1.531111e-02 -1.417505e-02)	(6.395509e-05 3.130836e-04 -2.600610e-04)
5213          	(3.840890e-03 1.562559e-02 -1.444117e-02)	(3.776931e-03 1.531243e-02 -1.418101e-02)	(6.395923e-05 3.131630e-04 -2.601531e-04)
5214          	(3.840755e-03 1.562632e-02 -1.444769e-02)	(3.776815e-03 1.531310e-02 -1.418742e-02)	(6.393975e-05 3.132200e-04 -2.602677e-04)
5215          	(3.840642e-03 1.562633e-02 -1.445442e-02)	(3.776741e-03 1.531307e-02 -1.419404e-02)	(6.390107e-05 3.132548e-04 -2.603891e-04)
5216          	(3.840754e-03 1.562572e-02 -1.446100e-02)	(3.776916e-03 1.531246e-02 -1.420048e-02)	(6.383808e-05 3.132611e-04 -2.605262e-04)
5217          	(3.840726e-03 1.562418e-02 -1.446721e-02)	(3.776967e-03 1.531093e-02 -1.420655e-02)	(6.375855e-05 3.132423e-04 -2.606619e-04)
5218          	(3.841935e-03 1.562272e-02 -1.447216e-02)	(3.778274e-03 1.530953e-02 -1.421136e-02)	(6.366168e-05 3.131955e-04 -2.608035e-04)
5219          	(3.843488e-03 1.562089e-02 -1.447563e-02)	(3.779931e-03 1.530776e-02 -1.421469e-02)	(6.355697e-05 3.131272e-04 -2.609350e-04)
5220          	(3.845364e-03 1.561873e-02 -1.447717e-02)	(3.781921e-03 1.530569e-02 -1.421610e-02)	(6.344275e-05 3.130364e-04 -2.610639e-04)
5221          	(3.847518e-03 1.561629e-02 -1.447631e-02)	(3.784187e-03 1.530336e-02 -1.421514e-02)	(6.333108e-05 3.129325e-04 -2.611711e-04)
5222          	(3.849858e-03 1.561364e-02 -1.447277e-02)	(3.786638e-03 1.530082e-02 -1.421150e-02)	(6.321992e-05 3.128154e-04 -2.612676e-04)
5223          	(3.852239e-03 1.561081e-02 -1.446643e-02)	(3.789117e-03 1.529812e-02 -1.420509e-02)	(6.312208e-05 3.126964e-04 -2.613328e-04)
5224          	(3.854488e-03 1.560786e-02 -1.445750e-02)	(3.791453e-03 1.529529e-02 -1.419613e-02)	(6.303510e-05 3.125760e-04 -2.613778e-04)
5225          	(3.856433e-03 1.560485e-02 -1.444641e-02)	(3.793461e-03 1.529238e-02 -1.418503e-02)	(6.297198e-05 3.124657e-04 -2.613799e-04)
5226          	(3.857920e-03 1.560191e-02 -1.443379e-02)	(3.794994e-03 1.528955e-02 -1.417244e-02)	(6.292654e-05 3.123641e-04 -2.613556e-04)
5227          	(3.858798e-03 1.559899e-02 -1.442020e-02)	(3.795888e-03 1.528671e-02 -1.415892e-02)	(6.291023e-05 3.122821e-04 -2.612862e-04)
5228          	(3.858950e-03 1.559613e-02 -1.440625e-02)	(3.796035e-03 1.528391e-02 -1.414507e-02)	(6.291490e-05 3.122150e-04 -2.611849e-04)
5229          	(3.858318e-03 1.559339e-02 -1.439245e-02)	(3.795372e-03 1.528122e-02 -1.413141e-02)	(6.294597e-05 3.121692e-04 -2.610408e-04)
5230          	(3.856894e-03 1.559085e-02 -1.437926e-02)	(3.793902e-03 1.527871e-02 -1.411838e-02)	(6.299230e-05 3.121398e-04 -2.608784e-04)
5231          	(3.854749e-03 1.558862e-02 -1.436701e-02)	(3.791688e-03 1.527649e-02 -1.410633e-02)	(6.306048e-05 3.121348e-04 -2.606874e-04)
5232          	(3.852005e-03 1.558682e-02 -1.435600e-02)	(3.788866e-03 1.527467e-02 -1.409551e-02)	(6.313967e-05 3.121479e-04 -2.604892e-04)
5233          	(3.848857e-03 1.558557e-02 -1.434638e-02)	(3.785622e-03 1.527339e-02 -1.408611e-02)	(6.323530e-05 3.121842e-04 -2.602711e-04)
5234          	(3.845497e-03 1.558500e-02 -1.433834e-02)	(3.782159e-03 1.527276e-02 -1.407828e-02)	(6.333783e-05 3.122390e-04 -2.600547e-04)
5235          	(3.842117e-03 1.558518e-02 -1.433195e-02)	(3.778668e-03 1.527286e-02 -1.407212e-02)	(6.344903e-05 3.123151e-04 -2.598369e-04)
5236          	(3.838821e-03 1.558616e-02 -1.432735e-02)	(3.775259e-03 1.527375e-02 -1.406772e-02)	(6.356151e-05 3.124079e-04 -2.596332e-04)
5237          	(3.837693e-03 1.558990e-02 -1.432500e-02)	(3.774017e-03 1.527739e-02 -1.406557e-02)	(6.367620e-05 3.125144e-04 -2.594324e-04)
5238          	(3.835919e-03 1.559332e-02 -1.432495e-02)	(3.772131e-03 1.528069e-02 -1.406570e-02)	(6.378790e-05 3.126337e-04 -2.592549e-04)
5239          	(3.833971e-03 1.559604e-02 -1.432617e-02)	(3.770073e-03 1.528327e-02 -1.406708e-02)	(6.389871e-05 3.127646e-04 -2.590907e-04)
5240          	(3.832470e-03 1.559899e-02 -1.432921e-02)	(3.768465e-03 1.528609e-02 -1.407026e-02)	(6.400426e-05 3.129037e-04 -2.589548e-04)
5241          	(3.831366e-03 1.560195e-02 -1.433394e-02)	(3.767258e-03 1.528890e-02 -1.407510e-02)	(6.410805e-05 3.130506e-04 -2.588359e-04)
5242          	(3.830596e-03 1.560469e-02 -1.434018e-02)	(3.766392e-03 1.529149e-02 -1.408144e-02)	(6.420406e-05 3.131986e-04 -2.587446e-04)
5243          	(3.830085e-03 1.560696e-02 -1.434772e-02)	(3.765793e-03 1.529362e-02 -1.408904e-02)	(6.429282e-05 3.133447e-04 -2.586719e-04)
5244          	(3.829773e-03 1.560857e-02 -1.435629e-02)	(3.765405e-03 1.529509e-02 -1.409766e-02)	(6.436788e-05 3.134818e-04 -2.586311e-04)
5245          	(3.829593e-03 1.560943e-02 -1.436550e-02)	(3.765165e-03 1.529582e-02 -1.410689e-02)	(6.442867e-05 3.136062e-04 -2.586129e-04)
5246          	(3.829581e-03 1.560940e-02 -1.437523e-02)	(3.765112e-03 1.529569e-02 -1.411660e-02)	(6.446891e-05 3.137105e-04 -2.586277e-04)
5247          	(3.829784e-03 1.560845e-02 -1.438527e-02)	(3.765295e-03 1.529466e-02 -1.412660e-02)	(6.448953e-05 3.137914e-04 -2.586664e-04)
5248          	(3.830178e-03 1.560668e-02 -1.439531e-02)	(3.765690e-03 1.529284e-02 -1.413657e-02)	(6.448828e-05 3.138455e-04 -2.587365e-04)
5249          	(3.830772e-03 1.560419e-02 -1.440509e-02)	(3.766303e-03 1.529032e-02 -1.414626e-02)	(6.446839e-05 3.138722e-04 -2.588241e-04)
5250          	(3.831528e-03 1.560110e-02 -1.441432e-02)	(3.767103e-03 1.528723e-02 -1.415538e-02)	(6.442476e-05 3.138665e-04 -2.589360e-04)
5251          	(3.832426e-03 1.559744e-02 -1.442275e-02)	(3.768063e-03 1.528361e-02 -1.416369e-02)	(6.436308e-05 3.138303e-04 -2.590573e-04)
5252          	(3.833425e-03 1.559338e-02 -1.442999e-02)	(3.769143e-03 1.527962e-02 -1.417080e-02)	(6.428124e-05 3.137622e-04 -2.591947e-04)
5253          	(3.834455e-03 1.558899e-02 -1.443564e-02)	(3.770269e-03 1.527533e-02 -1.417631e-02)	(6.418627e-05 3.136670e-04 -2.593340e-04)
5254          	(3.835441e-03 1.558438e-02 -1.443931e-02)	(3.771363e-03 1.527083e-02 -1.417983e-02)	(6.407778e-05 3.135454e-04 -2.594778e-04)
5255          	(3.836296e-03 1.557962e-02 -1.444063e-02)	(3.772330e-03 1.526622e-02 -1.418102e-02)	(6.396562e-05 3.134052e-04 -2.596096e-04)
5256          	(3.836895e-03 1.557480e-02 -1.443933e-02)	(3.773046e-03 1.526155e-02 -1.417960e-02)	(6.384943e-05 3.132486e-04 -2.597351e-04)
5257          	(3.837185e-03 1.557001e-02 -1.443536e-02)	(3.773446e-03 1.525692e-02 -1.417553e-02)	(6.373937e-05 3.130842e-04 -2.598334e-04)
5258          	(3.837026e-03 1.556529e-02 -1.442875e-02)	(3.773392e-03 1.525238e-02 -1.416884e-02)	(6.363436e-05 3.129137e-04 -2.599091e-04)
5259          	(3.836332e-03 1.556066e-02 -1.441968e-02)	(3.772787e-03 1.524791e-02 -1.415974e-02)	(6.354529e-05 3.127470e-04 -2.599423e-04)
5260          	(3.834995e-03 1.555619e-02 -1.440865e-02)	(3.771524e-03 1.524360e-02 -1.414871e-02)	(6.347091e-05 3.125874e-04 -2.599422e-04)
5261          	(3.833438e-03 1.555178e-02 -1.439517e-02)	(3.770021e-03 1.523935e-02 -1.413528e-02)	(6.341709e-05 3.124384e-04 -2.598925e-04)
5262          	(3.831461e-03 1.554807e-02 -1.438110e-02)	(3.768080e-03 1.523577e-02 -1.412130e-02)	(6.338090e-05 3.123012e-04 -2.597996e-04)
5263          	(3.828916e-03 1.554497e-02 -1.436710e-02)	(3.765550e-03 1.523278e-02 -1.410745e-02)	(6.336631e-05 3.121824e-04 -2.596540e-04)
5264          	(3.825514e-03 1.554208e-02 -1.435430e-02)	(3.762147e-03 1.522999e-02 -1.409482e-02)	(6.336663e-05 3.120817e-04 -2.594744e-04)
5265          	(3.821742e-03 1.553955e-02 -1.434172e-02)	(3.758358e-03 1.522755e-02 -1.408246e-02)	(6.338449e-05 3.120024e-04 -2.592555e-04)
5266          	(3.817745e-03 1.553740e-02 -1.432950e-02)	(3.754330e-03 1.522546e-02 -1.407048e-02)	(6.341509e-05 3.119423e-04 -2.590119e-04)
5267          	(3.813681e-03 1.553570e-02 -1.431769e-02)	(3.750219e-03 1.522380e-02 -1.405896e-02)	(6.346205e-05 3.119046e-04 -2.587369e-04)
5268          	(3.809727e-03 1.553449e-02 -1.430651e-02)	(3.746208e-03 1.522261e-02 -1.404806e-02)	(6.351875e-05 3.118864e-04 -2.584511e-04)
5269          	(3.806068e-03 1.553380e-02 -1.429620e-02)	(3.742483e-03 1.522191e-02 -1.403805e-02)	(6.358533e-05 3.118886e-04 -2.581563e-04)
5270          	(3.802817e-03 1.553362e-02 -1.428713e-02)	(3.739161e-03 1.522172e-02 -1.402926e-02)	(6.365645e-05 3.119067e-04 -2.578643e-04)
5271          	(3.800058e-03 1.553391e-02 -1.427969e-02)	(3.736324e-03 1.522197e-02 -1.402212e-02)	(6.373369e-05 3.119397e-04 -2.575714e-04)
5272          	(3.797821e-03 1.553456e-02 -1.427432e-02)	(3.734009e-03 1.522258e-02 -1.401703e-02)	(6.381170e-05 3.119833e-04 -2.572934e-04)
5273          	(3.796078e-03 1.553541e-02 -1.427137e-02)	(3.732187e-03 1.522337e-02 -1.401434e-02)	(6.389046e-05 3.120359e-04 -2.570303e-04)
5274          	(3.794753e-03 1.553625e-02 -1.427108e-02)	(3.730788e-03 1.522416e-02 -1.401429e-02)	(6.396532e-05 3.120938e-04 -2.567984e-04)
5275          	(3.793749e-03 1.553690e-02 -1.427356e-02)	(3.729709e-03 1.522474e-02 -1.401697e-02)	(6.403986e-05 3.121567e-04 -2.565890e-04)
5276          	(3.792962e-03 1.553718e-02 -1.427874e-02)	(3.728852e-03 1.522496e-02 -1.402232e-02)	(6.410976e-05 3.122203e-04 -2.564133e-04)
5277          	(3.792302e-03 1.553696e-02 -1.428637e-02)	(3.728126e-03 1.522467e-02 -1.403011e-02)	(6.417650e-05 3.122831e-04 -2.562640e-04)
5278          	(3.791709e-03 1.553616e-02 -1.429613e-02)	(3.727474e-03 1.522382e-02 -1.403998e-02)	(6.423514e-05 3.123401e-04 -2.561510e-04)
5279          	(3.791150e-03 1.553479e-02 -1.430758e-02)	(3.726866e-03 1.522240e-02 -1.405151e-02)	(6.428405e-05 3.123873e-04 -2.560667e-04)
5280          	(3.790618e-03 1.553287e-02 -1.432035e-02)	(3.726302e-03 1.522046e-02 -1.406433e-02)	(6.431611e-05 3.124187e-04 -2.560234e-04)
5281          	(3.790144e-03 1.553051e-02 -1.433409e-02)	(3.725812e-03 1.521808e-02 -1.407808e-02)	(6.433228e-05 3.124327e-04 -2.560117e-04)
5282          	(3.789718e-03 1.552778e-02 -1.434842e-02)	(3.725390e-03 1.521535e-02 -1.409238e-02)	(6.432801e-05 3.124258e-04 -2.560413e-04)
5283          	(3.789356e-03 1.552478e-02 -1.436298e-02)	(3.725049e-03 1.521238e-02 -1.410688e-02)	(6.430692e-05 3.123992e-04 -2.561011e-04)
5284          	(3.789055e-03 1.552160e-02 -1.437743e-02)	(3.724791e-03 1.520925e-02 -1.412123e-02)	(6.426400e-05 3.123473e-04 -2.561964e-04)
5285          	(3.788753e-03 1.551827e-02 -1.439130e-02)	(3.724550e-03 1.520600e-02 -1.413499e-02)	(6.420315e-05 3.122713e-04 -2.563126e-04)
5286          	(3.788434e-03 1.551480e-02 -1.440415e-02)	(3.724313e-03 1.520264e-02 -1.414769e-02)	(6.412089e-05 3.121679e-04 -2.564562e-04)
5287          	(3.787457e-03 1.551068e-02 -1.441593e-02)	(3.723436e-03 1.519864e-02 -1.415932e-02)	(6.402157e-05 3.120398e-04 -2.566141e-04)
5288          	(3.786376e-03 1.550639e-02 -1.442527e-02)	(3.722471e-03 1.519450e-02 -1.416848e-02)	(6.390440e-05 3.118872e-04 -2.567897e-04)
5289          	(3.786082e-03 1.550278e-02 -1.443183e-02)	(3.722302e-03 1.519107e-02 -1.417487e-02)	(6.377907e-05 3.117154e-04 -2.569633e-04)
5290          	(3.785470e-03 1.549890e-02 -1.443530e-02)	(3.721824e-03 1.518737e-02 -1.417816e-02)	(6.364563e-05 3.115268e-04 -2.571387e-04)
5291          	(3.784421e-03 1.549470e-02 -1.443551e-02)	(3.720909e-03 1.518337e-02 -1.417822e-02)	(6.351209e-05 3.113280e-04 -2.572944e-04)
5292          	(3.781417e-03 1.548863e-02 -1.443170e-02)	(3.718038e-03 1.517751e-02 -1.417426e-02)	(6.337974e-05 3.111239e-04 -2.574317e-04)
5293          	(3.779272e-03 1.548404e-02 -1.442591e-02)	(3.716015e-03 1.517312e-02 -1.416838e-02)	(6.325754e-05 3.109218e-04 -2.575298e-04)
5294          	(3.776562e-03 1.547933e-02 -1.441759e-02)	(3.713417e-03 1.516860e-02 -1.415999e-02)	(6.314505e-05 3.107244e-04 -2.575917e-04)
5295          	(3.773371e-03 1.547461e-02 -1.440706e-02)	(3.710321e-03 1.516407e-02 -1.414946e-02)	(6.305040e-05 3.105403e-04 -2.576033e-04)
5296          	(3.768272e-03 1.546876e-02 -1.439340e-02)	(3.705300e-03 1.515839e-02 -1.413583e-02)	(6.297248e-05 3.103727e-04 -2.575642e-04)
5297          	(3.763208e-03 1.546351e-02 -1.437861e-02)	(3.700289e-03 1.515328e-02 -1.412114e-02)	(6.291875e-05 3.102287e-04 -2.574635e-04)
5298          	(3.758231e-03 1.545883e-02 -1.436321e-02)	(3.695348e-03 1.514872e-02 -1.410590e-02)	(6.288266e-05 3.101042e-04 -2.573167e-04)
5299          	(3.754824e-03 1.545577e-02 -1.434838e-02)	(3.691954e-03 1.514577e-02 -1.409126e-02)	(6.286981e-05 3.100030e-04 -2.571221e-04)
5300          	(3.751355e-03 1.545296e-02 -1.433337e-02)	(3.688482e-03 1.514304e-02 -1.407648e-02)	(6.287344e-05 3.099209e-04 -2.568930e-04)
5301          	(3.748267e-03 1.545067e-02 -1.431823e-02)	(3.685369e-03 1.514081e-02 -1.406161e-02)	(6.289762e-05 3.098614e-04 -2.566236e-04)
5302          	(3.745576e-03 1.544881e-02 -1.430338e-02)	(3.682639e-03 1.513899e-02 -1.404705e-02)	(6.293672e-05 3.098207e-04 -2.563294e-04)
5303          	(3.743294e-03 1.544729e-02 -1.428930e-02)	(3.680304e-03 1.513749e-02 -1.403329e-02)	(6.298990e-05 3.097982e-04 -2.560130e-04)
5304          	(3.741341e-03 1.544600e-02 -1.427670e-02)	(3.678291e-03 1.513621e-02 -1.402100e-02)	(6.304920e-05 3.097888e-04 -2.556972e-04)
5305          	(3.739627e-03 1.544478e-02 -1.426631e-02)	(3.676511e-03 1.513500e-02 -1.401094e-02)	(6.311548e-05 3.097891e-04 -2.553712e-04)
5306          	(3.738015e-03 1.544348e-02 -1.425890e-02)	(3.674834e-03 1.513369e-02 -1.400385e-02)	(6.318096e-05 3.097924e-04 -2.550540e-04)
5307          	(3.736362e-03 1.544192e-02 -1.425513e-02)	(3.673117e-03 1.513212e-02 -1.400039e-02)	(6.324470e-05 3.097962e-04 -2.547458e-04)
5308          	(3.734550e-03 1.543994e-02 -1.425544e-02)	(3.671250e-03 1.513015e-02 -1.400097e-02)	(6.329957e-05 3.097946e-04 -2.544651e-04)
5309          	(3.732516e-03 1.543746e-02 -1.425990e-02)	(3.669168e-03 1.512767e-02 -1.400570e-02)	(6.334714e-05 3.097866e-04 -2.542060e-04)
5310          	(3.730247e-03 1.543444e-02 -1.426833e-02)	(3.666864e-03 1.512467e-02 -1.401435e-02)	(6.338263e-05 3.097674e-04 -2.539809e-04)
5311          	(3.727779e-03 1.543091e-02 -1.428028e-02)	(3.664370e-03 1.512117e-02 -1.402649e-02)	(6.340972e-05 3.097387e-04 -2.537825e-04)
5312          	(3.725228e-03 1.542704e-02 -1.429514e-02)	(3.661803e-03 1.511734e-02 -1.404152e-02)	(6.342499e-05 3.096979e-04 -2.536213e-04)
5313          	(3.722676e-03 1.542293e-02 -1.431217e-02)	(3.659246e-03 1.511328e-02 -1.405868e-02)	(6.343008e-05 3.096449e-04 -2.534888e-04)
5314          	(3.720162e-03 1.541863e-02 -1.433073e-02)	(3.656743e-03 1.510905e-02 -1.407733e-02)	(6.341878e-05 3.095756e-04 -2.533982e-04)
5315          	(3.717756e-03 1.541428e-02 -1.435023e-02)	(3.654365e-03 1.510479e-02 -1.409689e-02)	(6.339140e-05 3.094885e-04 -2.533388e-04)
5316          	(3.712260e-03 1.540602e-02 -1.439712e-02)	(3.648922e-03 1.509666e-02 -1.414377e-02)	(6.333766e-05 3.093646e-04 -2.533474e-04)
5317          	(3.710080e-03 1.540254e-02 -1.441170e-02)	(3.646818e-03 1.509331e-02 -1.415832e-02)	(6.326272e-05 3.092362e-04 -2.533815e-04)
5318          	(3.708031e-03 1.539949e-02 -1.442491e-02)	(3.644856e-03 1.509041e-02 -1.417148e-02)	(6.317500e-05 3.090889e-04 -2.534327e-04)
5319          	(3.706033e-03 1.539683e-02 -1.443709e-02)	(3.642964e-03 1.508790e-02 -1.418358e-02)	(6.306942e-05 3.089283e-04 -2.535090e-04)
5320          	(3.704167e-03 1.539457e-02 -1.444820e-02)	(3.641225e-03 1.508582e-02 -1.419458e-02)	(6.294222e-05 3.087497e-04 -2.536197e-04)
5321          	(3.702345e-03 1.539259e-02 -1.445789e-02)	(3.639546e-03 1.508403e-02 -1.420414e-02)	(6.279897e-05 3.085542e-04 -2.537488e-04)
5322          	(3.700614e-03 1.539082e-02 -1.446588e-02)	(3.637978e-03 1.508249e-02 -1.421197e-02)	(6.263613e-05 3.083389e-04 -2.539066e-04)
5323          	(3.698693e-03 1.538894e-02 -1.447152e-02)	(3.636231e-03 1.508084e-02 -1.421745e-02)	(6.246261e-05 3.081094e-04 -2.540731e-04)
5324          	(3.696809e-03 1.538693e-02 -1.447426e-02)	(3.634530e-03 1.507907e-02 -1.422001e-02)	(6.227865e-05 3.078662e-04 -2.542521e-04)
5325          	(3.694467e-03 1.538445e-02 -1.447410e-02)	(3.632374e-03 1.507683e-02 -1.421967e-02)	(6.209303e-05 3.076170e-04 -2.544254e-04)
5326          	(3.691971e-03 1.538181e-02 -1.447120e-02)	(3.630066e-03 1.507445e-02 -1.421660e-02)	(6.190454e-05 3.073630e-04 -2.545965e-04)
5327          	(3.688518e-03 1.537830e-02 -1.446566e-02)	(3.626796e-03 1.507119e-02 -1.421091e-02)	(6.172244e-05 3.071129e-04 -2.547440e-04)
5328          	(3.684161e-03 1.537404e-02 -1.445770e-02)	(3.622614e-03 1.506717e-02 -1.420283e-02)	(6.154632e-05 3.068691e-04 -2.548695e-04)
5329          	(3.678086e-03 1.536856e-02 -1.444770e-02)	(3.616701e-03 1.506191e-02 -1.419275e-02)	(6.138482e-05 3.066417e-04 -2.549534e-04)
5330          	(3.671851e-03 1.536309e-02 -1.443530e-02)	(3.610614e-03 1.505666e-02 -1.418030e-02)	(6.123692e-05 3.064319e-04 -2.549999e-04)
5331          	(3.665784e-03 1.535794e-02 -1.442036e-02)	(3.604674e-03 1.505169e-02 -1.416537e-02)	(6.111034e-05 3.062443e-04 -2.549893e-04)
5332          	(3.660174e-03 1.535334e-02 -1.440284e-02)	(3.599169e-03 1.504726e-02 -1.414791e-02)	(6.100535e-05 3.060817e-04 -2.549305e-04)
5333          	(3.655315e-03 1.534949e-02 -1.438276e-02)	(3.594389e-03 1.504354e-02 -1.412795e-02)	(6.092532e-05 3.059458e-04 -2.548110e-04)
5334          	(3.651492e-03 1.534656e-02 -1.436035e-02)	(3.590623e-03 1.504072e-02 -1.410571e-02)	(6.086942e-05 3.058385e-04 -2.546472e-04)
5335          	(3.648747e-03 1.534448e-02 -1.433607e-02)	(3.587907e-03 1.503872e-02 -1.408164e-02)	(6.083986e-05 3.057590e-04 -2.544287e-04)
5336          	(3.646994e-03 1.534304e-02 -1.431061e-02)	(3.586160e-03 1.503734e-02 -1.405644e-02)	(6.083427e-05 3.057064e-04 -2.541715e-04)
5337          	(3.646050e-03 1.534202e-02 -1.428491e-02)	(3.585198e-03 1.503634e-02 -1.403104e-02)	(6.085192e-05 3.056775e-04 -2.538736e-04)
5338          	(3.645524e-03 1.534096e-02 -1.426017e-02)	(3.584640e-03 1.503530e-02 -1.400660e-02)	(6.088444e-05 3.056672e-04 -2.535615e-04)
5339          	(3.645050e-03 1.533953e-02 -1.423765e-02)	(3.584121e-03 1.503386e-02 -1.398442e-02)	(6.092986e-05 3.056707e-04 -2.532321e-04)
5340          	(3.644141e-03 1.533724e-02 -1.421866e-02)	(3.583162e-03 1.503156e-02 -1.396576e-02)	(6.097873e-05 3.056790e-04 -2.529060e-04)
5341          	(3.642417e-03 1.533378e-02 -1.420430e-02)	(3.581388e-03 1.502809e-02 -1.395173e-02)	(6.102983e-05 3.056879e-04 -2.525758e-04)
5342          	(3.639610e-03 1.532895e-02 -1.419538e-02)	(3.578538e-03 1.502326e-02 -1.394312e-02)	(6.107191e-05 3.056884e-04 -2.522651e-04)
5343          	(3.635629e-03 1.532274e-02 -1.419222e-02)	(3.574523e-03 1.501706e-02 -1.394025e-02)	(6.110590e-05 3.056794e-04 -2.519686e-04)
5344          	(3.630538e-03 1.531530e-02 -1.419476e-02)	(3.569413e-03 1.500965e-02 -1.394306e-02)	(6.112543e-05 3.056556e-04 -2.517017e-04)
5345          	(3.624539e-03 1.530687e-02 -1.420261e-02)	(3.563406e-03 1.500126e-02 -1.395116e-02)	(6.113247e-05 3.056162e-04 -2.514518e-04)
5346          	(3.617943e-03 1.529788e-02 -1.421506e-02)	(3.556818e-03 1.499232e-02 -1.396382e-02)	(6.112421e-05 3.055607e-04 -2.512363e-04)
5347          	(3.611126e-03 1.528884e-02 -1.423109e-02)	(3.550018e-03 1.498335e-02 -1.398005e-02)	(6.110842e-05 3.054944e-04 -2.510390e-04)
5348          	(3.604522e-03 1.528019e-02 -1.424960e-02)	(3.543442e-03 1.497478e-02 -1.399872e-02)	(6.108044e-05 3.054155e-04 -2.508777e-04)
5349          	(3.598410e-03 1.527235e-02 -1.426965e-02)	(3.537365e-03 1.496702e-02 -1.401891e-02)	(6.104516e-05 3.053279e-04 -2.507403e-04)
5350          	(3.592999e-03 1.526562e-02 -1.429051e-02)	(3.532002e-03 1.496039e-02 -1.403987e-02)	(6.099692e-05 3.052294e-04 -2.506433e-04)
5351          	(3.588454e-03 1.526023e-02 -1.431155e-02)	(3.527512e-03 1.495510e-02 -1.406097e-02)	(6.094138e-05 3.051242e-04 -2.505741e-04)
5352          	(3.584922e-03 1.525639e-02 -1.433214e-02)	(3.524048e-03 1.495138e-02 -1.408158e-02)	(6.087347e-05 3.050109e-04 -2.505511e-04)
5353          	(3.582737e-03 1.525366e-02 -1.436441e-02)	(3.521928e-03 1.494876e-02 -1.411383e-02)	(6.080839e-05 3.048997e-04 -2.505807e-04)
5354          	(3.581200e-03 1.525316e-02 -1.437928e-02)	(3.520463e-03 1.494837e-02 -1.412864e-02)	(6.073682e-05 3.047931e-04 -2.506471e-04)
5355          	(3.580522e-03 1.525417e-02 -1.439128e-02)	(3.519870e-03 1.494950e-02 -1.414056e-02)	(6.065184e-05 3.046738e-04 -2.507184e-04)
5356          	(3.580523e-03 1.525648e-02 -1.440014e-02)	(3.519966e-03 1.495193e-02 -1.414931e-02)	(6.055740e-05 3.045527e-04 -2.508243e-04)
5357          	(3.580995e-03 1.525980e-02 -1.440523e-02)	(3.520539e-03 1.495537e-02 -1.415428e-02)	(6.045631e-05 3.044312e-04 -2.509516e-04)
5358          	(3.581641e-03 1.526371e-02 -1.440578e-02)	(3.521293e-03 1.495940e-02 -1.415467e-02)	(6.034778e-05 3.043095e-04 -2.511035e-04)
5359          	(3.582197e-03 1.526788e-02 -1.440127e-02)	(3.521958e-03 1.496369e-02 -1.415001e-02)	(6.023944e-05 3.041930e-04 -2.512579e-04)
5360          	(3.582176e-03 1.527170e-02 -1.439175e-02)	(3.522045e-03 1.496762e-02 -1.414034e-02)	(6.013037e-05 3.040826e-04 -2.514150e-04)
5361          	(3.581295e-03 1.527472e-02 -1.437782e-02)	(3.521269e-03 1.497074e-02 -1.412627e-02)	(6.002603e-05 3.039822e-04 -2.515534e-04)
5362          	(3.579327e-03 1.527668e-02 -1.436029e-02)	(3.519401e-03 1.497279e-02 -1.410861e-02)	(5.992619e-05 3.038930e-04 -2.516732e-04)
5363          	(3.576674e-03 1.527771e-02 -1.434012e-02)	(3.516840e-03 1.497389e-02 -1.408836e-02)	(5.983413e-05 3.038158e-04 -2.517539e-04)
5364          	(3.573191e-03 1.527779e-02 -1.431793e-02)	(3.513442e-03 1.497404e-02 -1.406612e-02)	(5.974935e-05 3.037523e-04 -2.518022e-04)
5365          	(3.568943e-03 1.527700e-02 -1.429409e-02)	(3.509269e-03 1.497329e-02 -1.404229e-02)	(5.967461e-05 3.037030e-04 -2.517973e-04)
5366          	(3.564727e-03 1.527587e-02 -1.426896e-02)	(3.505114e-03 1.497220e-02 -1.401721e-02)	(5.961218e-05 3.036710e-04 -2.517464e-04)
5367          	(3.560999e-03 1.527474e-02 -1.424269e-02)	(3.501434e-03 1.497108e-02 -1.399105e-02)	(5.956466e-05 3.036556e-04 -2.516365e-04)
5368          	(3.558144e-03 1.527386e-02 -1.421534e-02)	(3.498611e-03 1.497020e-02 -1.396386e-02)	(5.953246e-05 3.036580e-04 -2.514798e-04)
5369          	(3.556388e-03 1.527333e-02 -1.418695e-02)	(3.496867e-03 1.496965e-02 -1.393568e-02)	(5.952122e-05 3.036811e-04 -2.512667e-04)
5370          	(3.555768e-03 1.527311e-02 -1.415771e-02)	(3.496240e-03 1.496939e-02 -1.390670e-02)	(5.952732e-05 3.037212e-04 -2.510121e-04)
5371          	(3.556136e-03 1.527297e-02 -1.412827e-02)	(3.496580e-03 1.496919e-02 -1.387756e-02)	(5.955677e-05 3.037804e-04 -2.507056e-04)
5372          	(3.557130e-03 1.527256e-02 -1.409968e-02)	(3.497528e-03 1.496871e-02 -1.384931e-02)	(5.960171e-05 3.038529e-04 -2.503721e-04)
5373          	(3.558245e-03 1.527146e-02 -1.407325e-02)	(3.498582e-03 1.496753e-02 -1.382324e-02)	(5.966314e-05 3.039381e-04 -2.500118e-04)
5374          	(3.558917e-03 1.526928e-02 -1.405037e-02)	(3.499187e-03 1.496525e-02 -1.380072e-02)	(5.972949e-05 3.040252e-04 -2.496448e-04)
5375          	(3.558593e-03 1.526555e-02 -1.403234e-02)	(3.498792e-03 1.496144e-02 -1.378307e-02)	(5.980141e-05 3.041124e-04 -2.492648e-04)
5376          	(3.556928e-03 1.526026e-02 -1.402031e-02)	(3.497061e-03 1.495607e-02 -1.377141e-02)	(5.986671e-05 3.041888e-04 -2.488922e-04)
5377          	(3.553635e-03 1.525320e-02 -1.401489e-02)	(3.493709e-03 1.494895e-02 -1.376637e-02)	(5.992549e-05 3.042537e-04 -2.485209e-04)
5378          	(3.548712e-03 1.524445e-02 -1.401628e-02)	(3.488743e-03 1.494015e-02 -1.376811e-02)	(5.996912e-05 3.043001e-04 -2.481698e-04)
5379          	(3.542472e-03 1.523452e-02 -1.402411e-02)	(3.482470e-03 1.493019e-02 -1.377628e-02)	(6.000139e-05 3.043303e-04 -2.478290e-04)
5380          	(3.535405e-03 1.522397e-02 -1.403758e-02)	(3.475387e-03 1.491963e-02 -1.379006e-02)	(6.001799e-05 3.043423e-04 -2.475149e-04)
5381          	(3.528027e-03 1.521336e-02 -1.405551e-02)	(3.467998e-03 1.490901e-02 -1.380830e-02)	(6.002860e-05 3.043440e-04 -2.472132e-04)
5382          	(3.520878e-03 1.520349e-02 -1.407678e-02)	(3.460847e-03 1.489915e-02 -1.382984e-02)	(6.003134e-05 3.043359e-04 -2.469382e-04)
5383          	(3.514405e-03 1.519493e-02 -1.410032e-02)	(3.454374e-03 1.489061e-02 -1.385364e-02)	(6.003120e-05 3.043232e-04 -2.466816e-04)
5384          	(3.508926e-03 1.518813e-02 -1.412524e-02)	(3.448901e-03 1.488383e-02 -1.387878e-02)	(6.002461e-05 3.043058e-04 -2.464593e-04)
5385          	(3.502779e-03 1.518209e-02 -1.415158e-02)	(3.442763e-03 1.487780e-02 -1.390532e-02)	(6.001590e-05 3.042912e-04 -2.462646e-04)
5386          	(3.499866e-03 1.517966e-02 -1.417686e-02)	(3.439862e-03 1.487538e-02 -1.393074e-02)	(6.000408e-05 3.042778e-04 -2.461106e-04)
5387          	(3.498295e-03 1.517949e-02 -1.420152e-02)	(3.438305e-03 1.487522e-02 -1.395553e-02)	(5.998990e-05 3.042665e-04 -2.459924e-04)
5388          	(3.498061e-03 1.518149e-02 -1.422501e-02)	(3.438088e-03 1.487723e-02 -1.397909e-02)	(5.997384e-05 3.042596e-04 -2.459187e-04)
5389          	(3.502688e-03 1.519108e-02 -1.425675e-02)	(3.442709e-03 1.488679e-02 -1.401085e-02)	(5.997936e-05 3.042865e-04 -2.459026e-04)
5390          	(3.504077e-03 1.519569e-02 -1.427284e-02)	(3.444091e-03 1.489138e-02 -1.402692e-02)	(5.998553e-05 3.043182e-04 -2.459181e-04)
5391          	(3.506161e-03 1.520140e-02 -1.428549e-02)	(3.446193e-03 1.489707e-02 -1.403955e-02)	(5.996749e-05 3.043301e-04 -2.459454e-04)
5392          	(3.508905e-03 1.520820e-02 -1.429429e-02)	(3.448959e-03 1.490386e-02 -1.404829e-02)	(5.994524e-05 3.043443e-04 -2.460052e-04)
5393          	(3.512085e-03 1.521570e-02 -1.429854e-02)	(3.452164e-03 1.491134e-02 -1.405246e-02)	(5.992095e-05 3.043615e-04 -2.460843e-04)
5394          	(3.515427e-03 1.522355e-02 -1.429761e-02)	(3.455529e-03 1.491916e-02 -1.405144e-02)	(5.989807e-05 3.043853e-04 -2.461792e-04)
5395          	(3.518412e-03 1.523092e-02 -1.429142e-02)	(3.458533e-03 1.492651e-02 -1.404515e-02)	(5.987931e-05 3.044163e-04 -2.462715e-04)
5396          	(3.520574e-03 1.523725e-02 -1.428062e-02)	(3.460707e-03 1.493280e-02 -1.403426e-02)	(5.986728e-05 3.044566e-04 -2.463560e-04)
5397          	(3.521640e-03 1.524203e-02 -1.426627e-02)	(3.461777e-03 1.493752e-02 -1.401986e-02)	(5.986324e-05 3.045055e-04 -2.464158e-04)
5398          	(3.521572e-03 1.524514e-02 -1.424947e-02)	(3.461707e-03 1.494058e-02 -1.400302e-02)	(5.986519e-05 3.045611e-04 -2.464514e-04)
5399          	(3.520536e-03 1.524673e-02 -1.423104e-02)	(3.460663e-03 1.494211e-02 -1.398459e-02)	(5.987263e-05 3.046214e-04 -2.464507e-04)
5400          	(3.518829e-03 1.524707e-02 -1.421154e-02)	(3.458946e-03 1.494239e-02 -1.396512e-02)	(5.988353e-05 3.046844e-04 -2.464159e-04)
5401          	(3.516839e-03 1.524650e-02 -1.419133e-02)	(3.456943e-03 1.494175e-02 -1.394499e-02)	(5.989660e-05 3.047479e-04 -2.463398e-04)
5402          	(3.514886e-03 1.524531e-02 -1.417065e-02)	(3.454975e-03 1.494050e-02 -1.392442e-02)	(5.991068e-05 3.048114e-04 -2.462302e-04)
5403          	(3.513390e-03 1.524383e-02 -1.414944e-02)	(3.453463e-03 1.493895e-02 -1.390335e-02)	(5.992756e-05 3.048751e-04 -2.460813e-04)
5404          	(3.512597e-03 1.524224e-02 -1.412759e-02)	(3.452650e-03 1.493730e-02 -1.388169e-02)	(5.994695e-05 3.049384e-04 -2.459010e-04)
5405          	(3.512557e-03 1.524050e-02 -1.410522e-02)	(3.452582e-03 1.493550e-02 -1.385954e-02)	(5.997541e-05 3.050057e-04 -2.456818e-04)
5406          	(3.513245e-03 1.523858e-02 -1.408276e-02)	(3.453235e-03 1.493350e-02 -1.383732e-02)	(6.000976e-05 3.050740e-04 -2.454405e-04)
5407          	(3.514332e-03 1.523618e-02 -1.406123e-02)	(3.454280e-03 1.493104e-02 -1.381605e-02)	(6.005207e-05 3.051449e-04 -2.451788e-04)
5408          	(3.515317e-03 1.523294e-02 -1.404205e-02)	(3.455219e-03 1.492773e-02 -1.379714e-02)	(6.009786e-05 3.052129e-04 -2.449089e-04)
5409          	(3.515640e-03 1.522853e-02 -1.402675e-02)	(3.455492e-03 1.492325e-02 -1.378212e-02)	(6.014745e-05 3.052766e-04 -2.446289e-04)
5410          	(3.514716e-03 1.522254e-02 -1.401679e-02)	(3.454523e-03 1.491721e-02 -1.377243e-02)	(6.019263e-05 3.053290e-04 -2.443560e-04)
5411          	(3.512119e-03 1.521481e-02 -1.401329e-02)	(3.451889e-03 1.490945e-02 -1.376920e-02)	(6.022995e-05 3.053664e-04 -2.440897e-04)
5412          	(3.507599e-03 1.520523e-02 -1.401681e-02)	(3.447346e-03 1.489985e-02 -1.377296e-02)	(6.025300e-05 3.053842e-04 -2.438447e-04)
5413          	(3.501283e-03 1.519408e-02 -1.402721e-02)	(3.441022e-03 1.488869e-02 -1.378360e-02)	(6.026154e-05 3.053807e-04 -2.436101e-04)
5414          	(3.493564e-03 1.518194e-02 -1.404384e-02)	(3.433313e-03 1.487659e-02 -1.380044e-02)	(6.025161e-05 3.053546e-04 -2.433982e-04)
5415          	(3.484954e-03 1.516943e-02 -1.406547e-02)	(3.424724e-03 1.486412e-02 -1.382227e-02)	(6.022937e-05 3.053111e-04 -2.431978e-04)
5416          	(3.476098e-03 1.515730e-02 -1.409073e-02)	(3.415903e-03 1.485205e-02 -1.384771e-02)	(6.019504e-05 3.052533e-04 -2.430174e-04)
5417          	(3.468926e-03 1.514710e-02 -1.412055e-02)	(3.408775e-03 1.484192e-02 -1.387769e-02)	(6.015194e-05 3.051819e-04 -2.428520e-04)
5418          	(3.462815e-03 1.513895e-02 -1.415105e-02)	(3.402713e-03 1.483385e-02 -1.390834e-02)	(6.010143e-05 3.051032e-04 -2.427139e-04)
5419          	(3.457207e-03 1.513290e-02 -1.417901e-02)	(3.397161e-03 1.482788e-02 -1.393642e-02)	(6.004664e-05 3.050253e-04 -2.425901e-04)
5420          	(3.452475e-03 1.512904e-02 -1.420677e-02)	(3.392486e-03 1.482408e-02 -1.396428e-02)	(5.998861e-05 3.049533e-04 -2.424930e-04)
5421          	(3.449583e-03 1.512819e-02 -1.423310e-02)	(3.389655e-03 1.482330e-02 -1.399068e-02)	(5.992884e-05 3.048894e-04 -2.424208e-04)
5422          	(3.449909e-03 1.513110e-02 -1.425863e-02)	(3.390040e-03 1.482627e-02 -1.401625e-02)	(5.986996e-05 3.048344e-04 -2.423820e-04)
5423          	(3.451992e-03 1.513684e-02 -1.428149e-02)	(3.392181e-03 1.483205e-02 -1.403912e-02)	(5.981130e-05 3.047887e-04 -2.423722e-04)
5424          	(3.454682e-03 1.514423e-02 -1.430066e-02)	(3.394928e-03 1.483947e-02 -1.405827e-02)	(5.975425e-05 3.047567e-04 -2.423941e-04)
5425          	(3.458694e-03 1.515356e-02 -1.431663e-02)	(3.398996e-03 1.484883e-02 -1.407419e-02)	(5.969826e-05 3.047369e-04 -2.424424e-04)
5426          	(3.463733e-03 1.516420e-02 -1.432875e-02)	(3.404086e-03 1.485946e-02 -1.408623e-02)	(5.964736e-05 3.047323e-04 -2.425194e-04)
5427          	(3.469610e-03 1.517582e-02 -1.433634e-02)	(3.410006e-03 1.487108e-02 -1.409373e-02)	(5.960363e-05 3.047424e-04 -2.426143e-04)
5428          	(3.475969e-03 1.518786e-02 -1.433878e-02)	(3.416398e-03 1.488309e-02 -1.409605e-02)	(5.957152e-05 3.047709e-04 -2.427269e-04)
5429          	(3.482366e-03 1.519974e-02 -1.433581e-02)	(3.422812e-03 1.489492e-02 -1.409297e-02)	(5.955450e-05 3.048190e-04 -2.428420e-04)
5430          	(3.488247e-03 1.521074e-02 -1.432767e-02)	(3.428692e-03 1.490585e-02 -1.408471e-02)	(5.955540e-05 3.048890e-04 -2.429582e-04)
5431          	(3.493071e-03 1.522037e-02 -1.431518e-02)	(3.433499e-03 1.491539e-02 -1.407212e-02)	(5.957283e-05 3.049777e-04 -2.430614e-04)
5432          	(3.496548e-03 1.522791e-02 -1.429929e-02)	(3.436944e-03 1.492283e-02 -1.405614e-02)	(5.960399e-05 3.050817e-04 -2.431506e-04)
5433          	(3.498623e-03 1.523325e-02 -1.428111e-02)	(3.438975e-03 1.492805e-02 -1.403790e-02)	(5.964767e-05 3.051969e-04 -2.432130e-04)
5434          	(3.499486e-03 1.523654e-02 -1.426148e-02)	(3.439788e-03 1.493123e-02 -1.401823e-02)	(5.969819e-05 3.053180e-04 -2.432539e-04)
5435          	(3.499470e-03 1.523811e-02 -1.424109e-02)	(3.439720e-03 1.493267e-02 -1.399782e-02)	(5.975038e-05 3.054383e-04 -2.432686e-04)
5436          	(3.499099e-03 1.523841e-02 -1.422047e-02)	(3.439296e-03 1.493286e-02 -1.397721e-02)	(5.980261e-05 3.055560e-04 -2.432635e-04)
5437          	(3.498727e-03 1.523785e-02 -1.420010e-02)	(3.438874e-03 1.493219e-02 -1.395686e-02)	(5.985281e-05 3.056674e-04 -2.432346e-04)
5438          	(3.498734e-03 1.523682e-02 -1.418022e-02)	(3.438830e-03 1.493105e-02 -1.393703e-02)	(5.990334e-05 3.057739e-04 -2.431875e-04)
5439          	(3.499551e-03 1.523560e-02 -1.416118e-02)	(3.439596e-03 1.492973e-02 -1.391806e-02)	(5.995404e-05 3.058734e-04 -2.431224e-04)
5440          	(3.501014e-03 1.523428e-02 -1.414316e-02)	(3.441010e-03 1.492831e-02 -1.390010e-02)	(6.000415e-05 3.059669e-04 -2.430535e-04)
5441          	(3.502934e-03 1.523270e-02 -1.412680e-02)	(3.442879e-03 1.492664e-02 -1.388382e-02)	(6.005449e-05 3.060530e-04 -2.429761e-04)
5442          	(3.504915e-03 1.523055e-02 -1.411312e-02)	(3.444811e-03 1.492442e-02 -1.387021e-02)	(6.010405e-05 3.061315e-04 -2.429046e-04)
5443          	(3.506377e-03 1.522732e-02 -1.410325e-02)	(3.446226e-03 1.492113e-02 -1.386041e-02)	(6.015108e-05 3.061987e-04 -2.428372e-04)
5444          	(3.506784e-03 1.522272e-02 -1.409842e-02)	(3.446595e-03 1.491647e-02 -1.385563e-02)	(6.018920e-05 3.062503e-04 -2.427913e-04)
5445          	(3.505605e-03 1.521638e-02 -1.409961e-02)	(3.445389e-03 1.491010e-02 -1.385685e-02)	(6.021572e-05 3.062817e-04 -2.427615e-04)
5446          	(3.502540e-03 1.520823e-02 -1.410741e-02)	(3.442316e-03 1.490194e-02 -1.386465e-02)	(6.022387e-05 3.062874e-04 -2.427572e-04)
5447          	(3.497539e-03 1.519843e-02 -1.412185e-02)	(3.437327e-03 1.489217e-02 -1.387908e-02)	(6.021174e-05 3.062647e-04 -2.427689e-04)
5448          	(3.490853e-03 1.518745e-02 -1.414238e-02)	(3.430677e-03 1.488123e-02 -1.389957e-02)	(6.017684e-05 3.062131e-04 -2.428027e-04)
5449          	(3.483003e-03 1.517585e-02 -1.416778e-02)	(3.422881e-03 1.486972e-02 -1.392493e-02)	(6.012151e-05 3.061348e-04 -2.428464e-04)
5450          	(3.474696e-03 1.516456e-02 -1.419660e-02)	(3.414651e-03 1.485853e-02 -1.395369e-02)	(6.004491e-05 3.060325e-04 -2.429083e-04)
5451          	(3.466655e-03 1.515447e-02 -1.422739e-02)	(3.406703e-03 1.484856e-02 -1.398442e-02)	(5.995189e-05 3.059116e-04 -2.429783e-04)
5452          	(3.459553e-03 1.514627e-02 -1.425890e-02)	(3.399708e-03 1.484050e-02 -1.401583e-02)	(5.984474e-05 3.057773e-04 -2.430622e-04)
5453          	(3.453920e-03 1.514058e-02 -1.429005e-02)	(3.394192e-03 1.483494e-02 -1.404690e-02)	(5.972865e-05 3.056360e-04 -2.431527e-04)
5454          	(3.450136e-03 1.513781e-02 -1.432003e-02)	(3.390530e-03 1.483231e-02 -1.407677e-02)	(5.960611e-05 3.054933e-04 -2.432594e-04)
5455          	(3.448407e-03 1.513816e-02 -1.434816e-02)	(3.388926e-03 1.483280e-02 -1.410479e-02)	(5.948148e-05 3.053541e-04 -2.433756e-04)
5456          	(3.448896e-03 1.514167e-02 -1.437393e-02)	(3.389541e-03 1.483645e-02 -1.413042e-02)	(5.935504e-05 3.052213e-04 -2.435122e-04)
5457          	(3.451589e-03 1.514827e-02 -1.439672e-02)	(3.392360e-03 1.484318e-02 -1.415305e-02)	(5.922864e-05 3.050964e-04 -2.436636e-04)
5458          	(3.456398e-03 1.515780e-02 -1.441583e-02)	(3.397296e-03 1.485282e-02 -1.417199e-02)	(5.910243e-05 3.049816e-04 -2.438377e-04)
5459          	(3.462683e-03 1.516936e-02 -1.443057e-02)	(3.403704e-03 1.486448e-02 -1.418655e-02)	(5.897973e-05 3.048788e-04 -2.440232e-04)
5460          	(3.470179e-03 1.518248e-02 -1.444040e-02)	(3.411316e-03 1.487769e-02 -1.419617e-02)	(5.886296e-05 3.047911e-04 -2.442227e-04)
5461          	(3.478614e-03 1.519666e-02 -1.444494e-02)	(3.419857e-03 1.489194e-02 -1.420052e-02)	(5.875722e-05 3.047211e-04 -2.444221e-04)
5462          	(3.487629e-03 1.521131e-02 -1.444387e-02)	(3.428963e-03 1.490664e-02 -1.419926e-02)	(5.866680e-05 3.046721e-04 -2.446191e-04)
5463          	(3.496824e-03 1.522586e-02 -1.443708e-02)	(3.438227e-03 1.492121e-02 -1.419228e-02)	(5.859776e-05 3.046481e-04 -2.448017e-04)
5464          	(3.505649e-03 1.523956e-02 -1.442485e-02)	(3.447097e-03 1.493491e-02 -1.417988e-02)	(5.855154e-05 3.046499e-04 -2.449688e-04)
5465          	(3.513499e-03 1.525173e-02 -1.440798e-02)	(3.454970e-03 1.494705e-02 -1.416288e-02)	(5.852869e-05 3.046759e-04 -2.451062e-04)
5466          	(3.519955e-03 1.526165e-02 -1.438784e-02)	(3.461429e-03 1.495693e-02 -1.414262e-02)	(5.852573e-05 3.047223e-04 -2.452196e-04)
5467          	(3.524849e-03 1.526909e-02 -1.436580e-02)	(3.466310e-03 1.496431e-02 -1.412050e-02)	(5.853881e-05 3.047834e-04 -2.453008e-04)
5468          	(3.528269e-03 1.527415e-02 -1.434311e-02)	(3.469708e-03 1.496930e-02 -1.409775e-02)	(5.856089e-05 3.048519e-04 -2.453575e-04)
5469          	(3.530504e-03 1.527716e-02 -1.432071e-02)	(3.471915e-03 1.497224e-02 -1.407532e-02)	(5.858900e-05 3.049234e-04 -2.453853e-04)
5470          	(3.531961e-03 1.527857e-02 -1.429930e-02)	(3.473345e-03 1.497358e-02 -1.405391e-02)	(5.861622e-05 3.049903e-04 -2.453921e-04)
5471          	(3.533075e-03 1.527886e-02 -1.427935e-02)	(3.474433e-03 1.497380e-02 -1.403398e-02)	(5.864263e-05 3.050519e-04 -2.453744e-04)
5472          	(3.532251e-03 1.527700e-02 -1.425902e-02)	(3.473587e-03 1.497189e-02 -1.401368e-02)	(5.866394e-05 3.051080e-04 -2.453414e-04)
5473          	(3.531637e-03 1.527475e-02 -1.424104e-02)	(3.472955e-03 1.496959e-02 -1.399575e-02)	(5.868191e-05 3.051595e-04 -2.452936e-04)
5474          	(3.531673e-03 1.527250e-02 -1.422565e-02)	(3.472978e-03 1.496730e-02 -1.398041e-02)	(5.869492e-05 3.052027e-04 -2.452424e-04)
5475          	(3.532419e-03 1.527044e-02 -1.421332e-02)	(3.473713e-03 1.496521e-02 -1.396813e-02)	(5.870574e-05 3.052385e-04 -2.451875e-04)
5476          	(3.533619e-03 1.526853e-02 -1.420469e-02)	(3.474910e-03 1.496327e-02 -1.395954e-02)	(5.870922e-05 3.052629e-04 -2.451456e-04)
5477          	(3.535314e-03 1.526670e-02 -1.420028e-02)	(3.476608e-03 1.496142e-02 -1.395516e-02)	(5.870608e-05 3.052740e-04 -2.451134e-04)
5478          	(3.536040e-03 1.526386e-02 -1.420019e-02)	(3.477349e-03 1.495859e-02 -1.395509e-02)	(5.869156e-05 3.052685e-04 -2.451052e-04)
5479          	(3.535380e-03 1.525973e-02 -1.420509e-02)	(3.476716e-03 1.495449e-02 -1.395998e-02)	(5.866448e-05 3.052449e-04 -2.451131e-04)
5480          	(3.533007e-03 1.525422e-02 -1.421543e-02)	(3.474389e-03 1.494902e-02 -1.397028e-02)	(5.861798e-05 3.051979e-04 -2.451481e-04)
5481          	(3.528849e-03 1.524746e-02 -1.423125e-02)	(3.470295e-03 1.494233e-02 -1.398606e-02)	(5.855355e-05 3.051281e-04 -2.451971e-04)
5482          	(3.523109e-03 1.523987e-02 -1.425213e-02)	(3.464645e-03 1.493484e-02 -1.400686e-02)	(5.846415e-05 3.050315e-04 -2.452724e-04)
5483          	(3.516306e-03 1.523212e-02 -1.427710e-02)	(3.457950e-03 1.492720e-02 -1.403175e-02)	(5.835523e-05 3.049134e-04 -2.453576e-04)
5484          	(3.509070e-03 1.522495e-02 -1.430482e-02)	(3.450848e-03 1.492018e-02 -1.405935e-02)	(5.822208e-05 3.047726e-04 -2.454647e-04)
5485          	(3.502167e-03 1.521920e-02 -1.433394e-02)	(3.444093e-03 1.491458e-02 -1.408837e-02)	(5.807378e-05 3.046177e-04 -2.455744e-04)
5486          	(3.496221e-03 1.521556e-02 -1.436324e-02)	(3.438312e-03 1.491110e-02 -1.411754e-02)	(5.790878e-05 3.044510e-04 -2.456995e-04)
5487          	(3.491773e-03 1.521457e-02 -1.439169e-02)	(3.434036e-03 1.491029e-02 -1.414586e-02)	(5.773726e-05 3.042827e-04 -2.458251e-04)
5488          	(3.489196e-03 1.521658e-02 -1.441851e-02)	(3.431639e-03 1.491246e-02 -1.417255e-02)	(5.755656e-05 3.041136e-04 -2.459643e-04)
5489          	(3.488782e-03 1.522177e-02 -1.444308e-02)	(3.431407e-03 1.491782e-02 -1.419698e-02)	(5.737513e-05 3.039522e-04 -2.461057e-04)
5490          	(3.490635e-03 1.523014e-02 -1.446467e-02)	(3.433444e-03 1.492634e-02 -1.421840e-02)	(5.719029e-05 3.037988e-04 -2.462638e-04)
5491          	(3.494924e-03 1.524165e-02 -1.448264e-02)	(3.437913e-03 1.493799e-02 -1.423622e-02)	(5.701038e-05 3.036601e-04 -2.464254e-04)
5492          	(3.501287e-03 1.525552e-02 -1.449637e-02)	(3.444451e-03 1.495198e-02 -1.424977e-02)	(5.683515e-05 3.035370e-04 -2.466007e-04)
5493          	(3.509084e-03 1.527089e-02 -1.450559e-02)	(3.452409e-03 1.496745e-02 -1.425882e-02)	(5.667495e-05 3.034371e-04 -2.467741e-04)
5494          	(3.518405e-03 1.528754e-02 -1.450991e-02)	(3.461874e-03 1.498418e-02 -1.426296e-02)	(5.653110e-05 3.033620e-04 -2.469529e-04)
5495          	(3.528943e-03 1.530486e-02 -1.450913e-02)	(3.472530e-03 1.500154e-02 -1.426201e-02)	(5.641305e-05 3.033168e-04 -2.471194e-04)
5496          	(3.540382e-03 1.532234e-02 -1.450319e-02)	(3.484060e-03 1.501904e-02 -1.425591e-02)	(5.632199e-05 3.033024e-04 -2.472815e-04)
5497          	(3.552192e-03 1.533920e-02 -1.449223e-02)	(3.495926e-03 1.503588e-02 -1.424480e-02)	(5.626538e-05 3.033224e-04 -2.474224e-04)
5498          	(3.563782e-03 1.535462e-02 -1.447680e-02)	(3.507542e-03 1.505124e-02 -1.422925e-02)	(5.623987e-05 3.033731e-04 -2.475508e-04)
5499          	(3.574595e-03 1.536806e-02 -1.445804e-02)	(3.518350e-03 1.506461e-02 -1.421039e-02)	(5.624561e-05 3.034513e-04 -2.476552e-04)
5500          	(3.584109e-03 1.537902e-02 -1.443743e-02)	(3.527835e-03 1.507547e-02 -1.418969e-02)	(5.627399e-05 3.035491e-04 -2.477461e-04)
