# Probe 0 (-1 0.395 0)
# Probe 1 (1 0.395 0)
#       Probe             0             1
#        Time
   0.00059988       897.231       897.788
   0.00131991       892.433       892.433
   0.00218382       902.978       903.702
   0.00322105       903.385       903.996
   0.00446547       904.054       904.476
   0.00595802       905.135       905.443
   0.00774909       906.433       906.603
   0.00989682       907.782        907.83
    0.0124752       909.145       909.042
    0.0155709       910.483       910.189
    0.0192857       911.661       911.173
    0.0237435       912.531       911.878
    0.0290783       912.932       912.189
    0.0354659       912.739       912.003
    0.0431209       911.902       911.164
    0.0523217       910.416       909.681
    0.0633412       908.574       907.814
    0.0765336       906.556       905.646
    0.0909627       904.624       903.353
     0.101063       903.183        901.75
      0.10294       902.969       902.107
     0.104297       902.224       900.563
     0.105841         902.1         900.6
     0.107605        901.99       900.547
     0.109675       901.865       900.413
     0.112162       901.657       900.166
     0.115142       901.317        899.83
      0.11871        900.84       899.334
     0.122988       900.215       898.707
     0.128117       899.417       897.899
     0.134257       898.415       896.844
     0.135988       898.486       896.889
     0.137895       897.891       896.284
     0.140024       897.516       895.892
       0.1424       897.088       895.482
     0.145211        896.56       894.964
      0.14859       895.935       894.333
     0.152569       895.214       893.585
     0.157329       894.333       892.678
     0.163023       893.304       891.639
     0.169828        892.08       890.426
     0.177967       890.636       889.053
     0.187753       889.073       887.467
     0.199356        887.43       885.765
      0.21227       885.921       884.172
      0.21912        885.97       884.089
     0.226929       884.823       882.906
     0.235714       884.212       882.253
     0.241504       884.045       882.193
     0.247429       883.128       881.506
     0.254089        882.92       881.279
     0.261779       882.595       881.022
     0.269803       882.434       880.851
     0.274805       882.486       881.009
     0.280515       882.469       880.868
     0.286997       882.523       880.924
     0.294199        882.59       881.007
     0.302406       882.713       881.125
     0.310244       882.871       881.265
     0.318975       882.938       881.468
     0.328845       883.008       881.788
     0.337914       883.152       882.135
     0.343989       883.319        882.43
     0.349322        883.32       882.789
     0.355347       883.414       883.133
     0.362279       883.587       883.481
      0.36734       883.973       883.824
     0.371486       884.216       884.075
     0.373321       884.548       884.424
     0.375506       884.189       884.294
     0.378046       884.179       884.308
     0.381021       884.222       884.364
      0.38452       884.295       884.468
     0.388644        884.44       884.618
     0.393486       884.565       884.784
     0.399092        884.81       884.949
     0.405399       885.056       885.131
     0.412676       885.277       885.282
     0.421408       885.503       885.417
     0.431232       885.759       885.493
     0.442693       886.092       885.693
      0.44571       886.098       885.433
     0.449103       886.549       886.014
     0.453018       886.673       886.023
     0.457289       886.861       886.128
     0.462628       887.072       886.167
     0.468857       887.355       886.223
     0.476642       887.744       886.289
     0.484428       888.221       886.252
     0.492214       888.774       886.223
          0.5       889.427       886.162
     0.507937       890.195       886.083
     0.513794       891.049       886.009
     0.519448       891.744       885.926
     0.526031       892.584       885.792
     0.533676       893.659       885.635
     0.542154       894.994       885.486
     0.547541       896.331       885.417
     0.553417       897.492       885.288
     0.560183       899.043       885.158
     0.567766       901.161        885.03
     0.576241       903.784        884.92
     0.581409       906.168       884.959
     0.587305       908.378       884.905
     0.594183       911.311       884.905
     0.602299       915.296       884.895
     0.611548       920.523       884.936
     0.622339       927.747       885.079
     0.634927       937.888       885.338
     0.648968       951.872       885.808
     0.664924       971.402       886.525
     0.681678        996.74       887.457
     0.686812       1011.09       888.007
     0.689795       1018.17       888.382
     0.693204        1023.1       888.484
     0.697088       1029.25        888.67
     0.701677       1037.28       888.942
     0.707202       1048.45       889.306
     0.713567       1062.41        889.76
     0.720911       1080.24         890.3
     0.729633       1102.79       890.952
     0.739646       1129.18       891.722
     0.750966       1159.41       892.603
     0.764073       1193.12       893.593
     0.769971       1205.62       894.019
     0.774482       1215.96       894.347
     0.779726       1229.12       894.689
      0.78568       1244.29       895.063
     0.792824       1261.58       895.493
     0.801456        1279.1       895.992
     0.811906       1294.18       896.558
     0.819743       1303.17       896.864
     0.823498       1305.73       896.869
     0.825551       1306.71       896.912
     0.827846       1307.22       897.147
     0.830495       1307.25       897.282
     0.833693       1307.69       897.428
      0.83756       1309.64       897.572
     0.842202        1312.5       897.725
     0.847461       1316.34       897.858
     0.853563       1322.29       897.999
     0.860885       1329.57       898.153
      0.86958       1338.43        898.27
     0.879612        1347.7       898.346
     0.887638       1354.07       898.322
      0.89466        1358.8       898.282
     0.900857       1362.91       898.224
     0.907466       1366.51       898.158
      0.91325       1368.94       898.058
     0.919923        1371.6       897.952
     0.927203       1373.53       897.779
     0.935291       1375.65       897.575
     0.939913       1373.47       897.334
     0.942775       1372.53       897.154
     0.946141       1373.13       897.115
     0.949988       1373.53       897.008
     0.954534       1373.79       896.864
     0.959586       1373.62        896.68
      0.96326       1371.71        896.49
     0.967342       1371.57        896.36
     0.972008       1371.36       896.176
     0.977606       1371.42       895.943
     0.985071       1372.11       895.623
     0.992535       1371.14       895.271
            1       1370.46       894.924
      1.00847       1370.26       894.531
      1.01811       1370.45       894.075
      1.02932       1370.51       893.542
      1.03873       1369.29       893.113
      1.04946        1369.2       892.591
      1.06164       1369.06       891.983
      1.07534       1368.46       891.302
      1.08998       1367.54       890.579
       1.1024       1365.91       889.962
      1.11105       1363.95       889.532
      1.12102       1363.39       889.047
       1.1325       1363.19       888.489
      1.14518        1363.2       887.866
      1.15785       1363.16        887.24
      1.17101       1363.44       886.599
      1.18235       1363.47       886.049
      1.19029       1362.95       885.646
       1.1989       1363.61       885.189
      1.20643       1363.93       884.828
      1.21506       1364.94       884.411
      1.22524       1366.24       883.931
      1.23623       1367.27        883.43
      1.24879       1368.38       882.878
      1.26274       1369.26       882.302
      1.27856       1369.86        881.72
      1.29701        1370.1       881.156
      1.31393       1369.75       880.811
      1.32427       1369.14       880.822
      1.33078       1368.73       880.906
       1.3343       1368.43       881.022
      1.33582       1368.27       881.226
      1.33655       1368.34       881.466
      1.33685       1368.58       882.122
      1.33712       1368.48       881.824
      1.33744       1368.33       881.432
      1.33782       1368.27       881.177
      1.33827       1368.23       881.019
      1.33882       1368.22       880.921
      1.33948        1368.2       880.857
      1.34026        1368.2        880.81
      1.34121       1368.19        880.78
      1.34234       1368.18        880.76
       1.3437       1368.21       880.751
      1.34533       1368.22       880.743
      1.34729       1368.23       880.752
      1.34964       1368.25       880.778
      1.35247       1368.24       880.815
       1.3559        1368.2        880.85
      1.36002       1368.12       880.919
      1.36502       1367.98        881.03
      1.37089       1367.78       881.163
      1.37768        1367.5       881.318
      1.38533       1367.21       881.524
      1.39297       1366.85       881.816
      1.40062       1366.53       882.148
      1.40772       1366.32       882.502
      1.41482       1366.17       882.882
      1.42191       1366.08       883.284
      1.42901       1366.05       883.715
      1.43547       1366.07       884.145
      1.44192       1366.13       884.581
      1.44837       1366.25       885.038
      1.45483       1366.41       885.511
      1.46128       1366.62       886.002
      1.46773       1366.87        886.51
      1.47419       1367.15       887.031
      1.48064       1367.47       887.562
      1.48709       1367.82       888.101
      1.49355        1368.2       888.644
          1.5        1368.6       889.192
      1.50595       1368.98       889.706
       1.5119       1369.36       890.212
      1.51779       1369.74       890.711
      1.52367       1370.11       891.207
      1.52948       1370.48       891.693
      1.53521       1370.83       892.167
      1.54095       1371.17       892.634
      1.54662       1371.49       893.088
      1.55229       1371.79       893.532
      1.55788       1372.06       893.962
      1.56341       1372.29       894.375
      1.56894        1372.5       894.776
      1.57439       1372.68       895.162
      1.57985       1372.83       895.536
      1.58523       1372.93       895.892
      1.59055       1373.01       896.228
      1.59587       1373.05       896.551
      1.60112       1373.05       896.846
      1.60637       1373.01       897.116
      1.61162       1372.93       897.365
      1.61679       1372.83       897.586
      1.62197       1372.74       897.799
      1.62708       1372.65       897.991
      1.63219       1372.54       898.173
      1.63723       1372.34       898.336
      1.64227       1372.11       898.508
       1.6473       1371.84       898.687
      1.65227       1371.54       898.844
      1.65724       1371.21       898.994
      1.66221       1370.88       899.124
      1.66717       1370.52       899.238
      1.67214       1370.16       899.347
      1.67704       1369.77       899.428
      1.68193       1369.37       899.526
      1.68682       1368.94       899.617
      1.69172       1368.51       899.672
      1.69669       1368.06       899.733
      1.70166        1367.6       899.778
      1.70663       1367.12       899.797
      1.71161       1366.64       899.816
      1.71658       1366.16       899.806
      1.72155       1365.67       899.798
      1.72661       1365.16       899.779
      1.73168       1364.65       899.743
      1.73674       1364.15       899.702
       1.7418       1363.64       899.663
      1.74696       1363.13        899.61
      1.75213       1362.62       899.558
      1.75719       1362.13       899.499
      1.76225       1361.64       899.442
       1.7673       1361.15       899.385
      1.77236       1360.66        899.33
      1.77742       1360.18       899.276
      1.78248       1359.71       899.224
      1.78754       1359.25       899.177
       1.7926       1358.79       899.132
      1.79766       1358.34       899.094
      1.80284       1357.87       899.062
      1.80803       1357.42       899.039
      1.81322       1356.96       899.027
      1.81841       1356.51       899.035
      1.82375       1356.05       899.063
      1.82909       1355.59       899.112
      1.83443       1355.13       899.193
      1.83977       1354.67       899.306
      1.84511       1354.23       899.445
      1.85045       1353.78       899.617
       1.8558       1353.33       899.839
      1.86114       1352.88       900.084
      1.86648       1352.44       900.312
      1.87182       1351.99       900.569
      1.87716       1351.55       900.848
       1.8825       1351.12        901.15
      1.88784       1350.67        901.51
      1.89318       1350.24        901.93
      1.89852       1349.81       902.417
      1.90416       1349.36       902.965
       1.9098        1348.9       903.593
      1.91544       1348.46        904.28
      1.92107       1348.03       905.032
      1.92671       1347.62       905.853
      1.93235       1347.21       906.743
      1.93799       1346.83       907.714
      1.94362       1346.46       908.756
      1.94926        1346.1       909.892
       1.9549       1345.78       911.113
      1.96054       1345.46       912.425
      1.96617       1345.17       913.836
      1.97181        1344.9       915.351
      1.97745       1344.63       916.975
      1.98309        1344.4       918.714
      1.98872       1344.19       920.578
      1.99436       1344.01        922.57
            2       1343.83         924.7
      2.00612       1343.66       927.087
      2.01227       1343.51       929.744
      2.01846       1343.39       932.611
      2.02469       1343.26       935.715
      2.03096       1343.16        939.05
      2.03728       1343.07       942.667
      2.04363          1343       946.578
      2.05002       1342.92       950.789
      2.05646       1342.88        955.32
      2.06293       1342.83       960.213
      2.06948       1342.76       965.515
      2.07607       1342.76       971.235
       2.0827       1342.73        977.39
      2.08938        1342.7       984.028
      2.09609       1342.69       991.097
      2.10284       1342.69       998.616
      2.10964       1342.63       1006.55
      2.11649       1342.61       1014.92
      2.12339       1342.58       1023.77
      2.13034       1342.53       1033.16
      2.13734       1342.48       1043.18
      2.14437       1342.42        1053.8
      2.15142       1342.36       1064.93
      2.15851        1342.3       1076.55
      2.16562       1342.25       1088.64
      2.17275       1342.18       1101.21
      2.17989        1342.1       1114.29
      2.18706       1342.02        1127.8
      2.19425       1341.93       1141.72
      2.20147       1341.84       1156.06
       2.2087       1341.74        1170.7
      2.21595       1341.61       1185.58
      2.22323       1341.52       1200.63
      2.23054       1341.38       1215.81
      2.23786       1341.26          1231
       2.2452       1341.14       1246.11
      2.25257       1341.02       1261.19
      2.25994        1340.9       1276.16
      2.26735       1340.78       1290.94
      2.27475       1340.66       1305.23
      2.28216       1340.54       1319.58
      2.28959       1340.42       1333.41
      2.29703       1340.31       1346.83
       2.3045       1340.18       1359.82
      2.31197       1340.07       1372.24
      2.31944       1339.97       1384.09
      2.32694       1339.86       1395.31
      2.33444       1339.77       1405.92
      2.34195       1339.67       1415.83
      2.34945       1339.58       1425.14
      2.35698       1339.49       1433.83
      2.36452       1339.41       1441.95
      2.37206       1339.33        1449.5
       2.3796       1339.25       1456.41
      2.38713       1339.17       1462.72
       2.3947        1339.1        1468.3
      2.40228       1339.02       1473.16
      2.40985       1338.94       1477.24
      2.41742       1338.87       1480.52
      2.42499       1338.78       1482.98
      2.43256        1338.7       1484.58
      2.44014       1338.61       1485.36
      2.44771       1338.53       1485.38
      2.45528       1338.45       1484.68
      2.46285       1338.37       1483.08
      2.47039       1338.29       1480.93
      2.47792       1338.21        1478.2
      2.48546       1338.14       1474.96
      2.49296       1338.07       1471.37
      2.50038       1338.01       1467.42
      2.50777       1337.95        1463.2
      2.51512       1337.91       1458.77
       2.5224       1337.88       1454.16
      2.52964       1337.88       1449.47
      2.53681       1337.86       1444.66
      2.54395       1337.87       1439.83
      2.55102       1337.93       1435.02
      2.55805       1337.95       1430.22
      2.56458       1337.98       1425.72
      2.57138       1338.08       1421.15
      2.57822       1338.17        1416.6
      2.58502       1338.29       1412.13
      2.59176       1338.44        1407.8
      2.59788       1338.59       1403.74
      2.60443       1338.77       1399.74
      2.61098       1338.99       1395.79
      2.61735       1339.19       1391.98
      2.62361       1339.41       1388.26
      2.62949       1339.62       1384.87
      2.63569       1339.84       1381.61
      2.64195       1340.08       1378.32
      2.64815        1340.3        1375.2
      2.65414       1340.47       1372.33
      2.66017       1340.59       1369.63
      2.66595       1340.82       1367.05
      2.67162       1340.96        1364.7
      2.67737       1341.14       1362.45
      2.68303       1341.25       1360.31
      2.68842       1341.34       1358.35
      2.69389       1341.46       1356.44
      2.69938       1341.49        1354.6
      2.70458       1341.57       1352.89
       2.7098       1341.61       1351.24
       2.7149       1341.65       1349.66
      2.72002       1341.68       1348.14
      2.72502       1341.69       1346.67
      2.73002       1341.69       1345.23
      2.73496       1341.72       1343.85
      2.73988       1341.73       1342.52
      2.74477       1341.75       1341.24
       2.7496       1341.76       1339.99
      2.75437       1341.78        1338.8
      2.75911       1341.81       1337.66
      2.76381       1341.82        1336.6
      2.76847       1341.86       1335.57
      2.77312       1341.89       1334.58
      2.77775       1341.94       1333.69
      2.78236       1341.98       1332.83
      2.78697       1342.04       1332.02
      2.79157       1342.09       1331.29
      2.79616       1342.16       1330.61
      2.80076       1342.23       1330.01
      2.80535       1342.31       1329.47
      2.80995       1342.41       1328.96
      2.81454       1342.54       1328.58
      2.81914       1342.64       1328.28
      2.82373       1342.71       1328.05
      2.82831       1342.84       1327.84
      2.83288       1342.97       1327.75
      2.83746       1343.11       1327.77
      2.84204       1343.26       1327.88
      2.84662       1343.43       1327.97
      2.85119       1343.61       1328.15
      2.85575       1343.72        1328.5
      2.86031       1343.89       1328.91
      2.86487       1344.07       1329.37
      2.86943       1344.26        1329.8
      2.87397       1344.46       1330.38
      2.87851       1344.66       1331.07
      2.88305       1344.88       1331.83
      2.88757       1345.09       1332.54
      2.89209       1345.32       1333.27
      2.89661       1345.56       1334.17
      2.90114        1345.8       1335.09
      2.90566       1346.05       1336.04
      2.91016       1346.31       1337.05
      2.91467       1346.58       1338.01
      2.91917       1346.85       1339.07
      2.92365       1347.13       1340.15
      2.92812       1347.41       1341.22
      2.93257       1347.71       1342.33
      2.93696       1348.01       1343.42
      2.94141       1348.32       1344.55
      2.94584       1348.63       1345.71
      2.95025       1348.96       1346.82
      2.95464       1349.29       1347.98
      2.95896       1349.62       1349.15
      2.96321       1349.96       1350.26
      2.96746        1350.3       1351.39
      2.97166       1350.65       1352.51
      2.97584          1351       1353.62
      2.97997       1351.36       1354.75
      2.98413       1351.72       1355.85
      2.98792       1352.07       1356.87
      2.99198       1352.43       1357.94
      2.99605        1352.8          1359
      3.00005       1353.18       1360.03
      3.00402       1353.56       1361.07
      3.00795       1353.94       1362.07
      3.01187       1354.32       1363.05
      3.01577       1354.71       1364.03
      3.01964        1355.1       1364.99
      3.02348       1355.49       1365.92
      3.02731       1355.88       1366.83
       3.0311       1356.28       1367.72
      3.03484       1356.67       1368.59
      3.03857       1357.07       1369.43
      3.04229       1357.47       1370.25
      3.04599       1357.88       1371.06
      3.04969       1358.28       1371.83
      3.05337        1358.7       1372.59
      3.05705       1359.11       1373.32
      3.06072       1359.53       1374.03
      3.06436       1359.94       1374.72
      3.06799       1360.36       1375.38
      3.07162       1360.79       1376.02
      3.07524       1361.22       1376.64
      3.07887       1361.65       1377.24
       3.0825       1362.08       1377.81
      3.08611       1362.52       1378.37
      3.08972       1362.96        1378.9
      3.09335       1363.41       1379.41
      3.09697       1363.86        1379.9
       3.1006       1364.32       1380.37
      3.10423       1364.78       1380.81
      3.10787       1365.24       1381.23
      3.11153       1365.71       1381.64
      3.11518       1366.18       1382.01
      3.11885       1366.66       1382.37
      3.12254       1367.15       1382.71
      3.12624       1367.64       1383.02
      3.12996       1368.14       1383.32
      3.13369       1368.65       1383.59
      3.13743       1369.15       1383.84
      3.14118       1369.67       1384.06
      3.14491       1370.18       1384.27
      3.14863        1370.7       1384.45
      3.15232       1371.21       1384.61
      3.15599       1371.72       1384.73
      3.15964       1372.24       1384.84
      3.16328       1372.76       1384.94
       3.1669       1373.27       1385.01
      3.17052       1373.79       1385.05
      3.17413       1374.31       1385.07
      3.17773       1374.83       1385.08
      3.18134       1375.36       1385.07
      3.18495       1375.88       1385.03
      3.18855       1376.41       1384.98
      3.19218       1376.94       1384.91
       3.1958       1377.47       1384.83
      3.19942       1378.01       1384.72
      3.20304       1378.54       1384.59
      3.20668       1379.08       1384.47
      3.21032       1379.63        1384.3
      3.21396       1380.17       1384.13
       3.2176       1380.71       1383.94
      3.22124       1381.26       1383.73
      3.22488        1381.8       1383.51
      3.22852       1382.35       1383.25
      3.23216       1382.89       1382.99
      3.23578       1383.44       1382.74
       3.2394       1383.99       1382.45
      3.24302       1384.53       1382.12
      3.24663       1385.08       1381.83
      3.25021       1385.62       1381.54
      3.25377       1386.15        1381.2
       3.2573       1386.69       1380.86
      3.26081       1387.22       1380.52
      3.26429       1387.75       1380.13
      3.26777       1388.27       1379.75
       3.2712        1388.8       1379.39
      3.27462       1389.31          1379
      3.27801       1389.83       1378.61
      3.28139       1390.34        1378.2
      3.28475       1390.85        1377.8
      3.28807       1391.35       1377.38
      3.29138       1391.85       1376.97
      3.29468       1392.35       1376.53
      3.29796       1392.85       1376.09
      3.30123       1393.35       1375.65
      3.30448       1393.84        1375.2
      3.30771       1394.33       1374.75
      3.31093       1394.82        1374.3
      3.31414        1395.3       1373.85
      3.31734       1395.79       1373.39
      3.32053       1396.27       1372.93
      3.32372       1396.75       1372.46
       3.3269       1397.23       1371.98
      3.33007       1397.71       1371.51
      3.33325       1398.18       1371.04
      3.33642       1398.66       1370.56
       3.3396       1399.14       1370.08
      3.34277       1399.62        1369.6
      3.34595       1400.09       1369.11
      3.34912       1400.57       1368.63
       3.3523       1401.04       1368.14
      3.35549       1401.52       1367.65
      3.35868       1401.99       1367.16
      3.36187       1402.47       1366.67
      3.36507       1402.94       1366.17
      3.36828       1403.42       1365.68
      3.37149       1403.89       1365.19
      3.37471       1404.36       1364.69
      3.37793       1404.84       1364.19
      3.38117       1405.31        1363.7
      3.38441       1405.78        1363.2
      3.38765       1406.25       1362.71
      3.39091       1406.73       1362.22
      3.39417        1407.2       1361.73
      3.39744       1407.67       1361.24
      3.40072       1408.14       1360.76
      3.40399       1408.61       1360.28
      3.40729       1409.08       1359.79
      3.41058       1409.55       1359.31
      3.41387       1410.01       1358.84
      3.41718       1410.48       1358.37
      3.42049       1410.94        1357.9
      3.42381       1411.41       1357.43
      3.42714       1411.87       1356.98
      3.43047       1412.33       1356.51
       3.4338       1412.79       1356.07
      3.43715       1413.24       1355.62
       3.4405        1413.7       1355.18
      3.44385       1414.15       1354.74
       3.4472        1414.6       1354.31
      3.45055       1415.04        1353.9
       3.4539       1415.48       1353.47
      3.45725       1415.92       1353.06
       3.4606       1416.36       1352.65
      3.46395       1416.79       1352.25
      3.46728       1417.22       1351.86
      3.47061       1417.64       1351.47
      3.47394       1418.07        1351.1
      3.47727       1418.49       1350.72
       3.4806        1418.9       1350.36
      3.48391       1419.31       1349.98
      3.48721       1419.72       1349.62
      3.49052       1420.13       1349.28
      3.49383       1420.53       1348.94
      3.49714       1420.92       1348.59
      3.50045       1421.32       1348.27
      3.50373       1421.72       1347.95
      3.50702       1422.11       1347.61
      3.51031        1422.5       1347.26
      3.51359       1422.89       1346.98
      3.51688       1423.27       1346.68
      3.52017       1423.65       1346.37
      3.52343       1424.02       1346.08
      3.52669       1424.41       1345.79
      3.52996       1424.77       1345.49
      3.53322       1425.14       1345.19
      3.53649        1425.5       1344.92
      3.53975       1425.86       1344.64
      3.54302       1426.24       1344.37
      3.54626       1426.62        1344.1
       3.5495       1426.98       1343.84
      3.55274       1427.38       1343.57
      3.55598       1427.73        1343.3
      3.55922       1428.08       1343.05
      3.56246       1428.44        1342.8
       3.5657       1428.78       1342.54
      3.56894       1429.14        1342.3
      3.57216       1429.48       1342.05
      3.57538       1429.83       1341.81
      3.57859       1430.17       1341.57
      3.58181       1430.52       1341.34
      3.58503       1430.85       1341.09
      3.58824       1431.19       1340.87
      3.59146       1431.53       1340.64
      3.59468       1431.87        1340.4
       3.5979       1432.21       1340.18
      3.60111       1432.54       1339.97
      3.60433       1432.86       1339.75
      3.60752       1433.18       1339.53
      3.61071       1433.51       1339.32
       3.6139       1433.84       1339.11
      3.61709       1434.16        1338.9
      3.62028       1434.46        1338.7
      3.62347       1434.76        1338.5
      3.62667       1435.05       1338.31
      3.62986       1435.36       1338.12
      3.63305       1435.67       1337.93
      3.63624       1435.98       1337.75
      3.63943       1436.28       1337.58
      3.64262       1436.57       1337.41
      3.64581       1436.86       1337.24
        3.649       1437.15       1337.08
      3.65219       1437.45       1336.93
      3.65538       1437.73       1336.78
      3.65857       1438.01       1336.64
      3.66177       1438.28        1336.5
      3.66496       1438.55       1336.37
      3.66815       1438.82       1336.26
      3.67134       1439.09       1336.14
       3.6745       1439.35       1336.04
      3.67766       1439.61       1335.94
      3.68082       1439.88       1335.85
      3.68398       1440.14       1335.77
      3.68714       1440.38        1335.7
       3.6903       1440.63       1335.64
      3.69346       1440.89       1335.59
      3.69662       1441.14       1335.55
      3.69978       1441.38       1335.51
      3.70294       1441.62        1335.5
       3.7061       1441.84       1335.48
      3.70926       1442.07       1335.48
      3.71242        1442.3       1335.48
      3.71558       1442.53       1335.49
      3.71874       1442.76       1335.53
       3.7219       1442.98       1335.57
      3.72506        1443.2       1335.62
      3.72822       1443.41       1335.68
      3.73138       1443.62       1335.75
      3.73454       1443.84       1335.85
       3.7377       1444.05       1335.93
      3.74086       1444.26          1336
      3.74402       1444.47       1336.09
      3.74718       1444.67       1336.21
      3.75034       1444.86       1336.34
       3.7535       1445.05       1336.48
      3.75666       1445.25       1336.63
      3.75982       1445.44       1336.78
      3.76298       1445.63       1336.94
      3.76614       1445.82       1337.12
       3.7693          1446        1337.3
      3.77246       1446.19       1337.51
      3.77562       1446.37       1337.73
      3.77879       1446.55       1337.96
      3.78195       1446.72       1338.19
      3.78511       1446.89       1338.44
      3.78827       1447.05       1338.69
      3.79143       1447.21       1338.95
      3.79459       1447.37       1339.22
      3.79775       1447.54        1339.5
      3.80091        1447.7       1339.79
      3.80407       1447.86       1340.07
      3.80723       1448.02       1340.37
      3.81039       1448.17       1340.67
      3.81355       1448.32       1340.99
      3.81671       1448.48        1341.3
      3.81987       1448.63       1341.62
      3.82303       1448.77       1341.94
      3.82619       1448.91       1342.28
      3.82935       1449.05       1342.62
      3.83251       1449.19       1342.96
      3.83567       1449.33        1343.3
      3.83883       1449.46       1343.65
      3.84199        1449.6          1344
      3.84515       1449.73       1344.36
      3.84831       1449.86       1344.71
      3.85147       1449.99       1345.07
      3.85463       1450.12       1345.43
      3.85779       1450.25       1345.79
      3.86095       1450.38       1346.15
      3.86411        1450.5        1346.5
      3.86727       1450.62       1346.86
      3.87043       1450.75       1347.22
      3.87359       1450.87       1347.57
      3.87675       1450.99       1347.92
      3.87991       1451.11       1348.27
      3.88307       1451.23       1348.62
      3.88623       1451.35       1348.96
      3.88939       1451.47        1349.3
      3.89255       1451.59       1349.64
      3.89571       1451.71       1349.97
      3.89887       1451.82        1350.3
      3.90203       1451.94       1350.62
      3.90519       1452.05       1350.93
      3.90835       1452.17       1351.25
      3.91151       1452.28       1351.55
      3.91467        1452.4       1351.85
      3.91783       1452.51       1352.15
      3.92099       1452.62       1352.44
      3.92415       1452.74       1352.72
      3.92732       1452.85       1352.99
      3.93048       1452.96       1353.26
      3.93364       1453.08       1353.52
       3.9368       1453.19       1353.77
      3.93996       1453.31       1354.02
      3.94312       1453.42       1354.26
      3.94628       1453.53       1354.49
      3.94944       1453.64       1354.72
       3.9526       1453.76       1354.94
      3.95576       1453.87       1355.15
      3.95892       1453.98       1355.35
      3.96208       1454.09       1355.55
      3.96524       1454.21       1355.74
       3.9684       1454.32       1355.93
      3.97156       1454.44       1356.11
      3.97472       1454.54       1356.28
      3.97788       1454.66       1356.45
      3.98104       1454.78       1356.61
       3.9842       1454.89       1356.77
      3.98736          1455       1356.92
      3.99052       1455.11       1357.06
      3.99368       1455.23       1357.21
      3.99684       1455.34       1357.35
            4       1455.46       1357.48
      4.00314       1455.57       1357.61
      4.00628       1455.69       1357.73
      4.00942        1455.8       1357.85
      4.01256       1455.92       1357.97
       4.0157       1456.04       1358.08
      4.01884       1456.16       1358.19
      4.02198       1456.27        1358.3
      4.02512       1456.39        1358.4
      4.02826        1456.5       1358.49
       4.0314       1456.62       1358.59
      4.03454       1456.73       1358.68
      4.03768       1456.85       1358.77
      4.04082       1456.97       1358.85
      4.04396       1457.09       1358.93
       4.0471       1457.21       1359.01
      4.05024       1457.33       1359.09
      4.05338       1457.44       1359.16
      4.05651       1457.56       1359.23
      4.05965       1457.68        1359.3
      4.06279        1457.8       1359.36
      4.06593       1457.92       1359.42
      4.06907       1458.04       1359.48
      4.07221       1458.16       1359.54
      4.07535       1458.28        1359.6
      4.07849        1458.4       1359.64
      4.08163       1458.52       1359.69
      4.08478       1458.64       1359.75
      4.08792       1458.75       1359.79
      4.09107       1458.87       1359.83
      4.09421       1458.99       1359.88
      4.09736       1459.11       1359.93
       4.1005       1459.23       1359.97
      4.10365       1459.35       1360.02
      4.10679       1459.46       1360.07
      4.10994       1459.57        1360.1
      4.11308       1459.69       1360.14
      4.11623        1459.8       1360.18
      4.11937       1459.92       1360.22
      4.12252       1460.03       1360.25
      4.12566       1460.14       1360.29
      4.12881       1460.26       1360.33
      4.13195       1460.37       1360.37
       4.1351       1460.48       1360.42
      4.13825       1460.59       1360.46
       4.1414        1460.7       1360.51
      4.14455       1460.81       1360.54
       4.1477       1460.92       1360.59
      4.15085       1461.03       1360.64
        4.154       1461.14       1360.68
      4.15715       1461.25       1360.72
       4.1603       1461.35       1360.76
      4.16345       1461.46        1360.8
       4.1666       1461.57       1360.85
      4.16976       1461.67        1360.9
      4.17291       1461.77       1360.95
      4.17607       1461.88       1360.99
      4.17922       1461.98       1361.04
      4.18238       1462.08       1361.09
      4.18554       1462.19       1361.13
      4.18869       1462.29       1361.18
      4.19185       1462.39       1361.23
      4.19501       1462.49       1361.28
      4.19817       1462.58       1361.32
      4.20133       1462.68       1361.37
      4.20449       1462.78       1361.42
      4.20765       1462.87       1361.48
      4.21081       1462.96       1361.53
      4.21398       1463.05       1361.57
      4.21715       1463.14       1361.63
      4.22031       1463.23       1361.67
      4.22348       1463.32       1361.72
      4.22665       1463.41       1361.76
      4.22981       1463.49       1361.81
      4.23299       1463.58       1361.84
      4.23616       1463.66       1361.88
      4.23933       1463.74       1361.92
       4.2425       1463.81       1361.95
      4.24568       1463.89       1361.98
      4.24885       1463.96       1362.02
      4.25203       1464.04       1362.04
      4.25521       1464.11       1362.07
      4.25839       1464.17        1362.1
      4.26157       1464.24       1362.13
      4.26475        1464.3       1362.16
      4.26793       1464.36       1362.19
      4.27112       1464.42       1362.21
       4.2743       1464.47       1362.23
      4.27749       1464.53       1362.25
      4.28068       1464.58       1362.26
      4.28387       1464.63       1362.28
      4.28706       1464.68        1362.3
      4.29025       1464.72       1362.33
      4.29345       1464.76       1362.35
      4.29664       1464.79       1362.37
      4.29984       1464.83       1362.38
      4.30303       1464.86       1362.38
      4.30624       1464.89       1362.39
      4.30944       1464.92       1362.39
      4.31264       1464.94       1362.39
      4.31584       1464.96       1362.38
      4.31905       1464.97       1362.37
      4.32226       1464.99       1362.37
      4.32547          1465       1362.36
      4.32867       1465.01       1362.35
      4.33189       1465.01       1362.33
       4.3351       1465.02       1362.32
      4.33832       1465.02        1362.3
      4.34153       1465.02       1362.28
      4.34475       1465.01       1362.26
      4.34797          1465       1362.24
      4.35119       1464.99       1362.22
      4.35441       1464.98       1362.19
      4.35764       1464.97       1362.17
      4.36086       1464.95       1362.14
      4.36409       1464.93       1362.12
      4.36732       1464.91       1362.08
      4.37055       1464.89       1362.05
      4.37378       1464.86       1362.02
      4.37702       1464.83       1361.99
      4.38025       1464.79       1361.95
      4.38349       1464.76       1361.91
      4.38673       1464.72       1361.86
      4.38997       1464.68       1361.82
      4.39321       1464.64       1361.76
      4.39645        1464.6       1361.72
      4.39969       1464.55       1361.67
      4.40294        1464.5       1361.62
      4.40619       1464.45       1361.56
      4.40943       1464.39        1361.5
      4.41268       1464.34       1361.42
      4.41593       1464.28       1361.35
      4.41918       1464.22       1361.29
      4.42244       1464.16       1361.21
      4.42569       1464.09       1361.14
      4.42894       1464.03       1361.05
      4.43219       1463.96       1360.97
      4.43545       1463.89       1360.88
      4.43871       1463.81       1360.78
      4.44197       1463.74       1360.69
      4.44523       1463.66       1360.59
      4.44849       1463.58       1360.49
      4.45175        1463.5       1360.38
      4.45501       1463.42       1360.27
      4.45828       1463.33       1360.16
      4.46154       1463.24       1360.04
      4.46481       1463.15       1359.92
      4.46808       1463.06       1359.78
      4.47134       1462.97       1359.64
      4.47461       1462.88        1359.5
      4.47788       1462.78       1359.35
      4.48116       1462.68        1359.2
      4.48443       1462.58       1359.04
       4.4877       1462.48       1358.89
      4.49098       1462.37       1358.73
      4.49425       1462.27       1358.56
      4.49753       1462.16       1358.39
      4.50081       1462.05       1358.21
      4.50409       1461.94       1358.02
      4.50737       1461.83       1357.83
      4.51065       1461.72       1357.63
      4.51394        1461.6       1357.43
      4.51723       1461.49       1357.24
      4.52051       1461.38       1357.05
      4.52381       1461.26       1356.84
       4.5271       1461.14       1356.62
       4.5304       1461.02        1356.4
      4.53369       1460.91       1356.17
        4.537       1460.79       1355.94
       4.5403       1460.67       1355.71
      4.54361       1460.54       1355.47
      4.54692       1460.43       1355.25
      4.55023        1460.3       1355.01
      4.55355       1460.18       1354.77
      4.55686       1460.06       1354.53
      4.56018       1459.93       1354.28
      4.56351       1459.81       1354.04
      4.56683       1459.69       1353.79
      4.57016       1459.57       1353.54
      4.57348       1459.45       1353.28
      4.57682       1459.33       1353.02
      4.58015        1459.2       1352.76
      4.58348       1459.08        1352.5
      4.58682       1458.96       1352.23
      4.59016       1458.84       1351.98
       4.5935       1458.72       1351.71
      4.59685        1458.6       1351.44
      4.60019       1458.48       1351.16
      4.60354       1458.36       1350.89
      4.60689       1458.25       1350.61
      4.61024       1458.13       1350.33
       4.6136       1458.01       1350.06
      4.61695        1457.9       1349.78
      4.62031       1457.79        1349.5
      4.62367       1457.67       1349.23
      4.62703       1457.56       1348.94
      4.63038       1457.44       1348.65
      4.63374       1457.33       1348.37
       4.6371       1457.23       1348.09
      4.64045       1457.12       1347.81
      4.64381       1457.01       1347.53
      4.64717       1456.91       1347.25
      4.65054        1456.8       1346.96
      4.65391        1456.7       1346.67
      4.65727        1456.6       1346.39
      4.66064       1456.51       1346.11
        4.664       1456.41       1345.81
      4.66736       1456.31       1345.52
      4.67071       1456.22       1345.23
      4.67407       1456.12       1344.94
      4.67743       1456.03       1344.65
      4.68079       1455.94       1344.36
      4.68416       1455.85       1344.07
      4.68752       1455.76       1343.76
      4.69088       1455.68       1343.51
      4.69425        1455.6       1343.24
      4.69761       1455.51       1342.98
      4.70099       1455.43       1342.65
      4.70436       1455.35        1342.3
      4.70773       1455.27       1342.01
      4.71111       1455.19       1341.72
      4.71448       1455.11       1341.44
      4.71786       1455.03       1341.15
      4.72123       1454.98       1340.87
       4.7246       1454.91       1340.59
      4.72798       1454.84       1340.32
      4.73134       1454.77       1340.04
      4.73471       1454.71       1339.76
      4.73807       1454.64       1339.49
      4.74144       1454.58       1339.23
      4.74479       1454.51       1338.95
      4.74815       1454.45       1338.67
      4.75152       1454.39       1338.41
      4.75488       1454.33       1338.16
      4.75824       1454.27        1337.9
       4.7616       1454.21       1337.65
      4.76497       1454.15        1337.4
      4.76834        1454.1       1337.15
      4.77172       1454.04       1336.92
      4.77509       1453.99       1336.68
      4.77847       1453.93       1336.44
      4.78184       1453.88       1336.22
      4.78521       1453.83          1336
      4.78859       1453.78       1335.77
      4.79196       1453.73       1335.55
      4.79534       1453.68       1335.34
      4.79871       1453.63       1335.14
      4.80209       1453.58       1334.93
      4.80546       1453.53       1334.74
       4.8088       1453.48       1334.55
       4.8121       1453.43       1334.36
      4.81532       1453.38       1334.19
      4.81852       1453.33       1334.02
      4.82181       1453.28       1333.84
      4.82506       1453.24       1333.69
      4.82816       1453.19       1333.57
       4.8313       1453.14        1333.4
      4.83463       1453.09       1333.23
       4.8378       1453.05        1333.1
      4.84087          1453       1332.97
      4.84414       1452.95       1332.81
      4.84728        1452.9       1332.71
      4.85026       1452.86       1332.61
      4.85352       1452.81       1332.46
      4.85679       1452.76       1332.35
      4.85985        1452.7       1332.28
      4.86294       1452.66       1332.16
      4.86589       1452.62       1332.09
      4.86883       1452.57          1332
      4.87191       1452.52       1331.91
      4.87493       1452.47       1331.84
      4.87778       1452.43       1331.79
      4.88055       1452.39       1331.73
       4.8835       1452.34       1331.66
       4.8866       1452.26       1331.59
      4.88957       1452.21       1331.55
      4.89234       1452.16       1331.54
      4.89517       1452.11       1331.48
      4.89823       1452.06       1331.41
      4.90139          1452       1331.38
      4.90423       1451.95       1331.38
        4.907        1451.9       1331.36
      4.90994       1451.84       1331.32
      4.91315       1451.78       1331.29
      4.91616       1451.73       1331.31
      4.91898       1451.68       1331.31
      4.92181       1451.63       1331.31
      4.92494       1451.57       1331.29
      4.92809        1451.5        1331.3
      4.93101       1451.44       1331.32
       4.9338       1451.39       1331.35
      4.93677       1451.33       1331.36
      4.94003       1451.27       1331.37
       4.9432       1451.21       1331.42
      4.94606       1451.15       1331.48
      4.94884        1451.1       1331.51
       4.9519       1451.04       1331.54
       4.9553       1450.97       1331.59
      4.95856       1450.91       1331.67
      4.96145       1450.85       1331.74
      4.96424       1450.79        1331.8
      4.96733       1450.73       1331.85
      4.97077       1450.67       1331.93
      4.97405        1450.6       1332.03
      4.97695       1450.55       1332.14
      4.97979       1450.49       1332.22
      4.98294       1450.45       1332.29
      4.98644       1450.39       1332.41
      4.98968       1450.31       1332.52
      4.99259       1450.23       1332.64
      4.99547       1450.17       1332.74
      4.99867       1450.11       1332.84
      5.00217       1450.05       1332.98
      5.00529          1450       1333.13
      5.00817       1449.95       1333.26
      5.01121       1449.89       1333.38
      5.01459       1449.84       1333.53
      5.01815       1449.77        1333.7
      5.02122       1449.72       1333.86
        5.024       1449.67          1334
      5.02702       1449.62       1334.14
       5.0304       1449.56       1334.31
      5.03395       1449.51       1334.51
      5.03719       1449.47        1334.7
      5.04007       1449.42       1334.86
      5.04308       1449.37       1335.02
      5.04642       1449.33       1335.22
      5.04997       1449.27       1335.43
      5.05351       1449.22       1335.67
      5.05534       1449.18       1335.79
      5.05745       1449.15       1335.91
      5.05983       1449.11       1336.03
       5.0624       1449.08       1336.19
      5.06528       1449.05       1336.38
      5.06848       1449.01       1336.61
      5.07202       1448.97       1336.87
      5.07556       1448.93       1337.14
       5.0791        1448.9        1337.4
      5.08264       1448.86       1337.66
      5.08619       1448.82       1337.92
      5.08973       1448.78       1338.18
      5.09327       1448.75       1338.45
      5.09681       1448.71       1338.72
      5.10035       1448.68       1338.99
       5.1039       1448.65       1339.27
      5.10744       1448.62       1339.55
      5.11098       1448.59       1339.83
      5.11452       1448.57       1340.11
      5.11806       1448.55        1340.4
      5.12161       1448.52       1340.67
      5.12515        1448.5       1340.95
      5.12869       1448.49       1341.24
      5.13223       1448.47       1341.53
      5.13577       1448.46       1341.83
      5.13931       1448.45       1342.12
      5.14286       1448.44       1342.41
       5.1464       1448.43       1342.69
      5.14994       1448.43       1342.99
       5.1535       1448.42       1343.28
      5.15705       1448.42       1343.54
      5.16061       1448.42       1343.83
      5.16417       1448.42        1344.1
      5.16772       1448.43       1344.41
      5.17128       1448.43        1344.7
      5.17484       1448.44       1344.98
      5.17839       1448.46       1345.27
      5.18195       1448.47       1345.56
      5.18551       1448.48       1345.83
      5.18906        1448.5       1346.15
      5.19262       1448.52       1346.37
      5.19618       1448.54       1346.64
      5.19973       1448.56        1346.9
      5.20329       1448.58       1347.18
      5.20685       1448.61       1347.45
      5.21041       1448.64       1347.72
      5.21396       1448.66       1348.01
      5.21752       1448.69       1348.24
      5.22108       1448.72       1348.49
      5.22463       1448.75       1348.75
      5.22819       1448.78       1349.02
      5.23175       1448.82       1349.26
       5.2353       1448.86        1349.5
      5.23886       1448.89       1349.74
      5.24242       1448.92       1349.98
      5.24597       1448.95       1350.23
      5.24953       1448.99       1350.47
      5.25309       1449.02       1350.69
      5.25664       1449.07       1350.91
       5.2602       1449.11       1351.13
      5.26376       1449.14       1351.36
      5.26731       1449.18       1351.57
      5.27087       1449.21       1351.79
      5.27443       1449.25          1352
      5.27798       1449.29        1352.2
      5.28154       1449.33        1352.4
       5.2851       1449.37       1352.59
      5.28865       1449.41       1352.78
      5.29221       1449.44       1352.96
      5.29577       1449.48       1353.14
      5.29932       1449.51       1353.31
      5.30288       1449.54       1353.47
      5.30642       1449.58       1353.63
      5.30996       1449.62       1353.78
       5.3135       1449.66       1353.95
      5.31703        1449.7        1354.1
      5.32057       1449.73       1354.24
      5.32411       1449.76       1354.36
      5.32765       1449.79       1354.49
      5.33119       1449.83       1354.62
      5.33473       1449.86       1354.74
      5.33827        1449.9       1354.85
      5.34181       1449.94       1354.95
      5.34534       1449.97       1355.04
      5.34888       1450.01       1355.15
      5.35242       1450.04       1355.25
      5.35594       1450.08        1355.3
      5.35946       1450.11       1355.38
      5.36298       1450.15       1355.44
       5.3665       1450.19        1355.5
      5.37002       1450.23       1355.57
      5.37354       1450.27       1355.62
      5.37706       1450.31       1355.66
      5.38058       1450.35        1355.7
       5.3841       1450.39       1355.74
      5.38762       1450.44       1355.78
      5.39114       1450.49       1355.78
      5.39463       1450.54       1355.79
      5.39813       1450.59       1355.82
      5.40163       1450.64       1355.82
      5.40513        1450.7        1355.8
      5.40863       1450.76       1355.79
      5.41213       1450.82        1355.8
      5.41563       1450.88       1355.76
      5.41913       1450.95       1355.74
      5.42263       1451.02        1355.7
      5.42613        1451.1       1355.67
      5.42961       1451.17       1355.64
      5.43308       1451.25       1355.59
      5.43656       1451.34       1355.54
      5.44004       1451.43       1355.48
      5.44352       1451.53       1355.41
        5.447       1451.63       1355.34
      5.45047       1451.73       1355.27
      5.45395       1451.84        1355.2
      5.45743       1451.94       1355.12
      5.46089       1452.08       1355.03
      5.46434       1452.21       1354.95
       5.4678       1452.34       1354.85
      5.47125       1452.47       1354.75
      5.47471       1452.62       1354.65
      5.47817       1452.76       1354.56
      5.48162       1452.91       1354.45
      5.48508       1453.06       1354.35
      5.48853       1453.23       1354.24
      5.49199       1453.41       1354.13
      5.49542       1453.58       1354.02
      5.49885       1453.76       1353.91
      5.50229       1453.95        1353.8
      5.50572       1454.15       1353.69
      5.50915       1454.36       1353.58
      5.51258       1454.56       1353.47
      5.51602       1454.78       1353.35
      5.51945          1455       1353.25
      5.52288       1455.22       1353.13
      5.52631       1455.45          1353
      5.52975       1455.69       1352.89
      5.53315       1455.93       1352.78
      5.53656       1456.18       1352.67
      5.53997       1456.42       1352.56
      5.54338       1456.69       1352.46
      5.54678       1456.96       1352.35
      5.55019       1457.23       1352.24
       5.5536       1457.51       1352.15
      5.55701       1457.79       1352.05
      5.56041       1458.07       1351.96
      5.56382       1458.36       1351.87
      5.56723       1458.65       1351.77
      5.57064       1458.94       1351.68
      5.57405       1459.23       1351.59
      5.57743       1459.56       1351.51
      5.58081       1459.82       1351.44
      5.58419       1460.13       1351.36
      5.58757       1460.45       1351.29
      5.59095       1460.77       1351.22
      5.59433       1461.06       1351.16
      5.59771       1461.36       1351.11
      5.60109       1461.67       1351.04
      5.60447       1461.99       1350.99
      5.60785        1462.3       1350.94
      5.61123        1462.6        1350.9
      5.61461       1462.91       1350.86
      5.61799       1463.22       1350.82
      5.62137        1463.5       1350.78
      5.62475       1463.89       1350.74
       5.6281       1464.23       1350.73
      5.63146       1464.64       1350.69
      5.63481       1464.96       1350.66
      5.63816       1465.28       1350.64
      5.64151        1465.6       1350.62
      5.64486       1465.92       1350.61
      5.64821       1466.25       1350.61
      5.65156       1466.56        1350.6
      5.65491       1466.88       1350.57
      5.65826        1467.2       1350.56
      5.66161       1467.51       1350.56
      5.66496       1467.85       1350.56
      5.66831       1468.15       1350.57
      5.67166        1468.5       1350.57
      5.67501       1468.82       1350.56
      5.67836       1469.14       1350.55
      5.68171       1469.46       1350.55
      5.68506       1469.77       1350.55
      5.68841       1470.08       1350.55
      5.69176        1470.4       1350.54
      5.69511       1470.72       1350.56
      5.69843       1471.04       1350.56
      5.70174       1471.35       1350.58
      5.70505       1471.64       1350.59
      5.70837       1471.92       1350.59
      5.71168       1472.24        1350.6
        5.715       1472.55       1350.61
      5.71831       1472.87       1350.61
      5.72162       1473.17       1350.61
      5.72494       1473.48       1350.63
      5.72825       1473.78       1350.63
      5.73157       1474.09       1350.64
      5.73488       1474.39       1350.63
      5.73819       1474.71       1350.66
      5.74151       1475.01       1350.66
      5.74482       1475.31       1350.66
      5.74814       1475.61       1350.65
      5.75145       1475.92       1350.68
      5.75476       1476.23       1350.68
      5.75808       1476.55       1350.67
      5.76139       1476.86       1350.67
      5.76471       1477.17       1350.66
      5.76802       1477.48       1350.66
      5.77133       1477.78       1350.66
      5.77465        1478.1       1350.65
      5.77796       1478.42       1350.65
      5.78128       1478.73       1350.64
      5.78459       1479.05       1350.62
       5.7879       1479.38        1350.6
      5.79122       1479.71       1350.58
      5.79453       1480.02       1350.56
      5.79785       1480.31       1350.54
      5.80116       1480.56       1350.51
      5.80447       1480.87        1350.5
      5.80779       1481.19       1350.47
       5.8111        1481.5       1350.41
      5.81442       1481.79       1350.38
      5.81773        1482.1       1350.34
      5.82104       1482.41        1350.3
      5.82436       1482.71       1350.26
      5.82767       1483.01       1350.22
      5.83099       1483.31       1350.18
       5.8343       1483.62       1350.13
      5.83761       1483.93       1350.08
      5.84093       1484.21       1350.02
      5.84424       1484.49       1349.97
      5.84756       1484.78       1349.92
      5.85087       1485.07       1349.86
      5.85418       1485.37        1349.8
       5.8575       1485.65       1349.73
      5.86081       1485.94       1349.67
      5.86413       1486.22        1349.6
      5.86744        1486.5       1349.53
      5.87075       1486.78       1349.45
      5.87407       1487.07       1349.37
      5.87738       1487.34       1349.29
       5.8807       1487.62       1349.21
      5.88401        1487.9       1349.13
      5.88732       1488.16       1349.04
      5.89064       1488.43       1348.95
      5.89395        1488.7       1348.86
      5.89727       1488.97       1348.76
      5.90058       1489.23       1348.67
      5.90389       1489.49       1348.57
      5.90721       1489.75       1348.47
      5.91052       1490.01       1348.37
      5.91384       1490.27       1348.26
      5.91715       1490.52       1348.16
      5.92046       1490.78       1348.05
      5.92378       1491.03       1347.93
      5.92709       1491.27       1347.82
      5.93041       1491.52       1347.71
      5.93372       1491.76       1347.59
      5.93703          1492       1347.47
      5.94035       1492.23       1347.35
      5.94366       1492.47       1347.23
      5.94698        1492.7        1347.1
      5.95029       1492.92       1346.98
       5.9536       1493.15       1346.85
      5.95692       1493.38       1346.72
      5.96023       1493.62       1346.59
      5.96355       1493.83       1346.46
      5.96686       1494.04       1346.33
      5.97017       1494.26        1346.2
      5.97349       1494.47       1346.06
       5.9768       1494.68       1345.93
      5.98012       1494.88       1345.79
      5.98343       1495.09       1345.66
      5.98674       1495.29       1345.52
      5.99006       1495.48       1345.38
      5.99337       1495.67       1345.24
      5.99669       1495.86        1345.1
            6       1496.04       1344.96
      6.00324       1496.22       1344.83
      6.00648        1496.4       1344.69
      6.00971       1496.57       1344.55
      6.01295       1496.74       1344.41
      6.01619       1496.91       1344.27
      6.01942       1497.07       1344.13
      6.02265       1497.24       1343.99
      6.02588       1497.39       1343.86
      6.02912       1497.54       1343.72
      6.03235        1497.7       1343.58
      6.03558       1497.85       1343.44
       6.0388       1497.99        1343.3
      6.04203       1498.11       1343.16
      6.04525       1498.24       1343.03
      6.04848       1498.37       1342.89
      6.05171       1498.48       1342.75
      6.05493       1498.61       1342.62
      6.05815       1498.72       1342.48
      6.06137       1498.86       1342.35
      6.06459       1498.98       1342.21
      6.06781        1499.1       1342.08
      6.07102       1499.21       1341.94
      6.07424       1499.33       1341.81
      6.07745       1499.38       1341.68
      6.08067       1499.46       1341.54
      6.08388       1499.53       1341.41
      6.08709        1499.6       1341.28
       6.0903       1499.69       1341.15
      6.09351       1499.82       1341.02
      6.09672       1499.95       1340.89
      6.09993       1500.05       1340.76
      6.10313       1500.12       1340.64
      6.10634       1500.19       1340.51
      6.10954       1500.26       1340.38
      6.11275       1500.32       1340.26
      6.11595       1500.38       1340.09
      6.11915       1500.43       1340.04
      6.12235        1500.5       1339.84
      6.12555       1500.54       1339.75
      6.12875       1500.61       1339.63
      6.13194       1500.67        1339.5
      6.13514       1500.74       1339.38
      6.13833       1500.78       1339.26
      6.14152       1500.82       1339.14
      6.14472       1500.87       1339.02
      6.14791       1500.91       1338.89
       6.1511       1500.93       1338.78
      6.15429       1500.95       1338.66
      6.15747       1500.99       1338.53
      6.16066       1501.03       1338.41
      6.16385       1501.05       1338.29
      6.16704       1501.06       1338.17
      6.17022       1501.11       1338.05
       6.1734       1501.13       1337.93
      6.17658       1501.16       1337.82
      6.17977       1501.19        1337.7
      6.18295       1501.22       1337.58
      6.18613       1501.23       1337.46
       6.1893       1501.24       1337.35
      6.19248       1501.24       1337.23
      6.19566       1501.25       1337.12
      6.19883       1501.26          1337
      6.20201       1501.27       1336.89
      6.20518       1501.28       1336.77
      6.20835       1501.29       1336.66
      6.21152       1501.29       1336.54
      6.21469       1501.29       1336.42
      6.21786       1501.28       1336.31
      6.22103       1501.28       1336.19
       6.2242       1501.28       1336.08
      6.22737       1501.28       1335.96
      6.23053       1501.28       1335.85
       6.2337       1501.27       1335.74
      6.23686       1501.25       1335.62
      6.24002       1501.24       1335.51
      6.24318       1501.23       1335.39
      6.24634       1501.21       1335.28
       6.2495       1501.19       1335.15
      6.25266       1501.17       1335.04
      6.25582       1501.15       1334.98
      6.25897       1501.12       1334.82
      6.26213       1501.09       1334.71
