# Force       
# CofR        : (0.000000e+00 0.000000e+00 0.000000e+00)
#
# Time        	(total_x total_y total_z)	(pressure_x pressure_y pressure_z)	(viscous_x viscous_y viscous_z)
5001          	(2.454322e-01 2.260897e-01 9.604849e+02)	(2.402529e-01 2.263328e-01 9.604822e+02)	(5.179231e-03 -2.430659e-04 2.746789e-03)
5002          	(2.452384e-01 2.258392e-01 9.604850e+02)	(2.400596e-01 2.260845e-01 9.604822e+02)	(5.178799e-03 -2.453384e-04 2.746642e-03)
5003          	(2.450805e-01 2.256267e-01 9.604850e+02)	(2.399025e-01 2.258743e-01 9.604823e+02)	(5.177927e-03 -2.476528e-04 2.746655e-03)
5004          	(2.449027e-01 2.254403e-01 9.604851e+02)	(2.397262e-01 2.256902e-01 9.604823e+02)	(5.176477e-03 -2.498817e-04 2.746837e-03)
5005          	(2.447208e-01 2.252763e-01 9.604854e+02)	(2.395464e-01 2.255284e-01 9.604827e+02)	(5.174454e-03 -2.520197e-04 2.747173e-03)
5006          	(2.446139e-01 2.251771e-01 9.604857e+02)	(2.394418e-01 2.254312e-01 9.604829e+02)	(5.172161e-03 -2.540707e-04 2.747571e-03)
5007          	(2.446635e-01 2.251746e-01 9.604856e+02)	(2.394935e-01 2.254307e-01 9.604829e+02)	(5.169943e-03 -2.561266e-04 2.748008e-03)
5008          	(2.447724e-01 2.252309e-01 9.604855e+02)	(2.396046e-01 2.254890e-01 9.604828e+02)	(5.167810e-03 -2.581190e-04 2.748452e-03)
5009          	(2.449336e-01 2.253373e-01 9.604854e+02)	(2.397676e-01 2.255972e-01 9.604827e+02)	(5.165935e-03 -2.598481e-04 2.748704e-03)
5010          	(2.451484e-01 2.254962e-01 9.604853e+02)	(2.399839e-01 2.257574e-01 9.604825e+02)	(5.164464e-03 -2.611707e-04 2.748679e-03)
5011          	(2.454147e-01 2.257067e-01 9.604851e+02)	(2.402511e-01 2.259687e-01 9.604824e+02)	(5.163547e-03 -2.620081e-04 2.748297e-03)
5012          	(2.457413e-01 2.259809e-01 9.604850e+02)	(2.405780e-01 2.262432e-01 9.604823e+02)	(5.163306e-03 -2.623276e-04 2.747502e-03)
5013          	(2.461034e-01 2.262943e-01 9.604849e+02)	(2.409398e-01 2.265566e-01 9.604821e+02)	(5.163629e-03 -2.623163e-04 2.746381e-03)
5014          	(2.464889e-01 2.266371e-01 9.604848e+02)	(2.413245e-01 2.268992e-01 9.604820e+02)	(5.164396e-03 -2.620983e-04 2.745000e-03)
5015          	(2.468774e-01 2.269891e-01 9.604847e+02)	(2.417118e-01 2.272507e-01 9.604820e+02)	(5.165655e-03 -2.616476e-04 2.743403e-03)
5016          	(2.472545e-01 2.273374e-01 9.604847e+02)	(2.420870e-01 2.275984e-01 9.604820e+02)	(5.167486e-03 -2.609866e-04 2.741695e-03)
5017          	(2.476026e-01 2.276631e-01 9.604847e+02)	(2.424328e-01 2.279234e-01 9.604820e+02)	(5.169808e-03 -2.602607e-04 2.740127e-03)
5018          	(2.479018e-01 2.279465e-01 9.604848e+02)	(2.427294e-01 2.282061e-01 9.604821e+02)	(5.172420e-03 -2.596370e-04 2.739040e-03)
5019          	(2.481569e-01 2.281815e-01 9.604850e+02)	(2.429817e-01 2.284404e-01 9.604822e+02)	(5.175282e-03 -2.589236e-04 2.738557e-03)
5020          	(2.483301e-01 2.283340e-01 9.604852e+02)	(2.431518e-01 2.285920e-01 9.604824e+02)	(5.178275e-03 -2.579636e-04 2.738724e-03)
5021          	(2.484135e-01 2.283969e-01 9.604854e+02)	(2.432323e-01 2.286536e-01 9.604827e+02)	(5.181215e-03 -2.566800e-04 2.739571e-03)
5022          	(2.484005e-01 2.283632e-01 9.604857e+02)	(2.432165e-01 2.286183e-01 9.604830e+02)	(5.184012e-03 -2.551261e-04 2.741010e-03)
5023          	(2.482929e-01 2.282390e-01 9.604860e+02)	(2.431063e-01 2.284924e-01 9.604833e+02)	(5.186617e-03 -2.533803e-04 2.743051e-03)
5024          	(2.481073e-01 2.280375e-01 9.604863e+02)	(2.429183e-01 2.282891e-01 9.604836e+02)	(5.189052e-03 -2.515912e-04 2.745481e-03)
5025          	(2.478550e-01 2.277747e-01 9.604866e+02)	(2.426637e-01 2.280245e-01 9.604838e+02)	(5.191331e-03 -2.498867e-04 2.748138e-03)
5026          	(2.475593e-01 2.274623e-01 9.604868e+02)	(2.423658e-01 2.277108e-01 9.604841e+02)	(5.193519e-03 -2.484571e-04 2.750844e-03)
5027          	(2.472360e-01 2.271141e-01 9.604870e+02)	(2.420403e-01 2.273615e-01 9.604843e+02)	(5.195667e-03 -2.474039e-04 2.753429e-03)
5028          	(2.468916e-01 2.267321e-01 9.604872e+02)	(2.416938e-01 2.269789e-01 9.604844e+02)	(5.197778e-03 -2.468266e-04 2.755751e-03)
5029          	(2.465402e-01 2.263328e-01 9.604873e+02)	(2.413403e-01 2.265795e-01 9.604846e+02)	(5.199828e-03 -2.467217e-04 2.757757e-03)
5030          	(2.461882e-01 2.259228e-01 9.604874e+02)	(2.409864e-01 2.261699e-01 9.604847e+02)	(5.201775e-03 -2.471133e-04 2.759404e-03)
5031          	(2.458437e-01 2.255140e-01 9.604875e+02)	(2.406401e-01 2.257619e-01 9.604847e+02)	(5.203546e-03 -2.479055e-04 2.760722e-03)
5032          	(2.455094e-01 2.251111e-01 9.604876e+02)	(2.403043e-01 2.253601e-01 9.604848e+02)	(5.205059e-03 -2.490292e-04 2.761733e-03)
5033          	(2.451875e-01 2.247197e-01 9.604876e+02)	(2.399813e-01 2.249701e-01 9.604848e+02)	(5.206220e-03 -2.504352e-04 2.762514e-03)
5034          	(2.447350e-01 2.242700e-01 9.604880e+02)	(2.395284e-01 2.245220e-01 9.604853e+02)	(5.206561e-03 -2.520423e-04 2.763196e-03)
5035          	(2.443257e-01 2.238660e-01 9.604884e+02)	(2.391195e-01 2.241198e-01 9.604856e+02)	(5.206193e-03 -2.538797e-04 2.763770e-03)
5036          	(2.439873e-01 2.235275e-01 9.604887e+02)	(2.387821e-01 2.237835e-01 9.604860e+02)	(5.205273e-03 -2.559156e-04 2.764270e-03)
5037          	(2.438327e-01 2.233200e-01 9.604887e+02)	(2.386284e-01 2.235781e-01 9.604859e+02)	(5.204246e-03 -2.581018e-04 2.764635e-03)
5038          	(2.437270e-01 2.231676e-01 9.604886e+02)	(2.385239e-01 2.234280e-01 9.604858e+02)	(5.203090e-03 -2.604059e-04 2.764875e-03)
5039          	(2.436766e-01 2.230769e-01 9.604884e+02)	(2.384748e-01 2.233397e-01 9.604857e+02)	(5.201850e-03 -2.627983e-04 2.764936e-03)
5040          	(2.436899e-01 2.230572e-01 9.604883e+02)	(2.384893e-01 2.233224e-01 9.604855e+02)	(5.200576e-03 -2.652441e-04 2.764738e-03)
5041          	(2.437694e-01 2.231108e-01 9.604881e+02)	(2.385701e-01 2.233785e-01 9.604853e+02)	(5.199315e-03 -2.676775e-04 2.764210e-03)
5042          	(2.439122e-01 2.232301e-01 9.604878e+02)	(2.387141e-01 2.235002e-01 9.604850e+02)	(5.198086e-03 -2.700847e-04 2.763273e-03)
5043          	(2.441176e-01 2.234137e-01 9.604875e+02)	(2.389207e-01 2.236861e-01 9.604848e+02)	(5.196890e-03 -2.724625e-04 2.761887e-03)
5044          	(2.443774e-01 2.236510e-01 9.604872e+02)	(2.391817e-01 2.239260e-01 9.604845e+02)	(5.195692e-03 -2.749804e-04 2.760092e-03)
5045          	(2.446844e-01 2.239334e-01 9.604870e+02)	(2.394899e-01 2.242111e-01 9.604842e+02)	(5.194580e-03 -2.776154e-04 2.757883e-03)
5046          	(2.450298e-01 2.242512e-01 9.604867e+02)	(2.398359e-01 2.245313e-01 9.604839e+02)	(5.193861e-03 -2.801009e-04 2.755159e-03)
5047          	(2.454025e-01 2.245925e-01 9.604864e+02)	(2.402089e-01 2.248749e-01 9.604836e+02)	(5.193631e-03 -2.823971e-04 2.751993e-03)
5048          	(2.457882e-01 2.249428e-01 9.604862e+02)	(2.405946e-01 2.252276e-01 9.604834e+02)	(5.193649e-03 -2.848070e-04 2.748670e-03)
5049          	(2.461719e-01 2.252907e-01 9.604860e+02)	(2.409779e-01 2.255778e-01 9.604833e+02)	(5.193987e-03 -2.871231e-04 2.745399e-03)
5050          	(2.465249e-01 2.256062e-01 9.604859e+02)	(2.413302e-01 2.258953e-01 9.604832e+02)	(5.194767e-03 -2.891184e-04 2.742339e-03)
5051          	(2.468230e-01 2.258666e-01 9.604859e+02)	(2.416272e-01 2.261575e-01 9.604831e+02)	(5.195769e-03 -2.908792e-04 2.739867e-03)
5052          	(2.470476e-01 2.260557e-01 9.604859e+02)	(2.418508e-01 2.263480e-01 9.604832e+02)	(5.196787e-03 -2.923383e-04 2.738261e-03)
5053          	(2.471887e-01 2.261649e-01 9.604861e+02)	(2.419911e-01 2.264582e-01 9.604833e+02)	(5.197669e-03 -2.932976e-04 2.737609e-03)
5054          	(2.472422e-01 2.261906e-01 9.604862e+02)	(2.420438e-01 2.264843e-01 9.604835e+02)	(5.198362e-03 -2.936768e-04 2.737894e-03)
5055          	(2.472170e-01 2.261437e-01 9.604865e+02)	(2.420182e-01 2.264373e-01 9.604837e+02)	(5.198807e-03 -2.936000e-04 2.739078e-03)
5056          	(2.471240e-01 2.260351e-01 9.604867e+02)	(2.419250e-01 2.263283e-01 9.604840e+02)	(5.198954e-03 -2.932516e-04 2.741117e-03)
5057          	(2.469764e-01 2.258786e-01 9.604869e+02)	(2.417775e-01 2.261713e-01 9.604842e+02)	(5.198864e-03 -2.927029e-04 2.743723e-03)
5058          	(2.467865e-01 2.256866e-01 9.604872e+02)	(2.415879e-01 2.259786e-01 9.604844e+02)	(5.198626e-03 -2.919849e-04 2.746722e-03)
5059          	(2.465622e-01 2.254673e-01 9.604874e+02)	(2.413639e-01 2.257584e-01 9.604847e+02)	(5.198336e-03 -2.911046e-04 2.749873e-03)
5060          	(2.463075e-01 2.252219e-01 9.604876e+02)	(2.411095e-01 2.255119e-01 9.604849e+02)	(5.198074e-03 -2.900772e-04 2.753123e-03)
5061          	(2.460281e-01 2.249597e-01 9.604878e+02)	(2.408302e-01 2.252486e-01 9.604851e+02)	(5.197897e-03 -2.888627e-04 2.756337e-03)
5062          	(2.457268e-01 2.246840e-01 9.604880e+02)	(2.405290e-01 2.249715e-01 9.604852e+02)	(5.197811e-03 -2.874467e-04 2.759450e-03)
5063          	(2.453998e-01 2.243907e-01 9.604881e+02)	(2.402020e-01 2.246766e-01 9.604854e+02)	(5.197778e-03 -2.858671e-04 2.762380e-03)
5064          	(2.450449e-01 2.240773e-01 9.604882e+02)	(2.398472e-01 2.243615e-01 9.604855e+02)	(5.197689e-03 -2.842373e-04 2.765133e-03)
5065          	(2.446738e-01 2.237672e-01 9.604882e+02)	(2.394763e-01 2.240499e-01 9.604855e+02)	(5.197435e-03 -2.826612e-04 2.767713e-03)
5066          	(2.443135e-01 2.234692e-01 9.604882e+02)	(2.391165e-01 2.237505e-01 9.604854e+02)	(5.196953e-03 -2.812857e-04 2.770175e-03)
5067          	(2.440353e-01 2.231983e-01 9.604878e+02)	(2.388388e-01 2.234786e-01 9.604850e+02)	(5.196492e-03 -2.802703e-04 2.772548e-03)
5068          	(2.437961e-01 2.229639e-01 9.604874e+02)	(2.386001e-01 2.232435e-01 9.604846e+02)	(5.195948e-03 -2.796075e-04 2.774886e-03)
5069          	(2.435596e-01 2.227648e-01 9.604873e+02)	(2.383646e-01 2.230440e-01 9.604845e+02)	(5.195030e-03 -2.792394e-04 2.777206e-03)
5070          	(2.433693e-01 2.225975e-01 9.604871e+02)	(2.381755e-01 2.228767e-01 9.604843e+02)	(5.193785e-03 -2.792129e-04 2.779506e-03)
5071          	(2.432454e-01 2.224706e-01 9.604870e+02)	(2.380531e-01 2.227502e-01 9.604843e+02)	(5.192316e-03 -2.795735e-04 2.781780e-03)
5072          	(2.431602e-01 2.223740e-01 9.604869e+02)	(2.379696e-01 2.226544e-01 9.604841e+02)	(5.190596e-03 -2.803400e-04 2.784024e-03)
5073          	(2.431167e-01 2.223149e-01 9.604868e+02)	(2.379281e-01 2.225964e-01 9.604840e+02)	(5.188608e-03 -2.814253e-04 2.786214e-03)
5074          	(2.431101e-01 2.222871e-01 9.604867e+02)	(2.379237e-01 2.225698e-01 9.604839e+02)	(5.186373e-03 -2.827710e-04 2.788282e-03)
5075          	(2.431417e-01 2.222932e-01 9.604865e+02)	(2.379577e-01 2.225776e-01 9.604838e+02)	(5.183947e-03 -2.843551e-04 2.790153e-03)
5076          	(2.432129e-01 2.223364e-01 9.604864e+02)	(2.380315e-01 2.226225e-01 9.604836e+02)	(5.181403e-03 -2.861195e-04 2.791736e-03)
5077          	(2.433239e-01 2.224187e-01 9.604862e+02)	(2.381451e-01 2.227067e-01 9.604834e+02)	(5.178835e-03 -2.880088e-04 2.792941e-03)
5078          	(2.434779e-01 2.225441e-01 9.604860e+02)	(2.383017e-01 2.228342e-01 9.604832e+02)	(5.176209e-03 -2.900370e-04 2.793721e-03)
5079          	(2.436707e-01 2.227084e-01 9.604858e+02)	(2.384971e-01 2.230006e-01 9.604830e+02)	(5.173573e-03 -2.922182e-04 2.794030e-03)
5080          	(2.438962e-01 2.229057e-01 9.604855e+02)	(2.387251e-01 2.232001e-01 9.604828e+02)	(5.171097e-03 -2.944133e-04 2.793774e-03)
5081          	(2.441550e-01 2.231366e-01 9.604853e+02)	(2.389860e-01 2.234330e-01 9.604825e+02)	(5.168995e-03 -2.963658e-04 2.792876e-03)
5082          	(2.444410e-01 2.233956e-01 9.604851e+02)	(2.392736e-01 2.236935e-01 9.604823e+02)	(5.167422e-03 -2.978852e-04 2.791305e-03)
5083          	(2.447414e-01 2.236692e-01 9.604849e+02)	(2.395751e-01 2.239682e-01 9.604821e+02)	(5.166379e-03 -2.989641e-04 2.789136e-03)
5084          	(2.450466e-01 2.239479e-01 9.604847e+02)	(2.398809e-01 2.242476e-01 9.604819e+02)	(5.165719e-03 -2.997333e-04 2.786564e-03)
5085          	(2.453443e-01 2.242193e-01 9.604845e+02)	(2.401790e-01 2.245195e-01 9.604817e+02)	(5.165289e-03 -3.001647e-04 2.783805e-03)
5086          	(2.456241e-01 2.244739e-01 9.604844e+02)	(2.404589e-01 2.247738e-01 9.604816e+02)	(5.165161e-03 -2.999682e-04 2.780936e-03)
5087          	(2.458730e-01 2.246982e-01 9.604844e+02)	(2.407078e-01 2.249974e-01 9.604816e+02)	(5.165213e-03 -2.992069e-04 2.778143e-03)
5088          	(2.460810e-01 2.248822e-01 9.604844e+02)	(2.409157e-01 2.251803e-01 9.604816e+02)	(5.165332e-03 -2.980422e-04 2.775676e-03)
5089          	(2.462408e-01 2.250192e-01 9.604845e+02)	(2.410754e-01 2.253158e-01 9.604817e+02)	(5.165396e-03 -2.966101e-04 2.773761e-03)
5090          	(2.463481e-01 2.251055e-01 9.604846e+02)	(2.411826e-01 2.254003e-01 9.604818e+02)	(5.165434e-03 -2.948130e-04 2.772428e-03)
5091          	(2.464019e-01 2.251407e-01 9.604847e+02)	(2.412364e-01 2.254333e-01 9.604820e+02)	(5.165550e-03 -2.926406e-04 2.771627e-03)
5092          	(2.464043e-01 2.251268e-01 9.604849e+02)	(2.412385e-01 2.254171e-01 9.604822e+02)	(5.165715e-03 -2.902624e-04 2.771374e-03)
5093          	(2.463593e-01 2.250686e-01 9.604851e+02)	(2.411934e-01 2.253564e-01 9.604823e+02)	(5.165889e-03 -2.878219e-04 2.771657e-03)
5094          	(2.462733e-01 2.249725e-01 9.604853e+02)	(2.411073e-01 2.252578e-01 9.604825e+02)	(5.166044e-03 -2.853476e-04 2.772385e-03)
5095          	(2.461519e-01 2.248439e-01 9.604855e+02)	(2.409857e-01 2.251268e-01 9.604827e+02)	(5.166175e-03 -2.828173e-04 2.773401e-03)
5096          	(2.460044e-01 2.246927e-01 9.604856e+02)	(2.408381e-01 2.249729e-01 9.604828e+02)	(5.166261e-03 -2.802152e-04 2.774522e-03)
5097          	(2.458411e-01 2.245304e-01 9.604857e+02)	(2.406749e-01 2.248079e-01 9.604829e+02)	(5.166250e-03 -2.774919e-04 2.775598e-03)
5098          	(2.456726e-01 2.243684e-01 9.604857e+02)	(2.405065e-01 2.246431e-01 9.604830e+02)	(5.166080e-03 -2.746568e-04 2.776534e-03)
5099          	(2.455067e-01 2.242153e-01 9.604857e+02)	(2.403410e-01 2.244871e-01 9.604830e+02)	(5.165658e-03 -2.717428e-04 2.777309e-03)
5100          	(2.453498e-01 2.240772e-01 9.604857e+02)	(2.401848e-01 2.243460e-01 9.604829e+02)	(5.164930e-03 -2.687788e-04 2.777903e-03)
5101          	(2.452064e-01 2.239586e-01 9.604856e+02)	(2.400425e-01 2.242244e-01 9.604828e+02)	(5.163876e-03 -2.657615e-04 2.778310e-03)
5102          	(2.450751e-01 2.238571e-01 9.604855e+02)	(2.399126e-01 2.241198e-01 9.604827e+02)	(5.162449e-03 -2.627400e-04 2.778554e-03)
5103          	(2.449833e-01 2.238008e-01 9.604853e+02)	(2.398227e-01 2.240606e-01 9.604825e+02)	(5.160652e-03 -2.597224e-04 2.778669e-03)
5104          	(2.449119e-01 2.237675e-01 9.604851e+02)	(2.397534e-01 2.240243e-01 9.604823e+02)	(5.158517e-03 -2.568272e-04 2.778684e-03)
5105          	(2.448601e-01 2.237540e-01 9.604849e+02)	(2.397040e-01 2.240082e-01 9.604822e+02)	(5.156089e-03 -2.541814e-04 2.778602e-03)
5106          	(2.447966e-01 2.237457e-01 9.604847e+02)	(2.396433e-01 2.239976e-01 9.604819e+02)	(5.153329e-03 -2.518768e-04 2.778406e-03)
5107          	(2.448285e-01 2.237862e-01 9.604841e+02)	(2.396779e-01 2.240362e-01 9.604813e+02)	(5.150608e-03 -2.500232e-04 2.778005e-03)
5108          	(2.448816e-01 2.238486e-01 9.604836e+02)	(2.397336e-01 2.240973e-01 9.604808e+02)	(5.148006e-03 -2.486605e-04 2.777404e-03)
5109          	(2.448937e-01 2.239030e-01 9.604833e+02)	(2.397483e-01 2.241508e-01 9.604805e+02)	(5.145395e-03 -2.477544e-04 2.776654e-03)
5110          	(2.449284e-01 2.239733e-01 9.604831e+02)	(2.397854e-01 2.242206e-01 9.604803e+02)	(5.142929e-03 -2.472923e-04 2.775705e-03)
5111          	(2.450452e-01 2.240853e-01 9.604826e+02)	(2.399043e-01 2.243325e-01 9.604798e+02)	(5.140947e-03 -2.472598e-04 2.774461e-03)
5112          	(2.451764e-01 2.242100e-01 9.604821e+02)	(2.400369e-01 2.244576e-01 9.604794e+02)	(5.139468e-03 -2.476224e-04 2.772902e-03)
5113          	(2.452777e-01 2.243157e-01 9.604820e+02)	(2.401394e-01 2.245642e-01 9.604792e+02)	(5.138366e-03 -2.484237e-04 2.771060e-03)
5114          	(2.453930e-01 2.244328e-01 9.604818e+02)	(2.402553e-01 2.246825e-01 9.604791e+02)	(5.137661e-03 -2.496341e-04 2.768917e-03)
5115          	(2.455218e-01 2.245633e-01 9.604817e+02)	(2.403843e-01 2.248142e-01 9.604789e+02)	(5.137510e-03 -2.509696e-04 2.766376e-03)
5116          	(2.456622e-01 2.247046e-01 9.604816e+02)	(2.405242e-01 2.249568e-01 9.604788e+02)	(5.137965e-03 -2.521961e-04 2.763372e-03)
5117          	(2.458145e-01 2.248582e-01 9.604814e+02)	(2.406757e-01 2.251115e-01 9.604787e+02)	(5.138838e-03 -2.533223e-04 2.759941e-03)
5118          	(2.459770e-01 2.250222e-01 9.604813e+02)	(2.408370e-01 2.252765e-01 9.604785e+02)	(5.140014e-03 -2.543109e-04 2.756183e-03)
5119          	(2.461490e-01 2.251960e-01 9.604812e+02)	(2.410074e-01 2.254508e-01 9.604784e+02)	(5.141594e-03 -2.547755e-04 2.752063e-03)
5120          	(2.463300e-01 2.253792e-01 9.604811e+02)	(2.411865e-01 2.256339e-01 9.604783e+02)	(5.143480e-03 -2.547624e-04 2.747634e-03)
5121          	(2.465158e-01 2.255661e-01 9.604809e+02)	(2.413702e-01 2.258204e-01 9.604782e+02)	(5.145576e-03 -2.543777e-04 2.743035e-03)
5122          	(2.467054e-01 2.257555e-01 9.604808e+02)	(2.415576e-01 2.260093e-01 9.604781e+02)	(5.147793e-03 -2.537486e-04 2.738392e-03)
5123          	(2.468945e-01 2.259428e-01 9.604807e+02)	(2.417444e-01 2.261955e-01 9.604780e+02)	(5.150158e-03 -2.527683e-04 2.733734e-03)
5124          	(2.471434e-01 2.261583e-01 9.604803e+02)	(2.419905e-01 2.264097e-01 9.604776e+02)	(5.152877e-03 -2.514151e-04 2.729043e-03)
5125          	(2.473731e-01 2.263534e-01 9.604799e+02)	(2.422173e-01 2.266031e-01 9.604772e+02)	(5.155869e-03 -2.497326e-04 2.724418e-03)
5126          	(2.475723e-01 2.265198e-01 9.604796e+02)	(2.424134e-01 2.267677e-01 9.604769e+02)	(5.158978e-03 -2.478431e-04 2.720003e-03)
5127          	(2.476940e-01 2.266304e-01 9.604796e+02)	(2.425320e-01 2.268762e-01 9.604769e+02)	(5.161966e-03 -2.457956e-04 2.715853e-03)
5128          	(2.477836e-01 2.267070e-01 9.604796e+02)	(2.426188e-01 2.269507e-01 9.604769e+02)	(5.164767e-03 -2.436893e-04 2.711993e-03)
5129          	(2.478375e-01 2.267469e-01 9.604796e+02)	(2.426702e-01 2.269884e-01 9.604769e+02)	(5.167327e-03 -2.415272e-04 2.708386e-03)
5130          	(2.478539e-01 2.267491e-01 9.604796e+02)	(2.426844e-01 2.269885e-01 9.604769e+02)	(5.169523e-03 -2.394036e-04 2.705059e-03)
5131          	(2.478330e-01 2.267150e-01 9.604796e+02)	(2.426617e-01 2.269524e-01 9.604769e+02)	(5.171243e-03 -2.373551e-04 2.702030e-03)
5132          	(2.477809e-01 2.266521e-01 9.604797e+02)	(2.426086e-01 2.268875e-01 9.604770e+02)	(5.172384e-03 -2.354137e-04 2.699290e-03)
5133          	(2.476964e-01 2.265600e-01 9.604797e+02)	(2.425235e-01 2.267937e-01 9.604770e+02)	(5.172892e-03 -2.336615e-04 2.696873e-03)
5134          	(2.475821e-01 2.264424e-01 9.604797e+02)	(2.424094e-01 2.266746e-01 9.604770e+02)	(5.172730e-03 -2.321788e-04 2.694846e-03)
5135          	(2.474413e-01 2.263035e-01 9.604797e+02)	(2.422693e-01 2.265346e-01 9.604771e+02)	(5.171942e-03 -2.310165e-04 2.693255e-03)
5136          	(2.472777e-01 2.261478e-01 9.604798e+02)	(2.421071e-01 2.263780e-01 9.604771e+02)	(5.170581e-03 -2.302018e-04 2.692134e-03)
5137          	(2.470955e-01 2.259794e-01 9.604798e+02)	(2.419268e-01 2.262091e-01 9.604771e+02)	(5.168715e-03 -2.297165e-04 2.691470e-03)
5138          	(2.468954e-01 2.257995e-01 9.604798e+02)	(2.417290e-01 2.260290e-01 9.604771e+02)	(5.166375e-03 -2.295749e-04 2.691240e-03)
5139          	(2.466871e-01 2.256167e-01 9.604798e+02)	(2.415235e-01 2.258465e-01 9.604771e+02)	(5.163590e-03 -2.297985e-04 2.691411e-03)
5140          	(2.464742e-01 2.254327e-01 9.604798e+02)	(2.413138e-01 2.256631e-01 9.604771e+02)	(5.160416e-03 -2.303763e-04 2.691907e-03)
5141          	(2.462344e-01 2.252343e-01 9.604798e+02)	(2.410775e-01 2.254656e-01 9.604772e+02)	(5.156900e-03 -2.313206e-04 2.692644e-03)
5142          	(2.459925e-01 2.250476e-01 9.604799e+02)	(2.408393e-01 2.252801e-01 9.604772e+02)	(5.153182e-03 -2.325820e-04 2.693538e-03)
5143          	(2.458147e-01 2.248952e-01 9.604799e+02)	(2.406650e-01 2.251294e-01 9.604772e+02)	(5.149637e-03 -2.342108e-04 2.694475e-03)
5144          	(2.456602e-01 2.247622e-01 9.604798e+02)	(2.405138e-01 2.249983e-01 9.604771e+02)	(5.146438e-03 -2.361589e-04 2.695356e-03)
5145          	(2.455321e-01 2.246505e-01 9.604798e+02)	(2.403884e-01 2.248889e-01 9.604771e+02)	(5.143759e-03 -2.383673e-04 2.696040e-03)
5146          	(2.453559e-01 2.245222e-01 9.604800e+02)	(2.402144e-01 2.247630e-01 9.604773e+02)	(5.141529e-03 -2.408068e-04 2.696435e-03)
5147          	(2.452798e-01 2.244488e-01 9.604800e+02)	(2.401397e-01 2.246924e-01 9.604773e+02)	(5.140139e-03 -2.435729e-04 2.696457e-03)
5148          	(2.451877e-01 2.243819e-01 9.604802e+02)	(2.400483e-01 2.246285e-01 9.604775e+02)	(5.139464e-03 -2.465922e-04 2.696129e-03)
5149          	(2.451504e-01 2.243348e-01 9.604802e+02)	(2.400106e-01 2.245846e-01 9.604776e+02)	(5.139796e-03 -2.497503e-04 2.695415e-03)
5150          	(2.451296e-01 2.242984e-01 9.604803e+02)	(2.399886e-01 2.245512e-01 9.604776e+02)	(5.141032e-03 -2.527862e-04 2.694402e-03)
5151          	(2.451374e-01 2.242770e-01 9.604804e+02)	(2.399943e-01 2.245325e-01 9.604777e+02)	(5.143045e-03 -2.555667e-04 2.693200e-03)
5152          	(2.451603e-01 2.242676e-01 9.604805e+02)	(2.400146e-01 2.245256e-01 9.604778e+02)	(5.145729e-03 -2.579898e-04 2.691876e-03)
5153          	(2.451958e-01 2.242709e-01 9.604807e+02)	(2.400468e-01 2.245309e-01 9.604780e+02)	(5.148983e-03 -2.599984e-04 2.690516e-03)
5154          	(2.452420e-01 2.242868e-01 9.604808e+02)	(2.400893e-01 2.245484e-01 9.604781e+02)	(5.152684e-03 -2.616195e-04 2.689215e-03)
5155          	(2.452493e-01 2.243029e-01 9.604813e+02)	(2.400927e-01 2.245656e-01 9.604786e+02)	(5.156536e-03 -2.627305e-04 2.688038e-03)
5156          	(2.453057e-01 2.243366e-01 9.604814e+02)	(2.401449e-01 2.245999e-01 9.604787e+02)	(5.160726e-03 -2.633005e-04 2.686903e-03)
5157          	(2.453467e-01 2.243752e-01 9.604815e+02)	(2.401816e-01 2.246384e-01 9.604789e+02)	(5.165129e-03 -2.631574e-04 2.685796e-03)
5158          	(2.453924e-01 2.244192e-01 9.604816e+02)	(2.402228e-01 2.246815e-01 9.604790e+02)	(5.169633e-03 -2.623748e-04 2.684690e-03)
5159          	(2.454392e-01 2.244635e-01 9.604817e+02)	(2.402650e-01 2.247246e-01 9.604790e+02)	(5.174145e-03 -2.610366e-04 2.683632e-03)
5160          	(2.454914e-01 2.245129e-01 9.604818e+02)	(2.403129e-01 2.247722e-01 9.604791e+02)	(5.178547e-03 -2.592635e-04 2.682629e-03)
5161          	(2.455492e-01 2.245668e-01 9.604818e+02)	(2.403664e-01 2.248239e-01 9.604791e+02)	(5.182724e-03 -2.571469e-04 2.681640e-03)
5162          	(2.456112e-01 2.246235e-01 9.604819e+02)	(2.404247e-01 2.248783e-01 9.604792e+02)	(5.186520e-03 -2.547833e-04 2.680700e-03)
5163          	(2.456747e-01 2.246801e-01 9.604819e+02)	(2.404850e-01 2.249324e-01 9.604792e+02)	(5.189772e-03 -2.523313e-04 2.679859e-03)
5164          	(2.457361e-01 2.247328e-01 9.604819e+02)	(2.405438e-01 2.249827e-01 9.604792e+02)	(5.192380e-03 -2.499014e-04 2.679093e-03)
5165          	(2.457914e-01 2.247778e-01 9.604819e+02)	(2.405971e-01 2.250253e-01 9.604792e+02)	(5.194289e-03 -2.475444e-04 2.678410e-03)
5166          	(2.458359e-01 2.248109e-01 9.604819e+02)	(2.406404e-01 2.250563e-01 9.604792e+02)	(5.195450e-03 -2.454238e-04 2.677877e-03)
5167          	(2.458270e-01 2.248122e-01 9.604822e+02)	(2.406312e-01 2.250558e-01 9.604795e+02)	(5.195741e-03 -2.435943e-04 2.677615e-03)
5168          	(2.458636e-01 2.248161e-01 9.604823e+02)	(2.406682e-01 2.250583e-01 9.604796e+02)	(5.195437e-03 -2.422008e-04 2.677667e-03)
5169          	(2.458030e-01 2.247679e-01 9.604827e+02)	(2.406087e-01 2.250090e-01 9.604800e+02)	(5.194272e-03 -2.411681e-04 2.678172e-03)
5170          	(2.457712e-01 2.247182e-01 9.604827e+02)	(2.405787e-01 2.249588e-01 9.604801e+02)	(5.192533e-03 -2.405943e-04 2.679114e-03)
5171          	(2.457033e-01 2.246491e-01 9.604828e+02)	(2.405131e-01 2.248895e-01 9.604801e+02)	(5.190205e-03 -2.403777e-04 2.680543e-03)
5172          	(2.456089e-01 2.245589e-01 9.604829e+02)	(2.404216e-01 2.247995e-01 9.604802e+02)	(5.187312e-03 -2.405774e-04 2.682470e-03)
5173          	(2.454911e-01 2.244509e-01 9.604829e+02)	(2.403071e-01 2.246920e-01 9.604803e+02)	(5.183913e-03 -2.411164e-04 2.684914e-03)
5174          	(2.452981e-01 2.242924e-01 9.604833e+02)	(2.401182e-01 2.245344e-01 9.604806e+02)	(5.179926e-03 -2.419965e-04 2.687835e-03)
5175          	(2.451355e-01 2.241478e-01 9.604834e+02)	(2.399598e-01 2.243909e-01 9.604807e+02)	(5.175660e-03 -2.430937e-04 2.691075e-03)
5176          	(2.449651e-01 2.239987e-01 9.604834e+02)	(2.397939e-01 2.242430e-01 9.604807e+02)	(5.171237e-03 -2.443512e-04 2.694511e-03)
5177          	(2.447750e-01 2.238487e-01 9.604837e+02)	(2.396083e-01 2.240943e-01 9.604810e+02)	(5.166747e-03 -2.456649e-04 2.697996e-03)
5178          	(2.446080e-01 2.237129e-01 9.604837e+02)	(2.394455e-01 2.239599e-01 9.604810e+02)	(5.162468e-03 -2.469174e-04 2.701323e-03)
5179          	(2.444522e-01 2.235896e-01 9.604838e+02)	(2.392936e-01 2.238376e-01 9.604811e+02)	(5.158531e-03 -2.480132e-04 2.704358e-03)
5180          	(2.443131e-01 2.234831e-01 9.604838e+02)	(2.391581e-01 2.237320e-01 9.604811e+02)	(5.155014e-03 -2.489249e-04 2.707034e-03)
5181          	(2.441962e-01 2.233968e-01 9.604838e+02)	(2.390442e-01 2.236464e-01 9.604811e+02)	(5.152017e-03 -2.495680e-04 2.709321e-03)
5182          	(2.441056e-01 2.233336e-01 9.604838e+02)	(2.389560e-01 2.235835e-01 9.604811e+02)	(5.149603e-03 -2.498867e-04 2.711187e-03)
5183          	(2.440440e-01 2.232950e-01 9.604838e+02)	(2.388962e-01 2.235449e-01 9.604811e+02)	(5.147837e-03 -2.498728e-04 2.712577e-03)
5184          	(2.440130e-01 2.232815e-01 9.604838e+02)	(2.388662e-01 2.235312e-01 9.604811e+02)	(5.146726e-03 -2.496994e-04 2.713509e-03)
5185          	(2.440124e-01 2.232924e-01 9.604838e+02)	(2.388662e-01 2.235419e-01 9.604811e+02)	(5.146254e-03 -2.495078e-04 2.714024e-03)
5186          	(2.440417e-01 2.233261e-01 9.604838e+02)	(2.388953e-01 2.235754e-01 9.604811e+02)	(5.146424e-03 -2.493243e-04 2.714192e-03)
5187          	(2.440952e-01 2.233786e-01 9.604839e+02)	(2.389479e-01 2.236276e-01 9.604812e+02)	(5.147295e-03 -2.490480e-04 2.714079e-03)
5188          	(2.441678e-01 2.234456e-01 9.604839e+02)	(2.390190e-01 2.236941e-01 9.604812e+02)	(5.148833e-03 -2.485474e-04 2.713771e-03)
5189          	(2.442530e-01 2.235217e-01 9.604840e+02)	(2.391021e-01 2.237694e-01 9.604813e+02)	(5.150980e-03 -2.477197e-04 2.713317e-03)
5190          	(2.443478e-01 2.235967e-01 9.604842e+02)	(2.391941e-01 2.238432e-01 9.604815e+02)	(5.153712e-03 -2.464802e-04 2.712766e-03)
5191          	(2.443763e-01 2.236433e-01 9.604847e+02)	(2.392196e-01 2.238881e-01 9.604820e+02)	(5.156686e-03 -2.447746e-04 2.712184e-03)
5192          	(2.444046e-01 2.236848e-01 9.604852e+02)	(2.392448e-01 2.239275e-01 9.604825e+02)	(5.159791e-03 -2.427028e-04 2.711593e-03)
5193          	(2.444767e-01 2.237478e-01 9.604853e+02)	(2.393137e-01 2.239882e-01 9.604826e+02)	(5.162976e-03 -2.403341e-04 2.710960e-03)
5194          	(2.445444e-01 2.237991e-01 9.604854e+02)	(2.393783e-01 2.240368e-01 9.604827e+02)	(5.166061e-03 -2.377242e-04 2.710272e-03)
5195          	(2.446089e-01 2.238496e-01 9.604855e+02)	(2.394400e-01 2.240844e-01 9.604828e+02)	(5.168894e-03 -2.348771e-04 2.709447e-03)
5196          	(2.446739e-01 2.239028e-01 9.604855e+02)	(2.395026e-01 2.241347e-01 9.604828e+02)	(5.171297e-03 -2.318974e-04 2.708462e-03)
5197          	(2.447421e-01 2.239611e-01 9.604855e+02)	(2.395689e-01 2.241900e-01 9.604828e+02)	(5.173145e-03 -2.288555e-04 2.707357e-03)
5198          	(2.448185e-01 2.240298e-01 9.604855e+02)	(2.396442e-01 2.242556e-01 9.604828e+02)	(5.174333e-03 -2.258525e-04 2.706110e-03)
5199          	(2.449047e-01 2.240993e-01 9.604855e+02)	(2.397298e-01 2.243223e-01 9.604827e+02)	(5.174869e-03 -2.229921e-04 2.704754e-03)
5200          	(2.449828e-01 2.241700e-01 9.604854e+02)	(2.398081e-01 2.243904e-01 9.604827e+02)	(5.174675e-03 -2.203958e-04 2.703349e-03)
5201          	(2.450587e-01 2.242375e-01 9.604853e+02)	(2.398849e-01 2.244557e-01 9.604826e+02)	(5.173757e-03 -2.181836e-04 2.701998e-03)
5202          	(2.451277e-01 2.242964e-01 9.604853e+02)	(2.399555e-01 2.245128e-01 9.604826e+02)	(5.172156e-03 -2.164765e-04 2.700779e-03)
5203          	(2.451836e-01 2.243399e-01 9.604852e+02)	(2.400136e-01 2.245552e-01 9.604825e+02)	(5.169965e-03 -2.153104e-04 2.699827e-03)
5204          	(2.452232e-01 2.243655e-01 9.604852e+02)	(2.400559e-01 2.245802e-01 9.604825e+02)	(5.167268e-03 -2.147379e-04 2.699249e-03)
5205          	(2.452085e-01 2.243504e-01 9.604854e+02)	(2.400444e-01 2.245652e-01 9.604827e+02)	(5.164040e-03 -2.147875e-04 2.699146e-03)
5206          	(2.452033e-01 2.243298e-01 9.604854e+02)	(2.400428e-01 2.245453e-01 9.604827e+02)	(5.160504e-03 -2.154748e-04 2.699525e-03)
5207          	(2.451729e-01 2.242858e-01 9.604854e+02)	(2.400162e-01 2.245026e-01 9.604827e+02)	(5.156710e-03 -2.167855e-04 2.700390e-03)
5208          	(2.451186e-01 2.242210e-01 9.604855e+02)	(2.399658e-01 2.244396e-01 9.604828e+02)	(5.152781e-03 -2.186385e-04 2.701710e-03)
5209          	(2.450401e-01 2.241367e-01 9.604855e+02)	(2.398913e-01 2.243576e-01 9.604828e+02)	(5.148797e-03 -2.209263e-04 2.703440e-03)
5210          	(2.449394e-01 2.240372e-01 9.604856e+02)	(2.397945e-01 2.242607e-01 9.604829e+02)	(5.144877e-03 -2.235090e-04 2.705527e-03)
5211          	(2.448191e-01 2.239250e-01 9.604857e+02)	(2.396780e-01 2.241512e-01 9.604830e+02)	(5.141082e-03 -2.262370e-04 2.707899e-03)
5212          	(2.446828e-01 2.238052e-01 9.604858e+02)	(2.395453e-01 2.240341e-01 9.604831e+02)	(5.137464e-03 -2.289530e-04 2.710465e-03)
5213          	(2.445348e-01 2.236809e-01 9.604859e+02)	(2.394008e-01 2.239124e-01 9.604832e+02)	(5.134042e-03 -2.314409e-04 2.713095e-03)
5214          	(2.443800e-01 2.235577e-01 9.604860e+02)	(2.392492e-01 2.237913e-01 9.604833e+02)	(5.130821e-03 -2.335843e-04 2.715651e-03)
5215          	(2.442196e-01 2.234357e-01 9.604861e+02)	(2.390917e-01 2.236710e-01 9.604834e+02)	(5.127905e-03 -2.352845e-04 2.718023e-03)
5216          	(2.440597e-01 2.233182e-01 9.604862e+02)	(2.389342e-01 2.235547e-01 9.604835e+02)	(5.125467e-03 -2.364412e-04 2.720105e-03)
5217          	(2.439199e-01 2.232243e-01 9.604863e+02)	(2.387963e-01 2.234612e-01 9.604836e+02)	(5.123693e-03 -2.369591e-04 2.721845e-03)
5218          	(2.437939e-01 2.231450e-01 9.604864e+02)	(2.386712e-01 2.233819e-01 9.604836e+02)	(5.122674e-03 -2.369055e-04 2.723205e-03)
5219          	(2.436868e-01 2.230840e-01 9.604864e+02)	(2.385644e-01 2.233204e-01 9.604837e+02)	(5.122425e-03 -2.364616e-04 2.724234e-03)
5220          	(2.436044e-01 2.230477e-01 9.604865e+02)	(2.384815e-01 2.232835e-01 9.604838e+02)	(5.122900e-03 -2.357976e-04 2.724982e-03)
5221          	(2.435513e-01 2.230371e-01 9.604866e+02)	(2.384272e-01 2.232720e-01 9.604838e+02)	(5.124097e-03 -2.349190e-04 2.725464e-03)
5222          	(2.435305e-01 2.230546e-01 9.604866e+02)	(2.384045e-01 2.232883e-01 9.604839e+02)	(5.126006e-03 -2.337151e-04 2.725658e-03)
5223          	(2.435437e-01 2.231017e-01 9.604867e+02)	(2.384151e-01 2.233338e-01 9.604839e+02)	(5.128612e-03 -2.320693e-04 2.725552e-03)
5224          	(2.435908e-01 2.231790e-01 9.604867e+02)	(2.384590e-01 2.234090e-01 9.604840e+02)	(5.131834e-03 -2.299477e-04 2.725204e-03)
5225          	(2.436708e-01 2.232860e-01 9.604867e+02)	(2.385352e-01 2.235133e-01 9.604840e+02)	(5.135606e-03 -2.272905e-04 2.724675e-03)
5226          	(2.437817e-01 2.234218e-01 9.604868e+02)	(2.386419e-01 2.236459e-01 9.604840e+02)	(5.139788e-03 -2.241217e-04 2.724052e-03)
5227          	(2.439203e-01 2.235834e-01 9.604868e+02)	(2.387761e-01 2.238040e-01 9.604840e+02)	(5.144195e-03 -2.205441e-04 2.723429e-03)
5228          	(2.440819e-01 2.237662e-01 9.604868e+02)	(2.389333e-01 2.239829e-01 9.604841e+02)	(5.148637e-03 -2.167316e-04 2.722840e-03)
5229          	(2.442690e-01 2.239716e-01 9.604868e+02)	(2.391160e-01 2.241844e-01 9.604840e+02)	(5.153031e-03 -2.127955e-04 2.722267e-03)
5230          	(2.444708e-01 2.241893e-01 9.604867e+02)	(2.393135e-01 2.243982e-01 9.604840e+02)	(5.157291e-03 -2.088289e-04 2.721653e-03)
5231          	(2.446858e-01 2.244178e-01 9.604867e+02)	(2.395245e-01 2.246227e-01 9.604840e+02)	(5.161331e-03 -2.049172e-04 2.720919e-03)
5232          	(2.449076e-01 2.246506e-01 9.604866e+02)	(2.397426e-01 2.248518e-01 9.604839e+02)	(5.165026e-03 -2.011692e-04 2.719941e-03)
5233          	(2.451330e-01 2.248846e-01 9.604865e+02)	(2.399648e-01 2.250823e-01 9.604838e+02)	(5.168280e-03 -1.977005e-04 2.718693e-03)
5234          	(2.453579e-01 2.251152e-01 9.604864e+02)	(2.401869e-01 2.253099e-01 9.604837e+02)	(5.170990e-03 -1.946591e-04 2.717175e-03)
5235          	(2.455764e-01 2.253360e-01 9.604863e+02)	(2.404033e-01 2.255281e-01 9.604836e+02)	(5.173110e-03 -1.921351e-04 2.715441e-03)
5236          	(2.457814e-01 2.255376e-01 9.604862e+02)	(2.406068e-01 2.257278e-01 9.604835e+02)	(5.174618e-03 -1.902121e-04 2.713577e-03)
5237          	(2.459651e-01 2.257123e-01 9.604861e+02)	(2.407896e-01 2.259012e-01 9.604834e+02)	(5.175519e-03 -1.889198e-04 2.711715e-03)
5238          	(2.461484e-01 2.258542e-01 9.604860e+02)	(2.409725e-01 2.260426e-01 9.604833e+02)	(5.175901e-03 -1.883721e-04 2.710038e-03)
5239          	(2.462893e-01 2.259517e-01 9.604859e+02)	(2.411135e-01 2.261403e-01 9.604832e+02)	(5.175722e-03 -1.886006e-04 2.708679e-03)
5240          	(2.463438e-01 2.259851e-01 9.604860e+02)	(2.411689e-01 2.261747e-01 9.604832e+02)	(5.174865e-03 -1.896110e-04 2.707819e-03)
5241          	(2.463399e-01 2.259564e-01 9.604860e+02)	(2.411665e-01 2.261478e-01 9.604833e+02)	(5.173388e-03 -1.914439e-04 2.707574e-03)
5242          	(2.462742e-01 2.258626e-01 9.604861e+02)	(2.411029e-01 2.260566e-01 9.604834e+02)	(5.171321e-03 -1.940733e-04 2.708025e-03)
5243          	(2.461465e-01 2.257041e-01 9.604863e+02)	(2.409778e-01 2.259015e-01 9.604836e+02)	(5.168701e-03 -1.974026e-04 2.709245e-03)
5244          	(2.459616e-01 2.254880e-01 9.604865e+02)	(2.407961e-01 2.256893e-01 9.604837e+02)	(5.165571e-03 -2.012917e-04 2.711309e-03)
5245          	(2.457329e-01 2.252257e-01 9.604867e+02)	(2.405709e-01 2.254312e-01 9.604840e+02)	(5.161994e-03 -2.055325e-04 2.714255e-03)
5246          	(2.454629e-01 2.249251e-01 9.604870e+02)	(2.403049e-01 2.251350e-01 9.604843e+02)	(5.158012e-03 -2.098972e-04 2.718028e-03)
5247          	(2.451558e-01 2.245920e-01 9.604873e+02)	(2.400022e-01 2.248063e-01 9.604845e+02)	(5.153627e-03 -2.142991e-04 2.722518e-03)
5248          	(2.448166e-01 2.242338e-01 9.604876e+02)	(2.396678e-01 2.244527e-01 9.604848e+02)	(5.148849e-03 -2.188304e-04 2.727647e-03)
5249          	(2.444562e-01 2.238633e-01 9.604879e+02)	(2.393123e-01 2.240865e-01 9.604851e+02)	(5.143917e-03 -2.232197e-04 2.733132e-03)
5250          	(2.440899e-01 2.234962e-01 9.604882e+02)	(2.389508e-01 2.237234e-01 9.604854e+02)	(5.139075e-03 -2.272571e-04 2.738777e-03)
5251          	(2.437250e-01 2.231415e-01 9.604885e+02)	(2.385905e-01 2.233722e-01 9.604857e+02)	(5.134492e-03 -2.307780e-04 2.744398e-03)
5252          	(2.433562e-01 2.228051e-01 9.604887e+02)	(2.382259e-01 2.230388e-01 9.604860e+02)	(5.130311e-03 -2.336696e-04 2.749883e-03)
5253          	(2.430181e-01 2.225118e-01 9.604890e+02)	(2.378913e-01 2.227476e-01 9.604862e+02)	(5.126771e-03 -2.357615e-04 2.755079e-03)
5254          	(2.427184e-01 2.222673e-01 9.604892e+02)	(2.375944e-01 2.225043e-01 9.604865e+02)	(5.123988e-03 -2.370190e-04 2.759882e-03)
5255          	(2.424621e-01 2.220737e-01 9.604894e+02)	(2.373401e-01 2.223112e-01 9.604866e+02)	(5.121986e-03 -2.374933e-04 2.764271e-03)
5256          	(2.422568e-01 2.219358e-01 9.604896e+02)	(2.371362e-01 2.221731e-01 9.604868e+02)	(5.120642e-03 -2.373473e-04 2.768225e-03)
5257          	(2.421102e-01 2.218580e-01 9.604897e+02)	(2.369901e-01 2.220946e-01 9.604869e+02)	(5.120016e-03 -2.365391e-04 2.771691e-03)
5258          	(2.420344e-01 2.218387e-01 9.604898e+02)	(2.369142e-01 2.220738e-01 9.604870e+02)	(5.120181e-03 -2.351049e-04 2.774685e-03)
5259          	(2.420270e-01 2.218868e-01 9.604899e+02)	(2.369060e-01 2.221199e-01 9.604871e+02)	(5.121035e-03 -2.331299e-04 2.777253e-03)
5260          	(2.420919e-01 2.220039e-01 9.604899e+02)	(2.369694e-01 2.222347e-01 9.604871e+02)	(5.122462e-03 -2.307497e-04 2.779463e-03)
5261          	(2.422283e-01 2.221876e-01 9.604898e+02)	(2.371039e-01 2.224156e-01 9.604870e+02)	(5.124400e-03 -2.279800e-04 2.781263e-03)
5262          	(2.424318e-01 2.224320e-01 9.604897e+02)	(2.373050e-01 2.226569e-01 9.604870e+02)	(5.126806e-03 -2.248899e-04 2.782640e-03)
5263          	(2.426949e-01 2.227290e-01 9.604896e+02)	(2.375653e-01 2.229506e-01 9.604869e+02)	(5.129601e-03 -2.216214e-04 2.783690e-03)
5264          	(2.430075e-01 2.230681e-01 9.604895e+02)	(2.378749e-01 2.232864e-01 9.604867e+02)	(5.132622e-03 -2.183419e-04 2.784443e-03)
5265          	(2.433565e-01 2.234365e-01 9.604893e+02)	(2.382208e-01 2.236517e-01 9.604865e+02)	(5.135728e-03 -2.152206e-04 2.784955e-03)
5266          	(2.437274e-01 2.238199e-01 9.604891e+02)	(2.385886e-01 2.240324e-01 9.604864e+02)	(5.138799e-03 -2.124497e-04 2.785239e-03)
5267          	(2.441073e-01 2.242063e-01 9.604889e+02)	(2.389655e-01 2.244164e-01 9.604862e+02)	(5.141756e-03 -2.100794e-04 2.785194e-03)
5268          	(2.444895e-01 2.245927e-01 9.604887e+02)	(2.393450e-01 2.248008e-01 9.604859e+02)	(5.144542e-03 -2.081565e-04 2.784778e-03)
5269          	(2.448597e-01 2.249621e-01 9.604885e+02)	(2.397126e-01 2.251689e-01 9.604857e+02)	(5.147105e-03 -2.067801e-04 2.783956e-03)
5270          	(2.452115e-01 2.253087e-01 9.604882e+02)	(2.400622e-01 2.255147e-01 9.604855e+02)	(5.149387e-03 -2.060311e-04 2.782683e-03)
5271          	(2.455398e-01 2.256272e-01 9.604880e+02)	(2.403884e-01 2.258331e-01 9.604852e+02)	(5.151362e-03 -2.059868e-04 2.780998e-03)
5272          	(2.459048e-01 2.259377e-01 9.604876e+02)	(2.407516e-01 2.261445e-01 9.604848e+02)	(5.153247e-03 -2.067592e-04 2.778950e-03)
5273          	(2.462345e-01 2.262080e-01 9.604871e+02)	(2.410795e-01 2.264163e-01 9.604843e+02)	(5.155034e-03 -2.082820e-04 2.776626e-03)
5274          	(2.465190e-01 2.264341e-01 9.604867e+02)	(2.413624e-01 2.266446e-01 9.604839e+02)	(5.156640e-03 -2.104807e-04 2.774093e-03)
5275          	(2.467488e-01 2.266100e-01 9.604864e+02)	(2.415908e-01 2.268232e-01 9.604836e+02)	(5.158003e-03 -2.132468e-04 2.771483e-03)
5276          	(2.468618e-01 2.267005e-01 9.604862e+02)	(2.417029e-01 2.269170e-01 9.604835e+02)	(5.158903e-03 -2.164913e-04 2.769046e-03)
5277          	(2.469205e-01 2.267344e-01 9.604862e+02)	(2.417612e-01 2.269545e-01 9.604834e+02)	(5.159324e-03 -2.201054e-04 2.766946e-03)
5278          	(2.469191e-01 2.267054e-01 9.604861e+02)	(2.417599e-01 2.269293e-01 9.604834e+02)	(5.159223e-03 -2.239517e-04 2.765353e-03)
5279          	(2.468531e-01 2.266090e-01 9.604862e+02)	(2.416946e-01 2.268369e-01 9.604834e+02)	(5.158542e-03 -2.279468e-04 2.764328e-03)
5280          	(2.467249e-01 2.264474e-01 9.604862e+02)	(2.415676e-01 2.266794e-01 9.604835e+02)	(5.157263e-03 -2.320414e-04 2.763946e-03)
5281          	(2.465352e-01 2.262216e-01 9.604863e+02)	(2.413798e-01 2.264579e-01 9.604836e+02)	(5.155401e-03 -2.362324e-04 2.764228e-03)
5282          	(2.462937e-01 2.259420e-01 9.604865e+02)	(2.411407e-01 2.261825e-01 9.604837e+02)	(5.153004e-03 -2.405146e-04 2.765188e-03)
5283          	(2.460157e-01 2.256256e-01 9.604867e+02)	(2.408655e-01 2.258705e-01 9.604839e+02)	(5.150215e-03 -2.448572e-04 2.766765e-03)
5284          	(2.457223e-01 2.252955e-01 9.604868e+02)	(2.405751e-01 2.255447e-01 9.604841e+02)	(5.147221e-03 -2.491727e-04 2.768860e-03)
5285          	(2.454336e-01 2.249724e-01 9.604870e+02)	(2.402893e-01 2.252257e-01 9.604842e+02)	(5.144268e-03 -2.532109e-04 2.771231e-03)
5286          	(2.451599e-01 2.246695e-01 9.604871e+02)	(2.400184e-01 2.249263e-01 9.604844e+02)	(5.141488e-03 -2.567809e-04 2.773693e-03)
5287          	(2.449160e-01 2.244008e-01 9.604873e+02)	(2.397770e-01 2.246605e-01 9.604845e+02)	(5.139015e-03 -2.597112e-04 2.776099e-03)
5288          	(2.447111e-01 2.241763e-01 9.604874e+02)	(2.395742e-01 2.244382e-01 9.604846e+02)	(5.136943e-03 -2.618914e-04 2.778329e-03)
5289          	(2.445735e-01 2.240197e-01 9.604874e+02)	(2.394381e-01 2.242829e-01 9.604846e+02)	(5.135411e-03 -2.632190e-04 2.780246e-03)
5290          	(2.444815e-01 2.239159e-01 9.604874e+02)	(2.393471e-01 2.241797e-01 9.604847e+02)	(5.134307e-03 -2.638447e-04 2.781839e-03)
5291          	(2.444360e-01 2.238672e-01 9.604874e+02)	(2.393025e-01 2.241311e-01 9.604846e+02)	(5.133533e-03 -2.638675e-04 2.783082e-03)
5292          	(2.444378e-01 2.238758e-01 9.604874e+02)	(2.393046e-01 2.241390e-01 9.604846e+02)	(5.133201e-03 -2.632106e-04 2.783934e-03)
5293          	(2.444868e-01 2.239422e-01 9.604873e+02)	(2.393534e-01 2.242041e-01 9.604845e+02)	(5.133419e-03 -2.618333e-04 2.784381e-03)
5294          	(2.445799e-01 2.240689e-01 9.604872e+02)	(2.394459e-01 2.243289e-01 9.604844e+02)	(5.134026e-03 -2.599365e-04 2.784608e-03)
5295          	(2.447231e-01 2.242538e-01 9.604870e+02)	(2.395881e-01 2.245115e-01 9.604843e+02)	(5.134956e-03 -2.576826e-04 2.784737e-03)
5296          	(2.449165e-01 2.244975e-01 9.604869e+02)	(2.397803e-01 2.247527e-01 9.604841e+02)	(5.136163e-03 -2.552092e-04 2.784834e-03)
5297          	(2.451596e-01 2.247955e-01 9.604867e+02)	(2.400219e-01 2.250479e-01 9.604839e+02)	(5.137711e-03 -2.524048e-04 2.784745e-03)
5298          	(2.454533e-01 2.251481e-01 9.604864e+02)	(2.403137e-01 2.253974e-01 9.604836e+02)	(5.139593e-03 -2.492907e-04 2.784427e-03)
5299          	(2.457893e-01 2.255434e-01 9.604862e+02)	(2.406476e-01 2.257894e-01 9.604834e+02)	(5.141741e-03 -2.459772e-04 2.783844e-03)
5300          	(2.461602e-01 2.259703e-01 9.604859e+02)	(2.410161e-01 2.262129e-01 9.604831e+02)	(5.144107e-03 -2.425942e-04 2.782942e-03)
5301          	(2.465550e-01 2.264143e-01 9.604856e+02)	(2.414083e-01 2.266536e-01 9.604828e+02)	(5.146684e-03 -2.392610e-04 2.781659e-03)
5302          	(2.469599e-01 2.268591e-01 9.604853e+02)	(2.418105e-01 2.270952e-01 9.604825e+02)	(5.149401e-03 -2.361038e-04 2.779938e-03)
5303          	(2.473627e-01 2.272912e-01 9.604850e+02)	(2.422105e-01 2.275244e-01 9.604822e+02)	(5.152198e-03 -2.332435e-04 2.777767e-03)
5304          	(2.477434e-01 2.276893e-01 9.604847e+02)	(2.425884e-01 2.279202e-01 9.604819e+02)	(5.154977e-03 -2.308263e-04 2.775170e-03)
5305          	(2.481930e-01 2.280891e-01 9.604841e+02)	(2.430351e-01 2.283181e-01 9.604814e+02)	(5.157971e-03 -2.289916e-04 2.772142e-03)
5306          	(2.485721e-01 2.284150e-01 9.604836e+02)	(2.434111e-01 2.286428e-01 9.604809e+02)	(5.160949e-03 -2.277864e-04 2.768864e-03)
5307          	(2.488592e-01 2.286481e-01 9.604833e+02)	(2.436956e-01 2.288753e-01 9.604805e+02)	(5.163689e-03 -2.272398e-04 2.765523e-03)
5308          	(2.489811e-01 2.287599e-01 9.604832e+02)	(2.438153e-01 2.289871e-01 9.604804e+02)	(5.165805e-03 -2.272754e-04 2.762323e-03)
5309          	(2.490180e-01 2.287845e-01 9.604832e+02)	(2.438507e-01 2.290124e-01 9.604805e+02)	(5.167271e-03 -2.278547e-04 2.759412e-03)
5310          	(2.489654e-01 2.287185e-01 9.604833e+02)	(2.437974e-01 2.289474e-01 9.604805e+02)	(5.168040e-03 -2.289186e-04 2.756918e-03)
5311          	(2.488178e-01 2.285573e-01 9.604834e+02)	(2.436498e-01 2.287878e-01 9.604806e+02)	(5.168060e-03 -2.304249e-04 2.754911e-03)
5312          	(2.485696e-01 2.282945e-01 9.604836e+02)	(2.434023e-01 2.285269e-01 9.604808e+02)	(5.167287e-03 -2.323631e-04 2.753420e-03)
5313          	(2.482293e-01 2.279380e-01 9.604837e+02)	(2.430635e-01 2.281727e-01 9.604810e+02)	(5.165773e-03 -2.347006e-04 2.752450e-03)
5314          	(2.478155e-01 2.275053e-01 9.604839e+02)	(2.426520e-01 2.277427e-01 9.604812e+02)	(5.163588e-03 -2.373985e-04 2.751956e-03)
5315          	(2.473419e-01 2.270089e-01 9.604841e+02)	(2.421810e-01 2.272493e-01 9.604814e+02)	(5.160850e-03 -2.403778e-04 2.751875e-03)
5316          	(2.468197e-01 2.264689e-01 9.604843e+02)	(2.416620e-01 2.267124e-01 9.604816e+02)	(5.157699e-03 -2.435174e-04 2.752103e-03)
5317          	(2.462830e-01 2.259107e-01 9.604845e+02)	(2.411287e-01 2.261573e-01 9.604817e+02)	(5.154320e-03 -2.466742e-04 2.752504e-03)
5318          	(2.457572e-01 2.253588e-01 9.604846e+02)	(2.406064e-01 2.256085e-01 9.604818e+02)	(5.150841e-03 -2.497300e-04 2.752946e-03)
5319          	(2.452661e-01 2.248371e-01 9.604847e+02)	(2.401188e-01 2.250896e-01 9.604819e+02)	(5.147364e-03 -2.525478e-04 2.753296e-03)
5320          	(2.448309e-01 2.243668e-01 9.604847e+02)	(2.396870e-01 2.246219e-01 9.604819e+02)	(5.143913e-03 -2.551371e-04 2.753498e-03)
5321          	(2.444919e-01 2.239749e-01 9.604847e+02)	(2.393513e-01 2.242323e-01 9.604819e+02)	(5.140655e-03 -2.573926e-04 2.753439e-03)
5322          	(2.442355e-01 2.236641e-01 9.604846e+02)	(2.390976e-01 2.239231e-01 9.604819e+02)	(5.137836e-03 -2.590591e-04 2.752962e-03)
5323          	(2.440514e-01 2.234420e-01 9.604845e+02)	(2.389161e-01 2.237022e-01 9.604818e+02)	(5.135328e-03 -2.601593e-04 2.752080e-03)
5324          	(2.439821e-01 2.233225e-01 9.604844e+02)	(2.388489e-01 2.235832e-01 9.604816e+02)	(5.133156e-03 -2.607420e-04 2.750876e-03)
5325          	(2.440078e-01 2.233035e-01 9.604842e+02)	(2.388763e-01 2.235642e-01 9.604815e+02)	(5.131446e-03 -2.606495e-04 2.749385e-03)
5326          	(2.441301e-01 2.233860e-01 9.604840e+02)	(2.389999e-01 2.236460e-01 9.604813e+02)	(5.130191e-03 -2.599997e-04 2.747753e-03)
5327          	(2.443452e-01 2.235675e-01 9.604838e+02)	(2.392159e-01 2.238263e-01 9.604810e+02)	(5.129318e-03 -2.588318e-04 2.746129e-03)
5328          	(2.446039e-01 2.238280e-01 9.604837e+02)	(2.394752e-01 2.240851e-01 9.604809e+02)	(5.128660e-03 -2.571154e-04 2.744585e-03)
5329          	(2.449760e-01 2.241799e-01 9.604834e+02)	(2.398476e-01 2.244348e-01 9.604807e+02)	(5.128439e-03 -2.548728e-04 2.743118e-03)
5330          	(2.454078e-01 2.246000e-01 9.604832e+02)	(2.402792e-01 2.248522e-01 9.604804e+02)	(5.128619e-03 -2.521977e-04 2.741789e-03)
5331          	(2.458866e-01 2.250766e-01 9.604829e+02)	(2.407575e-01 2.253258e-01 9.604802e+02)	(5.129163e-03 -2.492086e-04 2.740581e-03)
5332          	(2.463992e-01 2.255969e-01 9.604827e+02)	(2.412691e-01 2.258429e-01 9.604800e+02)	(5.130077e-03 -2.460177e-04 2.739416e-03)
5333          	(2.469374e-01 2.261452e-01 9.604826e+02)	(2.418060e-01 2.263878e-01 9.604798e+02)	(5.131382e-03 -2.426509e-04 2.738205e-03)
5334          	(2.474651e-01 2.266911e-01 9.604824e+02)	(2.423321e-01 2.269303e-01 9.604797e+02)	(5.132997e-03 -2.391735e-04 2.736855e-03)
5335          	(2.479562e-01 2.272100e-01 9.604823e+02)	(2.428214e-01 2.274456e-01 9.604796e+02)	(5.134800e-03 -2.356434e-04 2.735373e-03)
5336          	(2.483959e-01 2.276844e-01 9.604823e+02)	(2.432592e-01 2.279166e-01 9.604795e+02)	(5.136713e-03 -2.321793e-04 2.733794e-03)
5337          	(2.487687e-01 2.280976e-01 9.604822e+02)	(2.436300e-01 2.283265e-01 9.604795e+02)	(5.138702e-03 -2.288318e-04 2.732095e-03)
5338          	(2.490627e-01 2.284361e-01 9.604822e+02)	(2.439220e-01 2.286619e-01 9.604795e+02)	(5.140732e-03 -2.257314e-04 2.730289e-03)
5339          	(2.492656e-01 2.286854e-01 9.604823e+02)	(2.441229e-01 2.289084e-01 9.604796e+02)	(5.142700e-03 -2.230210e-04 2.728450e-03)
5340          	(2.493680e-01 2.288339e-01 9.604824e+02)	(2.442234e-01 2.290548e-01 9.604796e+02)	(5.144526e-03 -2.208500e-04 2.726706e-03)
5341          	(2.493650e-01 2.288724e-01 9.604825e+02)	(2.442189e-01 2.290917e-01 9.604798e+02)	(5.146114e-03 -2.193205e-04 2.725216e-03)
5342          	(2.492542e-01 2.287947e-01 9.604827e+02)	(2.441069e-01 2.290132e-01 9.604800e+02)	(5.147352e-03 -2.184822e-04 2.724097e-03)
5343          	(2.489855e-01 2.285712e-01 9.604831e+02)	(2.438374e-01 2.287895e-01 9.604804e+02)	(5.148044e-03 -2.183447e-04 2.723432e-03)
5344          	(2.486555e-01 2.282598e-01 9.604834e+02)	(2.435072e-01 2.284788e-01 9.604807e+02)	(5.148307e-03 -2.189485e-04 2.723177e-03)
5345          	(2.482187e-01 2.278253e-01 9.604837e+02)	(2.430706e-01 2.280456e-01 9.604810e+02)	(5.148070e-03 -2.203579e-04 2.723399e-03)
5346          	(2.475732e-01 2.271943e-01 9.604844e+02)	(2.424260e-01 2.274170e-01 9.604817e+02)	(5.147125e-03 -2.226687e-04 2.724178e-03)
5347          	(2.468338e-01 2.264547e-01 9.604851e+02)	(2.416882e-01 2.266805e-01 9.604824e+02)	(5.145615e-03 -2.258572e-04 2.725421e-03)
5348          	(2.460332e-01 2.256503e-01 9.604858e+02)	(2.408895e-01 2.258800e-01 9.604831e+02)	(5.143628e-03 -2.297607e-04 2.727065e-03)
5349          	(2.453644e-01 2.249317e-01 9.604862e+02)	(2.402228e-01 2.251657e-01 9.604834e+02)	(5.141621e-03 -2.340759e-04 2.728831e-03)
5350          	(2.447052e-01 2.242171e-01 9.604864e+02)	(2.395656e-01 2.244557e-01 9.604837e+02)	(5.139592e-03 -2.385987e-04 2.730674e-03)
5351          	(2.440883e-01 2.235435e-01 9.604867e+02)	(2.389506e-01 2.237866e-01 9.604839e+02)	(5.137670e-03 -2.431034e-04 2.732375e-03)
5352          	(2.435399e-01 2.229395e-01 9.604868e+02)	(2.384039e-01 2.231868e-01 9.604841e+02)	(5.135939e-03 -2.473319e-04 2.733764e-03)
5353          	(2.429302e-01 2.223366e-01 9.604873e+02)	(2.377961e-01 2.225877e-01 9.604846e+02)	(5.134024e-03 -2.511135e-04 2.734743e-03)
5354          	(2.425822e-01 2.219390e-01 9.604873e+02)	(2.374497e-01 2.221934e-01 9.604846e+02)	(5.132474e-03 -2.543579e-04 2.735060e-03)
5355          	(2.423473e-01 2.216596e-01 9.604873e+02)	(2.372162e-01 2.219168e-01 9.604845e+02)	(5.131126e-03 -2.571497e-04 2.734796e-03)
5356          	(2.421363e-01 2.214538e-01 9.604874e+02)	(2.370064e-01 2.217132e-01 9.604847e+02)	(5.129873e-03 -2.593671e-04 2.733855e-03)
5357          	(2.421283e-01 2.214075e-01 9.604872e+02)	(2.369990e-01 2.216684e-01 9.604845e+02)	(5.129370e-03 -2.608836e-04 2.732089e-03)
5358          	(2.422306e-01 2.214725e-01 9.604870e+02)	(2.371010e-01 2.217342e-01 9.604843e+02)	(5.129539e-03 -2.617264e-04 2.729654e-03)
5359          	(2.424283e-01 2.216301e-01 9.604867e+02)	(2.372981e-01 2.218922e-01 9.604840e+02)	(5.130224e-03 -2.621667e-04 2.726712e-03)
5360          	(2.427143e-01 2.218717e-01 9.604864e+02)	(2.375829e-01 2.221340e-01 9.604837e+02)	(5.131402e-03 -2.623088e-04 2.723441e-03)
5361          	(2.430917e-01 2.221998e-01 9.604861e+02)	(2.379585e-01 2.224619e-01 9.604834e+02)	(5.133187e-03 -2.620705e-04 2.719915e-03)
5362          	(2.435419e-01 2.225970e-01 9.604858e+02)	(2.384064e-01 2.228586e-01 9.604831e+02)	(5.135425e-03 -2.616679e-04 2.716407e-03)
5363          	(2.440553e-01 2.230554e-01 9.604856e+02)	(2.389172e-01 2.233164e-01 9.604829e+02)	(5.138052e-03 -2.610595e-04 2.713032e-03)
5364          	(2.446103e-01 2.235535e-01 9.604853e+02)	(2.394692e-01 2.238137e-01 9.604826e+02)	(5.141029e-03 -2.602392e-04 2.709908e-03)
5365          	(2.451861e-01 2.240719e-01 9.604851e+02)	(2.400417e-01 2.243309e-01 9.604824e+02)	(5.144428e-03 -2.590286e-04 2.707035e-03)
5366          	(2.457653e-01 2.245944e-01 9.604848e+02)	(2.406172e-01 2.248520e-01 9.604821e+02)	(5.148116e-03 -2.575616e-04 2.704492e-03)
5367          	(2.463271e-01 2.251014e-01 9.604847e+02)	(2.411752e-01 2.253575e-01 9.604820e+02)	(5.151961e-03 -2.560731e-04 2.702351e-03)
5368          	(2.468517e-01 2.255740e-01 9.604845e+02)	(2.416958e-01 2.258287e-01 9.604818e+02)	(5.155852e-03 -2.547456e-04 2.700589e-03)
5369          	(2.473177e-01 2.259910e-01 9.604844e+02)	(2.421580e-01 2.262447e-01 9.604817e+02)	(5.159649e-03 -2.536717e-04 2.699172e-03)
5370          	(2.477133e-01 2.263422e-01 9.604843e+02)	(2.425501e-01 2.265950e-01 9.604816e+02)	(5.163250e-03 -2.528710e-04 2.698088e-03)
5371          	(2.480482e-01 2.266273e-01 9.604842e+02)	(2.428816e-01 2.268797e-01 9.604816e+02)	(5.166614e-03 -2.523607e-04 2.697306e-03)
5372          	(2.482837e-01 2.268165e-01 9.604842e+02)	(2.431140e-01 2.270686e-01 9.604815e+02)	(5.169616e-03 -2.521103e-04 2.696867e-03)
5373          	(2.484171e-01 2.269098e-01 9.604843e+02)	(2.432449e-01 2.271619e-01 9.604816e+02)	(5.172187e-03 -2.520636e-04 2.696783e-03)
5374          	(2.484395e-01 2.269000e-01 9.604843e+02)	(2.432652e-01 2.271521e-01 9.604816e+02)	(5.174223e-03 -2.521957e-04 2.697094e-03)
5375          	(2.483816e-01 2.267933e-01 9.604843e+02)	(2.432058e-01 2.270459e-01 9.604816e+02)	(5.175811e-03 -2.526001e-04 2.697817e-03)
5376          	(2.482100e-01 2.265864e-01 9.604842e+02)	(2.430331e-01 2.268398e-01 9.604815e+02)	(5.176912e-03 -2.533486e-04 2.698980e-03)
5377          	(2.478944e-01 2.262837e-01 9.604844e+02)	(2.427170e-01 2.265381e-01 9.604817e+02)	(5.177393e-03 -2.544436e-04 2.700586e-03)
5378          	(2.474831e-01 2.258913e-01 9.604846e+02)	(2.423058e-01 2.261472e-01 9.604819e+02)	(5.177350e-03 -2.559569e-04 2.702659e-03)
5379          	(2.469872e-01 2.254172e-01 9.604849e+02)	(2.418103e-01 2.256750e-01 9.604822e+02)	(5.176925e-03 -2.578627e-04 2.705118e-03)
5380          	(2.464223e-01 2.248733e-01 9.604851e+02)	(2.412462e-01 2.251334e-01 9.604824e+02)	(5.176118e-03 -2.601242e-04 2.707903e-03)
5381          	(2.458003e-01 2.242665e-01 9.604853e+02)	(2.406254e-01 2.245292e-01 9.604826e+02)	(5.174942e-03 -2.627192e-04 2.710947e-03)
5382          	(2.451563e-01 2.236318e-01 9.604855e+02)	(2.399829e-01 2.238974e-01 9.604828e+02)	(5.173419e-03 -2.656243e-04 2.714122e-03)
5383          	(2.445148e-01 2.229923e-01 9.604857e+02)	(2.393432e-01 2.232611e-01 9.604830e+02)	(5.171595e-03 -2.688013e-04 2.717330e-03)
5384          	(2.438922e-01 2.223643e-01 9.604858e+02)	(2.387227e-01 2.226365e-01 9.604831e+02)	(5.169517e-03 -2.721837e-04 2.720477e-03)
5385          	(2.432918e-01 2.217648e-01 9.604858e+02)	(2.381246e-01 2.220405e-01 9.604831e+02)	(5.167190e-03 -2.757079e-04 2.723483e-03)
5386          	(2.427503e-01 2.212190e-01 9.604859e+02)	(2.375856e-01 2.214983e-01 9.604831e+02)	(5.164714e-03 -2.792770e-04 2.726251e-03)
5387          	(2.422817e-01 2.207441e-01 9.604858e+02)	(2.371195e-01 2.210269e-01 9.604831e+02)	(5.162174e-03 -2.827802e-04 2.728690e-03)
5388          	(2.419032e-01 2.203563e-01 9.604858e+02)	(2.367435e-01 2.206424e-01 9.604830e+02)	(5.159640e-03 -2.861287e-04 2.730701e-03)
5389          	(2.416238e-01 2.200644e-01 9.604857e+02)	(2.364667e-01 2.203538e-01 9.604829e+02)	(5.157116e-03 -2.894010e-04 2.732232e-03)
5390          	(2.414644e-01 2.198765e-01 9.604855e+02)	(2.363095e-01 2.201691e-01 9.604828e+02)	(5.154821e-03 -2.925766e-04 2.733158e-03)
5391          	(2.414186e-01 2.198032e-01 9.604853e+02)	(2.362655e-01 2.200986e-01 9.604826e+02)	(5.153074e-03 -2.953888e-04 2.733319e-03)
5392          	(2.414935e-01 2.198529e-01 9.604851e+02)	(2.363414e-01 2.201505e-01 9.604823e+02)	(5.152113e-03 -2.976383e-04 2.732572e-03)
5393          	(2.416834e-01 2.200160e-01 9.604848e+02)	(2.365315e-01 2.203154e-01 9.604821e+02)	(5.151947e-03 -2.993847e-04 2.730923e-03)
5394          	(2.419765e-01 2.202845e-01 9.604845e+02)	(2.368240e-01 2.205853e-01 9.604817e+02)	(5.152408e-03 -3.008112e-04 2.728480e-03)
5395          	(2.423699e-01 2.206566e-01 9.604841e+02)	(2.372164e-01 2.209585e-01 9.604814e+02)	(5.153534e-03 -3.018756e-04 2.725287e-03)
5396          	(2.428587e-01 2.211275e-01 9.604837e+02)	(2.377034e-01 2.214300e-01 9.604810e+02)	(5.155385e-03 -3.024387e-04 2.721363e-03)
5397          	(2.434226e-01 2.216754e-01 9.604833e+02)	(2.382647e-01 2.219781e-01 9.604806e+02)	(5.157841e-03 -3.026958e-04 2.716950e-03)
5398          	(2.440434e-01 2.222810e-01 9.604830e+02)	(2.388827e-01 2.225837e-01 9.604803e+02)	(5.160750e-03 -3.026894e-04 2.712279e-03)
5399          	(2.446954e-01 2.229168e-01 9.604827e+02)	(2.395314e-01 2.232192e-01 9.604800e+02)	(5.164011e-03 -3.023622e-04 2.707540e-03)
5400          	(2.453552e-01 2.235526e-01 9.604824e+02)	(2.401876e-01 2.238542e-01 9.604797e+02)	(5.167639e-03 -3.015501e-04 2.702872e-03)
5401          	(2.459897e-01 2.241616e-01 9.604822e+02)	(2.408182e-01 2.244619e-01 9.604795e+02)	(5.171507e-03 -3.003378e-04 2.698390e-03)
5402          	(2.465734e-01 2.247187e-01 9.604821e+02)	(2.413980e-01 2.250177e-01 9.604794e+02)	(5.175367e-03 -2.989265e-04 2.694365e-03)
5403          	(2.470838e-01 2.252038e-01 9.604820e+02)	(2.419048e-01 2.255013e-01 9.604793e+02)	(5.179027e-03 -2.974560e-04 2.690956e-03)
5404          	(2.475010e-01 2.256011e-01 9.604820e+02)	(2.423188e-01 2.258971e-01 9.604793e+02)	(5.182285e-03 -2.959566e-04 2.688234e-03)
5405          	(2.478180e-01 2.258991e-01 9.604820e+02)	(2.426330e-01 2.261935e-01 9.604793e+02)	(5.185013e-03 -2.944491e-04 2.686265e-03)
5406          	(2.480262e-01 2.260906e-01 9.604821e+02)	(2.428392e-01 2.263836e-01 9.604794e+02)	(5.187084e-03 -2.929652e-04 2.684990e-03)
5407          	(2.481205e-01 2.261717e-01 9.604823e+02)	(2.429320e-01 2.264633e-01 9.604796e+02)	(5.188458e-03 -2.915632e-04 2.684342e-03)
5408          	(2.480918e-01 2.261376e-01 9.604825e+02)	(2.429027e-01 2.264279e-01 9.604798e+02)	(5.189094e-03 -2.902948e-04 2.684279e-03)
5409          	(2.479513e-01 2.259981e-01 9.604828e+02)	(2.427623e-01 2.262874e-01 9.604801e+02)	(5.189030e-03 -2.892721e-04 2.684780e-03)
5410          	(2.477059e-01 2.257593e-01 9.604830e+02)	(2.425175e-01 2.260479e-01 9.604804e+02)	(5.188350e-03 -2.885531e-04 2.685843e-03)
5411          	(2.473612e-01 2.254273e-01 9.604834e+02)	(2.421741e-01 2.257154e-01 9.604807e+02)	(5.187155e-03 -2.881388e-04 2.687447e-03)
5412          	(2.469258e-01 2.250105e-01 9.604837e+02)	(2.417403e-01 2.252985e-01 9.604810e+02)	(5.185528e-03 -2.880140e-04 2.689594e-03)
5413          	(2.464125e-01 2.245219e-01 9.604840e+02)	(2.412290e-01 2.248100e-01 9.604813e+02)	(5.183539e-03 -2.880677e-04 2.692261e-03)
5414          	(2.458409e-01 2.239807e-01 9.604843e+02)	(2.406597e-01 2.242689e-01 9.604816e+02)	(5.181182e-03 -2.882197e-04 2.695389e-03)
5415          	(2.452281e-01 2.234016e-01 9.604846e+02)	(2.400496e-01 2.236900e-01 9.604819e+02)	(5.178453e-03 -2.884125e-04 2.698914e-03)
5416          	(2.446089e-01 2.228190e-01 9.604849e+02)	(2.394335e-01 2.231076e-01 9.604822e+02)	(5.175357e-03 -2.885945e-04 2.702744e-03)
5417          	(2.438919e-01 2.221968e-01 9.604854e+02)	(2.387203e-01 2.224855e-01 9.604827e+02)	(5.171633e-03 -2.886732e-04 2.706853e-03)
5418          	(2.432438e-01 2.216404e-01 9.604859e+02)	(2.380762e-01 2.219290e-01 9.604831e+02)	(5.167573e-03 -2.885801e-04 2.711035e-03)
5419          	(2.427949e-01 2.212280e-01 9.604859e+02)	(2.376312e-01 2.215163e-01 9.604832e+02)	(5.163684e-03 -2.883138e-04 2.715114e-03)
5420          	(2.423455e-01 2.208559e-01 9.604862e+02)	(2.371858e-01 2.211438e-01 9.604835e+02)	(5.159756e-03 -2.878346e-04 2.719039e-03)
5421          	(2.420840e-01 2.206227e-01 9.604862e+02)	(2.369278e-01 2.209100e-01 9.604834e+02)	(5.156246e-03 -2.872188e-04 2.722596e-03)
5422          	(2.419231e-01 2.204851e-01 9.604861e+02)	(2.367699e-01 2.207716e-01 9.604833e+02)	(5.153214e-03 -2.865433e-04 2.725661e-03)
5423          	(2.418709e-01 2.204513e-01 9.604859e+02)	(2.367202e-01 2.207372e-01 9.604832e+02)	(5.150753e-03 -2.859879e-04 2.728120e-03)
5424          	(2.419146e-01 2.205096e-01 9.604857e+02)	(2.367656e-01 2.207951e-01 9.604830e+02)	(5.149090e-03 -2.855460e-04 2.729788e-03)
5425          	(2.420583e-01 2.206619e-01 9.604855e+02)	(2.369097e-01 2.209469e-01 9.604828e+02)	(5.148518e-03 -2.850288e-04 2.730462e-03)
5426          	(2.423025e-01 2.209101e-01 9.604852e+02)	(2.371534e-01 2.211945e-01 9.604825e+02)	(5.149107e-03 -2.844139e-04 2.730081e-03)
5427          	(2.426387e-01 2.212464e-01 9.604849e+02)	(2.374880e-01 2.215302e-01 9.604822e+02)	(5.150731e-03 -2.837898e-04 2.728754e-03)
5428          	(2.430606e-01 2.216660e-01 9.604846e+02)	(2.379073e-01 2.219491e-01 9.604819e+02)	(5.153246e-03 -2.831376e-04 2.726589e-03)
5429          	(2.435530e-01 2.221546e-01 9.604844e+02)	(2.383964e-01 2.224369e-01 9.604816e+02)	(5.156634e-03 -2.823367e-04 2.723650e-03)
5430          	(2.440993e-01 2.226960e-01 9.604841e+02)	(2.389386e-01 2.229775e-01 9.604814e+02)	(5.160707e-03 -2.814432e-04 2.720117e-03)
5431          	(2.446943e-01 2.232845e-01 9.604838e+02)	(2.395290e-01 2.235649e-01 9.604811e+02)	(5.165338e-03 -2.803975e-04 2.716176e-03)
5432          	(2.453063e-01 2.238820e-01 9.604836e+02)	(2.401359e-01 2.241611e-01 9.604809e+02)	(5.170370e-03 -2.790753e-04 2.711962e-03)
5433          	(2.459022e-01 2.244593e-01 9.604835e+02)	(2.407265e-01 2.247367e-01 9.604808e+02)	(5.175701e-03 -2.773550e-04 2.707543e-03)
5434          	(2.464528e-01 2.249912e-01 9.604834e+02)	(2.412718e-01 2.252665e-01 9.604807e+02)	(5.181037e-03 -2.753627e-04 2.703166e-03)
5435          	(2.469378e-01 2.254580e-01 9.604833e+02)	(2.417517e-01 2.257312e-01 9.604806e+02)	(5.186122e-03 -2.732064e-04 2.699026e-03)
5436          	(2.473349e-01 2.258418e-01 9.604833e+02)	(2.421442e-01 2.261128e-01 9.604806e+02)	(5.190717e-03 -2.709326e-04 2.695257e-03)
5437          	(2.476451e-01 2.261387e-01 9.604833e+02)	(2.424505e-01 2.264072e-01 9.604806e+02)	(5.194657e-03 -2.685791e-04 2.691951e-03)
5438          	(2.478622e-01 2.263417e-01 9.604834e+02)	(2.426644e-01 2.266079e-01 9.604807e+02)	(5.197815e-03 -2.662159e-04 2.689139e-03)
5439          	(2.479673e-01 2.264406e-01 9.604835e+02)	(2.427673e-01 2.267046e-01 9.604808e+02)	(5.200081e-03 -2.639401e-04 2.686815e-03)
5440          	(2.479700e-01 2.264348e-01 9.604837e+02)	(2.427686e-01 2.266968e-01 9.604810e+02)	(5.201470e-03 -2.619186e-04 2.685011e-03)
5441          	(2.478680e-01 2.263221e-01 9.604839e+02)	(2.426660e-01 2.265824e-01 9.604812e+02)	(5.202025e-03 -2.602545e-04 2.683710e-03)
5442          	(2.476662e-01 2.261067e-01 9.604841e+02)	(2.424643e-01 2.263657e-01 9.604815e+02)	(5.201839e-03 -2.590102e-04 2.682911e-03)
5443          	(2.473681e-01 2.257925e-01 9.604844e+02)	(2.421671e-01 2.260507e-01 9.604817e+02)	(5.201041e-03 -2.582244e-04 2.682672e-03)
5444          	(2.469797e-01 2.253863e-01 9.604847e+02)	(2.417801e-01 2.256442e-01 9.604820e+02)	(5.199684e-03 -2.579009e-04 2.683054e-03)
5445          	(2.465128e-01 2.249012e-01 9.604850e+02)	(2.413150e-01 2.251592e-01 9.604824e+02)	(5.197869e-03 -2.579895e-04 2.684054e-03)
5446          	(2.459858e-01 2.243570e-01 9.604854e+02)	(2.407901e-01 2.246154e-01 9.604827e+02)	(5.195668e-03 -2.584209e-04 2.685621e-03)
5447          	(2.454227e-01 2.237792e-01 9.604856e+02)	(2.402296e-01 2.240383e-01 9.604830e+02)	(5.193098e-03 -2.591210e-04 2.687706e-03)
5448          	(2.448470e-01 2.231925e-01 9.604859e+02)	(2.396569e-01 2.234526e-01 9.604832e+02)	(5.190097e-03 -2.601140e-04 2.690345e-03)
5449          	(2.442875e-01 2.226275e-01 9.604861e+02)	(2.391009e-01 2.228888e-01 9.604834e+02)	(5.186692e-03 -2.612940e-04 2.693478e-03)
5450          	(2.437512e-01 2.220990e-01 9.604863e+02)	(2.385683e-01 2.223616e-01 9.604836e+02)	(5.182904e-03 -2.625410e-04 2.697017e-03)
5451          	(2.432746e-01 2.216397e-01 9.604863e+02)	(2.380957e-01 2.219034e-01 9.604836e+02)	(5.178877e-03 -2.636896e-04 2.700784e-03)
5452          	(2.428741e-01 2.212653e-01 9.604864e+02)	(2.376993e-01 2.215299e-01 9.604837e+02)	(5.174752e-03 -2.646710e-04 2.704589e-03)
5453          	(2.425612e-01 2.209860e-01 9.604863e+02)	(2.373905e-01 2.212515e-01 9.604836e+02)	(5.170684e-03 -2.654751e-04 2.708230e-03)
5454          	(2.423435e-01 2.208075e-01 9.604862e+02)	(2.371767e-01 2.210736e-01 9.604835e+02)	(5.166845e-03 -2.661224e-04 2.711520e-03)
5455          	(2.422321e-01 2.207334e-01 9.604861e+02)	(2.370686e-01 2.210000e-01 9.604834e+02)	(5.163519e-03 -2.666064e-04 2.714247e-03)
5456          	(2.422371e-01 2.207757e-01 9.604859e+02)	(2.370761e-01 2.210427e-01 9.604832e+02)	(5.160982e-03 -2.669418e-04 2.716196e-03)
5457          	(2.423487e-01 2.209232e-01 9.604856e+02)	(2.371892e-01 2.211904e-01 9.604829e+02)	(5.159427e-03 -2.671838e-04 2.717261e-03)
5458          	(2.425557e-01 2.211650e-01 9.604853e+02)	(2.373968e-01 2.214325e-01 9.604826e+02)	(5.158866e-03 -2.674983e-04 2.717451e-03)
5459          	(2.428502e-01 2.214915e-01 9.604850e+02)	(2.376910e-01 2.217595e-01 9.604823e+02)	(5.159255e-03 -2.680066e-04 2.716834e-03)
5460          	(2.432208e-01 2.218900e-01 9.604847e+02)	(2.380602e-01 2.221587e-01 9.604820e+02)	(5.160585e-03 -2.686866e-04 2.715523e-03)
5461          	(2.436539e-01 2.223475e-01 9.604843e+02)	(2.384910e-01 2.226169e-01 9.604816e+02)	(5.162857e-03 -2.694065e-04 2.713636e-03)
5462          	(2.441277e-01 2.228401e-01 9.604840e+02)	(2.389617e-01 2.231102e-01 9.604813e+02)	(5.165984e-03 -2.701008e-04 2.711298e-03)
5463          	(2.446207e-01 2.233464e-01 9.604838e+02)	(2.394508e-01 2.236171e-01 9.604811e+02)	(5.169847e-03 -2.707098e-04 2.708626e-03)
5464          	(2.451105e-01 2.238443e-01 9.604835e+02)	(2.399362e-01 2.241156e-01 9.604808e+02)	(5.174306e-03 -2.712045e-04 2.705764e-03)
5465          	(2.455783e-01 2.243155e-01 9.604834e+02)	(2.403992e-01 2.245871e-01 9.604807e+02)	(5.179139e-03 -2.716190e-04 2.702906e-03)
5466          	(2.461220e-01 2.247952e-01 9.604829e+02)	(2.409376e-01 2.250673e-01 9.604802e+02)	(5.184470e-03 -2.720434e-04 2.700146e-03)
5467          	(2.465888e-01 2.252004e-01 9.604825e+02)	(2.413989e-01 2.254728e-01 9.604798e+02)	(5.189939e-03 -2.723940e-04 2.697645e-03)
5468          	(2.469439e-01 2.255053e-01 9.604822e+02)	(2.417488e-01 2.257779e-01 9.604795e+02)	(5.195088e-03 -2.726465e-04 2.695565e-03)
5469          	(2.471073e-01 2.256752e-01 9.604823e+02)	(2.419079e-01 2.259479e-01 9.604796e+02)	(5.199375e-03 -2.727514e-04 2.694006e-03)
5470          	(2.471706e-01 2.257477e-01 9.604825e+02)	(2.419679e-01 2.260205e-01 9.604798e+02)	(5.202701e-03 -2.727925e-04 2.692986e-03)
5471          	(2.471327e-01 2.257212e-01 9.604827e+02)	(2.419276e-01 2.259941e-01 9.604800e+02)	(5.205067e-03 -2.728664e-04 2.692448e-03)
5472          	(2.469961e-01 2.256001e-01 9.604829e+02)	(2.417896e-01 2.258731e-01 9.604802e+02)	(5.206489e-03 -2.730399e-04 2.692350e-03)
5473          	(2.467653e-01 2.253867e-01 9.604831e+02)	(2.415582e-01 2.256601e-01 9.604805e+02)	(5.207027e-03 -2.733869e-04 2.692643e-03)
5474          	(2.464501e-01 2.250903e-01 9.604834e+02)	(2.412433e-01 2.253642e-01 9.604807e+02)	(5.206799e-03 -2.739559e-04 2.693291e-03)
5475          	(2.460668e-01 2.247256e-01 9.604837e+02)	(2.408609e-01 2.250003e-01 9.604810e+02)	(5.205899e-03 -2.747678e-04 2.694294e-03)
5476          	(2.456361e-01 2.243124e-01 9.604839e+02)	(2.404316e-01 2.245882e-01 9.604812e+02)	(5.204439e-03 -2.758146e-04 2.695631e-03)
5477          	(2.451820e-01 2.238741e-01 9.604842e+02)	(2.399795e-01 2.241511e-01 9.604815e+02)	(5.202511e-03 -2.770867e-04 2.697283e-03)
5478          	(2.447285e-01 2.234339e-01 9.604844e+02)	(2.395283e-01 2.237125e-01 9.604817e+02)	(5.200204e-03 -2.785504e-04 2.699189e-03)
5479          	(2.442968e-01 2.230134e-01 9.604845e+02)	(2.390992e-01 2.232935e-01 9.604818e+02)	(5.197611e-03 -2.801131e-04 2.701293e-03)
5480          	(2.438869e-01 2.226285e-01 9.604846e+02)	(2.386922e-01 2.229102e-01 9.604819e+02)	(5.194729e-03 -2.816480e-04 2.703540e-03)
5481          	(2.435324e-01 2.222941e-01 9.604846e+02)	(2.383408e-01 2.225772e-01 9.604819e+02)	(5.191658e-03 -2.830843e-04 2.705857e-03)
5482          	(2.432511e-01 2.220184e-01 9.604846e+02)	(2.380625e-01 2.223029e-01 9.604819e+02)	(5.188508e-03 -2.844096e-04 2.708178e-03)
5483          	(2.430343e-01 2.218097e-01 9.604846e+02)	(2.378490e-01 2.220952e-01 9.604819e+02)	(5.185334e-03 -2.854936e-04 2.710377e-03)
5484          	(2.428900e-01 2.216737e-01 9.604846e+02)	(2.377078e-01 2.219600e-01 9.604819e+02)	(5.182201e-03 -2.862343e-04 2.712338e-03)
5485          	(2.428267e-01 2.216098e-01 9.604845e+02)	(2.376475e-01 2.218964e-01 9.604818e+02)	(5.179279e-03 -2.865883e-04 2.713954e-03)
5486          	(2.428335e-01 2.216199e-01 9.604844e+02)	(2.376568e-01 2.219064e-01 9.604817e+02)	(5.176686e-03 -2.865064e-04 2.715150e-03)
5487          	(2.429138e-01 2.217160e-01 9.604843e+02)	(2.377393e-01 2.220019e-01 9.604816e+02)	(5.174482e-03 -2.858852e-04 2.715858e-03)
5488          	(2.430608e-01 2.218826e-01 9.604842e+02)	(2.378881e-01 2.221674e-01 9.604815e+02)	(5.172713e-03 -2.847470e-04 2.716041e-03)
5489          	(2.432667e-01 2.221134e-01 9.604840e+02)	(2.380953e-01 2.223966e-01 9.604813e+02)	(5.171361e-03 -2.832114e-04 2.715733e-03)
5490          	(2.435290e-01 2.224080e-01 9.604838e+02)	(2.383586e-01 2.226895e-01 9.604811e+02)	(5.170349e-03 -2.815001e-04 2.715025e-03)
5491          	(2.438400e-01 2.227584e-01 9.604836e+02)	(2.386704e-01 2.230381e-01 9.604809e+02)	(5.169629e-03 -2.796922e-04 2.714001e-03)
5492          	(2.441894e-01 2.231530e-01 9.604834e+02)	(2.390202e-01 2.234307e-01 9.604807e+02)	(5.169211e-03 -2.777417e-04 2.712682e-03)
5493          	(2.445644e-01 2.235776e-01 9.604832e+02)	(2.393953e-01 2.238532e-01 9.604805e+02)	(5.169139e-03 -2.756272e-04 2.711095e-03)
5494          	(2.449548e-01 2.240199e-01 9.604830e+02)	(2.397853e-01 2.242933e-01 9.604803e+02)	(5.169451e-03 -2.733706e-04 2.709304e-03)
5495          	(2.453390e-01 2.244553e-01 9.604828e+02)	(2.401689e-01 2.247263e-01 9.604801e+02)	(5.170170e-03 -2.710224e-04 2.707440e-03)
5496          	(2.457017e-01 2.248647e-01 9.604827e+02)	(2.405305e-01 2.251334e-01 9.604800e+02)	(5.171236e-03 -2.686845e-04 2.705613e-03)
5497          	(2.460305e-01 2.252341e-01 9.604825e+02)	(2.408579e-01 2.255005e-01 9.604798e+02)	(5.172585e-03 -2.664199e-04 2.703942e-03)
5498          	(2.463204e-01 2.255562e-01 9.604825e+02)	(2.411463e-01 2.258205e-01 9.604798e+02)	(5.174111e-03 -2.642690e-04 2.702455e-03)
5499          	(2.465606e-01 2.258186e-01 9.604824e+02)	(2.413849e-01 2.260807e-01 9.604797e+02)	(5.175704e-03 -2.621534e-04 2.701242e-03)
5500          	(2.467637e-01 2.260215e-01 9.604824e+02)	(2.415865e-01 2.262816e-01 9.604797e+02)	(5.177267e-03 -2.600539e-04 2.700259e-03)
