# Force       
# CofR        : (0.000000e+00 0.000000e+00 0.000000e+00)
#
# Time        	(total_x total_y total_z)	(pressure_x pressure_y pressure_z)	(viscous_x viscous_y viscous_z)
2239          	(1.261749e+00 -1.628892e-04 9.013728e-02)	(1.253167e+00 -1.531408e-04 8.999070e-02)	(8.582204e-03 -9.748390e-06 1.465798e-04)
2240          	(1.946196e+00 -7.339778e-04 1.265217e-01)	(1.935343e+00 -7.214531e-04 1.263916e-01)	(1.085237e-02 -1.252465e-05 1.300444e-04)
2241          	(1.960155e+00 -8.008990e-04 1.555288e-01)	(1.947124e+00 -7.863772e-04 1.554794e-01)	(1.303108e-02 -1.452180e-05 4.942954e-05)
2242          	(1.596601e+00 9.410024e-04 1.996320e-01)	(1.582517e+00 9.481194e-04 1.994777e-01)	(1.408375e-02 -7.116983e-06 1.542936e-04)
2243          	(1.005003e+00 8.470177e-04 2.414192e-01)	(9.914223e-01 8.490025e-04 2.409357e-01)	(1.358070e-02 -1.984866e-06 4.834768e-04)
2244          	(4.421771e-01 3.312376e-04 2.667851e-01)	(4.305217e-01 3.322876e-04 2.655990e-01)	(1.165536e-02 -1.050037e-06 1.186127e-03)
2245          	(6.171359e-02 -2.235936e-04 2.766323e-01)	(5.221892e-02 -2.196549e-04 2.749677e-01)	(9.494669e-03 -3.938713e-06 1.664642e-03)
2246          	(-9.406523e-02 -1.210630e-04 2.715285e-01)	(-1.017289e-01 -1.158097e-04 2.693890e-01)	(7.663695e-03 -5.253325e-06 2.139545e-03)
2247          	(-7.913021e-02 -9.420381e-04 2.566816e-01)	(-8.548714e-02 -9.304100e-04 2.542184e-01)	(6.356925e-03 -1.162814e-05 2.463268e-03)
2248          	(6.634621e-02 -1.898619e-03 2.326379e-01)	(6.063424e-02 -1.876990e-03 2.300269e-01)	(5.711974e-03 -2.162858e-05 2.611004e-03)
2249          	(2.831514e-01 -1.613639e-03 2.088634e-01)	(2.774736e-01 -1.585804e-03 2.062742e-01)	(5.677834e-03 -2.783593e-05 2.589272e-03)
2250          	(4.767932e-01 -7.706960e-04 1.939340e-01)	(4.707235e-01 -7.426322e-04 1.914816e-01)	(6.069707e-03 -2.806373e-05 2.452440e-03)
2251          	(6.005798e-01 1.546828e-04 1.903211e-01)	(5.939472e-01 1.773316e-04 1.880327e-01)	(6.632588e-03 -2.264884e-05 2.288368e-03)
2252          	(6.354976e-01 7.115918e-04 1.957739e-01)	(6.283870e-01 7.268447e-04 1.935959e-01)	(7.110522e-03 -1.525290e-05 2.177990e-03)
2253          	(6.360418e-01 1.297291e-03 2.054311e-01)	(6.285986e-01 1.303268e-03 2.032870e-01)	(7.443262e-03 -5.977493e-06 2.144071e-03)
2254          	(5.869588e-01 1.619292e-03 2.223609e-01)	(5.793795e-01 1.616746e-03 2.201538e-01)	(7.579345e-03 2.546301e-06 2.207130e-03)
2255          	(5.187559e-01 1.225402e-03 2.388682e-01)	(5.112248e-01 1.218751e-03 2.365242e-01)	(7.531086e-03 6.651811e-06 2.343998e-03)
2256          	(4.598381e-01 5.343490e-04 2.506399e-01)	(4.524684e-01 5.285897e-04 2.481302e-01)	(7.369691e-03 5.759325e-06 2.509656e-03)
2257          	(3.992156e-01 -8.089563e-05 2.558618e-01)	(3.921014e-01 -8.257422e-05 2.531868e-01)	(7.114230e-03 1.678596e-06 2.675099e-03)
2258          	(4.022362e-01 -6.957940e-04 2.565231e-01)	(3.952994e-01 -6.913468e-04 2.537133e-01)	(6.936830e-03 -4.447168e-06 2.809752e-03)
2259          	(4.287983e-01 -1.099369e-03 2.536891e-01)	(4.219153e-01 -1.087621e-03 2.507861e-01)	(6.883031e-03 -1.174795e-05 2.903018e-03)
2260          	(4.668179e-01 -1.351772e-03 2.492405e-01)	(4.598783e-01 -1.332956e-03 2.462793e-01)	(6.939642e-03 -1.881593e-05 2.961185e-03)
2261          	(4.896885e-01 -1.161292e-03 2.438684e-01)	(4.826412e-01 -1.137901e-03 2.408793e-01)	(7.047283e-03 -2.339118e-05 2.989138e-03)
2262          	(5.105713e-01 -6.898252e-04 2.398151e-01)	(5.033822e-01 -6.655470e-04 2.368090e-01)	(7.189124e-03 -2.427819e-05 3.006103e-03)
2263          	(5.297079e-01 -1.123160e-04 2.371387e-01)	(5.223497e-01 -9.049834e-05 2.341200e-01)	(7.358251e-03 -2.181765e-05 3.018661e-03)
2264          	(5.536608e-01 5.078844e-04 2.353096e-01)	(5.460986e-01 5.243858e-04 2.322808e-01)	(7.562182e-03 -1.650139e-05 3.028819e-03)
2265          	(5.439630e-01 8.983547e-04 2.345086e-01)	(5.362611e-01 9.087361e-04 2.314581e-01)	(7.701897e-03 -1.038134e-05 3.050498e-03)
2266          	(5.404207e-01 1.090238e-03 2.334890e-01)	(5.326201e-01 1.094712e-03 2.304076e-01)	(7.800595e-03 -4.474515e-06 3.081376e-03)
2267          	(5.370438e-01 9.959606e-04 2.314705e-01)	(5.291757e-01 9.963808e-04 2.283607e-01)	(7.868138e-03 -4.202589e-07 3.109787e-03)
2268          	(5.430606e-01 6.848691e-04 2.282733e-01)	(5.351269e-01 6.837897e-04 2.251458e-01)	(7.933735e-03 1.079331e-06 3.127546e-03)
2269          	(5.477945e-01 2.684853e-04 2.237080e-01)	(5.397998e-01 2.685757e-04 2.205783e-01)	(7.994695e-03 -9.047669e-08 3.129715e-03)
2270          	(5.517668e-01 -2.355037e-04 2.170879e-01)	(5.437186e-01 -2.316769e-04 2.139756e-01)	(8.048173e-03 -3.826738e-06 3.112284e-03)
2271          	(5.562085e-01 -6.797276e-04 2.091241e-01)	(5.481121e-01 -6.704868e-04 2.060510e-01)	(8.096377e-03 -9.240854e-06 3.073108e-03)
2272          	(5.617818e-01 -7.941243e-04 2.017244e-01)	(5.536383e-01 -7.801944e-04 1.987067e-01)	(8.143480e-03 -1.392991e-05 3.017677e-03)
2273          	(5.680154e-01 -7.310883e-04 1.934088e-01)	(5.598248e-01 -7.139455e-04 1.904649e-01)	(8.190597e-03 -1.714280e-05 2.943873e-03)
2274          	(5.745060e-01 -5.178261e-04 1.846039e-01)	(5.662699e-01 -4.992704e-04 1.817496e-01)	(8.236111e-03 -1.855571e-05 2.854247e-03)
2275          	(5.807938e-01 -1.350927e-04 1.758567e-01)	(5.725146e-01 -1.173868e-04 1.731059e-01)	(8.279281e-03 -1.770594e-05 2.750789e-03)
2276          	(5.878665e-01 1.333123e-04 1.684140e-01)	(5.795429e-01 1.491124e-04 1.657747e-01)	(8.323629e-03 -1.580007e-05 2.639279e-03)
2277          	(5.934709e-01 3.477091e-04 1.617973e-01)	(5.851022e-01 3.610654e-04 1.592732e-01)	(8.368737e-03 -1.335623e-05 2.524070e-03)
2278          	(5.973568e-01 4.682454e-04 1.561354e-01)	(5.889446e-01 4.791901e-04 1.537230e-01)	(8.412192e-03 -1.094467e-05 2.412422e-03)
2279          	(5.997814e-01 4.849300e-04 1.514926e-01)	(5.913288e-01 4.940201e-04 1.491831e-01)	(8.452555e-03 -9.090164e-06 2.309513e-03)
2280          	(6.000557e-01 3.646020e-04 1.473774e-01)	(5.915663e-01 3.730267e-04 1.451600e-01)	(8.489365e-03 -8.424626e-06 2.217438e-03)
2281          	(6.011764e-01 4.012669e-04 1.457188e-01)	(5.926504e-01 4.088989e-04 1.435771e-01)	(8.526019e-03 -7.631933e-06 2.141739e-03)
2282          	(6.018134e-01 2.452175e-04 1.427826e-01)	(5.932454e-01 2.531466e-04 1.407120e-01)	(8.567977e-03 -7.929087e-06 2.070601e-03)
2283          	(6.014570e-01 1.135743e-04 1.404473e-01)	(5.928424e-01 1.222799e-04 1.384401e-01)	(8.614538e-03 -8.705621e-06 2.007160e-03)
2284          	(6.025206e-01 -3.310733e-05 1.388145e-01)	(5.938549e-01 -2.306621e-05 1.368653e-01)	(8.665694e-03 -1.004113e-05 1.949159e-03)
2285          	(6.047608e-01 -1.436752e-04 1.375248e-01)	(5.960367e-01 -1.320325e-04 1.356297e-01)	(8.724051e-03 -1.164267e-05 1.895057e-03)
2286          	(6.076085e-01 -1.977936e-04 1.365112e-01)	(5.988188e-01 -1.846054e-04 1.346673e-01)	(8.789681e-03 -1.318817e-05 1.843853e-03)
2287          	(6.094395e-01 -1.949175e-04 1.353165e-01)	(6.005805e-01 -1.805307e-04 1.335214e-01)	(8.858985e-03 -1.438686e-05 1.795111e-03)
2288          	(6.111603e-01 -1.241837e-04 1.335878e-01)	(6.022286e-01 -1.092317e-04 1.318417e-01)	(8.931703e-03 -1.495201e-05 1.746094e-03)
2289          	(6.139807e-01 -8.807689e-05 1.338984e-01)	(6.049776e-01 -7.266696e-05 1.321972e-01)	(9.003105e-03 -1.540993e-05 1.701193e-03)
2290          	(6.145513e-01 -2.751276e-05 1.326167e-01)	(6.054817e-01 -1.234065e-05 1.309639e-01)	(9.069602e-03 -1.517210e-05 1.652803e-03)
2291          	(6.131249e-01 5.173211e-05 1.303910e-01)	(6.039945e-01 6.667735e-05 1.287890e-01)	(9.130381e-03 -1.494524e-05 1.602001e-03)
2292          	(6.097722e-01 1.400754e-04 1.269243e-01)	(6.005954e-01 1.544962e-04 1.253809e-01)	(9.176818e-03 -1.442076e-05 1.543432e-03)
2293          	(6.051930e-01 2.167076e-04 1.222501e-01)	(5.959872e-01 2.304172e-04 1.207766e-01)	(9.205845e-03 -1.370961e-05 1.473450e-03)
2294          	(6.004881e-01 2.422682e-04 1.160713e-01)	(5.912680e-01 2.553916e-04 1.146823e-01)	(9.220103e-03 -1.312342e-05 1.389012e-03)
2295          	(5.955574e-01 2.656782e-04 1.105821e-01)	(5.863383e-01 2.782009e-04 1.092863e-01)	(9.219090e-03 -1.252261e-05 1.295758e-03)
2296          	(5.916379e-01 2.287906e-04 1.045868e-01)	(5.824321e-01 2.409306e-04 1.033950e-01)	(9.205778e-03 -1.213999e-05 1.191737e-03)
2297          	(5.891143e-01 2.138118e-04 9.917479e-02)	(5.799280e-01 2.255464e-04 9.809461e-02)	(9.186225e-03 -1.173466e-05 1.080178e-03)
2298          	(5.868977e-01 1.966814e-04 9.344173e-02)	(5.777353e-01 2.079749e-04 9.248046e-02)	(9.162401e-03 -1.129346e-05 9.612661e-04)
2299          	(5.845753e-01 1.792291e-04 8.741772e-02)	(5.754393e-01 1.900540e-04 8.658068e-02)	(9.135990e-03 -1.082486e-05 8.370437e-04)
2300          	(5.815668e-01 1.625553e-04 8.124354e-02)	(5.724606e-01 1.728917e-04 8.053331e-02)	(9.106213e-03 -1.033637e-05 7.102302e-04)
2301          	(5.773757e-01 1.419718e-04 7.527191e-02)	(5.683045e-01 1.518485e-04 7.468699e-02)	(9.071161e-03 -9.876704e-06 5.849228e-04)
2302          	(5.721827e-01 1.341304e-04 6.985849e-02)	(5.631526e-01 1.435064e-04 6.939344e-02)	(9.030121e-03 -9.375990e-06 4.650512e-04)
2303          	(5.665836e-01 1.442864e-04 6.533519e-02)	(5.575993e-01 1.530350e-04 6.498150e-02)	(8.984341e-03 -8.748570e-06 3.536815e-04)
2304          	(5.606093e-01 1.589589e-04 6.166203e-02)	(5.516743e-01 1.670060e-04 6.140948e-02)	(8.935021e-03 -8.047072e-06 2.525553e-04)
2305          	(5.547330e-01 1.841547e-04 5.887009e-02)	(5.458491e-01 1.914027e-04 5.870781e-02)	(8.883898e-03 -7.248053e-06 1.622783e-04)
2306          	(5.493850e-01 2.110141e-04 5.689285e-02)	(5.405527e-01 2.174008e-04 5.681054e-02)	(8.832239e-03 -6.386692e-06 8.231120e-05)
2307          	(5.452389e-01 2.079939e-04 5.553642e-02)	(5.364571e-01 2.136982e-04 5.552568e-02)	(8.781793e-03 -5.704310e-06 1.073557e-05)
2308          	(5.396077e-01 2.249829e-04 5.430150e-02)	(5.308801e-01 2.300120e-04 5.435548e-02)	(8.727560e-03 -5.029131e-06 -5.397932e-05)
2309          	(5.337903e-01 2.270463e-04 5.300794e-02)	(5.251205e-01 2.314631e-04 5.312192e-02)	(8.669794e-03 -4.416743e-06 -1.139779e-04)
2310          	(5.276222e-01 2.309425e-04 5.151847e-02)	(5.190153e-01 2.347914e-04 5.169015e-02)	(8.606924e-03 -3.848977e-06 -1.716764e-04)
2311          	(5.241083e-01 2.260334e-04 5.027082e-02)	(5.155649e-01 2.294553e-04 5.049975e-02)	(8.543483e-03 -3.421879e-06 -2.289231e-04)
2312          	(5.158683e-01 2.219291e-04 4.799480e-02)	(5.073997e-01 2.248486e-04 4.828161e-02)	(8.468588e-03 -2.919526e-06 -2.868106e-04)
2313          	(5.077024e-01 2.108944e-04 4.534909e-02)	(4.993089e-01 2.134596e-04 4.568891e-02)	(8.393525e-03 -2.565138e-06 -3.398252e-04)
2314          	(5.001935e-01 1.954096e-04 4.256795e-02)	(4.918774e-01 1.976942e-04 4.296112e-02)	(8.316052e-03 -2.284576e-06 -3.931718e-04)
2315          	(4.937580e-01 1.787695e-04 3.987264e-02)	(4.855193e-01 1.808499e-04 4.031990e-02)	(8.238701e-03 -2.080369e-06 -4.472663e-04)
2316          	(4.881283e-01 1.627625e-04 3.745284e-02)	(4.799655e-01 1.647012e-04 3.795415e-02)	(8.162783e-03 -1.938696e-06 -5.013080e-04)
2317          	(4.852053e-01 1.634912e-04 3.598058e-02)	(4.771125e-01 1.652802e-04 3.653361e-02)	(8.092876e-03 -1.788993e-06 -5.530280e-04)
2318          	(4.796996e-01 1.469951e-04 3.441433e-02)	(4.716823e-01 1.487031e-04 3.501482e-02)	(8.017304e-03 -1.707968e-06 -6.004841e-04)
2319          	(4.744824e-01 1.344693e-04 3.329697e-02)	(4.665386e-01 1.361387e-04 3.394009e-02)	(7.943797e-03 -1.669387e-06 -6.431246e-04)
2320          	(4.696833e-01 1.262627e-04 3.273175e-02)	(4.618151e-01 1.279363e-04 3.341216e-02)	(7.868183e-03 -1.673623e-06 -6.804086e-04)
2321          	(4.653066e-01 1.243378e-04 3.278322e-02)	(4.575152e-01 1.260559e-04 3.349374e-02)	(7.791411e-03 -1.718120e-06 -7.105153e-04)
2322          	(4.611508e-01 1.255123e-04 3.347219e-02)	(4.534373e-01 1.273199e-04 3.420438e-02)	(7.713504e-03 -1.807587e-06 -7.321963e-04)
2323          	(4.585210e-01 1.339508e-04 3.436556e-02)	(4.508821e-01 1.358533e-04 3.511233e-02)	(7.638900e-03 -1.902454e-06 -7.467787e-04)
2324          	(4.549610e-01 1.350109e-04 3.659560e-02)	(4.474002e-01 1.372194e-04 3.734554e-02)	(7.560723e-03 -2.208505e-06 -7.499373e-04)
2325          	(4.517134e-01 1.319925e-04 3.929907e-02)	(4.442262e-01 1.344808e-04 4.004298e-02)	(7.487249e-03 -2.488228e-06 -7.439191e-04)
2326          	(4.489574e-01 1.314814e-04 4.236825e-02)	(4.415409e-01 1.343226e-04 4.309746e-02)	(7.416524e-03 -2.841262e-06 -7.292146e-04)
2327          	(4.469955e-01 1.285938e-04 4.563849e-02)	(4.396445e-01 1.318591e-04 4.634542e-02)	(7.350973e-03 -3.265311e-06 -7.069261e-04)
2328          	(4.453574e-01 1.301063e-04 4.803810e-02)	(4.380668e-01 1.338340e-04 4.871926e-02)	(7.290695e-03 -3.727738e-06 -6.811602e-04)
2329          	(4.438402e-01 1.366441e-04 5.253445e-02)	(4.366062e-01 1.408711e-04 5.317935e-02)	(7.233942e-03 -4.226943e-06 -6.449012e-04)
2330          	(4.429681e-01 1.357679e-04 5.703814e-02)	(4.357813e-01 1.404314e-04 5.764094e-02)	(7.186739e-03 -4.663500e-06 -6.028087e-04)
2331          	(4.422436e-01 1.454223e-04 6.177458e-02)	(4.350971e-01 1.504563e-04 6.232874e-02)	(7.146488e-03 -5.033965e-06 -5.541620e-04)
2332          	(4.416171e-01 1.394981e-04 6.471576e-02)	(4.345055e-01 1.449939e-04 6.522149e-02)	(7.111545e-03 -5.495819e-06 -5.057283e-04)
2333          	(4.419265e-01 1.307709e-04 6.971936e-02)	(4.348438e-01 1.367231e-04 7.016913e-02)	(7.082744e-03 -5.952183e-06 -4.497697e-04)
2334          	(4.422976e-01 1.220667e-04 7.484887e-02)	(4.352358e-01 1.285087e-04 7.523945e-02)	(7.061741e-03 -6.442018e-06 -3.905805e-04)
2335          	(4.424070e-01 1.172843e-04 7.794540e-02)	(4.353630e-01 1.242284e-04 7.827827e-02)	(7.043989e-03 -6.944132e-06 -3.328795e-04)
2336          	(4.436961e-01 1.094250e-04 8.285397e-02)	(4.366654e-01 1.167956e-04 8.312312e-02)	(7.030707e-03 -7.370602e-06 -2.691489e-04)
2337          	(4.451236e-01 1.029145e-04 8.740413e-02)	(4.381003e-01 1.107758e-04 8.760964e-02)	(7.023273e-03 -7.861331e-06 -2.055087e-04)
2338          	(4.457572e-01 1.030364e-04 9.008995e-02)	(4.387402e-01 1.113470e-04 9.023552e-02)	(7.016992e-03 -8.310660e-06 -1.455656e-04)
2339          	(4.473912e-01 9.763287e-05 9.406325e-02)	(4.403775e-01 1.063187e-04 9.414536e-02)	(7.013730e-03 -8.685816e-06 -8.211292e-05)
2340          	(4.489795e-01 9.313574e-05 9.744991e-02)	(4.419645e-01 1.022347e-04 9.747164e-02)	(7.015013e-03 -9.098962e-06 -2.172244e-05)
2341          	(4.496951e-01 9.561800e-05 9.927151e-02)	(4.426794e-01 1.050961e-04 9.923735e-02)	(7.015670e-03 -9.478147e-06 3.415760e-05)
2342          	(4.511801e-01 8.936523e-05 1.018285e-01)	(4.441635e-01 9.923352e-05 1.017376e-01)	(7.016601e-03 -9.868287e-06 9.089125e-05)
2343          	(4.522277e-01 8.608914e-05 1.039116e-01)	(4.452084e-01 9.630942e-05 1.037684e-01)	(7.019318e-03 -1.022028e-05 1.432530e-04)
2344          	(4.528662e-01 8.648483e-05 1.050128e-01)	(4.458450e-01 9.698251e-05 1.048213e-01)	(7.021238e-03 -1.049768e-05 1.914352e-04)
2345          	(4.541477e-01 7.787664e-05 1.064420e-01)	(4.471245e-01 8.866380e-05 1.062034e-01)	(7.023233e-03 -1.078716e-05 2.385515e-04)
2346          	(4.554034e-01 6.960429e-05 1.075919e-01)	(4.483749e-01 8.062644e-05 1.073108e-01)	(7.028426e-03 -1.102215e-05 2.811439e-04)
2347          	(4.561323e-01 6.638649e-05 1.082835e-01)	(4.490985e-01 7.757650e-05 1.079630e-01)	(7.033817e-03 -1.119002e-05 3.204973e-04)
2348          	(4.575528e-01 5.931217e-05 1.090782e-01)	(4.505129e-01 7.067760e-05 1.087203e-01)	(7.039948e-03 -1.136543e-05 3.579034e-04)
2349          	(4.590370e-01 5.376448e-05 1.097044e-01)	(4.519873e-01 6.526670e-05 1.093134e-01)	(7.049782e-03 -1.150222e-05 3.909372e-04)
2350          	(4.600012e-01 5.055362e-05 1.100581e-01)	(4.529411e-01 6.216812e-05 1.096369e-01)	(7.060088e-03 -1.161450e-05 4.211712e-04)
2351          	(4.616908e-01 4.833106e-05 1.103741e-01)	(4.546197e-01 6.004768e-05 1.099253e-01)	(7.071118e-03 -1.171662e-05 4.487404e-04)
2352          	(4.627926e-01 4.631843e-05 1.104374e-01)	(4.557086e-01 5.812688e-05 1.099647e-01)	(7.084003e-03 -1.180845e-05 4.726717e-04)
2353          	(4.646309e-01 4.659318e-05 1.104083e-01)	(4.575333e-01 5.850805e-05 1.099147e-01)	(7.097596e-03 -1.191487e-05 4.935322e-04)
2354          	(4.663957e-01 4.652140e-05 1.101976e-01)	(4.592811e-01 5.851981e-05 1.096870e-01)	(7.114520e-03 -1.199842e-05 5.105768e-04)
2355          	(4.674135e-01 4.491922e-05 1.097993e-01)	(4.602823e-01 5.699064e-05 1.092738e-01)	(7.131143e-03 -1.207142e-05 5.254382e-04)
2356          	(4.690563e-01 4.487656e-05 1.092709e-01)	(4.619082e-01 5.698418e-05 1.087338e-01)	(7.148112e-03 -1.210762e-05 5.370481e-04)
2357          	(4.699721e-01 4.356727e-05 1.086327e-01)	(4.628058e-01 5.569017e-05 1.080864e-01)	(7.166366e-03 -1.212289e-05 5.462313e-04)
2358          	(4.714802e-01 4.268485e-05 1.079320e-01)	(4.642952e-01 5.476058e-05 1.073799e-01)	(7.185056e-03 -1.207573e-05 5.520536e-04)
2359          	(4.728234e-01 4.072403e-05 1.072125e-01)	(4.656181e-01 5.272237e-05 1.066574e-01)	(7.205288e-03 -1.199834e-05 5.550981e-04)
2360          	(4.734952e-01 3.935069e-05 1.064977e-01)	(4.662709e-01 5.122769e-05 1.059415e-01)	(7.224281e-03 -1.187700e-05 5.561671e-04)
2361          	(4.746308e-01 3.651101e-05 1.058363e-01)	(4.673880e-01 4.820370e-05 1.052820e-01)	(7.242802e-03 -1.169269e-05 5.542333e-04)
2362          	(4.752050e-01 3.570628e-05 1.052143e-01)	(4.679448e-01 4.722192e-05 1.046633e-01)	(7.260207e-03 -1.151564e-05 5.510400e-04)
2363          	(4.762139e-01 3.274183e-05 1.047069e-01)	(4.689376e-01 4.407011e-05 1.041614e-01)	(7.276348e-03 -1.132827e-05 5.454688e-04)
2364          	(4.770936e-01 3.074338e-05 1.042802e-01)	(4.698016e-01 4.191012e-05 1.037414e-01)	(7.292045e-03 -1.116673e-05 5.387628e-04)
2365          	(4.775191e-01 3.189272e-05 1.039125e-01)	(4.702133e-01 4.285785e-05 1.033810e-01)	(7.305815e-03 -1.096513e-05 5.314787e-04)
2366          	(4.782683e-01 3.198752e-05 1.036291e-01)	(4.709500e-01 4.273544e-05 1.031059e-01)	(7.318301e-03 -1.074792e-05 5.232354e-04)
2367          	(4.789160e-01 3.342997e-05 1.034196e-01)	(4.715859e-01 4.394727e-05 1.029050e-01)	(7.330123e-03 -1.051729e-05 5.145363e-04)
2368          	(4.792349e-01 3.596619e-05 1.033117e-01)	(4.718944e-01 4.623109e-05 1.028056e-01)	(7.340535e-03 -1.026490e-05 5.060748e-04)
2369          	(4.799352e-01 4.057792e-05 1.032475e-01)	(4.725846e-01 5.053947e-05 1.027499e-01)	(7.350650e-03 -9.961549e-06 4.975496e-04)
2370          	(4.804627e-01 4.502056e-05 1.032817e-01)	(4.731020e-01 5.464187e-05 1.027925e-01)	(7.360732e-03 -9.621307e-06 4.892274e-04)
2371          	(4.806537e-01 4.573343e-05 1.034355e-01)	(4.732838e-01 5.505043e-05 1.029534e-01)	(7.369864e-03 -9.316996e-06 4.821110e-04)
2372          	(4.809860e-01 4.830659e-05 1.036275e-01)	(4.736074e-01 5.735960e-05 1.031518e-01)	(7.378636e-03 -9.053016e-06 4.757431e-04)
2373          	(4.812392e-01 5.057258e-05 1.039174e-01)	(4.738511e-01 5.930239e-05 1.034472e-01)	(7.388135e-03 -8.729808e-06 4.702293e-04)
2374          	(4.813737e-01 5.284991e-05 1.042956e-01)	(4.739760e-01 6.126443e-05 1.038293e-01)	(7.397694e-03 -8.414517e-06 4.663485e-04)
2375          	(4.813876e-01 5.500444e-05 1.047472e-01)	(4.739804e-01 6.312385e-05 1.042824e-01)	(7.407113e-03 -8.119407e-06 4.647338e-04)
2376          	(4.812671e-01 5.371277e-05 1.051921e-01)	(4.738509e-01 6.162797e-05 1.047265e-01)	(7.416277e-03 -7.915203e-06 4.655815e-04)
2377          	(4.810809e-01 5.497482e-05 1.057464e-01)	(4.736563e-01 6.272322e-05 1.052777e-01)	(7.424663e-03 -7.748403e-06 4.686492e-04)
2378          	(4.808144e-01 5.578169e-05 1.063508e-01)	(4.733815e-01 6.335579e-05 1.058773e-01)	(7.432920e-03 -7.574104e-06 4.735211e-04)
2379          	(4.804736e-01 5.580068e-05 1.069950e-01)	(4.730329e-01 6.329727e-05 1.065155e-01)	(7.440731e-03 -7.496591e-06 4.795719e-04)
2380          	(4.800661e-01 5.510762e-05 1.076709e-01)	(4.726179e-01 6.257747e-05 1.071843e-01)	(7.448167e-03 -7.469851e-06 4.865991e-04)
2381          	(4.795934e-01 5.353667e-05 1.083734e-01)	(4.721381e-01 6.102716e-05 1.078789e-01)	(7.455296e-03 -7.490496e-06 4.944055e-04)
2382          	(4.790599e-01 5.116546e-05 1.090996e-01)	(4.715979e-01 5.871733e-05 1.085968e-01)	(7.462044e-03 -7.551869e-06 5.028051e-04)
2383          	(4.784704e-01 4.813852e-05 1.098478e-01)	(4.710022e-01 5.576346e-05 1.093361e-01)	(7.468179e-03 -7.624932e-06 5.117086e-04)
2384          	(4.776834e-01 4.536810e-05 1.106492e-01)	(4.702103e-01 5.306778e-05 1.101279e-01)	(7.473070e-03 -7.699679e-06 5.213019e-04)
2385          	(4.769822e-01 4.348616e-05 1.114326e-01)	(4.695052e-01 5.118415e-05 1.109012e-01)	(7.477011e-03 -7.697991e-06 5.314875e-04)
2386          	(4.761559e-01 4.336539e-05 1.122642e-01)	(4.686763e-01 5.098762e-05 1.117218e-01)	(7.479577e-03 -7.622225e-06 5.424158e-04)
2387          	(4.754989e-01 3.821019e-05 1.130549e-01)	(4.680178e-01 4.571233e-05 1.125013e-01)	(7.481141e-03 -7.502140e-06 5.535969e-04)
2388          	(4.748621e-01 3.234243e-05 1.138602e-01)	(4.673805e-01 3.971096e-05 1.132954e-01)	(7.481622e-03 -7.368523e-06 5.648235e-04)
2389          	(4.741066e-01 2.831327e-05 1.147174e-01)	(4.666260e-01 3.554281e-05 1.141412e-01)	(7.480512e-03 -7.229537e-06 5.761148e-04)
2390          	(4.735543e-01 2.205001e-05 1.155169e-01)	(4.660760e-01 2.913578e-05 1.149299e-01)	(7.478368e-03 -7.085763e-06 5.869625e-04)
2391          	(4.730283e-01 1.663238e-05 1.163116e-01)	(4.655531e-01 2.356765e-05 1.157143e-01)	(7.475256e-03 -6.935265e-06 5.973073e-04)
2392          	(4.724264e-01 1.375979e-05 1.171137e-01)	(4.649554e-01 2.053214e-05 1.165064e-01)	(7.470964e-03 -6.772349e-06 6.072483e-04)
2393          	(4.719749e-01 1.040993e-05 1.178486e-01)	(4.645088e-01 1.700738e-05 1.172320e-01)	(7.466059e-03 -6.597449e-06 6.165314e-04)
2394          	(4.715425e-01 8.346917e-06 1.185609e-01)	(4.640818e-01 1.475161e-05 1.179357e-01)	(7.460711e-03 -6.404695e-06 6.252336e-04)
2395          	(4.711295e-01 7.619177e-06 1.192456e-01)	(4.636745e-01 1.382077e-05 1.186121e-01)	(7.455014e-03 -6.201592e-06 6.334413e-04)
2396          	(4.707410e-01 8.139257e-06 1.198928e-01)	(4.632918e-01 1.412179e-05 1.192515e-01)	(7.449122e-03 -5.982530e-06 6.412168e-04)
2397          	(4.703830e-01 9.756040e-06 1.204927e-01)	(4.629398e-01 1.548166e-05 1.198441e-01)	(7.443217e-03 -5.725616e-06 6.485823e-04)
2398          	(4.700618e-01 1.226248e-05 1.210371e-01)	(4.626243e-01 1.769724e-05 1.203816e-01)	(7.437444e-03 -5.434753e-06 6.555367e-04)
2399          	(4.697823e-01 1.542309e-05 1.215206e-01)	(4.623504e-01 2.055451e-05 1.208585e-01)	(7.431927e-03 -5.131418e-06 6.621045e-04)
2400          	(4.695486e-01 1.900143e-05 1.219404e-01)	(4.621218e-01 2.381358e-05 1.212721e-01)	(7.426796e-03 -4.812143e-06 6.683285e-04)
2401          	(4.693634e-01 2.276878e-05 1.222965e-01)	(4.619412e-01 2.724337e-05 1.216222e-01)	(7.422191e-03 -4.474586e-06 6.742410e-04)
2402          	(4.692284e-01 2.649527e-05 1.225906e-01)	(4.618101e-01 3.062344e-05 1.219107e-01)	(7.418248e-03 -4.128166e-06 6.798504e-04)
2403          	(4.691442e-01 3.002711e-05 1.228256e-01)	(4.617292e-01 3.380224e-05 1.221405e-01)	(7.415057e-03 -3.775128e-06 6.851510e-04)
2404          	(4.691109e-01 3.326018e-05 1.230054e-01)	(4.616982e-01 3.669303e-05 1.223153e-01)	(7.412696e-03 -3.432849e-06 6.901366e-04)
2405          	(4.691295e-01 3.628870e-05 1.231337e-01)	(4.617183e-01 3.939140e-05 1.224389e-01)	(7.411197e-03 -3.102699e-06 6.948013e-04)
2406          	(4.691660e-01 3.795955e-05 1.232294e-01)	(4.617555e-01 4.075734e-05 1.225302e-01)	(7.410460e-03 -2.797794e-06 6.991964e-04)
2407          	(4.692676e-01 3.944014e-05 1.232672e-01)	(4.618570e-01 4.195492e-05 1.225640e-01)	(7.410543e-03 -2.514778e-06 7.032289e-04)
2408          	(4.695071e-01 4.215520e-05 1.232471e-01)	(4.620955e-01 4.438629e-05 1.225403e-01)	(7.411667e-03 -2.231092e-06 7.067863e-04)
2409          	(4.696597e-01 4.491636e-05 1.231899e-01)	(4.622464e-01 4.687631e-05 1.224800e-01)	(7.413337e-03 -1.959946e-06 7.098954e-04)
2410          	(4.698590e-01 4.779327e-05 1.231018e-01)	(4.624435e-01 4.948155e-05 1.223893e-01)	(7.415486e-03 -1.688274e-06 7.125121e-04)
2411          	(4.701076e-01 5.087454e-05 1.229848e-01)	(4.626895e-01 5.229121e-05 1.222702e-01)	(7.418095e-03 -1.416662e-06 7.145560e-04)
2412          	(4.704829e-01 5.341614e-05 1.228389e-01)	(4.630616e-01 5.455978e-05 1.221230e-01)	(7.421306e-03 -1.143637e-06 7.159252e-04)
2413          	(4.708680e-01 5.586661e-05 1.226661e-01)	(4.634431e-01 5.673777e-05 1.219495e-01)	(7.424871e-03 -8.711608e-07 7.165842e-04)
2414          	(4.712565e-01 5.814168e-05 1.224664e-01)	(4.638279e-01 5.874572e-05 1.217499e-01)	(7.428546e-03 -6.040385e-07 7.165054e-04)
2415          	(4.716470e-01 6.013130e-05 1.222395e-01)	(4.642149e-01 6.047846e-05 1.215238e-01)	(7.432177e-03 -3.471552e-07 7.156681e-04)
2416          	(4.720413e-01 6.170437e-05 1.219849e-01)	(4.646056e-01 6.180434e-05 1.212708e-01)	(7.435690e-03 -9.996529e-08 7.140719e-04)
2417          	(4.724420e-01 6.277564e-05 1.217030e-01)	(4.650029e-01 6.263191e-05 1.209913e-01)	(7.439059e-03 1.437332e-07 7.117417e-04)
2418          	(4.728289e-01 6.345715e-05 1.213958e-01)	(4.653867e-01 6.307081e-05 1.206871e-01)	(7.442222e-03 3.863416e-07 7.087321e-04)
2419          	(4.732410e-01 6.341795e-05 1.210656e-01)	(4.657957e-01 6.279138e-05 1.203605e-01)	(7.445263e-03 6.265712e-07 7.051000e-04)
2420          	(4.736762e-01 6.270116e-05 1.207162e-01)	(4.662279e-01 6.183544e-05 1.200153e-01)	(7.448269e-03 8.657202e-07 7.009266e-04)
2421          	(4.741291e-01 6.139418e-05 1.203523e-01)	(4.666778e-01 6.029259e-05 1.196560e-01)	(7.451298e-03 1.101593e-06 6.963169e-04)
2422          	(4.745928e-01 5.957057e-05 1.199793e-01)	(4.671384e-01 5.823258e-05 1.192879e-01)	(7.454400e-03 1.337988e-06 6.913929e-04)
2423          	(4.750624e-01 5.721983e-05 1.196028e-01)	(4.676048e-01 5.564672e-05 1.189165e-01)	(7.457616e-03 1.573104e-06 6.862733e-04)
2424          	(4.755277e-01 5.445167e-05 1.192290e-01)	(4.680667e-01 5.265023e-05 1.185479e-01)	(7.460976e-03 1.801442e-06 6.810780e-04)
2425          	(4.759830e-01 5.129644e-05 1.188638e-01)	(4.685185e-01 4.927392e-05 1.181878e-01)	(7.464498e-03 2.022517e-06 6.759279e-04)
2426          	(4.764244e-01 4.776798e-05 1.185129e-01)	(4.689562e-01 4.553735e-05 1.178420e-01)	(7.468205e-03 2.230628e-06 6.709305e-04)
2427          	(4.768489e-01 4.387778e-05 1.181821e-01)	(4.693767e-01 4.144945e-05 1.175159e-01)	(7.472143e-03 2.428335e-06 6.661809e-04)
2428          	(4.772547e-01 3.963664e-05 1.178769e-01)	(4.697784e-01 3.702265e-05 1.172152e-01)	(7.476338e-03 2.613991e-06 6.617640e-04)
2429          	(4.776469e-01 3.501961e-05 1.176025e-01)	(4.701661e-01 3.223936e-05 1.169448e-01)	(7.480841e-03 2.780246e-06 6.577440e-04)
2430          	(4.780163e-01 3.012074e-05 1.173642e-01)	(4.705306e-01 2.719139e-05 1.167100e-01)	(7.485651e-03 2.929349e-06 6.541794e-04)
2431          	(4.783621e-01 2.497874e-05 1.171665e-01)	(4.708714e-01 2.191876e-05 1.165154e-01)	(7.490756e-03 3.059976e-06 6.511140e-04)
2432          	(4.786842e-01 1.963079e-05 1.170136e-01)	(4.711881e-01 1.645299e-05 1.163650e-01)	(7.496145e-03 3.177794e-06 6.485686e-04)
2433          	(4.789819e-01 1.416461e-05 1.169088e-01)	(4.714801e-01 1.087933e-05 1.162622e-01)	(7.501778e-03 3.285278e-06 6.465475e-04)
2434          	(4.792543e-01 8.657339e-06 1.168547e-01)	(4.717467e-01 5.276070e-06 1.162097e-01)	(7.507596e-03 3.381269e-06 6.450338e-04)
2435          	(4.795002e-01 3.150607e-06 1.168531e-01)	(4.719867e-01 -3.180667e-07 1.162091e-01)	(7.513522e-03 3.468674e-06 6.439972e-04)
2436          	(4.797182e-01 -2.324054e-06 1.169044e-01)	(4.721987e-01 -5.873297e-06 1.162611e-01)	(7.519456e-03 3.549243e-06 6.433923e-04)
2437          	(4.799065e-01 -7.730071e-06 1.170081e-01)	(4.723812e-01 -1.135911e-05 1.163649e-01)	(7.525304e-03 3.629042e-06 6.431684e-04)
2438          	(4.800641e-01 -1.258696e-05 1.171623e-01)	(4.725332e-01 -1.629956e-05 1.165191e-01)	(7.530952e-03 3.712601e-06 6.432757e-04)
2439          	(4.801899e-01 -1.733011e-05 1.173646e-01)	(4.726536e-01 -2.112684e-05 1.167209e-01)	(7.536302e-03 3.796730e-06 6.436649e-04)
2440          	(4.802769e-01 -2.259184e-05 1.176111e-01)	(4.727356e-01 -2.647263e-05 1.169668e-01)	(7.541231e-03 3.880789e-06 6.442993e-04)
2441          	(4.803314e-01 -2.753549e-05 1.178969e-01)	(4.727857e-01 -3.150094e-05 1.172518e-01)	(7.545668e-03 3.965442e-06 6.451421e-04)
2442          	(4.803521e-01 -3.204991e-05 1.182170e-01)	(4.728025e-01 -3.610319e-05 1.175708e-01)	(7.549551e-03 4.053272e-06 6.461693e-04)
2443          	(4.803375e-01 -3.610244e-05 1.185660e-01)	(4.727847e-01 -4.025463e-05 1.179187e-01)	(7.552834e-03 4.152188e-06 6.473657e-04)
2444          	(4.802854e-01 -3.971951e-05 1.189396e-01)	(4.727300e-01 -4.398341e-05 1.182909e-01)	(7.555461e-03 4.263908e-06 6.487332e-04)
2445          	(4.801941e-01 -4.223578e-05 1.193336e-01)	(4.726367e-01 -4.662411e-05 1.186833e-01)	(7.557397e-03 4.388328e-06 6.502815e-04)
2446          	(4.800612e-01 -4.457417e-05 1.197445e-01)	(4.725026e-01 -4.909906e-05 1.190924e-01)	(7.558616e-03 4.524888e-06 6.520337e-04)
2447          	(4.798970e-01 -4.688580e-05 1.201670e-01)	(4.723379e-01 -5.155182e-05 1.195130e-01)	(7.559140e-03 4.666016e-06 6.540052e-04)
2448          	(4.796865e-01 -4.922207e-05 1.205976e-01)	(4.721276e-01 -5.403034e-05 1.199414e-01)	(7.558961e-03 4.808275e-06 6.562215e-04)
2449          	(4.794223e-01 -5.189305e-05 1.210317e-01)	(4.718643e-01 -5.683620e-05 1.203730e-01)	(7.558070e-03 4.943153e-06 6.587025e-04)
2450          	(4.791174e-01 -5.441546e-05 1.214626e-01)	(4.715608e-01 -5.949073e-05 1.208011e-01)	(7.556519e-03 5.075267e-06 6.614421e-04)
2451          	(4.787777e-01 -5.667202e-05 1.218843e-01)	(4.712233e-01 -6.187562e-05 1.212198e-01)	(7.554367e-03 5.203602e-06 6.644219e-04)
2452          	(4.784088e-01 -5.844800e-05 1.222915e-01)	(4.708572e-01 -6.377352e-05 1.216239e-01)	(7.551694e-03 5.325525e-06 6.676134e-04)
2453          	(4.780188e-01 -5.960709e-05 1.226799e-01)	(4.704702e-01 -6.505062e-05 1.220089e-01)	(7.548590e-03 5.443523e-06 6.709776e-04)
2454          	(4.775259e-01 -5.813106e-05 1.230473e-01)	(4.699810e-01 -6.370238e-05 1.223727e-01)	(7.544899e-03 5.571318e-06 6.745091e-04)
2455          	(4.771276e-01 -5.746865e-05 1.233854e-01)	(4.695865e-01 -6.316745e-05 1.227073e-01)	(7.541071e-03 5.698803e-06 6.780998e-04)
2456          	(4.767308e-01 -5.590004e-05 1.236974e-01)	(4.691936e-01 -6.173066e-05 1.230157e-01)	(7.537215e-03 5.830617e-06 6.817026e-04)
2457          	(4.763426e-01 -5.343273e-05 1.239830e-01)	(4.688092e-01 -5.939881e-05 1.232977e-01)	(7.533381e-03 5.966084e-06 6.852833e-04)
2458          	(4.759702e-01 -5.013233e-05 1.242419e-01)	(4.684406e-01 -5.624449e-05 1.235531e-01)	(7.529636e-03 6.112159e-06 6.887974e-04)
2459          	(4.756198e-01 -4.576256e-05 1.244738e-01)	(4.680937e-01 -5.203299e-05 1.237816e-01)	(7.526039e-03 6.270425e-06 6.921944e-04)
2460          	(4.752977e-01 -4.082161e-05 1.246775e-01)	(4.677751e-01 -4.726915e-05 1.239820e-01)	(7.522637e-03 6.447546e-06 6.954158e-04)
2461          	(4.750079e-01 -3.538973e-05 1.248517e-01)	(4.674885e-01 -4.203421e-05 1.241533e-01)	(7.519451e-03 6.644484e-06 6.983988e-04)
2462          	(4.747538e-01 -2.950425e-05 1.249950e-01)	(4.672373e-01 -3.636149e-05 1.242939e-01)	(7.516503e-03 6.857240e-06 7.010806e-04)
2463          	(4.745355e-01 -2.332205e-05 1.251050e-01)	(4.670217e-01 -3.040869e-05 1.244016e-01)	(7.513787e-03 7.086637e-06 7.033990e-04)
2464          	(4.743529e-01 -1.679333e-05 1.251799e-01)	(4.668416e-01 -2.412480e-05 1.244746e-01)	(7.511288e-03 7.331468e-06 7.053006e-04)
2465          	(4.742064e-01 -1.004229e-05 1.252170e-01)	(4.666974e-01 -1.763648e-05 1.245103e-01)	(7.508996e-03 7.594192e-06 7.067336e-04)
2466          	(4.740936e-01 -3.266146e-06 1.252138e-01)	(4.665867e-01 -1.113958e-05 1.245062e-01)	(7.506884e-03 7.873430e-06 7.076598e-04)
2467          	(4.740130e-01 3.385409e-06 1.251678e-01)	(4.665081e-01 -4.775308e-06 1.244597e-01)	(7.504936e-03 8.160717e-06 7.080498e-04)
2468          	(4.739659e-01 9.715780e-06 1.250769e-01)	(4.664628e-01 1.259587e-06 1.243691e-01)	(7.503151e-03 8.456193e-06 7.078904e-04)
2469          	(4.739552e-01 1.666321e-05 1.249417e-01)	(4.664537e-01 7.901072e-06 1.242345e-01)	(7.501529e-03 8.762138e-06 7.071837e-04)
2470          	(4.739734e-01 2.287115e-05 1.247585e-01)	(4.664733e-01 1.379296e-05 1.240526e-01)	(7.500060e-03 9.078190e-06 7.059343e-04)
2471          	(4.740368e-01 2.825127e-05 1.245301e-01)	(4.665381e-01 1.885396e-05 1.238259e-01)	(7.498778e-03 9.397313e-06 7.041695e-04)
2472          	(4.741408e-01 3.193838e-05 1.242625e-01)	(4.666430e-01 2.223369e-05 1.235606e-01)	(7.497730e-03 9.704697e-06 7.019393e-04)
2473          	(4.742566e-01 3.592630e-05 1.239550e-01)	(4.667597e-01 2.591919e-05 1.232558e-01)	(7.496862e-03 1.000711e-05 6.992944e-04)
2474          	(4.743875e-01 4.032555e-05 1.236095e-01)	(4.668914e-01 3.001653e-05 1.229132e-01)	(7.496146e-03 1.030902e-05 6.962777e-04)
2475          	(4.745326e-01 4.520122e-05 1.232282e-01)	(4.670371e-01 3.458376e-05 1.225353e-01)	(7.495589e-03 1.061746e-05 6.929348e-04)
2476          	(4.746922e-01 5.048528e-05 1.228141e-01)	(4.671970e-01 3.955290e-05 1.221248e-01)	(7.495200e-03 1.093238e-05 6.893114e-04)
2477          	(4.748690e-01 5.611613e-05 1.223712e-01)	(4.673740e-01 4.486685e-05 1.216857e-01)	(7.495018e-03 1.124928e-05 6.854477e-04)
2478          	(4.752149e-01 6.071172e-05 1.218989e-01)	(4.677194e-01 4.914908e-05 1.212176e-01)	(7.495482e-03 1.156264e-05 6.813119e-04)
2479          	(4.753938e-01 6.693527e-05 1.214155e-01)	(4.678977e-01 5.505416e-05 1.207384e-01)	(7.496037e-03 1.188111e-05 6.770482e-04)
2480          	(4.755897e-01 7.305498e-05 1.209167e-01)	(4.680930e-01 6.084810e-05 1.202440e-01)	(7.496720e-03 1.220688e-05 6.726930e-04)
2481          	(4.758094e-01 7.888900e-05 1.204047e-01)	(4.683117e-01 6.635317e-05 1.197365e-01)	(7.497674e-03 1.253583e-05 6.682324e-04)
2482          	(4.760560e-01 8.432603e-05 1.198813e-01)	(4.685570e-01 7.146607e-05 1.192177e-01)	(7.498981e-03 1.285996e-05 6.636574e-04)
2483          	(4.763354e-01 8.926439e-05 1.193492e-01)	(4.688347e-01 7.608563e-05 1.186902e-01)	(7.500708e-03 1.317875e-05 6.589507e-04)
2484          	(4.766458e-01 9.363586e-05 1.188130e-01)	(4.691429e-01 8.014808e-05 1.181589e-01)	(7.502901e-03 1.348779e-05 6.540955e-04)
2485          	(4.769846e-01 9.740893e-05 1.182788e-01)	(4.694790e-01 8.361985e-05 1.176297e-01)	(7.505569e-03 1.378909e-05 6.490785e-04)
2486          	(4.773476e-01 1.005845e-04 1.177527e-01)	(4.698389e-01 8.650412e-05 1.171088e-01)	(7.508688e-03 1.408038e-05 6.438936e-04)
2487          	(4.777304e-01 1.030851e-04 1.172385e-01)	(4.702182e-01 8.872968e-05 1.166000e-01)	(7.512224e-03 1.435541e-05 6.385319e-04)
2488          	(4.781307e-01 1.051266e-04 1.167387e-01)	(4.706146e-01 9.051257e-05 1.161057e-01)	(7.516115e-03 1.461407e-05 6.329841e-04)
2489          	(4.785426e-01 1.068176e-04 1.162528e-01)	(4.710223e-01 9.195604e-05 1.156256e-01)	(7.520303e-03 1.486153e-05 6.272382e-04)
2490          	(4.789704e-01 1.081260e-04 1.157794e-01)	(4.714456e-01 9.302989e-05 1.151581e-01)	(7.524737e-03 1.509606e-05 6.212798e-04)
2491          	(4.794111e-01 1.090677e-04 1.153167e-01)	(4.718817e-01 9.374793e-05 1.147016e-01)	(7.529364e-03 1.531979e-05 6.151000e-04)
2492          	(4.798595e-01 1.095848e-04 1.148635e-01)	(4.723254e-01 9.405683e-05 1.142548e-01)	(7.534134e-03 1.552796e-05 6.087008e-04)
2493          	(4.803105e-01 1.098026e-04 1.144195e-01)	(4.727715e-01 9.408140e-05 1.138174e-01)	(7.538988e-03 1.572116e-05 6.021026e-04)
2494          	(4.807592e-01 1.097024e-04 1.139851e-01)	(4.732153e-01 9.379748e-05 1.133897e-01)	(7.543885e-03 1.590491e-05 5.953417e-04)
2495          	(4.811923e-01 1.093132e-04 1.135619e-01)	(4.736436e-01 9.323579e-05 1.129734e-01)	(7.548760e-03 1.607742e-05 5.884741e-04)
2496          	(4.815015e-01 1.096921e-04 1.131483e-01)	(4.739482e-01 9.344640e-05 1.125667e-01)	(7.553267e-03 1.624574e-05 5.815913e-04)
2497          	(4.818435e-01 1.089407e-04 1.127465e-01)	(4.742859e-01 9.254335e-05 1.121717e-01)	(7.557602e-03 1.639736e-05 5.747330e-04)
2498          	(4.822226e-01 1.075832e-04 1.123601e-01)	(4.746607e-01 9.105510e-05 1.117921e-01)	(7.561966e-03 1.652808e-05 5.679437e-04)
2499          	(4.825821e-01 1.060615e-04 1.119822e-01)	(4.750158e-01 8.941812e-05 1.114209e-01)	(7.566314e-03 1.664336e-05 5.612705e-04)
2500          	(4.829259e-01 1.044608e-04 1.116106e-01)	(4.753553e-01 8.771984e-05 1.110558e-01)	(7.570613e-03 1.674097e-05 5.547534e-04)
2501          	(4.832530e-01 1.028508e-04 1.112453e-01)	(4.756782e-01 8.602896e-05 1.106969e-01)	(7.574870e-03 1.682182e-05 5.484259e-04)
2502          	(4.835765e-01 1.012890e-04 1.108848e-01)	(4.759974e-01 8.440609e-05 1.103425e-01)	(7.579123e-03 1.688291e-05 5.422987e-04)
2503          	(4.838226e-01 1.003282e-04 1.105236e-01)	(4.762394e-01 8.340133e-05 1.099873e-01)	(7.583191e-03 1.692684e-05 5.363838e-04)
2504          	(4.841320e-01 9.882032e-05 1.101702e-01)	(4.765447e-01 8.186820e-05 1.096396e-01)	(7.587349e-03 1.695212e-05 5.306646e-04)
2505          	(4.843898e-01 9.787932e-05 1.098151e-01)	(4.767983e-01 8.091771e-05 1.092900e-01)	(7.591506e-03 1.696162e-05 5.251191e-04)
2506          	(4.847010e-01 9.762351e-05 1.094702e-01)	(4.771051e-01 8.066905e-05 1.089505e-01)	(7.595842e-03 1.695446e-05 5.197311e-04)
2507          	(4.850007e-01 9.768289e-05 1.091326e-01)	(4.774003e-01 8.075045e-05 1.086181e-01)	(7.600359e-03 1.693244e-05 5.144843e-04)
2508          	(4.852267e-01 9.736105e-05 1.088011e-01)	(4.776219e-01 8.047339e-05 1.082917e-01)	(7.604832e-03 1.688766e-05 5.093756e-04)
2509          	(4.854987e-01 9.778572e-05 1.084840e-01)	(4.778893e-01 8.095510e-05 1.079796e-01)	(7.609465e-03 1.683062e-05 5.043766e-04)
2510          	(4.857211e-01 9.766684e-05 1.081762e-01)	(4.781070e-01 8.090890e-05 1.076767e-01)	(7.614142e-03 1.675794e-05 4.994627e-04)
2511          	(4.859710e-01 9.810070e-05 1.078817e-01)	(4.783521e-01 8.142954e-05 1.073871e-01)	(7.618952e-03 1.667116e-05 4.945944e-04)
2512          	(4.862133e-01 9.827870e-05 1.075977e-01)	(4.785894e-01 8.170679e-05 1.071079e-01)	(7.623885e-03 1.657191e-05 4.897340e-04)
2513          	(4.864473e-01 9.816896e-05 1.073233e-01)	(4.788184e-01 8.171020e-05 1.068385e-01)	(7.628890e-03 1.645876e-05 4.848449e-04)
2514          	(4.865865e-01 9.830799e-05 1.070570e-01)	(4.789528e-01 8.196639e-05 1.065771e-01)	(7.633688e-03 1.634161e-05 4.799154e-04)
2515          	(4.868168e-01 9.705349e-05 1.068002e-01)	(4.791782e-01 8.083787e-05 1.063253e-01)	(7.638566e-03 1.621562e-05 4.748843e-04)
2516          	(4.870397e-01 9.522241e-05 1.065522e-01)	(4.793962e-01 7.914758e-05 1.060825e-01)	(7.643504e-03 1.607482e-05 4.697286e-04)
2517          	(4.872526e-01 9.279941e-05 1.063115e-01)	(4.796042e-01 7.687547e-05 1.058471e-01)	(7.648399e-03 1.592394e-05 4.644481e-04)
2518          	(4.874510e-01 9.000060e-05 1.060767e-01)	(4.797979e-01 7.423771e-05 1.056177e-01)	(7.653187e-03 1.576290e-05 4.590487e-04)
2519          	(4.876269e-01 8.704515e-05 1.058467e-01)	(4.799691e-01 7.144571e-05 1.053931e-01)	(7.657802e-03 1.559944e-05 4.535420e-04)
2520          	(4.877771e-01 8.395316e-05 1.056209e-01)	(4.801149e-01 6.851851e-05 1.051729e-01)	(7.662174e-03 1.543464e-05 4.479509e-04)
2521          	(4.878095e-01 8.179107e-05 1.053988e-01)	(4.801434e-01 6.651888e-05 1.049564e-01)	(7.666019e-03 1.527219e-05 4.423350e-04)
2522          	(4.879401e-01 7.838270e-05 1.051796e-01)	(4.802704e-01 6.327706e-05 1.047429e-01)	(7.669699e-03 1.510564e-05 4.366807e-04)
2523          	(4.880496e-01 7.521257e-05 1.049650e-01)	(4.803764e-01 6.027845e-05 1.045339e-01)	(7.673200e-03 1.493412e-05 4.310232e-04)
2524          	(4.881368e-01 7.248459e-05 1.047557e-01)	(4.804604e-01 5.772499e-05 1.043303e-01)	(7.676440e-03 1.475960e-05 4.254198e-04)
2525          	(4.881996e-01 7.012721e-05 1.045522e-01)	(4.805202e-01 5.553600e-05 1.041323e-01)	(7.679395e-03 1.459120e-05 4.199175e-04)
2526          	(4.882516e-01 6.841570e-05 1.043528e-01)	(4.805695e-01 5.399117e-05 1.039383e-01)	(7.682083e-03 1.442454e-05 4.145489e-04)
2527          	(4.882948e-01 6.730882e-05 1.041562e-01)	(4.806103e-01 5.304481e-05 1.037469e-01)	(7.684520e-03 1.426401e-05 4.093412e-04)
2528          	(4.883297e-01 6.666751e-05 1.039600e-01)	(4.806429e-01 5.255840e-05 1.035557e-01)	(7.686724e-03 1.410911e-05 4.043130e-04)
2529          	(4.883565e-01 6.644022e-05 1.037618e-01)	(4.806678e-01 5.248089e-05 1.033623e-01)	(7.688714e-03 1.395933e-05 3.994712e-04)
2530          	(4.883739e-01 6.654013e-05 1.035612e-01)	(4.806834e-01 5.271741e-05 1.031664e-01)	(7.690520e-03 1.382272e-05 3.948204e-04)
2531          	(4.883817e-01 6.689040e-05 1.033615e-01)	(4.806895e-01 5.319675e-05 1.029711e-01)	(7.692171e-03 1.369365e-05 3.903711e-04)
2532          	(4.883827e-01 6.733979e-05 1.031684e-01)	(4.806890e-01 5.376618e-05 1.027823e-01)	(7.693697e-03 1.357360e-05 3.861455e-04)
2533          	(4.885687e-01 6.526864e-05 1.029885e-01)	(4.808731e-01 5.182125e-05 1.026064e-01)	(7.695640e-03 1.344739e-05 3.821047e-04)
2534          	(4.887053e-01 6.617873e-05 1.028299e-01)	(4.810075e-01 5.284190e-05 1.024516e-01)	(7.697784e-03 1.333683e-05 3.783080e-04)
2535          	(4.886470e-01 6.599103e-05 1.026976e-01)	(4.809475e-01 5.275211e-05 1.023228e-01)	(7.699473e-03 1.323891e-05 3.748756e-04)
2536          	(4.886020e-01 6.672470e-05 1.025808e-01)	(4.809011e-01 5.356859e-05 1.022091e-01)	(7.700868e-03 1.315610e-05 3.717686e-04)
2537          	(4.886712e-01 5.882698e-05 1.024810e-01)	(4.809688e-01 4.579310e-05 1.021121e-01)	(7.702385e-03 1.303389e-05 3.689094e-04)
2538          	(4.886658e-01 5.828491e-05 1.024011e-01)	(4.809621e-01 4.535143e-05 1.020348e-01)	(7.703668e-03 1.293348e-05 3.662783e-04)
2539          	(4.886857e-01 5.651640e-05 1.023244e-01)	(4.809808e-01 4.367057e-05 1.019606e-01)	(7.704920e-03 1.284583e-05 3.638169e-04)
2540          	(4.886939e-01 5.491229e-05 1.022521e-01)	(4.809878e-01 4.214305e-05 1.018905e-01)	(7.706098e-03 1.276925e-05 3.615611e-04)
2541          	(4.886361e-01 5.474194e-05 1.021851e-01)	(4.809291e-01 4.203025e-05 1.018257e-01)	(7.707010e-03 1.271169e-05 3.594188e-04)
2542          	(4.886066e-01 5.411100e-05 1.021312e-01)	(4.808989e-01 4.144084e-05 1.017738e-01)	(7.707677e-03 1.267016e-05 3.573581e-04)
2543          	(4.885053e-01 5.307629e-05 1.020861e-01)	(4.807973e-01 4.043612e-05 1.017307e-01)	(7.708059e-03 1.264017e-05 3.553853e-04)
2544          	(4.884863e-01 5.116061e-05 1.020526e-01)	(4.807779e-01 3.854951e-05 1.016991e-01)	(7.708326e-03 1.261110e-05 3.535183e-04)
2545          	(4.885324e-01 4.629294e-05 1.020300e-01)	(4.808237e-01 3.371469e-05 1.016783e-01)	(7.708727e-03 1.257825e-05 3.516742e-04)
2546          	(4.884766e-01 4.527706e-05 1.020143e-01)	(4.807678e-01 3.272963e-05 1.016643e-01)	(7.708841e-03 1.254743e-05 3.499386e-04)
2547          	(4.883863e-01 4.497939e-05 1.020124e-01)	(4.806777e-01 3.242737e-05 1.016641e-01)	(7.708606e-03 1.255203e-05 3.482984e-04)
2548          	(4.883133e-01 4.417491e-05 1.020079e-01)	(4.806052e-01 3.162091e-05 1.016612e-01)	(7.708134e-03 1.255400e-05 3.467598e-04)
2549          	(4.881468e-01 4.390500e-05 1.020144e-01)	(4.804396e-01 3.132570e-05 1.016690e-01)	(7.707192e-03 1.257930e-05 3.453249e-04)
2550          	(4.880537e-01 4.347814e-05 1.020123e-01)	(4.803476e-01 3.087646e-05 1.016683e-01)	(7.706091e-03 1.260168e-05 3.439786e-04)
2551          	(4.879479e-01 4.315231e-05 1.020119e-01)	(4.802430e-01 3.051685e-05 1.016692e-01)	(7.704817e-03 1.263547e-05 3.426881e-04)
2552          	(4.876833e-01 4.351327e-05 1.020220e-01)	(4.799803e-01 3.083390e-05 1.016804e-01)	(7.702995e-03 1.267937e-05 3.415645e-04)
2553          	(4.875790e-01 4.312958e-05 1.020192e-01)	(4.798778e-01 3.041956e-05 1.016787e-01)	(7.701222e-03 1.271002e-05 3.405295e-04)
2554          	(4.874955e-01 3.892740e-05 1.020309e-01)	(4.797959e-01 2.620048e-05 1.016913e-01)	(7.699548e-03 1.272691e-05 3.395784e-04)
2555          	(4.874020e-01 3.900217e-05 1.020287e-01)	(4.797041e-01 2.626388e-05 1.016900e-01)	(7.697942e-03 1.273829e-05 3.387280e-04)
2556          	(4.873133e-01 3.903552e-05 1.020327e-01)	(4.796170e-01 2.627477e-05 1.016948e-01)	(7.696327e-03 1.276075e-05 3.379776e-04)
2557          	(4.872437e-01 3.467447e-05 1.020656e-01)	(4.795488e-01 2.191987e-05 1.017282e-01)	(7.694857e-03 1.275460e-05 3.374273e-04)
2558          	(4.871740e-01 3.489792e-05 1.020790e-01)	(4.794805e-01 2.215171e-05 1.017420e-01)	(7.693494e-03 1.274621e-05 3.369813e-04)
2559          	(4.871104e-01 3.497319e-05 1.021038e-01)	(4.794182e-01 2.222127e-05 1.017671e-01)	(7.692172e-03 1.275192e-05 3.366609e-04)
2560          	(4.870362e-01 3.400063e-05 1.021714e-01)	(4.793452e-01 2.125012e-05 1.018348e-01)	(7.690959e-03 1.275051e-05 3.366077e-04)
2561          	(4.869828e-01 3.403912e-05 1.022130e-01)	(4.792930e-01 2.130117e-05 1.018764e-01)	(7.689847e-03 1.273796e-05 3.366412e-04)
2562          	(4.869276e-01 3.395529e-05 1.022712e-01)	(4.792388e-01 2.122256e-05 1.019344e-01)	(7.688794e-03 1.273273e-05 3.368246e-04)
2563          	(4.868493e-01 3.321737e-05 1.023864e-01)	(4.791615e-01 2.049902e-05 1.020491e-01)	(7.687833e-03 1.271835e-05 3.373367e-04)
2564          	(4.867863e-01 3.307306e-05 1.024669e-01)	(4.790994e-01 2.037507e-05 1.021290e-01)	(7.686912e-03 1.269799e-05 3.379263e-04)
2565          	(4.867156e-01 3.291036e-05 1.025645e-01)	(4.790296e-01 2.022507e-05 1.022259e-01)	(7.685994e-03 1.268529e-05 3.386938e-04)
2566          	(4.865886e-01 3.271628e-05 1.027226e-01)	(4.789036e-01 2.004977e-05 1.023828e-01)	(7.685042e-03 1.266651e-05 3.398264e-04)
2567          	(4.865031e-01 3.242043e-05 1.028372e-01)	(4.788190e-01 1.977362e-05 1.024962e-01)	(7.684090e-03 1.264681e-05 3.410162e-04)
2568          	(4.864132e-01 3.221099e-05 1.029630e-01)	(4.787300e-01 1.957849e-05 1.026206e-01)	(7.683128e-03 1.263250e-05 3.423792e-04)
2569          	(4.862599e-01 3.237717e-05 1.031369e-01)	(4.785779e-01 1.975606e-05 1.027929e-01)	(7.682058e-03 1.262111e-05 3.440597e-04)
2570          	(4.861628e-01 3.211141e-05 1.032636e-01)	(4.784818e-01 1.950158e-05 1.029178e-01)	(7.680976e-03 1.260983e-05 3.457569e-04)
2571          	(4.860621e-01 3.177881e-05 1.033916e-01)	(4.783822e-01 1.917953e-05 1.030440e-01)	(7.679875e-03 1.259928e-05 3.475899e-04)
2572          	(4.859583e-01 3.132928e-05 1.035192e-01)	(4.782796e-01 1.873833e-05 1.031697e-01)	(7.678753e-03 1.259095e-05 3.495128e-04)
2573          	(4.858931e-01 2.950796e-05 1.036721e-01)	(4.782154e-01 1.693274e-05 1.033204e-01)	(7.677736e-03 1.257522e-05 3.516150e-04)
2574          	(4.857974e-01 2.911907e-05 1.037792e-01)	(4.781207e-01 1.656089e-05 1.034255e-01)	(7.676676e-03 1.255817e-05 3.536946e-04)
2575          	(4.857084e-01 2.870464e-05 1.038770e-01)	(4.780329e-01 1.615318e-05 1.035212e-01)	(7.675529e-03 1.255147e-05 3.558510e-04)
2576          	(4.856271e-01 2.823743e-05 1.039650e-01)	(4.779527e-01 1.569611e-05 1.036070e-01)	(7.674355e-03 1.254133e-05 3.580175e-04)
2577          	(4.855260e-01 2.805482e-05 1.040496e-01)	(4.778529e-01 1.551956e-05 1.036893e-01)	(7.673078e-03 1.253525e-05 3.602165e-04)
2578          	(4.854661e-01 2.766598e-05 1.041102e-01)	(4.777943e-01 1.514031e-05 1.037478e-01)	(7.671849e-03 1.252567e-05 3.623597e-04)
2579          	(4.854148e-01 2.735138e-05 1.041596e-01)	(4.777441e-01 1.483552e-05 1.037951e-01)	(7.670642e-03 1.251586e-05 3.644888e-04)
2580          	(4.853703e-01 2.700911e-05 1.041994e-01)	(4.777009e-01 1.450447e-05 1.038328e-01)	(7.669462e-03 1.250464e-05 3.665757e-04)
2581          	(4.853167e-01 2.680897e-05 1.042347e-01)	(4.776484e-01 1.432377e-05 1.038660e-01)	(7.668247e-03 1.248520e-05 3.686314e-04)
2582          	(4.852818e-01 2.666934e-05 1.042562e-01)	(4.776147e-01 1.420222e-05 1.038856e-01)	(7.667100e-03 1.246713e-05 3.706199e-04)
2583          	(4.852477e-01 2.663513e-05 1.042731e-01)	(4.775818e-01 1.418892e-05 1.039005e-01)	(7.665963e-03 1.244621e-05 3.725622e-04)
2584          	(4.852167e-01 2.658843e-05 1.042878e-01)	(4.775519e-01 1.416615e-05 1.039133e-01)	(7.664853e-03 1.242228e-05 3.744574e-04)
2585          	(4.851798e-01 2.664832e-05 1.043139e-01)	(4.775161e-01 1.425298e-05 1.039375e-01)	(7.663737e-03 1.239534e-05 3.763529e-04)
2586          	(4.851507e-01 2.665576e-05 1.043244e-01)	(4.774880e-01 1.428910e-05 1.039462e-01)	(7.662669e-03 1.236666e-05 3.781706e-04)
2587          	(4.851227e-01 2.671975e-05 1.043378e-01)	(4.774611e-01 1.438367e-05 1.039578e-01)	(7.661617e-03 1.233608e-05 3.799346e-04)
2588          	(4.850958e-01 2.685997e-05 1.043564e-01)	(4.774352e-01 1.455533e-05 1.039748e-01)	(7.660599e-03 1.230464e-05 3.816570e-04)
2589          	(4.850697e-01 2.710551e-05 1.043819e-01)	(4.774101e-01 1.483222e-05 1.039986e-01)	(7.659620e-03 1.227329e-05 3.833504e-04)
2590          	(4.850446e-01 2.748711e-05 1.044150e-01)	(4.773859e-01 1.524232e-05 1.040300e-01)	(7.658681e-03 1.224479e-05 3.850252e-04)
2591          	(4.849197e-01 2.990337e-05 1.044826e-01)	(4.772622e-01 1.768320e-05 1.040958e-01)	(7.657526e-03 1.222017e-05 3.868307e-04)
2592          	(4.849084e-01 3.032045e-05 1.045179e-01)	(4.772519e-01 1.812055e-05 1.041294e-01)	(7.656515e-03 1.219990e-05 3.885318e-04)
2593          	(4.849008e-01 3.074824e-05 1.045588e-01)	(4.772452e-01 1.857252e-05 1.041686e-01)	(7.655653e-03 1.217572e-05 3.901961e-04)
2594          	(4.849006e-01 3.108758e-05 1.046077e-01)	(4.772456e-01 1.893624e-05 1.042159e-01)	(7.654923e-03 1.215134e-05 3.918354e-04)
2595          	(4.849020e-01 3.142339e-05 1.046662e-01)	(4.772477e-01 1.929360e-05 1.042727e-01)	(7.654313e-03 1.212979e-05 3.934851e-04)
2596          	(4.849050e-01 3.174112e-05 1.047346e-01)	(4.772512e-01 1.963753e-05 1.043394e-01)	(7.653818e-03 1.210359e-05 3.951750e-04)
2597          	(4.849020e-01 3.248590e-05 1.048407e-01)	(4.772486e-01 2.040555e-05 1.044437e-01)	(7.653419e-03 1.208036e-05 3.970592e-04)
2598          	(4.849048e-01 3.259337e-05 1.049155e-01)	(4.772517e-01 2.053672e-05 1.045166e-01)	(7.653100e-03 1.205665e-05 3.989146e-04)
2599          	(4.849086e-01 3.259901e-05 1.049954e-01)	(4.772557e-01 2.056707e-05 1.045945e-01)	(7.652873e-03 1.203194e-05 4.008736e-04)
2600          	(4.849134e-01 3.252569e-05 1.050809e-01)	(4.772607e-01 2.051668e-05 1.046780e-01)	(7.652731e-03 1.200901e-05 4.028974e-04)
2601          	(4.849184e-01 3.239929e-05 1.051713e-01)	(4.772657e-01 2.041797e-05 1.047663e-01)	(7.652674e-03 1.198132e-05 4.050098e-04)
2602          	(4.849206e-01 3.216705e-05 1.052893e-01)	(4.772679e-01 2.021337e-05 1.048820e-01)	(7.652683e-03 1.195368e-05 4.073395e-04)
2603          	(4.849124e-01 3.208474e-05 1.053757e-01)	(4.772597e-01 2.015490e-05 1.049660e-01)	(7.652723e-03 1.192984e-05 4.096699e-04)
2604          	(4.849035e-01 3.200298e-05 1.054610e-01)	(4.772507e-01 2.009756e-05 1.050489e-01)	(7.652803e-03 1.190542e-05 4.121291e-04)
2605          	(4.848950e-01 3.194500e-05 1.055444e-01)	(4.772421e-01 2.006101e-05 1.051298e-01)	(7.652921e-03 1.188399e-05 4.146467e-04)
2606          	(4.848875e-01 3.194513e-05 1.056248e-01)	(4.772344e-01 2.008800e-05 1.052076e-01)	(7.653075e-03 1.185713e-05 4.172177e-04)
2607          	(4.848903e-01 3.149985e-05 1.057155e-01)	(4.772370e-01 1.967362e-05 1.052956e-01)	(7.653267e-03 1.182623e-05 4.199092e-04)
2608          	(4.848700e-01 3.173251e-05 1.057777e-01)	(4.772166e-01 1.992905e-05 1.053552e-01)	(7.653441e-03 1.180346e-05 4.225385e-04)
2609          	(4.848492e-01 3.205364e-05 1.058308e-01)	(4.771956e-01 2.027590e-05 1.054056e-01)	(7.653573e-03 1.177774e-05 4.251894e-04)
2610          	(4.848307e-01 3.245206e-05 1.058745e-01)	(4.771770e-01 2.069546e-05 1.054467e-01)	(7.653672e-03 1.175660e-05 4.277762e-04)
2611          	(4.848145e-01 3.288629e-05 1.059079e-01)	(4.771608e-01 2.115375e-05 1.054776e-01)	(7.653737e-03 1.173254e-05 4.302772e-04)
2612          	(4.848081e-01 3.291760e-05 1.059363e-01)	(4.771544e-01 2.121247e-05 1.055036e-01)	(7.653757e-03 1.170513e-05 4.326998e-04)
2613          	(4.847904e-01 3.313769e-05 1.059473e-01)	(4.771366e-01 2.144842e-05 1.055123e-01)	(7.653744e-03 1.168927e-05 4.349522e-04)
2614          	(4.847753e-01 3.322522e-05 1.059475e-01)	(4.771217e-01 2.155895e-05 1.055104e-01)	(7.653652e-03 1.166626e-05 4.370746e-04)
2615          	(4.847638e-01 3.316673e-05 1.059371e-01)	(4.771103e-01 2.151985e-05 1.054981e-01)	(7.653497e-03 1.164687e-05 4.390166e-04)
2616          	(4.847608e-01 3.237264e-05 1.059200e-01)	(4.771076e-01 2.075735e-05 1.054792e-01)	(7.653265e-03 1.161529e-05 4.407759e-04)
2617          	(4.847528e-01 3.187138e-05 1.058922e-01)	(4.770998e-01 2.027482e-05 1.054498e-01)	(7.653013e-03 1.159656e-05 4.423221e-04)
2618          	(4.847485e-01 3.119890e-05 1.058572e-01)	(4.770958e-01 1.962978e-05 1.054136e-01)	(7.652699e-03 1.156912e-05 4.436860e-04)
2619          	(4.847521e-01 3.032635e-05 1.058168e-01)	(4.770997e-01 1.878508e-05 1.053719e-01)	(7.652357e-03 1.154126e-05 4.448514e-04)
2620          	(4.847621e-01 2.933840e-05 1.057729e-01)	(4.771101e-01 1.782389e-05 1.053271e-01)	(7.651997e-03 1.151451e-05 4.458262e-04)
2621          	(4.847851e-01 2.763824e-05 1.057346e-01)	(4.771335e-01 1.616291e-05 1.052879e-01)	(7.651628e-03 1.147533e-05 4.466415e-04)
2622          	(4.847986e-01 2.650185e-05 1.056892e-01)	(4.771473e-01 1.505807e-05 1.052419e-01)	(7.651286e-03 1.144378e-05 4.472857e-04)
2623          	(4.848169e-01 2.537447e-05 1.056457e-01)	(4.771659e-01 1.396677e-05 1.051978e-01)	(7.650954e-03 1.140770e-05 4.478182e-04)
2624          	(4.848452e-01 2.424647e-05 1.056060e-01)	(4.771945e-01 1.287524e-05 1.051577e-01)	(7.650671e-03 1.137123e-05 4.482373e-04)
2625          	(4.848780e-01 2.317580e-05 1.055718e-01)	(4.772275e-01 1.183946e-05 1.051232e-01)	(7.650447e-03 1.133634e-05 4.485718e-04)
2626          	(4.849144e-01 2.261377e-05 1.055531e-01)	(4.772641e-01 1.131668e-05 1.051042e-01)	(7.650273e-03 1.129709e-05 4.488740e-04)
2627          	(4.849243e-01 2.164562e-05 1.055316e-01)	(4.772742e-01 1.038906e-05 1.050825e-01)	(7.650138e-03 1.125656e-05 4.491244e-04)
2628          	(4.849380e-01 2.073198e-05 1.055193e-01)	(4.772880e-01 9.514087e-06 1.050699e-01)	(7.650027e-03 1.121790e-05 4.494226e-04)
2629          	(4.849690e-01 1.989451e-05 1.055264e-01)	(4.773190e-01 8.717008e-06 1.050767e-01)	(7.650015e-03 1.117751e-05 4.497780e-04)
2630          	(4.849748e-01 1.900662e-05 1.055302e-01)	(4.773247e-01 7.873183e-06 1.050801e-01)	(7.650065e-03 1.113343e-05 4.501367e-04)
2631          	(4.849901e-01 1.812462e-05 1.055439e-01)	(4.773399e-01 7.035858e-06 1.050933e-01)	(7.650199e-03 1.108876e-05 4.506150e-04)
2632          	(4.850181e-01 1.720492e-05 1.055679e-01)	(4.773676e-01 6.161487e-06 1.051167e-01)	(7.650482e-03 1.104344e-05 4.511675e-04)
2633          	(4.848304e-01 2.060873e-05 1.056134e-01)	(4.771801e-01 9.585179e-06 1.051615e-01)	(7.650311e-03 1.102355e-05 4.519486e-04)
2634          	(4.848823e-01 1.906664e-05 1.056452e-01)	(4.772318e-01 8.084360e-06 1.051924e-01)	(7.650460e-03 1.098228e-05 4.527532e-04)
2635          	(4.849492e-01 1.709647e-05 1.056817e-01)	(4.772982e-01 6.159524e-06 1.052280e-01)	(7.651006e-03 1.093694e-05 4.536620e-04)
2636          	(4.850165e-01 1.505452e-05 1.057231e-01)	(4.773647e-01 4.177168e-06 1.052684e-01)	(7.651802e-03 1.087735e-05 4.546473e-04)
2637          	(4.850800e-01 1.313433e-05 1.057681e-01)	(4.774272e-01 2.319482e-06 1.053124e-01)	(7.652784e-03 1.081485e-05 4.557217e-04)
2638          	(4.851365e-01 1.152943e-05 1.058142e-01)	(4.774826e-01 7.770305e-07 1.053574e-01)	(7.653876e-03 1.075240e-05 4.568832e-04)
2639          	(4.851836e-01 1.038172e-05 1.058576e-01)	(4.775286e-01 -3.087463e-07 1.053995e-01)	(7.655014e-03 1.069047e-05 4.581175e-04)
2640          	(4.852114e-01 9.844742e-06 1.058940e-01)	(4.775553e-01 -7.903230e-07 1.054347e-01)	(7.656112e-03 1.063506e-05 4.593961e-04)
2641          	(4.852297e-01 9.831515e-06 1.059190e-01)	(4.775726e-01 -7.491148e-07 1.054583e-01)	(7.657137e-03 1.058063e-05 4.606776e-04)
2642          	(4.852377e-01 1.032365e-05 1.059286e-01)	(4.775797e-01 -2.096131e-07 1.054667e-01)	(7.658057e-03 1.053327e-05 4.619105e-04)
2643          	(4.852350e-01 1.124635e-05 1.059197e-01)	(4.775762e-01 7.550071e-07 1.054567e-01)	(7.658834e-03 1.049134e-05 4.630474e-04)
2644          	(4.852219e-01 1.245564e-05 1.058905e-01)	(4.775625e-01 2.001802e-06 1.054265e-01)	(7.659437e-03 1.045384e-05 4.640403e-04)
2645          	(4.852002e-01 1.381161e-05 1.058402e-01)	(4.775404e-01 3.388694e-06 1.053753e-01)	(7.659848e-03 1.042291e-05 4.648531e-04)
2646          	(4.851729e-01 1.511611e-05 1.057697e-01)	(4.775128e-01 4.725103e-06 1.053042e-01)	(7.660068e-03 1.039101e-05 4.654538e-04)
2647          	(4.851436e-01 1.614270e-05 1.056809e-01)	(4.774835e-01 5.779112e-06 1.052151e-01)	(7.660112e-03 1.036359e-05 4.658255e-04)
2648          	(4.851166e-01 1.669981e-05 1.055770e-01)	(4.774566e-01 6.363199e-06 1.051111e-01)	(7.660002e-03 1.033661e-05 4.659595e-04)
2649          	(4.852115e-01 1.475416e-05 1.054609e-01)	(4.775515e-01 4.458512e-06 1.049950e-01)	(7.660075e-03 1.029565e-05 4.658162e-04)
2650          	(4.851641e-01 1.462211e-05 1.053387e-01)	(4.775042e-01 4.363901e-06 1.048732e-01)	(7.659893e-03 1.025821e-05 4.654667e-04)
2651          	(4.851252e-01 1.402082e-05 1.052108e-01)	(4.774657e-01 3.802528e-06 1.047459e-01)	(7.659488e-03 1.021829e-05 4.649363e-04)
2652          	(4.851001e-01 1.294394e-05 1.050792e-01)	(4.774412e-01 2.766002e-06 1.046150e-01)	(7.658984e-03 1.017794e-05 4.642181e-04)
2653          	(4.851774e-01 9.076369e-06 1.049455e-01)	(4.775188e-01 -1.041891e-06 1.044822e-01)	(7.658667e-03 1.011826e-05 4.632957e-04)
2654          	(4.851197e-01 8.260319e-06 1.048124e-01)	(4.774616e-01 -1.803307e-06 1.043502e-01)	(7.658123e-03 1.006363e-05 4.622381e-04)
2655          	(4.851511e-01 5.811700e-06 1.046912e-01)	(4.774934e-01 -4.193473e-06 1.042301e-01)	(7.657636e-03 1.000517e-05 4.610859e-04)
2656          	(4.851450e-01 5.427265e-06 1.045794e-01)	(4.774879e-01 -4.525002e-06 1.041196e-01)	(7.657151e-03 9.952267e-06 4.598653e-04)
2657          	(4.851878e-01 3.847524e-06 1.044783e-01)	(4.775310e-01 -6.047919e-06 1.040197e-01)	(7.656784e-03 9.895443e-06 4.586000e-04)
2658          	(4.852389e-01 2.715932e-06 1.043911e-01)	(4.775823e-01 -7.126586e-06 1.039338e-01)	(7.656569e-03 9.842519e-06 4.573200e-04)
2659          	(4.852523e-01 3.215183e-06 1.043197e-01)	(4.775959e-01 -6.586531e-06 1.038636e-01)	(7.656376e-03 9.801714e-06 4.560819e-04)
2660          	(4.853332e-01 2.728081e-06 1.042655e-01)	(4.776768e-01 -7.034275e-06 1.038106e-01)	(7.656410e-03 9.762356e-06 4.548992e-04)
2661          	(4.854130e-01 2.641174e-06 1.042299e-01)	(4.777563e-01 -7.083695e-06 1.037761e-01)	(7.656665e-03 9.724869e-06 4.538059e-04)
2662          	(4.854083e-01 4.682729e-06 1.042122e-01)	(4.777514e-01 -5.017992e-06 1.037593e-01)	(7.656866e-03 9.700722e-06 4.528678e-04)
2663          	(4.854940e-01 5.146546e-06 1.042127e-01)	(4.778367e-01 -4.534784e-06 1.037606e-01)	(7.657311e-03 9.681330e-06 4.520859e-04)
2664          	(4.854423e-01 1.098856e-05 1.042286e-01)	(4.777847e-01 1.294138e-06 1.037771e-01)	(7.657625e-03 9.694419e-06 4.515132e-04)
2665          	(4.854450e-01 1.137481e-05 1.042516e-01)	(4.777870e-01 1.673239e-06 1.038004e-01)	(7.657983e-03 9.701574e-06 4.511308e-04)
2666          	(4.854040e-01 1.257589e-05 1.042833e-01)	(4.777456e-01 2.872587e-06 1.038324e-01)	(7.658342e-03 9.703304e-06 4.509518e-04)
2667          	(4.854217e-01 1.185675e-05 1.043229e-01)	(4.777628e-01 2.162597e-06 1.038720e-01)	(7.658873e-03 9.694148e-06 4.509654e-04)
2668          	(4.854614e-01 1.062791e-05 1.043676e-01)	(4.778018e-01 9.577250e-07 1.039164e-01)	(7.659632e-03 9.670189e-06 4.511543e-04)
2669          	(4.855074e-01 9.164643e-06 1.044143e-01)	(4.778468e-01 -4.728340e-07 1.039628e-01)	(7.660583e-03 9.637477e-06 4.515128e-04)
2670          	(4.854944e-01 1.027491e-05 1.044574e-01)	(4.778329e-01 6.581980e-07 1.040054e-01)	(7.661509e-03 9.616707e-06 4.520380e-04)
2671          	(4.854927e-01 8.673535e-06 1.044972e-01)	(4.778302e-01 -9.069134e-07 1.040445e-01)	(7.662453e-03 9.580448e-06 4.527027e-04)
2672          	(4.854932e-01 7.016284e-06 1.045277e-01)	(4.778298e-01 -2.519167e-06 1.040742e-01)	(7.663420e-03 9.535451e-06 4.534690e-04)
2673          	(4.854652e-01 6.138984e-06 1.045465e-01)	(4.778009e-01 -3.343311e-06 1.040922e-01)	(7.664295e-03 9.482295e-06 4.542954e-04)
2674          	(4.855084e-01 4.263534e-06 1.045459e-01)	(4.778431e-01 -5.155301e-06 1.040908e-01)	(7.665260e-03 9.418835e-06 4.550943e-04)
2675          	(4.854929e-01 3.192285e-06 1.045232e-01)	(4.778268e-01 -6.159455e-06 1.040674e-01)	(7.666085e-03 9.351740e-06 4.558209e-04)
2676          	(4.854890e-01 2.459846e-06 1.044912e-01)	(4.778222e-01 -6.818096e-06 1.040348e-01)	(7.666797e-03 9.277942e-06 4.564698e-04)
2677          	(4.854790e-01 2.149399e-06 1.044415e-01)	(4.778116e-01 -7.054470e-06 1.039845e-01)	(7.667370e-03 9.203868e-06 4.570024e-04)
2678          	(4.854666e-01 2.199444e-06 1.043744e-01)	(4.777988e-01 -6.930628e-06 1.039170e-01)	(7.667777e-03 9.130072e-06 4.573803e-04)
2679          	(4.854190e-01 2.763337e-06 1.042930e-01)	(4.777510e-01 -6.294355e-06 1.038354e-01)	(7.667921e-03 9.057692e-06 4.575990e-04)
2680          	(4.854260e-01 3.061222e-06 1.041948e-01)	(4.777580e-01 -5.929146e-06 1.037372e-01)	(7.667971e-03 8.990368e-06 4.576132e-04)
2681          	(4.853015e-01 5.299066e-06 1.040837e-01)	(4.776339e-01 -3.634326e-06 1.036263e-01)	(7.667577e-03 8.933392e-06 4.574567e-04)
2682          	(4.852866e-01 5.627725e-06 1.039713e-01)	(4.776195e-01 -3.248807e-06 1.035142e-01)	(7.667115e-03 8.876532e-06 4.571287e-04)
2683          	(4.852697e-01 5.912836e-06 1.038558e-01)	(4.776031e-01 -2.905097e-06 1.033992e-01)	(7.666623e-03 8.817934e-06 4.566242e-04)
2684          	(4.852511e-01 6.123154e-06 1.037409e-01)	(4.775851e-01 -2.635319e-06 1.032849e-01)	(7.666060e-03 8.758472e-06 4.559740e-04)
2685          	(4.852469e-01 6.118889e-06 1.036295e-01)	(4.775814e-01 -2.586484e-06 1.031743e-01)	(7.665480e-03 8.705372e-06 4.551974e-04)
2686          	(4.852485e-01 6.070378e-06 1.035246e-01)	(4.775836e-01 -2.581622e-06 1.030702e-01)	(7.664908e-03 8.652000e-06 4.543174e-04)
2687          	(4.852431e-01 6.134577e-06 1.034282e-01)	(4.775788e-01 -2.468874e-06 1.029749e-01)	(7.664324e-03 8.603451e-06 4.533683e-04)
2688          	(4.851925e-01 8.527019e-06 1.033421e-01)	(4.775289e-01 -4.863264e-08 1.028897e-01)	(7.663620e-03 8.575652e-06 4.523908e-04)
2689          	(4.851707e-01 9.466268e-06 1.032643e-01)	(4.775077e-01 9.113755e-07 1.028130e-01)	(7.662917e-03 8.554892e-06 4.513929e-04)
2690          	(4.851017e-01 9.239073e-06 1.031957e-01)	(4.774396e-01 7.072994e-07 1.027453e-01)	(7.662122e-03 8.531774e-06 4.504015e-04)
2691          	(4.850639e-01 8.645757e-06 1.031397e-01)	(4.774025e-01 1.376491e-07 1.026902e-01)	(7.661374e-03 8.508108e-06 4.494401e-04)
2692          	(4.850694e-01 7.647471e-06 1.030978e-01)	(4.774086e-01 -8.337169e-07 1.026493e-01)	(7.660819e-03 8.481188e-06 4.485181e-04)
2693          	(4.851010e-01 6.559462e-06 1.030712e-01)	(4.774404e-01 -1.893375e-06 1.026235e-01)	(7.660507e-03 8.452838e-06 4.476637e-04)
2694          	(4.851562e-01 5.572146e-06 1.030609e-01)	(4.774958e-01 -2.853298e-06 1.026140e-01)	(7.660467e-03 8.425444e-06 4.469072e-04)
2695          	(4.852181e-01 4.934389e-06 1.030676e-01)	(4.775574e-01 -3.466499e-06 1.026213e-01)	(7.660671e-03 8.400888e-06 4.462882e-04)
2696          	(4.852702e-01 4.792395e-06 1.030913e-01)	(4.776091e-01 -3.588518e-06 1.026455e-01)	(7.661070e-03 8.380913e-06 4.458436e-04)
2697          	(4.852574e-01 6.363456e-06 1.031311e-01)	(4.775960e-01 -2.011653e-06 1.026855e-01)	(7.661462e-03 8.375108e-06 4.456273e-04)
2698          	(4.852470e-01 7.369139e-06 1.031803e-01)	(4.775851e-01 -1.005438e-06 1.027347e-01)	(7.661877e-03 8.374576e-06 4.456375e-04)
2699          	(4.852420e-01 8.550422e-06 1.032423e-01)	(4.775797e-01 1.680959e-07 1.027964e-01)	(7.662378e-03 8.382326e-06 4.458890e-04)
2700          	(4.852230e-01 9.525530e-06 1.033098e-01)	(4.775601e-01 1.131661e-06 1.028635e-01)	(7.662923e-03 8.393869e-06 4.463707e-04)
2701          	(4.852042e-01 1.036946e-05 1.033829e-01)	(4.775406e-01 1.967148e-06 1.029358e-01)	(7.663528e-03 8.402311e-06 4.470843e-04)
2702          	(4.852060e-01 1.085981e-05 1.034582e-01)	(4.775418e-01 2.448233e-06 1.030102e-01)	(7.664254e-03 8.411579e-06 4.480025e-04)
2703          	(4.851876e-01 1.139234e-05 1.035315e-01)	(4.775226e-01 2.975481e-06 1.030824e-01)	(7.665017e-03 8.416859e-06 4.491042e-04)
2704          	(4.851683e-01 1.181782e-05 1.035994e-01)	(4.775025e-01 3.399083e-06 1.031490e-01)	(7.665786e-03 8.418736e-06 4.503548e-04)
2705          	(4.851467e-01 1.217346e-05 1.036577e-01)	(4.774802e-01 3.755362e-06 1.032060e-01)	(7.666536e-03 8.418095e-06 4.517061e-04)
2706          	(4.851213e-01 1.251052e-05 1.037035e-01)	(4.774541e-01 4.102735e-06 1.032504e-01)	(7.667232e-03 8.407790e-06 4.531036e-04)
2707          	(4.849957e-01 1.368709e-05 1.037302e-01)	(4.773281e-01 5.287555e-06 1.032757e-01)	(7.667571e-03 8.399538e-06 4.545132e-04)
2708          	(4.849770e-01 1.396749e-05 1.037435e-01)	(4.773091e-01 5.582779e-06 1.032876e-01)	(7.667887e-03 8.384708e-06 4.558573e-04)
2709          	(4.849670e-01 1.379538e-05 1.037350e-01)	(4.772988e-01 5.434464e-06 1.032779e-01)	(7.668184e-03 8.360913e-06 4.570624e-04)
2710          	(4.849198e-01 1.440063e-05 1.037130e-01)	(4.772515e-01 6.065379e-06 1.032549e-01)	(7.668299e-03 8.335247e-06 4.581259e-04)
2711          	(4.848524e-01 1.497727e-05 1.036735e-01)	(4.771842e-01 6.674738e-06 1.032145e-01)	(7.668180e-03 8.302533e-06 4.590278e-04)
2712          	(4.847889e-01 1.551773e-05 1.036196e-01)	(4.771211e-01 7.250714e-06 1.031599e-01)	(7.667856e-03 8.267013e-06 4.597440e-04)
2713          	(4.847458e-01 1.598423e-05 1.035535e-01)	(4.770784e-01 7.753690e-06 1.030932e-01)	(7.667409e-03 8.230544e-06 4.602584e-04)
2714          	(4.847353e-01 1.629971e-05 1.034801e-01)	(4.770684e-01 8.105808e-06 1.030195e-01)	(7.666920e-03 8.193900e-06 4.605660e-04)
2715          	(4.846223e-01 1.855681e-05 1.034030e-01)	(4.769562e-01 1.038492e-05 1.029423e-01)	(7.666096e-03 8.171886e-06 4.607220e-04)
2716          	(4.845892e-01 1.844896e-05 1.033231e-01)	(4.769240e-01 1.030562e-05 1.028624e-01)	(7.665212e-03 8.143344e-06 4.607149e-04)
2717          	(4.845613e-01 1.832305e-05 1.032447e-01)	(4.768970e-01 1.021373e-05 1.027841e-01)	(7.664316e-03 8.109320e-06 4.605517e-04)
2718          	(4.845382e-01 1.833064e-05 1.031710e-01)	(4.768748e-01 1.025102e-05 1.027107e-01)	(7.663403e-03 8.079621e-06 4.602673e-04)
2719          	(4.845275e-01 1.857489e-05 1.031048e-01)	(4.768650e-01 1.052018e-05 1.026449e-01)	(7.662512e-03 8.054708e-06 4.598909e-04)
2720          	(4.844388e-01 2.103891e-05 1.030505e-01)	(4.767773e-01 1.298819e-05 1.025911e-01)	(7.661432e-03 8.050718e-06 4.594851e-04)
2721          	(4.844117e-01 2.117675e-05 1.030009e-01)	(4.767513e-01 1.313097e-05 1.025419e-01)	(7.660382e-03 8.045781e-06 4.590390e-04)
2722          	(4.843943e-01 2.139084e-05 1.029638e-01)	(4.767349e-01 1.334928e-05 1.025052e-01)	(7.659421e-03 8.041555e-06 4.585682e-04)
