# Moment      
# CofR        : (0.000000e+00 0.000000e+00 0.000000e+00)
#
# Time        	(total_x total_y total_z)	(pressure_x pressure_y pressure_z)	(viscous_x viscous_y viscous_z)
2239          	(1.203734e-05 3.406040e-02 -6.766516e-05)	(1.196835e-05 3.383521e-02 -6.744219e-05)	(6.898654e-08 2.251822e-04 -2.229649e-07)
2240          	(3.825852e-05 5.254842e-02 -1.522365e-04)	(3.799592e-05 5.225384e-02 -1.516471e-04)	(2.626039e-07 2.945843e-04 -5.893370e-07)
2241          	(-2.484759e-05 5.293504e-02 5.435459e-05)	(-2.514935e-05 5.257191e-02 5.495355e-05)	(3.017626e-07 3.631265e-04 -5.989620e-07)
2242          	(-1.153655e-05 4.312154e-02 1.953029e-04)	(-1.176820e-05 4.272758e-02 1.954106e-04)	(2.316497e-07 3.939600e-04 -1.076375e-07)
2243          	(1.998427e-05 2.714209e-02 1.601705e-04)	(1.974644e-05 2.676813e-02 1.597257e-04)	(2.378279e-07 3.739617e-04 4.448195e-07)
2244          	(4.912892e-05 1.192174e-02 1.099180e-04)	(4.884357e-05 1.162392e-02 1.096280e-04)	(2.853552e-07 2.978228e-04 2.899928e-07)
2245          	(7.290044e-05 1.627511e-03 3.074145e-05)	(7.240212e-05 1.409819e-03 3.003964e-05)	(4.983201e-07 2.176923e-04 7.018058e-07)
2246          	(9.080970e-05 -2.595591e-03 -4.505658e-05)	(9.008518e-05 -2.746752e-03 -4.545877e-05)	(7.245175e-07 1.511619e-04 4.021914e-07)
2247          	(1.103582e-04 -2.202521e-03 -1.953162e-04)	(1.093464e-04 -2.308235e-03 -1.951339e-04)	(1.011795e-06 1.057139e-04 -1.822956e-07)
2248          	(1.171895e-04 1.722915e-03 -2.907857e-04)	(1.158249e-04 1.637007e-03 -2.900293e-04)	(1.364585e-06 8.590825e-05 -7.564312e-07)
2249          	(1.147746e-04 7.580698e-03 -1.903004e-04)	(1.131842e-04 7.491624e-03 -1.894579e-04)	(1.590407e-06 8.907430e-05 -8.424831e-07)
2250          	(8.718225e-05 1.281711e-02 -6.312931e-05)	(8.560785e-05 1.270934e-02 -6.254120e-05)	(1.574399e-06 1.077762e-04 -5.881075e-07)
2251          	(5.211959e-05 1.616803e-02 7.782150e-05)	(5.074789e-05 1.603636e-02 7.780685e-05)	(1.371691e-06 1.316657e-04 1.464632e-08)
2252          	(1.489618e-05 1.711707e-02 1.681332e-04)	(1.382305e-05 1.696625e-02 1.674576e-04)	(1.073131e-06 1.508287e-04 6.756424e-07)
2253          	(-1.536926e-05 1.713541e-02 2.051161e-04)	(-1.605101e-05 1.697197e-02 2.039090e-04)	(6.817501e-07 1.634380e-04 1.207108e-06)
2254          	(-3.183164e-05 1.581108e-02 2.166948e-04)	(-3.212189e-05 1.564307e-02 2.151172e-04)	(2.902479e-07 1.680127e-04 1.577577e-06)
2255          	(-2.420839e-05 1.396848e-02 1.612085e-04)	(-2.426346e-05 1.380292e-02 1.596463e-04)	(5.506878e-08 1.655628e-04 1.562182e-06)
2256          	(-8.429167e-06 1.237562e-02 6.989566e-05)	(-8.434426e-06 1.221651e-02 6.866699e-05)	(5.258586e-09 1.591143e-04 1.228666e-06)
2257          	(2.055500e-07 1.073609e-02 -2.558488e-05)	(1.331375e-07 1.058662e-02 -2.633226e-05)	(7.241244e-08 1.494732e-04 7.473852e-07)
2258          	(2.911206e-05 1.081602e-02 -1.195860e-04)	(2.886022e-05 1.067296e-02 -1.197585e-04)	(2.518413e-07 1.430555e-04 1.724878e-07)
2259          	(6.534865e-05 1.153272e-02 -1.714331e-04)	(6.481850e-05 1.139159e-02 -1.710653e-04)	(5.301508e-07 1.411366e-04 -3.677386e-07)
2260          	(9.016665e-05 1.255970e-02 -1.817208e-04)	(8.933212e-05 1.241658e-02 -1.809244e-04)	(8.345383e-07 1.431156e-04 -7.964488e-07)
2261          	(8.896777e-05 1.317824e-02 -1.527610e-04)	(8.793080e-05 1.303118e-02 -1.517463e-04)	(1.036973e-06 1.470616e-04 -1.014712e-06)
2262          	(7.581027e-05 1.374339e-02 -7.635225e-05)	(7.468103e-05 1.359119e-02 -7.543686e-05)	(1.129240e-06 1.521997e-04 -9.153896e-07)
2263          	(5.807900e-05 1.426168e-02 4.182965e-05)	(5.693036e-05 1.410331e-02 4.232377e-05)	(1.148639e-06 1.583733e-04 -4.941214e-07)
2264          	(3.659247e-05 1.491045e-02 1.644673e-04)	(3.551336e-05 1.474452e-02 1.643528e-04)	(1.079111e-06 1.659266e-04 1.144904e-07)
2265          	(9.828714e-07 1.465005e-02 1.690049e-04)	(1.094092e-07 1.447891e-02 1.684179e-04)	(8.734622e-07 1.711446e-04 5.869896e-07)
2266          	(-3.733310e-05 1.455557e-02 1.170614e-04)	(-3.790607e-05 1.438059e-02 1.162157e-04)	(5.729726e-07 1.749782e-04 8.456902e-07)
2267          	(-6.595408e-05 1.446548e-02 4.568570e-05)	(-6.618798e-05 1.428759e-02 4.483634e-05)	(2.339016e-07 1.778847e-04 8.493553e-07)
2268          	(-7.196423e-05 1.462924e-02 -3.290284e-05)	(-7.191829e-05 1.444827e-02 -3.349833e-05)	(-4.593423e-08 1.809737e-04 5.954903e-07)
2269          	(-6.510036e-05 1.475859e-02 -8.783811e-05)	(-6.487172e-05 1.457443e-02 -8.805122e-05)	(-2.286396e-07 1.841611e-04 2.131172e-07)
2270          	(-4.870865e-05 1.486754e-02 -1.171851e-04)	(-4.842014e-05 1.468023e-02 -1.170021e-04)	(-2.885151e-07 1.873077e-04 -1.830060e-07)
2271          	(-2.689466e-05 1.498932e-02 -1.350870e-04)	(-2.663818e-05 1.479885e-02 -1.345292e-04)	(-2.564866e-07 1.904708e-04 -5.577902e-07)
2272          	(-1.473102e-05 1.514173e-02 -1.446808e-04)	(-1.450866e-05 1.494805e-02 -1.437860e-04)	(-2.223620e-07 1.936830e-04 -8.947732e-07)
2273          	(-5.729271e-06 1.531207e-02 -1.345184e-04)	(-5.540520e-06 1.511508e-02 -1.333646e-04)	(-1.887512e-07 1.969850e-04 -1.153789e-06)
2274          	(-1.985861e-06 1.548932e-02 -1.005639e-04)	(-1.820830e-06 1.528910e-02 -9.929740e-05)	(-1.650305e-07 2.002223e-04 -1.266533e-06)
2275          	(-5.858847e-06 1.566100e-02 -6.448855e-05)	(-5.680796e-06 1.545770e-02 -6.323014e-05)	(-1.780512e-07 2.033002e-04 -1.258410e-06)
2276          	(-1.410574e-05 1.585377e-02 -2.608240e-05)	(-1.389440e-05 1.564746e-02 -2.491895e-05)	(-2.113384e-07 2.063008e-04 -1.163448e-06)
2277          	(-2.339561e-05 1.600669e-02 9.461421e-06)	(-2.312361e-05 1.579756e-02 1.046730e-05)	(-2.720068e-07 2.091261e-04 -1.005880e-06)
2278          	(-3.026357e-05 1.611288e-02 3.932981e-05)	(-2.992429e-05 1.590131e-02 4.013963e-05)	(-3.392782e-07 2.115731e-04 -8.098215e-07)
2279          	(-3.305366e-05 1.617923e-02 5.831079e-05)	(-3.264611e-05 1.596568e-02 5.891870e-05)	(-4.075452e-07 2.135434e-04 -6.079131e-07)
2280          	(-2.332783e-05 1.618710e-02 8.106831e-05)	(-2.291174e-05 1.597210e-02 8.144710e-05)	(-4.160929e-07 2.150093e-04 -3.787903e-07)
2281          	(-4.625602e-05 1.621760e-02 5.675891e-05)	(-4.570239e-05 1.600137e-02 5.706333e-05)	(-5.536276e-07 2.162349e-04 -3.044171e-07)
2282          	(-3.381929e-05 1.623486e-02 3.709213e-05)	(-3.320492e-05 1.601743e-02 3.734940e-05)	(-6.143608e-07 2.174242e-04 -2.572711e-07)
2283          	(-2.256320e-05 1.622520e-02 1.037219e-05)	(-2.191888e-05 1.600656e-02 1.068465e-05)	(-6.443223e-07 2.186396e-04 -3.124556e-07)
2284          	(-1.313740e-05 1.625378e-02 6.118653e-06)	(-1.249292e-05 1.603390e-02 6.452030e-06)	(-6.444834e-07 2.198870e-04 -3.333770e-07)
2285          	(-4.354388e-06 1.631411e-02 2.543022e-06)	(-3.730495e-06 1.609281e-02 2.872313e-06)	(-6.238921e-07 2.213002e-04 -3.292915e-07)
2286          	(1.797178e-06 1.639082e-02 2.594387e-06)	(2.382674e-06 1.616792e-02 2.903979e-06)	(-5.854958e-07 2.229012e-04 -3.095925e-07)
2287          	(5.310745e-06 1.644000e-02 1.766783e-06)	(5.864530e-06 1.621549e-02 2.041527e-06)	(-5.537846e-07 2.245112e-04 -2.747435e-07)
2288          	(4.501132e-06 1.648614e-02 3.428345e-06)	(5.049428e-06 1.625999e-02 3.648925e-06)	(-5.482968e-07 2.261467e-04 -2.205795e-07)
2289          	(1.494381e-06 1.656195e-02 1.417568e-05)	(2.037574e-06 1.633421e-02 1.430011e-05)	(-5.431927e-07 2.277407e-04 -1.244281e-07)
2290          	(-1.165459e-05 1.657693e-02 3.677187e-05)	(-1.107358e-05 1.634783e-02 3.671728e-05)	(-5.810117e-07 2.290994e-04 5.459168e-08)
2291          	(-2.754397e-05 1.653783e-02 5.466401e-05)	(-2.688015e-05 1.630767e-02 5.439810e-05)	(-6.638170e-07 2.301547e-04 2.659192e-07)
2292          	(-4.474366e-05 1.644662e-02 6.624397e-05)	(-4.395070e-05 1.621590e-02 6.577420e-05)	(-7.929547e-07 2.307228e-04 4.697735e-07)
2293          	(-6.085178e-05 1.632227e-02 6.676652e-05)	(-5.990773e-05 1.609148e-02 6.614165e-05)	(-9.440451e-07 2.307925e-04 6.248772e-07)
2294          	(-7.218973e-05 1.619454e-02 6.572700e-05)	(-7.109693e-05 1.596407e-02 6.500082e-05)	(-1.092794e-06 2.304759e-04 7.261792e-07)
2295          	(-8.450444e-05 1.606067e-02 5.346609e-05)	(-8.326418e-05 1.583097e-02 5.269657e-05)	(-1.240265e-06 2.297036e-04 7.695157e-07)
2296          	(-9.174599e-05 1.595413e-02 5.041737e-05)	(-9.038240e-05 1.572550e-02 4.963082e-05)	(-1.363588e-06 2.286316e-04 7.865464e-07)
2297          	(-9.961176e-05 1.588535e-02 3.891233e-05)	(-9.813737e-05 1.565789e-02 3.815872e-05)	(-1.474383e-06 2.274561e-04 7.536093e-07)
2298          	(-1.035979e-04 1.582494e-02 2.657505e-05)	(-1.020341e-04 1.559869e-02 2.590143e-05)	(-1.563784e-06 2.262457e-04 6.736245e-07)
2299          	(-1.030637e-04 1.576173e-02 1.494490e-05)	(-1.014419e-04 1.553670e-02 1.437429e-05)	(-1.621784e-06 2.250290e-04 5.706075e-07)
2300          	(-9.746927e-05 1.568000e-02 6.499388e-06)	(-9.582781e-05 1.545628e-02 6.028197e-06)	(-1.641457e-06 2.237262e-04 4.711909e-07)
2301          	(-8.756341e-05 1.556626e-02 7.275783e-06)	(-8.594262e-05 1.534407e-02 6.875264e-06)	(-1.620789e-06 2.221935e-04 4.005189e-07)
2302          	(-7.623468e-05 1.542531e-02 1.396488e-05)	(-7.466053e-05 1.520496e-02 1.359740e-05)	(-1.574147e-06 2.203456e-04 3.674825e-07)
2303          	(-6.680416e-05 1.527321e-02 2.444781e-05)	(-6.528214e-05 1.505503e-02 2.407235e-05)	(-1.522021e-06 2.181861e-04 3.754602e-07)
2304          	(-5.857981e-05 1.511078e-02 4.371052e-05)	(-5.711191e-05 1.489506e-02 4.327478e-05)	(-1.467903e-06 2.157272e-04 4.357436e-07)
2305          	(-5.395528e-05 1.495080e-02 6.466855e-05)	(-5.252644e-05 1.473778e-02 6.413671e-05)	(-1.428845e-06 2.130257e-04 5.318401e-07)
2306          	(-5.424642e-05 1.480495e-02 8.253919e-05)	(-5.283208e-05 1.459478e-02 8.190047e-05)	(-1.414345e-06 2.101756e-04 6.387188e-07)
2307          	(-5.798997e-05 1.469153e-02 1.024931e-04)	(-5.657617e-05 1.448420e-02 1.017407e-04)	(-1.413801e-06 2.073282e-04 7.524390e-07)
2308          	(-6.223154e-05 1.453797e-02 1.102150e-04)	(-6.080370e-05 1.433362e-02 1.093691e-04)	(-1.427836e-06 2.043540e-04 8.458187e-07)
2309          	(-6.523122e-05 1.437942e-02 1.144589e-04)	(-6.377694e-05 1.417811e-02 1.135320e-04)	(-1.454282e-06 2.013086e-04 9.268985e-07)
2310          	(-6.718480e-05 1.421148e-02 1.109153e-04)	(-6.570535e-05 1.401327e-02 1.099413e-04)	(-1.479453e-06 1.982063e-04 9.740703e-07)
2311          	(-6.636354e-05 1.411545e-02 1.106052e-04)	(-6.486414e-05 1.392011e-02 1.095885e-04)	(-1.499400e-06 1.953352e-04 1.016670e-06)
2312          	(-6.420462e-05 1.389186e-02 9.313490e-05)	(-6.270648e-05 1.369965e-02 9.213337e-05)	(-1.498137e-06 1.922114e-04 1.001529e-06)
2313          	(-6.073823e-05 1.367031e-02 7.455401e-05)	(-5.924810e-05 1.348120e-02 7.359004e-05)	(-1.490126e-06 1.891070e-04 9.639723e-07)
2314          	(-5.671239e-05 1.346658e-02 5.769873e-05)	(-5.525475e-05 1.328056e-02 5.680384e-05)	(-1.457642e-06 1.860231e-04 8.948905e-07)
2315          	(-5.260515e-05 1.329196e-02 4.353279e-05)	(-5.120470e-05 1.310889e-02 4.272616e-05)	(-1.400454e-06 1.830764e-04 8.066302e-07)
2316          	(-4.815939e-05 1.313924e-02 3.430208e-05)	(-4.683727e-05 1.295893e-02 3.357440e-05)	(-1.322124e-06 1.803045e-04 7.276848e-07)
2317          	(-4.194028e-05 1.305977e-02 3.263524e-05)	(-4.070396e-05 1.288190e-02 3.194591e-05)	(-1.236323e-06 1.778681e-04 6.893311e-07)
2318          	(-3.585101e-05 1.291069e-02 3.045859e-05)	(-3.473450e-05 1.273529e-02 2.978294e-05)	(-1.116510e-06 1.754048e-04 6.756443e-07)
2319          	(-2.866000e-05 1.276951e-02 2.981343e-05)	(-2.767836e-05 1.259641e-02 2.912823e-05)	(-9.816430e-07 1.731003e-04 6.851985e-07)
2320          	(-2.069585e-05 1.263972e-02 3.041988e-05)	(-1.988213e-05 1.246888e-02 2.971871e-05)	(-8.137186e-07 1.708409e-04 7.011642e-07)
2321          	(-1.241803e-05 1.252140e-02 3.161950e-05)	(-1.179458e-05 1.235278e-02 3.089824e-05)	(-6.234415e-07 1.686206e-04 7.212643e-07)
2322          	(-4.096094e-06 1.240908e-02 3.405790e-05)	(-3.677390e-06 1.224268e-02 3.331481e-05)	(-4.187040e-07 1.664074e-04 7.430868e-07)
2323          	(-2.213770e-06 1.233800e-02 3.500056e-05)	(-1.983110e-06 1.217368e-02 3.424836e-05)	(-2.306597e-07 1.643193e-04 7.522038e-07)
2324          	(8.068055e-06 1.224186e-02 3.702566e-05)	(8.083657e-06 1.207968e-02 3.627066e-05)	(-1.560261e-08 1.621896e-04 7.550019e-07)
2325          	(1.730955e-05 1.215407e-02 3.989531e-05)	(1.712636e-05 1.199398e-02 3.911838e-05)	(1.831891e-07 1.600913e-04 7.769344e-07)
2326          	(2.434425e-05 1.207952e-02 4.019347e-05)	(2.397163e-05 1.192147e-02 3.940212e-05)	(3.726202e-07 1.580462e-04 7.913561e-07)
2327          	(2.914438e-05 1.202639e-02 3.948771e-05)	(2.859593e-05 1.187027e-02 3.869633e-05)	(5.484540e-07 1.561157e-04 7.913832e-07)
2328          	(3.310880e-05 1.198199e-02 3.654344e-05)	(3.239344e-05 1.182767e-02 3.577927e-05)	(7.153585e-07 1.543155e-04 7.641749e-07)
2329          	(3.511414e-05 1.194083e-02 2.774496e-05)	(3.424524e-05 1.178824e-02 2.704571e-05)	(8.689022e-07 1.525949e-04 6.992499e-07)
2330          	(3.760730e-05 1.191688e-02 1.983881e-05)	(3.661936e-05 1.176596e-02 1.919918e-05)	(9.879370e-07 1.509166e-04 6.396254e-07)
2331          	(3.907642e-05 1.189686e-02 5.873664e-06)	(3.798945e-05 1.174749e-02 5.320763e-06)	(1.086968e-06 1.493719e-04 5.529010e-07)
2332          	(4.878928e-05 1.187953e-02 -7.941756e-07)	(4.758080e-05 1.173152e-02 -1.259988e-06)	(1.208479e-06 1.480184e-04 4.658121e-07)
2333          	(5.028426e-05 1.188756e-02 -7.874446e-06)	(4.897372e-05 1.174065e-02 -8.251019e-06)	(1.310541e-06 1.469056e-04 3.765727e-07)
2334          	(5.023018e-05 1.189709e-02 -1.497248e-05)	(4.884477e-05 1.175124e-02 -1.527494e-05)	(1.385412e-06 1.458537e-04 3.024619e-07)
2335          	(5.903111e-05 1.189969e-02 -2.238029e-05)	(5.755340e-05 1.175467e-02 -2.261932e-05)	(1.477717e-06 1.450225e-04 2.390313e-07)
2336          	(5.689958e-05 1.193433e-02 -2.660440e-05)	(5.535554e-05 1.178983e-02 -2.678121e-05)	(1.544045e-06 1.444907e-04 1.768078e-07)
2337          	(5.372397e-05 1.197267e-02 -3.045925e-05)	(5.212481e-05 1.182858e-02 -3.057616e-05)	(1.599164e-06 1.440957e-04 1.169034e-07)
2338          	(5.712492e-05 1.198974e-02 -3.666312e-05)	(5.545764e-05 1.184586e-02 -3.671087e-05)	(1.667289e-06 1.438804e-04 4.775358e-08)
2339          	(5.065286e-05 1.203398e-02 -3.777873e-05)	(4.896114e-05 1.189006e-02 -3.776224e-05)	(1.691717e-06 1.439171e-04 -1.648841e-08)
2340          	(4.407311e-05 1.207699e-02 -3.913101e-05)	(4.237842e-05 1.193291e-02 -3.905304e-05)	(1.694686e-06 1.440749e-04 -7.797332e-08)
2341          	(4.195882e-05 1.209657e-02 -4.410262e-05)	(4.026117e-05 1.195221e-02 -4.394453e-05)	(1.697642e-06 1.443554e-04 -1.580902e-07)
2342          	(3.446473e-05 1.213711e-02 -4.336024e-05)	(3.279536e-05 1.199228e-02 -4.313007e-05)	(1.669370e-06 1.448227e-04 -2.301793e-07)
2343          	(2.742884e-05 1.216584e-02 -4.301022e-05)	(2.579693e-05 1.202050e-02 -4.271268e-05)	(1.631914e-06 1.453459e-04 -2.975358e-07)
2344          	(2.069062e-05 1.218360e-02 -4.631935e-05)	(1.910115e-05 1.203769e-02 -4.595337e-05)	(1.589465e-06 1.459119e-04 -3.659769e-07)
2345          	(1.514963e-05 1.221882e-02 -4.483797e-05)	(1.361391e-05 1.207223e-02 -4.442022e-05)	(1.535715e-06 1.465865e-04 -4.177437e-07)
2346          	(1.038876e-05 1.225330e-02 -4.387136e-05)	(8.897087e-06 1.210599e-02 -4.340961e-05)	(1.491677e-06 1.473112e-04 -4.617501e-07)
2347          	(2.350432e-06 1.227354e-02 -4.490241e-05)	(9.174727e-07 1.212553e-02 -4.439069e-05)	(1.432959e-06 1.480078e-04 -5.117174e-07)
2348          	(-5.868598e-07 1.231248e-02 -4.428556e-05)	(-1.946736e-06 1.216372e-02 -4.372374e-05)	(1.359876e-06 1.487632e-04 -5.618209e-07)
2349          	(-2.821638e-06 1.235307e-02 -4.447395e-05)	(-4.112673e-06 1.220352e-02 -4.387070e-05)	(1.291035e-06 1.495442e-04 -6.032487e-07)
2350          	(-8.201906e-06 1.237955e-02 -4.448952e-05)	(-9.404566e-06 1.222928e-02 -4.383942e-05)	(1.202660e-06 1.502773e-04 -6.501035e-07)
2351          	(-9.215114e-06 1.242567e-02 -4.614851e-05)	(-1.031519e-05 1.227460e-02 -4.543886e-05)	(1.100080e-06 1.510700e-04 -7.096497e-07)
2352          	(-1.138684e-05 1.245581e-02 -4.633040e-05)	(-1.238766e-05 1.230400e-02 -4.557966e-05)	(1.000814e-06 1.518144e-04 -7.507446e-07)
2353          	(-1.181183e-05 1.250589e-02 -4.949910e-05)	(-1.270979e-05 1.235326e-02 -4.869524e-05)	(8.979664e-07 1.526283e-04 -8.038588e-07)
2354          	(-1.207394e-05 1.255393e-02 -5.257793e-05)	(-1.288082e-05 1.240045e-02 -5.173655e-05)	(8.068808e-07 1.534725e-04 -8.413794e-07)
2355          	(-1.044994e-05 1.258174e-02 -5.246749e-05)	(-1.117354e-05 1.242748e-02 -5.159513e-05)	(7.235936e-07 1.542534e-04 -8.723626e-07)
2356          	(-1.230641e-05 1.262644e-02 -5.573649e-05)	(-1.294270e-05 1.247138e-02 -5.481213e-05)	(6.362917e-07 1.550560e-04 -9.243622e-07)
2357          	(-9.995333e-06 1.265141e-02 -5.589801e-05)	(-1.056373e-05 1.249562e-02 -5.493672e-05)	(5.683970e-07 1.557899e-04 -9.612848e-07)
2358          	(-1.337164e-05 1.269236e-02 -5.920138e-05)	(-1.386314e-05 1.253583e-02 -5.821964e-05)	(4.915014e-07 1.565298e-04 -9.817395e-07)
2359          	(-1.564995e-05 1.272880e-02 -6.212019e-05)	(-1.605549e-05 1.257155e-02 -6.113482e-05)	(4.055389e-07 1.572525e-04 -9.853711e-07)
2360          	(-1.121654e-05 1.274705e-02 -6.345574e-05)	(-1.156166e-05 1.258917e-02 -6.246681e-05)	(3.451193e-07 1.578833e-04 -9.889335e-07)
2361          	(-1.391066e-05 1.277781e-02 -6.628073e-05)	(-1.419461e-05 1.261933e-02 -6.528736e-05)	(2.839449e-07 1.584771e-04 -9.933745e-07)
2362          	(-9.956366e-06 1.279336e-02 -6.916147e-05)	(-1.018535e-05 1.263437e-02 -6.819379e-05)	(2.289870e-07 1.589986e-04 -9.676895e-07)
2363          	(-1.302095e-05 1.282065e-02 -7.227166e-05)	(-1.319949e-05 1.266117e-02 -7.129706e-05)	(1.785463e-07 1.594830e-04 -9.745994e-07)
2364          	(-1.435652e-05 1.284443e-02 -7.593730e-05)	(-1.448979e-05 1.268450e-02 -7.493909e-05)	(1.332691e-07 1.599364e-04 -9.982108e-07)
2365          	(-1.068528e-05 1.285593e-02 -8.054899e-05)	(-1.078499e-05 1.269561e-02 -7.954053e-05)	(9.970936e-08 1.603209e-04 -1.008461e-06)
2366          	(-1.086249e-05 1.287617e-02 -8.439483e-05)	(-1.093766e-05 1.271551e-02 -8.336665e-05)	(7.517270e-08 1.606685e-04 -1.028180e-06)
2367          	(-9.865230e-06 1.289365e-02 -8.850413e-05)	(-9.927278e-06 1.273268e-02 -8.745899e-05)	(6.204835e-08 1.609766e-04 -1.045148e-06)
2368          	(-6.950470e-06 1.290223e-02 -9.303793e-05)	(-7.000600e-06 1.274100e-02 -9.196033e-05)	(5.013060e-08 1.612300e-04 -1.077599e-06)
2369          	(-5.910289e-06 1.292111e-02 -9.718094e-05)	(-5.962731e-06 1.275964e-02 -9.605430e-05)	(5.244244e-08 1.614720e-04 -1.126642e-06)
2370          	(-4.618274e-06 1.293529e-02 -1.011656e-04)	(-4.679937e-06 1.277361e-02 -9.999475e-05)	(6.166317e-08 1.616838e-04 -1.170870e-06)
2371          	(-2.985791e-06 1.294037e-02 -1.046242e-04)	(-3.058640e-06 1.277852e-02 -1.034060e-04)	(7.284917e-08 1.618504e-04 -1.218220e-06)
2372          	(-2.436973e-06 1.294924e-02 -1.075621e-04)	(-2.518659e-06 1.278726e-02 -1.062602e-04)	(8.168544e-08 1.619872e-04 -1.301928e-06)
2373          	(-2.792998e-06 1.295593e-02 -1.101123e-04)	(-2.895670e-06 1.279384e-02 -1.087342e-04)	(1.026726e-07 1.620939e-04 -1.378131e-06)
2374          	(-3.863279e-06 1.295938e-02 -1.122836e-04)	(-4.003454e-06 1.279721e-02 -1.108443e-04)	(1.401758e-07 1.621752e-04 -1.439310e-06)
2375          	(-5.502542e-06 1.295957e-02 -1.141520e-04)	(-5.691377e-06 1.279733e-02 -1.126630e-04)	(1.888349e-07 1.622358e-04 -1.488992e-06)
2376          	(-5.377277e-06 1.295612e-02 -1.161746e-04)	(-5.612944e-06 1.279383e-02 -1.146465e-04)	(2.356665e-07 1.622868e-04 -1.528086e-06)
2377          	(-9.243743e-06 1.295089e-02 -1.169832e-04)	(-9.487611e-06 1.278858e-02 -1.154107e-04)	(2.438683e-07 1.623077e-04 -1.572429e-06)
2378          	(-1.303294e-05 1.294346e-02 -1.176260e-04)	(-1.325774e-05 1.278116e-02 -1.160198e-04)	(2.247973e-07 1.622983e-04 -1.606205e-06)
2379          	(-1.615470e-05 1.293400e-02 -1.182178e-04)	(-1.634788e-05 1.277175e-02 -1.165748e-04)	(1.931833e-07 1.622498e-04 -1.643010e-06)
2380          	(-1.843496e-05 1.292271e-02 -1.189256e-04)	(-1.859839e-05 1.276055e-02 -1.172399e-04)	(1.634332e-07 1.621627e-04 -1.685741e-06)
2381          	(-1.996504e-05 1.290963e-02 -1.196916e-04)	(-2.009870e-05 1.274759e-02 -1.179640e-04)	(1.336609e-07 1.620370e-04 -1.727591e-06)
2382          	(-2.103950e-05 1.289488e-02 -1.205053e-04)	(-2.114983e-05 1.273301e-02 -1.187516e-04)	(1.103313e-07 1.618724e-04 -1.753694e-06)
2383          	(-2.194859e-05 1.287859e-02 -1.213837e-04)	(-2.203737e-05 1.271692e-02 -1.196096e-04)	(8.877779e-08 1.616691e-04 -1.774101e-06)
2384          	(-2.312637e-05 1.285696e-02 -1.219647e-04)	(-2.320173e-05 1.269554e-02 -1.201797e-04)	(7.535874e-08 1.614140e-04 -1.784992e-06)
2385          	(-2.418062e-05 1.283764e-02 -1.235302e-04)	(-2.424741e-05 1.267651e-02 -1.217462e-04)	(6.679231e-08 1.611340e-04 -1.783963e-06)
2386          	(-2.563210e-05 1.281495e-02 -1.265311e-04)	(-2.568387e-05 1.265413e-02 -1.247514e-04)	(5.177295e-08 1.608234e-04 -1.779645e-06)
2387          	(-2.658851e-05 1.279686e-02 -1.267120e-04)	(-2.662113e-05 1.263635e-02 -1.249477e-04)	(3.262284e-08 1.605101e-04 -1.764319e-06)
2388          	(-2.776828e-05 1.277934e-02 -1.266069e-04)	(-2.777042e-05 1.261914e-02 -1.248617e-04)	(2.137953e-09 1.601958e-04 -1.745160e-06)
2389          	(-2.952305e-05 1.275864e-02 -1.274619e-04)	(-2.948043e-05 1.259877e-02 -1.257384e-04)	(-4.261968e-08 1.598656e-04 -1.723493e-06)
2390          	(-3.131260e-05 1.274347e-02 -1.268129e-04)	(-3.121698e-05 1.258392e-02 -1.251103e-04)	(-9.561501e-08 1.595469e-04 -1.702612e-06)
2391          	(-3.359827e-05 1.272904e-02 -1.263241e-04)	(-3.344368e-05 1.256980e-02 -1.246385e-04)	(-1.545895e-07 1.592389e-04 -1.685554e-06)
2392          	(-3.649974e-05 1.271260e-02 -1.268455e-04)	(-3.628089e-05 1.255367e-02 -1.251662e-04)	(-2.188538e-07 1.589288e-04 -1.679331e-06)
2393          	(-3.957672e-05 1.270024e-02 -1.265619e-04)	(-3.929034e-05 1.254161e-02 -1.248853e-04)	(-2.863804e-07 1.586347e-04 -1.676539e-06)
2394          	(-4.296996e-05 1.268843e-02 -1.263947e-04)	(-4.261428e-05 1.253008e-02 -1.247191e-04)	(-3.556766e-07 1.583548e-04 -1.675566e-06)
2395          	(-4.654292e-05 1.267717e-02 -1.263129e-04)	(-4.611653e-05 1.251908e-02 -1.246384e-04)	(-4.263963e-07 1.580867e-04 -1.674534e-06)
2396          	(-5.013256e-05 1.266658e-02 -1.262583e-04)	(-4.963511e-05 1.250875e-02 -1.245841e-04)	(-4.974426e-07 1.578297e-04 -1.674200e-06)
2397          	(-5.358974e-05 1.265683e-02 -1.261814e-04)	(-5.302164e-05 1.249925e-02 -1.245056e-04)	(-5.681008e-07 1.575845e-04 -1.675750e-06)
2398          	(-5.678574e-05 1.264808e-02 -1.260328e-04)	(-5.614960e-05 1.249073e-02 -1.243563e-04)	(-6.361395e-07 1.573518e-04 -1.676491e-06)
2399          	(-5.962662e-05 1.264047e-02 -1.257959e-04)	(-5.892962e-05 1.248333e-02 -1.241233e-04)	(-6.970023e-07 1.571329e-04 -1.672626e-06)
2400          	(-6.203975e-05 1.263409e-02 -1.254500e-04)	(-6.128886e-05 1.247716e-02 -1.237788e-04)	(-7.508984e-07 1.569292e-04 -1.671159e-06)
2401          	(-6.395895e-05 1.262903e-02 -1.249888e-04)	(-6.315910e-05 1.247229e-02 -1.233186e-04)	(-7.998474e-07 1.567425e-04 -1.670181e-06)
2402          	(-6.536619e-05 1.262532e-02 -1.243925e-04)	(-6.452142e-05 1.246875e-02 -1.227216e-04)	(-8.447671e-07 1.565741e-04 -1.670894e-06)
2403          	(-6.624101e-05 1.262298e-02 -1.236572e-04)	(-6.535462e-05 1.246656e-02 -1.219851e-04)	(-8.863981e-07 1.564242e-04 -1.672084e-06)
2404          	(-6.658389e-05 1.262202e-02 -1.227835e-04)	(-6.566094e-05 1.246572e-02 -1.211136e-04)	(-9.229508e-07 1.562937e-04 -1.669875e-06)
2405          	(-6.642237e-05 1.262245e-02 -1.218264e-04)	(-6.546849e-05 1.246627e-02 -1.201618e-04)	(-9.538752e-07 1.561828e-04 -1.664561e-06)
2406          	(-6.578990e-05 1.262336e-02 -1.200697e-04)	(-6.481124e-05 1.246727e-02 -1.184182e-04)	(-9.786566e-07 1.560878e-04 -1.651452e-06)
2407          	(-6.466947e-05 1.262602e-02 -1.184532e-04)	(-6.367145e-05 1.247001e-02 -1.168209e-04)	(-9.980272e-07 1.560126e-04 -1.632304e-06)
2408          	(-6.322180e-05 1.263242e-02 -1.179445e-04)	(-6.220774e-05 1.247645e-02 -1.163335e-04)	(-1.014053e-06 1.559670e-04 -1.611083e-06)
2409          	(-6.142067e-05 1.263646e-02 -1.170552e-04)	(-6.039373e-05 1.248052e-02 -1.154712e-04)	(-1.026943e-06 1.559350e-04 -1.583984e-06)
2410          	(-5.940807e-05 1.264176e-02 -1.160890e-04)	(-5.836990e-05 1.248585e-02 -1.145366e-04)	(-1.038168e-06 1.559182e-04 -1.552399e-06)
2411          	(-5.721547e-05 1.264841e-02 -1.150796e-04)	(-5.616752e-05 1.249249e-02 -1.135646e-04)	(-1.047954e-06 1.559197e-04 -1.514990e-06)
2412          	(-5.488752e-05 1.265848e-02 -1.140073e-04)	(-5.383033e-05 1.250253e-02 -1.125339e-04)	(-1.057187e-06 1.559488e-04 -1.473434e-06)
2413          	(-5.244513e-05 1.266884e-02 -1.126995e-04)	(-5.137927e-05 1.251284e-02 -1.112726e-04)	(-1.065863e-06 1.560002e-04 -1.426832e-06)
2414          	(-4.994712e-05 1.267930e-02 -1.111693e-04)	(-4.887337e-05 1.252323e-02 -1.097958e-04)	(-1.073749e-06 1.560695e-04 -1.373552e-06)
2415          	(-4.745280e-05 1.268983e-02 -1.094787e-04)	(-4.637312e-05 1.253367e-02 -1.081603e-04)	(-1.079679e-06 1.561541e-04 -1.318337e-06)
2416          	(-4.497259e-05 1.270048e-02 -1.076469e-04)	(-4.389014e-05 1.254422e-02 -1.063849e-04)	(-1.082452e-06 1.562523e-04 -1.261997e-06)
2417          	(-4.251952e-05 1.271131e-02 -1.057346e-04)	(-4.143788e-05 1.255495e-02 -1.045270e-04)	(-1.081643e-06 1.563632e-04 -1.207639e-06)
2418          	(-4.009096e-05 1.272179e-02 -1.037910e-04)	(-3.901443e-05 1.256531e-02 -1.026356e-04)	(-1.076530e-06 1.564839e-04 -1.155411e-06)
2419          	(-3.763658e-05 1.273297e-02 -1.017894e-04)	(-3.657078e-05 1.257636e-02 -1.006847e-04)	(-1.065801e-06 1.566158e-04 -1.104723e-06)
2420          	(-3.510681e-05 1.274478e-02 -9.972017e-05)	(-3.405746e-05 1.258802e-02 -9.866322e-05)	(-1.049345e-06 1.567600e-04 -1.056946e-06)
2421          	(-3.248265e-05 1.275709e-02 -9.756652e-05)	(-3.145596e-05 1.260017e-02 -9.655505e-05)	(-1.026685e-06 1.569156e-04 -1.011475e-06)
2422          	(-2.973889e-05 1.276969e-02 -9.529847e-05)	(-2.874112e-05 1.261261e-02 -9.432878e-05)	(-9.977709e-07 1.570815e-04 -9.696926e-07)
2423          	(-2.687312e-05 1.278245e-02 -9.288682e-05)	(-2.591005e-05 1.262520e-02 -9.195683e-05)	(-9.630727e-07 1.572559e-04 -9.299930e-07)
2424          	(-2.387308e-05 1.279511e-02 -9.033811e-05)	(-2.295078e-05 1.263767e-02 -8.944684e-05)	(-9.222949e-07 1.574369e-04 -8.912743e-07)
2425          	(-2.075811e-05 1.280749e-02 -8.768432e-05)	(-1.988175e-05 1.264987e-02 -8.682886e-05)	(-8.763675e-07 1.576220e-04 -8.554642e-07)
2426          	(-1.754730e-05 1.281949e-02 -8.497315e-05)	(-1.672099e-05 1.266169e-02 -8.414982e-05)	(-8.263095e-07 1.578089e-04 -8.233285e-07)
2427          	(-1.426592e-05 1.283104e-02 -8.224864e-05)	(-1.349246e-05 1.267304e-02 -8.145253e-05)	(-7.734615e-07 1.579959e-04 -7.961100e-07)
2428          	(-1.092121e-05 1.284207e-02 -7.954505e-05)	(-1.020280e-05 1.268388e-02 -7.877201e-05)	(-7.184180e-07 1.581815e-04 -7.730346e-07)
2429          	(-7.514981e-06 1.285272e-02 -7.687450e-05)	(-6.853617e-06 1.269435e-02 -7.612239e-05)	(-6.613639e-07 1.583649e-04 -7.521091e-07)
2430          	(-4.053617e-06 1.286274e-02 -7.427187e-05)	(-3.450270e-06 1.270420e-02 -7.353822e-05)	(-6.033467e-07 1.585446e-04 -7.336459e-07)
2431          	(-5.356662e-07 1.287211e-02 -7.172931e-05)	(8.873036e-09 1.271339e-02 -7.101313e-05)	(-5.445393e-07 1.587193e-04 -7.161800e-07)
2432          	(3.027973e-06 1.288083e-02 -6.922423e-05)	(3.513667e-06 1.272195e-02 -6.852367e-05)	(-4.856942e-07 1.588882e-04 -7.005592e-07)
2433          	(6.623237e-06 1.288888e-02 -6.671953e-05)	(7.050404e-06 1.272983e-02 -6.603455e-05)	(-4.271673e-07 1.590503e-04 -6.849859e-07)
2434          	(1.021323e-05 1.289623e-02 -6.417881e-05)	(1.058260e-05 1.273703e-02 -6.351235e-05)	(-3.693719e-07 1.592050e-04 -6.664576e-07)
2435          	(1.376454e-05 1.290286e-02 -6.154083e-05)	(1.407797e-05 1.274351e-02 -6.089550e-05)	(-3.134355e-07 1.593515e-04 -6.453286e-07)
2436          	(1.723857e-05 1.290872e-02 -5.874628e-05)	(1.749890e-05 1.274923e-02 -5.812732e-05)	(-2.603212e-07 1.594889e-04 -6.189619e-07)
2437          	(2.057898e-05 1.291378e-02 -5.576019e-05)	(2.078972e-05 1.275416e-02 -5.517267e-05)	(-2.107437e-07 1.596165e-04 -5.875251e-07)
2438          	(2.369280e-05 1.291800e-02 -5.268597e-05)	(2.385770e-05 1.275826e-02 -5.213540e-05)	(-1.648982e-07 1.597333e-04 -5.505680e-07)
2439          	(2.653135e-05 1.292135e-02 -4.943518e-05)	(2.665382e-05 1.276151e-02 -4.892911e-05)	(-1.224726e-07 1.598387e-04 -5.060669e-07)
2440          	(2.906280e-05 1.292366e-02 -4.588627e-05)	(2.914607e-05 1.276373e-02 -4.543105e-05)	(-8.327098e-08 1.599308e-04 -4.552186e-07)
2441          	(3.116971e-05 1.292509e-02 -4.228609e-05)	(3.121666e-05 1.276508e-02 -4.188622e-05)	(-4.694483e-08 1.600088e-04 -3.998693e-07)
2442          	(3.279937e-05 1.292561e-02 -3.871192e-05)	(3.281311e-05 1.276554e-02 -3.837165e-05)	(-1.373594e-08 1.600719e-04 -3.402678e-07)
2443          	(3.395616e-05 1.292517e-02 -3.520220e-05)	(3.394015e-05 1.276505e-02 -3.492358e-05)	(1.601175e-08 1.601191e-04 -2.786153e-07)
2444          	(3.471553e-05 1.292373e-02 -3.177845e-05)	(3.467284e-05 1.276358e-02 -3.156287e-05)	(4.269604e-08 1.601493e-04 -2.155799e-07)
2445          	(3.514555e-05 1.292122e-02 -2.874027e-05)	(3.507892e-05 1.276106e-02 -2.858952e-05)	(6.662818e-08 1.601610e-04 -1.507467e-07)
2446          	(3.541464e-05 1.291759e-02 -2.567299e-05)	(3.532626e-05 1.275744e-02 -2.558728e-05)	(8.838081e-08 1.601530e-04 -8.571874e-08)
2447          	(3.564714e-05 1.291312e-02 -2.240197e-05)	(3.553827e-05 1.275299e-02 -2.238192e-05)	(1.088651e-07 1.601253e-04 -2.004823e-08)
2448          	(3.591987e-05 1.290739e-02 -1.903480e-05)	(3.579131e-05 1.274731e-02 -1.907997e-05)	(1.285602e-07 1.600764e-04 4.516445e-08)
2449          	(3.632013e-05 1.290021e-02 -1.554873e-05)	(3.617197e-05 1.274020e-02 -1.565913e-05)	(1.481601e-07 1.600048e-04 1.104057e-07)
2450          	(3.687516e-05 1.289192e-02 -1.207001e-05)	(3.670776e-05 1.273201e-02 -1.224291e-05)	(1.674049e-07 1.599112e-04 1.728963e-07)
2451          	(3.760029e-05 1.288270e-02 -8.631612e-06)	(3.741418e-05 1.272290e-02 -8.863493e-06)	(1.861044e-07 1.597966e-04 2.318808e-07)
2452          	(3.849478e-05 1.287268e-02 -5.343457e-06)	(3.829047e-05 1.271301e-02 -5.631412e-06)	(2.043130e-07 1.596629e-04 2.879550e-07)
2453          	(3.956158e-05 1.286208e-02 -2.229831e-06)	(3.933994e-05 1.270256e-02 -2.569549e-06)	(2.216435e-07 1.595123e-04 3.397181e-07)
2454          	(4.078261e-05 1.284869e-02 1.791188e-07)	(4.054460e-05 1.268936e-02 -2.067388e-07)	(2.380057e-07 1.593384e-04 3.858576e-07)
2455          	(4.216408e-05 1.283786e-02 2.738954e-06)	(4.191013e-05 1.267871e-02 2.313096e-06)	(2.539535e-07 1.591577e-04 4.258576e-07)
2456          	(4.369282e-05 1.282707e-02 5.155458e-06)	(4.342289e-05 1.266810e-02 4.694618e-06)	(2.699321e-07 1.589725e-04 4.608402e-07)
2457          	(4.534862e-05 1.281650e-02 7.428853e-06)	(4.506209e-05 1.265772e-02 6.935082e-06)	(2.865332e-07 1.587847e-04 4.937709e-07)
2458          	(4.710233e-05 1.280636e-02 9.557471e-06)	(4.679898e-05 1.264777e-02 9.032941e-06)	(3.033415e-07 1.585970e-04 5.245298e-07)
2459          	(4.889865e-05 1.279681e-02 1.141212e-05)	(4.857863e-05 1.263840e-02 1.085782e-05)	(3.200146e-07 1.584123e-04 5.542932e-07)
2460          	(5.070174e-05 1.278803e-02 1.315461e-05)	(5.036578e-05 1.262980e-02 1.257244e-05)	(3.359685e-07 1.582337e-04 5.821698e-07)
2461          	(5.243651e-05 1.278012e-02 1.478514e-05)	(5.208553e-05 1.262206e-02 1.417438e-05)	(3.509785e-07 1.580638e-04 6.107564e-07)
2462          	(5.400423e-05 1.277318e-02 1.631950e-05)	(5.363902e-05 1.261528e-02 1.567690e-05)	(3.652164e-07 1.579051e-04 6.426070e-07)
2463          	(5.530581e-05 1.276722e-02 1.778327e-05)	(5.492753e-05 1.260946e-02 1.710547e-05)	(3.782764e-07 1.577595e-04 6.778004e-07)
2464          	(5.625498e-05 1.276222e-02 1.915862e-05)	(5.586477e-05 1.260459e-02 1.844158e-05)	(3.902065e-07 1.576284e-04 7.170355e-07)
2465          	(5.679555e-05 1.275821e-02 2.051861e-05)	(5.639470e-05 1.260070e-02 1.975963e-05)	(4.008571e-07 1.575132e-04 7.589798e-07)
2466          	(5.688837e-05 1.275513e-02 2.185511e-05)	(5.647778e-05 1.259771e-02 2.105172e-05)	(4.105948e-07 1.574142e-04 8.033911e-07)
2467          	(5.652976e-05 1.275292e-02 2.316794e-05)	(5.610951e-05 1.259559e-02 2.231656e-05)	(4.202517e-07 1.573321e-04 8.513825e-07)
2468          	(5.577202e-05 1.275163e-02 2.448524e-05)	(5.534180e-05 1.259437e-02 2.358422e-05)	(4.302190e-07 1.572668e-04 9.010176e-07)
2469          	(5.460780e-05 1.275134e-02 2.523637e-05)	(5.416718e-05 1.259412e-02 2.428538e-05)	(4.406179e-07 1.572187e-04 9.509867e-07)
2470          	(5.322774e-05 1.275184e-02 2.589576e-05)	(5.277588e-05 1.259465e-02 2.489729e-05)	(4.518532e-07 1.571871e-04 9.984675e-07)
2471          	(5.171656e-05 1.275357e-02 2.639853e-05)	(5.125165e-05 1.259640e-02 2.535573e-05)	(4.649114e-07 1.571724e-04 1.042803e-06)
2472          	(5.021497e-05 1.275641e-02 2.718997e-05)	(4.973383e-05 1.259923e-02 2.610477e-05)	(4.811442e-07 1.571748e-04 1.085204e-06)
2473          	(4.860670e-05 1.275958e-02 2.731979e-05)	(4.810684e-05 1.260238e-02 2.619788e-05)	(4.998580e-07 1.571907e-04 1.121909e-06)
2474          	(4.694683e-05 1.276316e-02 2.674905e-05)	(4.642620e-05 1.260594e-02 2.559827e-05)	(5.206325e-07 1.572182e-04 1.150782e-06)
2475          	(4.529540e-05 1.276713e-02 2.546875e-05)	(4.475295e-05 1.260987e-02 2.430003e-05)	(5.424511e-07 1.572557e-04 1.168727e-06)
2476          	(4.372133e-05 1.277149e-02 2.354425e-05)	(4.315632e-05 1.261419e-02 2.236971e-05)	(5.650065e-07 1.573021e-04 1.174542e-06)
2477          	(4.228480e-05 1.277633e-02 2.104466e-05)	(4.169659e-05 1.261897e-02 1.987472e-05)	(5.882094e-07 1.573566e-04 1.169944e-06)
2478          	(4.103398e-05 1.278573e-02 1.808226e-05)	(4.042222e-05 1.262829e-02 1.692833e-05)	(6.117543e-07 1.574338e-04 1.153934e-06)
2479          	(4.006358e-05 1.279062e-02 1.482341e-05)	(3.942833e-05 1.263311e-02 1.369492e-05)	(6.352453e-07 1.575103e-04 1.128492e-06)
2480          	(3.935931e-05 1.279597e-02 1.138814e-05)	(3.870109e-05 1.263838e-02 1.029534e-05)	(6.582182e-07 1.575873e-04 1.092806e-06)
2481          	(3.890689e-05 1.280195e-02 7.886574e-06)	(3.822696e-05 1.264429e-02 6.837226e-06)	(6.799326e-07 1.576685e-04 1.049348e-06)
2482          	(3.865011e-05 1.280866e-02 4.385046e-06)	(3.795018e-05 1.265091e-02 3.384231e-06)	(6.999248e-07 1.577564e-04 1.000815e-06)
2483          	(3.853472e-05 1.281626e-02 9.282192e-07)	(3.781770e-05 1.265841e-02 -2.018151e-08)	(7.170253e-07 1.578528e-04 9.484007e-07)
2484          	(3.852868e-05 1.282469e-02 -2.449002e-06)	(3.779764e-05 1.266673e-02 -3.343231e-06)	(7.310382e-07 1.579594e-04 8.942290e-07)
2485          	(3.857479e-05 1.283388e-02 -5.723216e-06)	(3.783357e-05 1.267580e-02 -6.562073e-06)	(7.412157e-07 1.580772e-04 8.388569e-07)
2486          	(3.860346e-05 1.284372e-02 -8.898372e-06)	(3.785607e-05 1.268552e-02 -9.682563e-06)	(7.473891e-07 1.582064e-04 7.841911e-07)
2487          	(3.853427e-05 1.285411e-02 -1.195247e-05)	(3.778493e-05 1.269576e-02 -1.268637e-05)	(7.493395e-07 1.583470e-04 7.339052e-07)
2488          	(3.826340e-05 1.286496e-02 -1.497276e-05)	(3.751606e-05 1.270646e-02 -1.566059e-05)	(7.473330e-07 1.584986e-04 6.878272e-07)
2489          	(3.772839e-05 1.287613e-02 -1.794462e-05)	(3.698725e-05 1.271747e-02 -1.858902e-05)	(7.411384e-07 1.586603e-04 6.443990e-07)
2490          	(3.689991e-05 1.288773e-02 -2.083281e-05)	(3.616853e-05 1.272890e-02 -2.143728e-05)	(7.313773e-07 1.588321e-04 6.044700e-07)
2491          	(3.579071e-05 1.289969e-02 -2.357952e-05)	(3.507212e-05 1.274067e-02 -2.414738e-05)	(7.185915e-07 1.590132e-04 5.678647e-07)
2492          	(3.443646e-05 1.291186e-02 -2.611626e-05)	(3.373233e-05 1.275265e-02 -2.665186e-05)	(7.041229e-07 1.592029e-04 5.355951e-07)
2493          	(3.288103e-05 1.292410e-02 -2.847510e-05)	(3.219228e-05 1.276470e-02 -2.898192e-05)	(6.887517e-07 1.593997e-04 5.068273e-07)
2494          	(3.118283e-05 1.293628e-02 -3.067841e-05)	(3.051003e-05 1.277668e-02 -3.115745e-05)	(6.728019e-07 1.596020e-04 4.790406e-07)
2495          	(2.940292e-05 1.294805e-02 -3.271914e-05)	(2.874606e-05 1.278824e-02 -3.317204e-05)	(6.568580e-07 1.598072e-04 4.529050e-07)
2496          	(2.758263e-05 1.295647e-02 -3.475502e-05)	(2.694128e-05 1.279647e-02 -3.518156e-05)	(6.413433e-07 1.600024e-04 4.265373e-07)
2497          	(2.581108e-05 1.296578e-02 -3.659454e-05)	(2.518361e-05 1.280559e-02 -3.699515e-05)	(6.274632e-07 1.601945e-04 4.006083e-07)
2498          	(2.410771e-05 1.297609e-02 -3.828701e-05)	(2.349201e-05 1.281571e-02 -3.866095e-05)	(6.156978e-07 1.603890e-04 3.739386e-07)
2499          	(2.251681e-05 1.298588e-02 -3.998215e-05)	(2.191098e-05 1.282529e-02 -4.032584e-05)	(6.058245e-07 1.605826e-04 3.436923e-07)
2500          	(2.106255e-05 1.299523e-02 -4.170681e-05)	(2.046440e-05 1.283446e-02 -4.201629e-05)	(5.981457e-07 1.607733e-04 3.094824e-07)
2501          	(1.977556e-05 1.300414e-02 -4.335670e-05)	(1.918334e-05 1.284318e-02 -4.362759e-05)	(5.922173e-07 1.609601e-04 2.708816e-07)
2502          	(1.870798e-05 1.301294e-02 -4.500302e-05)	(1.812016e-05 1.285180e-02 -4.523229e-05)	(5.878224e-07 1.611437e-04 2.292732e-07)
2503          	(1.795829e-05 1.301965e-02 -4.681753e-05)	(1.737372e-05 1.285833e-02 -4.700143e-05)	(5.845772e-07 1.613170e-04 1.839020e-07)
2504          	(1.754024e-05 1.302806e-02 -4.833355e-05)	(1.695818e-05 1.286657e-02 -4.846740e-05)	(5.820553e-07 1.614895e-04 1.338531e-07)
2505          	(1.746993e-05 1.303508e-02 -5.001859e-05)	(1.689025e-05 1.287342e-02 -5.009785e-05)	(5.796800e-07 1.616571e-04 7.926770e-08)
2506          	(1.766204e-05 1.304353e-02 -5.181377e-05)	(1.708542e-05 1.288171e-02 -5.183568e-05)	(5.766208e-07 1.618265e-04 2.191582e-08)
2507          	(1.812149e-05 1.305167e-02 -5.340312e-05)	(1.754967e-05 1.288967e-02 -5.336596e-05)	(5.718110e-07 1.619968e-04 -3.716071e-08)
2508          	(1.884110e-05 1.305782e-02 -5.456574e-05)	(1.827617e-05 1.289566e-02 -5.447103e-05)	(5.649332e-07 1.621604e-04 -9.471801e-08)
2509          	(1.962815e-05 1.306520e-02 -5.554865e-05)	(1.907374e-05 1.290288e-02 -5.539809e-05)	(5.544139e-07 1.623250e-04 -1.505529e-07)
2510          	(2.050401e-05 1.307124e-02 -5.618589e-05)	(1.996397e-05 1.290875e-02 -5.598318e-05)	(5.400388e-07 1.624866e-04 -2.027063e-07)
2511          	(2.132810e-05 1.307802e-02 -5.662051e-05)	(2.080620e-05 1.291537e-02 -5.637180e-05)	(5.219011e-07 1.626495e-04 -2.487080e-07)
2512          	(2.207833e-05 1.308459e-02 -5.681028e-05)	(2.157817e-05 1.292178e-02 -5.652162e-05)	(5.001606e-07 1.628142e-04 -2.886574e-07)
2513          	(2.270911e-05 1.309094e-02 -5.678872e-05)	(2.223375e-05 1.292796e-02 -5.646771e-05)	(4.753581e-07 1.629802e-04 -3.210155e-07)
2514          	(2.323110e-05 1.309473e-02 -5.652218e-05)	(2.278302e-05 1.293159e-02 -5.617514e-05)	(4.480880e-07 1.631389e-04 -3.470340e-07)
2515          	(2.367909e-05 1.310098e-02 -5.597599e-05)	(2.325961e-05 1.293768e-02 -5.560962e-05)	(4.194866e-07 1.633028e-04 -3.663676e-07)
2516          	(2.408602e-05 1.310704e-02 -5.521745e-05)	(2.369450e-05 1.294356e-02 -5.483907e-05)	(3.915162e-07 1.634714e-04 -3.783867e-07)
2517          	(2.449528e-05 1.311282e-02 -5.421449e-05)	(2.413007e-05 1.294918e-02 -5.382962e-05)	(3.652072e-07 1.636421e-04 -3.848695e-07)
2518          	(2.490170e-05 1.311822e-02 -5.305509e-05)	(2.455990e-05 1.295441e-02 -5.266881e-05)	(3.418009e-07 1.638135e-04 -3.862805e-07)
2519          	(2.528925e-05 1.312302e-02 -5.179492e-05)	(2.496781e-05 1.295903e-02 -5.140982e-05)	(3.214431e-07 1.639835e-04 -3.851026e-07)
2520          	(2.563623e-05 1.312712e-02 -5.046754e-05)	(2.533163e-05 1.296297e-02 -5.008530e-05)	(3.046002e-07 1.641501e-04 -3.822383e-07)
2521          	(2.591502e-05 1.312804e-02 -4.922617e-05)	(2.562376e-05 1.296374e-02 -4.884978e-05)	(2.912593e-07 1.643026e-04 -3.763936e-07)
2522          	(2.615112e-05 1.313162e-02 -4.806514e-05)	(2.586972e-05 1.296717e-02 -4.769545e-05)	(2.814011e-07 1.644546e-04 -3.696835e-07)
2523          	(2.633460e-05 1.313464e-02 -4.718319e-05)	(2.605983e-05 1.297003e-02 -4.681968e-05)	(2.747691e-07 1.646042e-04 -3.635136e-07)
2524          	(2.647931e-05 1.313705e-02 -4.661035e-05)	(2.620809e-05 1.297230e-02 -4.625157e-05)	(2.712208e-07 1.647480e-04 -3.587827e-07)
2525          	(2.662494e-05 1.313880e-02 -4.622930e-05)	(2.635534e-05 1.297391e-02 -4.587138e-05)	(2.695961e-07 1.648840e-04 -3.579174e-07)
2526          	(2.678785e-05 1.314026e-02 -4.611663e-05)	(2.651801e-05 1.297524e-02 -4.575783e-05)	(2.698334e-07 1.650120e-04 -3.588042e-07)
2527          	(2.700031e-05 1.314148e-02 -4.618047e-05)	(2.672919e-05 1.297635e-02 -4.581822e-05)	(2.711150e-07 1.651318e-04 -3.622516e-07)
2528          	(2.731611e-05 1.314247e-02 -4.628708e-05)	(2.704289e-05 1.297723e-02 -4.591891e-05)	(2.732152e-07 1.652432e-04 -3.681729e-07)
2529          	(2.780240e-05 1.314324e-02 -4.636332e-05)	(2.752653e-05 1.297790e-02 -4.598803e-05)	(2.758740e-07 1.653460e-04 -3.752878e-07)
2530          	(2.850811e-05 1.314376e-02 -4.633398e-05)	(2.822966e-05 1.297832e-02 -4.594850e-05)	(2.784546e-07 1.654405e-04 -3.854734e-07)
2531          	(2.944757e-05 1.314401e-02 -4.615047e-05)	(2.916644e-05 1.297848e-02 -4.575514e-05)	(2.811355e-07 1.655268e-04 -3.953250e-07)
2532          	(3.058860e-05 1.314408e-02 -4.576364e-05)	(3.030508e-05 1.297847e-02 -4.535853e-05)	(2.835119e-07 1.656053e-04 -4.051195e-07)
2533          	(3.191872e-05 1.314913e-02 -4.489678e-05)	(3.163315e-05 1.298344e-02 -4.448332e-05)	(2.855685e-07 1.656947e-04 -4.134634e-07)
2534          	(3.310332e-05 1.315286e-02 -4.407269e-05)	(3.281770e-05 1.298707e-02 -4.365320e-05)	(2.856177e-07 1.657854e-04 -4.194973e-07)
2535          	(3.438813e-05 1.315130e-02 -4.325367e-05)	(3.410466e-05 1.298545e-02 -4.283083e-05)	(2.834714e-07 1.658541e-04 -4.228392e-07)
2536          	(3.544508e-05 1.315011e-02 -4.219608e-05)	(3.516648e-05 1.298420e-02 -4.177379e-05)	(2.786012e-07 1.659080e-04 -4.222975e-07)
2537          	(3.674597e-05 1.315199e-02 -4.003556e-05)	(3.647249e-05 1.298602e-02 -3.961984e-05)	(2.734762e-07 1.659625e-04 -4.157219e-07)
2538          	(3.761270e-05 1.315185e-02 -4.024735e-05)	(3.734612e-05 1.298584e-02 -3.983546e-05)	(2.665782e-07 1.660080e-04 -4.118887e-07)
2539          	(3.810107e-05 1.315240e-02 -3.920489e-05)	(3.784493e-05 1.298635e-02 -3.880050e-05)	(2.561416e-07 1.660493e-04 -4.043980e-07)
2540          	(3.839202e-05 1.315262e-02 -3.831356e-05)	(3.814973e-05 1.298654e-02 -3.792148e-05)	(2.422902e-07 1.660853e-04 -3.920799e-07)
2541          	(3.844862e-05 1.315106e-02 -3.778750e-05)	(3.822269e-05 1.298495e-02 -3.740994e-05)	(2.259258e-07 1.661115e-04 -3.775588e-07)
2542          	(3.868968e-05 1.315027e-02 -3.780900e-05)	(3.847903e-05 1.298414e-02 -3.744446e-05)	(2.106488e-07 1.661327e-04 -3.645442e-07)
2543          	(3.840687e-05 1.314754e-02 -3.661186e-05)	(3.821331e-05 1.298139e-02 -3.626530e-05)	(1.935689e-07 1.661439e-04 -3.465604e-07)
2544          	(3.832159e-05 1.314703e-02 -3.617364e-05)	(3.814355e-05 1.298087e-02 -3.584495e-05)	(1.780328e-07 1.661545e-04 -3.286904e-07)
2545          	(3.797991e-05 1.314828e-02 -3.522040e-05)	(3.781796e-05 1.298211e-02 -3.491155e-05)	(1.619530e-07 1.661713e-04 -3.088524e-07)
2546          	(3.760099e-05 1.314678e-02 -3.518345e-05)	(3.745315e-05 1.298060e-02 -3.489408e-05)	(1.478320e-07 1.661808e-04 -2.893625e-07)
2547          	(3.713527e-05 1.314434e-02 -3.527936e-05)	(3.700257e-05 1.297816e-02 -3.500785e-05)	(1.327086e-07 1.661801e-04 -2.715116e-07)
2548          	(3.663879e-05 1.314238e-02 -3.519162e-05)	(3.651904e-05 1.297621e-02 -3.493663e-05)	(1.197414e-07 1.661743e-04 -2.549997e-07)
2549          	(3.640233e-05 1.313789e-02 -3.471922e-05)	(3.629393e-05 1.297174e-02 -3.448163e-05)	(1.083981e-07 1.661541e-04 -2.375869e-07)
2550          	(3.593035e-05 1.313538e-02 -3.468328e-05)	(3.583143e-05 1.296925e-02 -3.446080e-05)	(9.892043e-08 1.661314e-04 -2.224760e-07)
2551          	(3.549901e-05 1.313253e-02 -3.460016e-05)	(3.540786e-05 1.296643e-02 -3.439433e-05)	(9.114670e-08 1.661052e-04 -2.058301e-07)
2552          	(3.564159e-05 1.312540e-02 -3.374502e-05)	(3.555489e-05 1.295934e-02 -3.355450e-05)	(8.669937e-08 1.660600e-04 -1.905130e-07)
2553          	(3.522060e-05 1.312259e-02 -3.358074e-05)	(3.513752e-05 1.295657e-02 -3.340282e-05)	(8.308221e-08 1.660178e-04 -1.779178e-07)
2554          	(3.557889e-05 1.312034e-02 -3.223218e-05)	(3.549539e-05 1.295436e-02 -3.206705e-05)	(8.349572e-08 1.659793e-04 -1.651277e-07)
2555          	(3.509362e-05 1.311782e-02 -3.219053e-05)	(3.501073e-05 1.295188e-02 -3.203387e-05)	(8.288782e-08 1.659422e-04 -1.566593e-07)
2556          	(3.462941e-05 1.311543e-02 -3.208042e-05)	(3.454784e-05 1.294953e-02 -3.193200e-05)	(8.157085e-08 1.659046e-04 -1.484175e-07)
2557          	(3.480457e-05 1.311355e-02 -3.044170e-05)	(3.472180e-05 1.294769e-02 -3.030121e-05)	(8.277322e-08 1.658687e-04 -1.404859e-07)
2558          	(3.432606e-05 1.311167e-02 -3.051738e-05)	(3.424440e-05 1.294584e-02 -3.038068e-05)	(8.166565e-08 1.658346e-04 -1.367002e-07)
2559          	(3.383605e-05 1.310996e-02 -3.056835e-05)	(3.375765e-05 1.294416e-02 -3.043320e-05)	(7.840918e-08 1.658002e-04 -1.351563e-07)
2560          	(3.339186e-05 1.310795e-02 -3.005602e-05)	(3.331806e-05 1.294219e-02 -2.992110e-05)	(7.380221e-08 1.657642e-04 -1.349158e-07)
2561          	(3.285352e-05 1.310651e-02 -3.028038e-05)	(3.278656e-05 1.294078e-02 -3.014443e-05)	(6.696137e-08 1.657301e-04 -1.359533e-07)
2562          	(3.224941e-05 1.310501e-02 -3.045890e-05)	(3.219144e-05 1.293931e-02 -3.031997e-05)	(5.796646e-08 1.656955e-04 -1.389302e-07)
2563          	(3.131930e-05 1.310288e-02 -3.017819e-05)	(3.127362e-05 1.293723e-02 -3.003735e-05)	(4.567590e-08 1.656571e-04 -1.408368e-07)
2564          	(3.063045e-05 1.310117e-02 -3.039108e-05)	(3.059901e-05 1.293555e-02 -3.024680e-05)	(3.144200e-08 1.656194e-04 -1.442806e-07)
2565          	(2.984619e-05 1.309925e-02 -3.056626e-05)	(2.983078e-05 1.293367e-02 -3.041809e-05)	(1.541190e-08 1.655790e-04 -1.481669e-07)
2566          	(2.848991e-05 1.309579e-02 -3.055550e-05)	(2.849429e-05 1.293026e-02 -3.040717e-05)	(-4.379400e-09 1.655302e-04 -1.483295e-07)
2567          	(2.762709e-05 1.309346e-02 -3.064867e-05)	(2.765238e-05 1.292798e-02 -3.049929e-05)	(-2.528710e-08 1.654816e-04 -1.493829e-07)
2568          	(2.667936e-05 1.309101e-02 -3.081344e-05)	(2.672596e-05 1.292558e-02 -3.066361e-05)	(-4.660065e-08 1.654303e-04 -1.498269e-07)
2569          	(2.510444e-05 1.308684e-02 -3.113631e-05)	(2.517579e-05 1.292147e-02 -3.098671e-05)	(-7.135095e-08 1.653695e-04 -1.495959e-07)
2570          	(2.413739e-05 1.308418e-02 -3.131904e-05)	(2.423323e-05 1.291888e-02 -3.116915e-05)	(-9.584665e-08 1.653094e-04 -1.498845e-07)
2571          	(2.312528e-05 1.308143e-02 -3.155392e-05)	(2.324465e-05 1.291619e-02 -3.140603e-05)	(-1.193607e-07 1.652471e-04 -1.478952e-07)
2572          	(2.204345e-05 1.307860e-02 -3.184740e-05)	(2.218618e-05 1.291342e-02 -3.170054e-05)	(-1.427303e-07 1.651833e-04 -1.468577e-07)
2573          	(2.031954e-05 1.307680e-02 -3.249220e-05)	(2.048748e-05 1.291168e-02 -3.234489e-05)	(-1.679426e-07 1.651201e-04 -1.473031e-07)
2574          	(1.931466e-05 1.307418e-02 -3.290009e-05)	(1.950626e-05 1.290913e-02 -3.275214e-05)	(-1.915954e-07 1.650561e-04 -1.479482e-07)
2575          	(1.830641e-05 1.307174e-02 -3.336685e-05)	(1.852040e-05 1.290676e-02 -3.321741e-05)	(-2.139882e-07 1.649890e-04 -1.494344e-07)
2576          	(1.726472e-05 1.306951e-02 -3.388213e-05)	(1.749955e-05 1.290459e-02 -3.373239e-05)	(-2.348240e-07 1.649216e-04 -1.497410e-07)
2577          	(1.571119e-05 1.306675e-02 -3.513187e-05)	(1.596742e-05 1.290190e-02 -3.497741e-05)	(-2.562373e-07 1.648507e-04 -1.544544e-07)
2578          	(1.474979e-05 1.306510e-02 -3.550651e-05)	(1.502596e-05 1.290031e-02 -3.534762e-05)	(-2.761790e-07 1.647826e-04 -1.588876e-07)
2579          	(1.376433e-05 1.306367e-02 -3.588760e-05)	(1.405899e-05 1.289896e-02 -3.572453e-05)	(-2.946686e-07 1.647159e-04 -1.630725e-07)
2580          	(1.271868e-05 1.306244e-02 -3.624848e-05)	(1.303118e-05 1.289779e-02 -3.608013e-05)	(-3.124945e-07 1.646512e-04 -1.683423e-07)
2581          	(1.106805e-05 1.306096e-02 -3.716438e-05)	(1.139896e-05 1.289637e-02 -3.698973e-05)	(-3.309043e-07 1.645861e-04 -1.746423e-07)
2582          	(1.010342e-05 1.305999e-02 -3.737413e-05)	(1.045217e-05 1.289546e-02 -3.719214e-05)	(-3.487557e-07 1.645238e-04 -1.819899e-07)
2583          	(9.103019e-06 1.305904e-02 -3.758144e-05)	(9.468826e-06 1.289457e-02 -3.739179e-05)	(-3.658076e-07 1.644627e-04 -1.896525e-07)
2584          	(8.036329e-06 1.305817e-02 -3.772796e-05)	(8.419142e-06 1.289377e-02 -3.753031e-05)	(-3.828129e-07 1.644031e-04 -1.976547e-07)
2585          	(6.266230e-06 1.305714e-02 -3.805445e-05)	(6.668171e-06 1.289280e-02 -3.784743e-05)	(-4.019409e-07 1.643432e-04 -2.070212e-07)
2586          	(5.343281e-06 1.305633e-02 -3.803119e-05)	(5.763504e-06 1.289204e-02 -3.781647e-05)	(-4.202237e-07 1.642856e-04 -2.147241e-07)
2587          	(4.407179e-06 1.305555e-02 -3.795694e-05)	(4.845229e-06 1.289132e-02 -3.773363e-05)	(-4.380500e-07 1.642290e-04 -2.233050e-07)
2588          	(3.424909e-06 1.305479e-02 -3.783107e-05)	(3.880913e-06 1.289062e-02 -3.759936e-05)	(-4.560033e-07 1.641741e-04 -2.317096e-07)
2589          	(2.387803e-06 1.305406e-02 -3.766444e-05)	(2.862281e-06 1.288994e-02 -3.742497e-05)	(-4.744782e-07 1.641205e-04 -2.394661e-07)
2590          	(1.305630e-06 1.305335e-02 -3.746434e-05)	(1.799314e-06 1.288929e-02 -3.721738e-05)	(-4.936837e-07 1.640684e-04 -2.469655e-07)
2591          	(-4.597635e-07 1.304995e-02 -3.743398e-05)	(5.548125e-08 1.288595e-02 -3.718233e-05)	(-5.152447e-07 1.640067e-04 -2.516473e-07)
2592          	(-1.271099e-06 1.304962e-02 -3.715118e-05)	(-7.352016e-07 1.288567e-02 -3.689501e-05)	(-5.358976e-07 1.639520e-04 -2.561683e-07)
2593          	(-2.015275e-06 1.304939e-02 -3.683054e-05)	(-1.460116e-06 1.288549e-02 -3.657094e-05)	(-5.551591e-07 1.639023e-04 -2.596046e-07)
2594          	(-2.736786e-06 1.304936e-02 -3.642300e-05)	(-2.163098e-06 1.288550e-02 -3.616127e-05)	(-5.736883e-07 1.638572e-04 -2.617244e-07)
2595          	(-3.466509e-06 1.304937e-02 -3.599421e-05)	(-2.874511e-06 1.288555e-02 -3.573111e-05)	(-5.919978e-07 1.638157e-04 -2.630911e-07)
2596          	(-4.215263e-06 1.304943e-02 -3.555579e-05)	(-3.605715e-06 1.288565e-02 -3.529438e-05)	(-6.095477e-07 1.637771e-04 -2.614086e-07)
2597          	(-5.387675e-06 1.304932e-02 -3.520491e-05)	(-4.759531e-06 1.288558e-02 -3.494511e-05)	(-6.281439e-07 1.637384e-04 -2.597976e-07)
2598          	(-6.009600e-06 1.304936e-02 -3.476763e-05)	(-5.363976e-06 1.288566e-02 -3.451087e-05)	(-6.456245e-07 1.637029e-04 -2.567575e-07)
2599          	(-6.582206e-06 1.304944e-02 -3.434525e-05)	(-5.920388e-06 1.288577e-02 -3.409262e-05)	(-6.618185e-07 1.636679e-04 -2.526251e-07)
2600          	(-7.129957e-06 1.304954e-02 -3.394679e-05)	(-6.452765e-06 1.288590e-02 -3.369841e-05)	(-6.771923e-07 1.636342e-04 -2.483723e-07)
2601          	(-7.667363e-06 1.304964e-02 -3.358970e-05)	(-6.975901e-06 1.288604e-02 -3.334778e-05)	(-6.914613e-07 1.636013e-04 -2.419165e-07)
2602          	(-8.495847e-06 1.304967e-02 -3.330980e-05)	(-7.790387e-06 1.288610e-02 -3.307280e-05)	(-7.054598e-07 1.635670e-04 -2.369935e-07)
2603          	(-8.913511e-06 1.304941e-02 -3.301831e-05)	(-8.195068e-06 1.288588e-02 -3.278647e-05)	(-7.184426e-07 1.635333e-04 -2.318469e-07)
2604          	(-9.264847e-06 1.304913e-02 -3.272939e-05)	(-8.534732e-06 1.288564e-02 -3.250282e-05)	(-7.301149e-07 1.634976e-04 -2.265738e-07)
2605          	(-9.563785e-06 1.304887e-02 -3.245916e-05)	(-8.822902e-06 1.288540e-02 -3.223699e-05)	(-7.408831e-07 1.634617e-04 -2.221705e-07)
2606          	(-9.821753e-06 1.304862e-02 -3.222016e-05)	(-9.071753e-06 1.288519e-02 -3.200337e-05)	(-7.500003e-07 1.634256e-04 -2.167859e-07)
2607          	(-1.029248e-05 1.304865e-02 -3.186711e-05)	(-9.534513e-06 1.288527e-02 -3.165366e-05)	(-7.579660e-07 1.633890e-04 -2.134546e-07)
2608          	(-1.037147e-05 1.304807e-02 -3.167926e-05)	(-9.606712e-06 1.288471e-02 -3.146840e-05)	(-7.647537e-07 1.633523e-04 -2.108531e-07)
2609          	(-1.038086e-05 1.304746e-02 -3.150487e-05)	(-9.610722e-06 1.288415e-02 -3.129530e-05)	(-7.701398e-07 1.633131e-04 -2.095663e-07)
2610          	(-1.034756e-05 1.304692e-02 -3.134465e-05)	(-9.573149e-06 1.288365e-02 -3.113465e-05)	(-7.744127e-07 1.632737e-04 -2.099950e-07)
2611          	(-1.028769e-05 1.304644e-02 -3.117862e-05)	(-9.510567e-06 1.288321e-02 -3.096881e-05)	(-7.771278e-07 1.632347e-04 -2.098126e-07)
2612          	(-1.046921e-05 1.304623e-02 -3.074555e-05)	(-9.690604e-06 1.288303e-02 -3.053484e-05)	(-7.786059e-07 1.631966e-04 -2.107128e-07)
2613          	(-1.027524e-05 1.304572e-02 -3.050549e-05)	(-9.496225e-06 1.288256e-02 -3.029332e-05)	(-7.790158e-07 1.631598e-04 -2.121717e-07)
2614          	(-1.007210e-05 1.304527e-02 -3.021750e-05)	(-9.293786e-06 1.288215e-02 -3.000276e-05)	(-7.783091e-07 1.631227e-04 -2.147433e-07)
2615          	(-9.887561e-06 1.304493e-02 -2.988685e-05)	(-9.110542e-06 1.288184e-02 -2.966844e-05)	(-7.770185e-07 1.630869e-04 -2.184150e-07)
2616          	(-9.994432e-06 1.304482e-02 -2.935943e-05)	(-9.220044e-06 1.288177e-02 -2.913950e-05)	(-7.743874e-07 1.630532e-04 -2.199307e-07)
2617          	(-9.769653e-06 1.304458e-02 -2.892688e-05)	(-8.998432e-06 1.288156e-02 -2.870494e-05)	(-7.712211e-07 1.630221e-04 -2.219479e-07)
2618          	(-9.589013e-06 1.304444e-02 -2.848034e-05)	(-8.821484e-06 1.288145e-02 -2.825591e-05)	(-7.675289e-07 1.629921e-04 -2.244294e-07)
2619          	(-9.476992e-06 1.304452e-02 -2.803149e-05)	(-8.713314e-06 1.288156e-02 -2.780481e-05)	(-7.636778e-07 1.629649e-04 -2.266833e-07)
2620          	(-9.437469e-06 1.304478e-02 -2.764420e-05)	(-8.677608e-06 1.288184e-02 -2.741480e-05)	(-7.598613e-07 1.629408e-04 -2.294052e-07)
2621          	(-9.649134e-06 1.304539e-02 -2.755721e-05)	(-8.894000e-06 1.288247e-02 -2.732580e-05)	(-7.551343e-07 1.629206e-04 -2.314163e-07)
2622          	(-9.633000e-06 1.304575e-02 -2.720825e-05)	(-8.882602e-06 1.288284e-02 -2.697496e-05)	(-7.503978e-07 1.629036e-04 -2.332941e-07)
2623          	(-9.643508e-06 1.304623e-02 -2.693333e-05)	(-8.897596e-06 1.288335e-02 -2.669821e-05)	(-7.459118e-07 1.628885e-04 -2.351242e-07)
2624          	(-9.677133e-06 1.304699e-02 -2.671915e-05)	(-8.935611e-06 1.288412e-02 -2.648242e-05)	(-7.415220e-07 1.628767e-04 -2.367357e-07)
2625          	(-9.724598e-06 1.304788e-02 -2.658936e-05)	(-8.987221e-06 1.288501e-02 -2.635027e-05)	(-7.373766e-07 1.628681e-04 -2.390895e-07)
2626          	(-9.708541e-06 1.304886e-02 -2.703796e-05)	(-8.976688e-06 1.288600e-02 -2.679592e-05)	(-7.318534e-07 1.628628e-04 -2.420446e-07)
2627          	(-9.802397e-06 1.304913e-02 -2.687277e-05)	(-9.075484e-06 1.288627e-02 -2.662796e-05)	(-7.269134e-07 1.628586e-04 -2.448042e-07)
2628          	(-9.869539e-06 1.304950e-02 -2.668970e-05)	(-9.146899e-06 1.288664e-02 -2.644325e-05)	(-7.226392e-07 1.628534e-04 -2.464503e-07)
2629          	(-9.715981e-06 1.305033e-02 -2.687748e-05)	(-8.998515e-06 1.288748e-02 -2.662843e-05)	(-7.174658e-07 1.628505e-04 -2.490569e-07)
2630          	(-9.791313e-06 1.305048e-02 -2.656004e-05)	(-9.078134e-06 1.288763e-02 -2.630907e-05)	(-7.131797e-07 1.628485e-04 -2.509771e-07)
2631          	(-9.816349e-06 1.305089e-02 -2.622210e-05)	(-9.107008e-06 1.288804e-02 -2.597236e-05)	(-7.093411e-07 1.628456e-04 -2.497461e-07)
2632          	(-9.787352e-06 1.305164e-02 -2.588284e-05)	(-9.081426e-06 1.288879e-02 -2.563417e-05)	(-7.059259e-07 1.628451e-04 -2.486700e-07)
2633          	(-9.675882e-06 1.304655e-02 -2.737383e-05)	(-8.972759e-06 1.288373e-02 -2.712143e-05)	(-7.031233e-07 1.628244e-04 -2.524079e-07)
2634          	(-9.655171e-06 1.304794e-02 -2.663599e-05)	(-8.954893e-06 1.288512e-02 -2.638219e-05)	(-7.002782e-07 1.628144e-04 -2.537977e-07)
2635          	(-9.576539e-06 1.304973e-02 -2.580419e-05)	(-8.878894e-06 1.288692e-02 -2.555192e-05)	(-6.976450e-07 1.628136e-04 -2.522721e-07)
2636          	(-9.463212e-06 1.305153e-02 -2.509312e-05)	(-8.768756e-06 1.288871e-02 -2.484512e-05)	(-6.944555e-07 1.628184e-04 -2.479946e-07)
2637          	(-9.328158e-06 1.305323e-02 -2.461312e-05)	(-8.636764e-06 1.289040e-02 -2.436828e-05)	(-6.913932e-07 1.628264e-04 -2.448383e-07)
2638          	(-9.165042e-06 1.305473e-02 -2.440097e-05)	(-8.476496e-06 1.289190e-02 -2.415846e-05)	(-6.885465e-07 1.628354e-04 -2.425125e-07)
2639          	(-8.954241e-06 1.305598e-02 -2.444087e-05)	(-8.268638e-06 1.289314e-02 -2.419892e-05)	(-6.856026e-07 1.628439e-04 -2.419480e-07)
2640          	(-8.669361e-06 1.305671e-02 -2.470158e-05)	(-7.986682e-06 1.289386e-02 -2.445760e-05)	(-6.826784e-07 1.628496e-04 -2.439753e-07)
2641          	(-8.290516e-06 1.305718e-02 -2.505652e-05)	(-7.611466e-06 1.289433e-02 -2.481030e-05)	(-6.790502e-07 1.628525e-04 -2.462170e-07)
2642          	(-7.807878e-06 1.305737e-02 -2.543495e-05)	(-7.132885e-06 1.289452e-02 -2.518389e-05)	(-6.749937e-07 1.628526e-04 -2.510589e-07)
2643          	(-7.223114e-06 1.305727e-02 -2.578426e-05)	(-6.552936e-06 1.289442e-02 -2.552695e-05)	(-6.701775e-07 1.628496e-04 -2.573112e-07)
2644          	(-6.550022e-06 1.305690e-02 -2.604827e-05)	(-5.885629e-06 1.289405e-02 -2.578383e-05)	(-6.643936e-07 1.628439e-04 -2.644398e-07)
2645          	(-5.812785e-06 1.305629e-02 -2.621247e-05)	(-5.155026e-06 1.289346e-02 -2.593969e-05)	(-6.577590e-07 1.628356e-04 -2.727818e-07)
2646          	(-5.038329e-06 1.305554e-02 -2.625594e-05)	(-4.388588e-06 1.289271e-02 -2.597648e-05)	(-6.497414e-07 1.628255e-04 -2.794572e-07)
2647          	(-4.248008e-06 1.305474e-02 -2.617380e-05)	(-3.607097e-06 1.289192e-02 -2.588685e-05)	(-6.409101e-07 1.628146e-04 -2.869476e-07)
2648          	(-3.456021e-06 1.305400e-02 -2.596921e-05)	(-2.824885e-06 1.289119e-02 -2.567516e-05)	(-6.311364e-07 1.628038e-04 -2.940420e-07)
2649          	(-2.612853e-06 1.305656e-02 -2.528936e-05)	(-1.992911e-06 1.289375e-02 -2.498941e-05)	(-6.199422e-07 1.628051e-04 -2.999537e-07)
2650          	(-1.885837e-06 1.305528e-02 -2.504549e-05)	(-1.277397e-06 1.289248e-02 -2.473901e-05)	(-6.084394e-07 1.628017e-04 -3.064846e-07)
2651          	(-1.232155e-06 1.305424e-02 -2.479538e-05)	(-6.356193e-07 1.289144e-02 -2.448396e-05)	(-5.965362e-07 1.627950e-04 -3.114205e-07)
2652          	(-6.693686e-07 1.305357e-02 -2.453665e-05)	(-8.459542e-08 1.289078e-02 -2.421955e-05)	(-5.847732e-07 1.627889e-04 -3.171054e-07)
2653          	(-1.165318e-07 1.305567e-02 -2.364533e-05)	(4.558305e-07 1.289287e-02 -2.332409e-05)	(-5.723623e-07 1.627935e-04 -3.212409e-07)
2654          	(1.939381e-07 1.305412e-02 -2.413709e-05)	(7.547389e-07 1.289133e-02 -2.380943e-05)	(-5.608007e-07 1.627927e-04 -3.276540e-07)
2655          	(5.114139e-07 1.305498e-02 -2.342239e-05)	(1.060984e-06 1.289219e-02 -2.308923e-05)	(-5.495697e-07 1.627962e-04 -3.331595e-07)
2656          	(6.288221e-07 1.305484e-02 -2.363752e-05)	(1.167991e-06 1.289204e-02 -2.329927e-05)	(-5.391692e-07 1.628007e-04 -3.382511e-07)
2657          	(6.785407e-07 1.305601e-02 -2.325132e-05)	(1.207934e-06 1.289320e-02 -2.290958e-05)	(-5.293937e-07 1.628100e-04 -3.417400e-07)
2658          	(6.166117e-07 1.305741e-02 -2.309362e-05)	(1.137312e-06 1.289459e-02 -2.274795e-05)	(-5.207005e-07 1.628244e-04 -3.456668e-07)
2659          	(4.254994e-07 1.305779e-02 -2.376496e-05)	(9.392209e-07 1.289496e-02 -2.341348e-05)	(-5.137214e-07 1.628381e-04 -3.514802e-07)
2660          	(2.165642e-07 1.306000e-02 -2.369514e-05)	(7.243439e-07 1.289714e-02 -2.333809e-05)	(-5.077797e-07 1.628581e-04 -3.570540e-07)
2661          	(-2.741866e-08 1.306217e-02 -2.376116e-05)	(4.751513e-07 1.289929e-02 -2.340029e-05)	(-5.025699e-07 1.628827e-04 -3.608773e-07)
2662          	(-3.928321e-07 1.306206e-02 -2.443744e-05)	(1.059948e-07 1.289915e-02 -2.407260e-05)	(-4.988269e-07 1.629018e-04 -3.648438e-07)
2663          	(-6.838097e-07 1.306438e-02 -2.444357e-05)	(-1.876777e-07 1.290146e-02 -2.407476e-05)	(-4.961320e-07 1.629254e-04 -3.688114e-07)
2664          	(-1.199028e-06 1.306299e-02 -2.518004e-05)	(-7.035378e-07 1.290005e-02 -2.480676e-05)	(-4.954899e-07 1.629395e-04 -3.732792e-07)
2665          	(-1.620918e-06 1.306307e-02 -2.478325e-05)	(-1.125431e-06 1.290011e-02 -2.440769e-05)	(-4.954875e-07 1.629512e-04 -3.755568e-07)
2666          	(-2.169338e-06 1.306196e-02 -2.459095e-05)	(-1.673270e-06 1.289900e-02 -2.421647e-05)	(-4.960681e-07 1.629580e-04 -3.744789e-07)
2667          	(-2.683822e-06 1.306243e-02 -2.370394e-05)	(-2.186398e-06 1.289946e-02 -2.333366e-05)	(-4.974234e-07 1.629663e-04 -3.702802e-07)
2668          	(-3.229826e-06 1.306349e-02 -2.297625e-05)	(-2.730379e-06 1.290051e-02 -2.261250e-05)	(-4.994469e-07 1.629779e-04 -3.637492e-07)
2669          	(-3.804936e-06 1.306472e-02 -2.248639e-05)	(-3.302090e-06 1.290173e-02 -2.212829e-05)	(-5.028459e-07 1.629915e-04 -3.580958e-07)
2670          	(-4.463206e-06 1.306435e-02 -2.280913e-05)	(-3.954702e-06 1.290135e-02 -2.245389e-05)	(-5.085049e-07 1.630001e-04 -3.552398e-07)
2671          	(-5.024248e-06 1.306429e-02 -2.238036e-05)	(-4.509483e-06 1.290128e-02 -2.202966e-05)	(-5.147648e-07 1.630061e-04 -3.507082e-07)
2672          	(-5.518240e-06 1.306428e-02 -2.206169e-05)	(-4.996949e-06 1.290127e-02 -2.171593e-05)	(-5.212911e-07 1.630104e-04 -3.457661e-07)
2673          	(-5.944875e-06 1.306350e-02 -2.221642e-05)	(-5.416835e-06 1.290049e-02 -2.187431e-05)	(-5.280397e-07 1.630102e-04 -3.421052e-07)
2674          	(-6.225540e-06 1.306464e-02 -2.210243e-05)	(-5.690938e-06 1.290163e-02 -2.176183e-05)	(-5.346015e-07 1.630135e-04 -3.406024e-07)
2675          	(-6.370563e-06 1.306420e-02 -2.242839e-05)	(-5.829715e-06 1.290119e-02 -2.208596e-05)	(-5.408482e-07 1.630134e-04 -3.424349e-07)
2676          	(-6.360375e-06 1.306408e-02 -2.254780e-05)	(-5.814360e-06 1.290107e-02 -2.220311e-05)	(-5.460150e-07 1.630115e-04 -3.446966e-07)
2677          	(-6.217593e-06 1.306379e-02 -2.279911e-05)	(-5.667494e-06 1.290078e-02 -2.245037e-05)	(-5.500991e-07 1.630078e-04 -3.487390e-07)
2678          	(-5.950311e-06 1.306343e-02 -2.314327e-05)	(-5.397388e-06 1.290043e-02 -2.278859e-05)	(-5.529230e-07 1.630024e-04 -3.546761e-07)
2679          	(-5.541673e-06 1.306214e-02 -2.360660e-05)	(-4.987306e-06 1.289914e-02 -2.324462e-05)	(-5.543671e-07 1.629920e-04 -3.619748e-07)
2680          	(-5.066207e-06 1.306231e-02 -2.390983e-05)	(-4.511390e-06 1.289933e-02 -2.353793e-05)	(-5.548162e-07 1.629836e-04 -3.719029e-07)
2681          	(-4.595410e-06 1.305894e-02 -2.455765e-05)	(-4.041006e-06 1.289598e-02 -2.417537e-05)	(-5.544040e-07 1.629640e-04 -3.822852e-07)
2682          	(-3.927824e-06 1.305854e-02 -2.438031e-05)	(-3.375491e-06 1.289559e-02 -2.398875e-05)	(-5.523329e-07 1.629469e-04 -3.915605e-07)
2683          	(-3.253116e-06 1.305808e-02 -2.410701e-05)	(-2.704431e-06 1.289515e-02 -2.370725e-05)	(-5.486855e-07 1.629324e-04 -3.997665e-07)
2684          	(-2.624870e-06 1.305758e-02 -2.376731e-05)	(-2.081101e-06 1.289466e-02 -2.336095e-05)	(-5.437689e-07 1.629189e-04 -4.063582e-07)
2685          	(-2.078497e-06 1.305747e-02 -2.343730e-05)	(-1.539876e-06 1.289456e-02 -2.302330e-05)	(-5.386204e-07 1.629076e-04 -4.139952e-07)
2686          	(-1.647140e-06 1.305752e-02 -2.317759e-05)	(-1.114088e-06 1.289462e-02 -2.275748e-05)	(-5.330519e-07 1.628987e-04 -4.201064e-07)
2687          	(-1.354278e-06 1.305738e-02 -2.298740e-05)	(-8.264498e-07 1.289449e-02 -2.256184e-05)	(-5.278278e-07 1.628908e-04 -4.255625e-07)
2688          	(-1.301039e-06 1.305602e-02 -2.321704e-05)	(-7.771582e-07 1.289314e-02 -2.278582e-05)	(-5.238811e-07 1.628794e-04 -4.312247e-07)
2689          	(-1.281255e-06 1.305544e-02 -2.298974e-05)	(-7.607065e-07 1.289257e-02 -2.255416e-05)	(-5.205490e-07 1.628687e-04 -4.355802e-07)
2690          	(-1.305410e-06 1.305359e-02 -2.220737e-05)	(-7.882934e-07 1.289073e-02 -2.177054e-05)	(-5.171171e-07 1.628546e-04 -4.368286e-07)
2691          	(-1.445092e-06 1.305257e-02 -2.148588e-05)	(-9.310617e-07 1.288973e-02 -2.104989e-05)	(-5.140304e-07 1.628414e-04 -4.359844e-07)
2692          	(-1.692151e-06 1.305273e-02 -2.086515e-05)	(-1.180745e-06 1.288990e-02 -2.043114e-05)	(-5.114064e-07 1.628338e-04 -4.340109e-07)
2693          	(-2.051088e-06 1.305359e-02 -2.039986e-05)	(-1.541632e-06 1.289076e-02 -1.996813e-05)	(-5.094564e-07 1.628325e-04 -4.317222e-07)
2694          	(-2.507750e-06 1.305509e-02 -2.014360e-05)	(-1.999369e-06 1.289225e-02 -1.971403e-05)	(-5.083811e-07 1.628379e-04 -4.295616e-07)
2695          	(-3.052062e-06 1.305676e-02 -2.011952e-05)	(-2.543630e-06 1.289392e-02 -1.969139e-05)	(-5.084320e-07 1.628480e-04 -4.281299e-07)
2696          	(-3.655706e-06 1.305817e-02 -2.024509e-05)	(-3.146092e-06 1.289531e-02 -1.981784e-05)	(-5.096134e-07 1.628605e-04 -4.272533e-07)
2697          	(-4.317396e-06 1.305782e-02 -2.065154e-05)	(-3.805010e-06 1.289496e-02 -2.022431e-05)	(-5.123861e-07 1.628677e-04 -4.272285e-07)
2698          	(-5.069895e-06 1.305753e-02 -2.082875e-05)	(-4.553285e-06 1.289466e-02 -2.040231e-05)	(-5.166103e-07 1.628711e-04 -4.264381e-07)
2699          	(-5.746904e-06 1.305739e-02 -2.091748e-05)	(-5.224634e-06 1.289452e-02 -2.049297e-05)	(-5.222698e-07 1.628721e-04 -4.245039e-07)
2700          	(-6.470667e-06 1.305686e-02 -2.085343e-05)	(-5.941239e-06 1.289399e-02 -2.043201e-05)	(-5.294279e-07 1.628697e-04 -4.214168e-07)
2701          	(-7.153449e-06 1.305633e-02 -2.067650e-05)	(-6.616056e-06 1.289346e-02 -2.026130e-05)	(-5.373931e-07 1.628644e-04 -4.151958e-07)
2702          	(-7.751943e-06 1.305635e-02 -2.034392e-05)	(-7.205517e-06 1.289349e-02 -1.993586e-05)	(-5.464255e-07 1.628588e-04 -4.080619e-07)
2703          	(-8.334646e-06 1.305583e-02 -2.005865e-05)	(-7.778328e-06 1.289298e-02 -1.965868e-05)	(-5.563181e-07 1.628503e-04 -3.999704e-07)
2704          	(-8.850724e-06 1.305527e-02 -1.976623e-05)	(-8.283836e-06 1.289243e-02 -1.937516e-05)	(-5.668880e-07 1.628392e-04 -3.910714e-07)
2705          	(-9.287963e-06 1.305466e-02 -1.950091e-05)	(-8.709944e-06 1.289183e-02 -1.911819e-05)	(-5.780197e-07 1.628257e-04 -3.827161e-07)
2706          	(-9.633197e-06 1.305394e-02 -1.929032e-05)	(-9.044391e-06 1.289113e-02 -1.891741e-05)	(-5.888059e-07 1.628100e-04 -3.729163e-07)
2707          	(-9.870625e-06 1.305051e-02 -1.921815e-05)	(-9.271045e-06 1.288772e-02 -1.885312e-05)	(-5.995798e-07 1.627828e-04 -3.650293e-07)
2708          	(-9.968551e-06 1.304997e-02 -1.913654e-05)	(-9.359124e-06 1.288721e-02 -1.877810e-05)	(-6.094267e-07 1.627576e-04 -3.584461e-07)
2709          	(-9.934685e-06 1.304967e-02 -1.911788e-05)	(-9.316479e-06 1.288693e-02 -1.876468e-05)	(-6.182058e-07 1.627353e-04 -3.531940e-07)
2710          	(-9.726673e-06 1.304837e-02 -1.911381e-05)	(-9.101096e-06 1.288566e-02 -1.876367e-05)	(-6.255772e-07 1.627108e-04 -3.501368e-07)
2711          	(-9.395857e-06 1.304652e-02 -1.906702e-05)	(-8.764864e-06 1.288384e-02 -1.871955e-05)	(-6.309923e-07 1.626828e-04 -3.474682e-07)
2712          	(-8.950791e-06 1.304479e-02 -1.906477e-05)	(-8.316135e-06 1.288213e-02 -1.871964e-05)	(-6.346553e-07 1.626528e-04 -3.451284e-07)
2713          	(-8.427099e-06 1.304360e-02 -1.906302e-05)	(-7.790520e-06 1.288098e-02 -1.871779e-05)	(-6.365792e-07 1.626237e-04 -3.452244e-07)
2714          	(-7.835695e-06 1.304331e-02 -1.909486e-05)	(-7.198843e-06 1.288071e-02 -1.874853e-05)	(-6.368520e-07 1.625982e-04 -3.463364e-07)
2715          	(-7.303020e-06 1.304025e-02 -1.930691e-05)	(-6.666637e-06 1.287768e-02 -1.895749e-05)	(-6.363832e-07 1.625651e-04 -3.494166e-07)
2716          	(-6.590153e-06 1.303935e-02 -1.915556e-05)	(-5.956350e-06 1.287681e-02 -1.880373e-05)	(-6.338022e-07 1.625344e-04 -3.518288e-07)
2717          	(-5.902037e-06 1.303859e-02 -1.896582e-05)	(-5.272470e-06 1.287608e-02 -1.861237e-05)	(-6.295664e-07 1.625067e-04 -3.534534e-07)
2718          	(-5.281023e-06 1.303796e-02 -1.875054e-05)	(-4.656537e-06 1.287548e-02 -1.839451e-05)	(-6.244859e-07 1.624813e-04 -3.560242e-07)
2719          	(-4.759499e-06 1.303768e-02 -1.852393e-05)	(-4.140692e-06 1.287522e-02 -1.816551e-05)	(-6.188069e-07 1.624589e-04 -3.584158e-07)
2720          	(-4.413613e-06 1.303528e-02 -1.848194e-05)	(-3.800278e-06 1.287285e-02 -1.812062e-05)	(-6.133345e-07 1.624310e-04 -3.613266e-07)
2721          	(-4.069985e-06 1.303456e-02 -1.800647e-05)	(-3.462722e-06 1.287215e-02 -1.764460e-05)	(-6.072637e-07 1.624057e-04 -3.618769e-07)
2722          	(-3.834678e-06 1.303409e-02 -1.747502e-05)	(-3.233847e-06 1.287171e-02 -1.711425e-05)	(-6.008302e-07 1.623839e-04 -3.607725e-07)
