# Force       
# CofR        : (0.000000e+00 0.000000e+00 0.000000e+00)
#
# Time        	(total_x total_y total_z)	(pressure_x pressure_y pressure_z)	(viscous_x viscous_y viscous_z)
5001          	(1.236479e-01 1.701059e-01 9.604140e+02)	(1.184790e-01 1.699202e-01 9.604118e+02)	(5.168903e-03 1.857374e-04 2.259567e-03)
5002          	(1.236016e-01 1.700553e-01 9.604141e+02)	(1.184343e-01 1.698692e-01 9.604118e+02)	(5.167284e-03 1.860875e-04 2.259829e-03)
5003          	(1.235505e-01 1.700025e-01 9.604141e+02)	(1.183848e-01 1.698159e-01 9.604118e+02)	(5.165631e-03 1.865713e-04 2.260193e-03)
5004          	(1.233955e-01 1.698163e-01 9.604141e+02)	(1.182317e-01 1.696293e-01 9.604119e+02)	(5.163810e-03 1.870870e-04 2.260816e-03)
5005          	(1.233514e-01 1.697788e-01 9.604141e+02)	(1.181893e-01 1.695910e-01 9.604119e+02)	(5.162073e-03 1.877135e-04 2.261544e-03)
5006          	(1.233101e-01 1.697469e-01 9.604142e+02)	(1.181496e-01 1.695585e-01 9.604119e+02)	(5.160449e-03 1.884220e-04 2.262285e-03)
5007          	(1.232718e-01 1.697196e-01 9.604142e+02)	(1.181129e-01 1.695304e-01 9.604119e+02)	(5.158959e-03 1.891669e-04 2.263140e-03)
5008          	(1.232388e-01 1.696982e-01 9.604142e+02)	(1.180811e-01 1.695083e-01 9.604119e+02)	(5.157646e-03 1.899183e-04 2.264076e-03)
5009          	(1.232140e-01 1.696850e-01 9.604142e+02)	(1.180575e-01 1.694944e-01 9.604119e+02)	(5.156556e-03 1.906129e-04 2.265108e-03)
5010          	(1.232009e-01 1.696829e-01 9.604142e+02)	(1.180451e-01 1.694916e-01 9.604119e+02)	(5.155738e-03 1.912285e-04 2.266176e-03)
5011          	(1.232017e-01 1.696937e-01 9.604142e+02)	(1.180465e-01 1.695020e-01 9.604119e+02)	(5.155211e-03 1.917176e-04 2.267286e-03)
5012          	(1.232632e-01 1.697294e-01 9.604140e+02)	(1.181079e-01 1.695374e-01 9.604118e+02)	(5.155291e-03 1.919879e-04 2.268375e-03)
5013          	(1.232911e-01 1.697675e-01 9.604140e+02)	(1.181355e-01 1.695754e-01 9.604117e+02)	(5.155606e-03 1.921175e-04 2.269503e-03)
5014          	(1.233324e-01 1.698191e-01 9.604140e+02)	(1.181762e-01 1.696270e-01 9.604117e+02)	(5.156197e-03 1.920994e-04 2.270519e-03)
5015          	(1.233863e-01 1.698830e-01 9.604139e+02)	(1.182292e-01 1.696911e-01 9.604116e+02)	(5.157082e-03 1.919176e-04 2.271505e-03)
5016          	(1.234515e-01 1.699572e-01 9.604139e+02)	(1.182932e-01 1.697656e-01 9.604116e+02)	(5.158269e-03 1.916054e-04 2.272403e-03)
5017          	(1.235252e-01 1.700378e-01 9.604138e+02)	(1.183655e-01 1.698466e-01 9.604116e+02)	(5.159722e-03 1.911426e-04 2.273259e-03)
5018          	(1.236046e-01 1.701215e-01 9.604138e+02)	(1.184432e-01 1.699309e-01 9.604115e+02)	(5.161413e-03 1.905687e-04 2.274012e-03)
5019          	(1.238127e-01 1.703555e-01 9.604137e+02)	(1.186491e-01 1.701656e-01 9.604115e+02)	(5.163560e-03 1.899487e-04 2.274554e-03)
5020          	(1.238752e-01 1.704128e-01 9.604137e+02)	(1.187095e-01 1.702236e-01 9.604114e+02)	(5.165705e-03 1.892087e-04 2.275043e-03)
5021          	(1.239300e-01 1.704598e-01 9.604137e+02)	(1.187622e-01 1.702715e-01 9.604114e+02)	(5.167804e-03 1.883255e-04 2.275498e-03)
5022          	(1.239780e-01 1.704985e-01 9.604137e+02)	(1.188082e-01 1.703111e-01 9.604114e+02)	(5.169864e-03 1.873675e-04 2.275830e-03)
5023          	(1.240199e-01 1.705303e-01 9.604137e+02)	(1.188481e-01 1.703440e-01 9.604114e+02)	(5.171821e-03 1.863375e-04 2.276082e-03)
5024          	(1.240561e-01 1.705567e-01 9.604137e+02)	(1.188824e-01 1.703714e-01 9.604114e+02)	(5.173661e-03 1.852915e-04 2.276187e-03)
5025          	(1.240868e-01 1.705789e-01 9.604137e+02)	(1.189115e-01 1.703947e-01 9.604114e+02)	(5.175348e-03 1.842025e-04 2.276200e-03)
5026          	(1.241123e-01 1.705972e-01 9.604137e+02)	(1.189354e-01 1.704141e-01 9.604114e+02)	(5.176862e-03 1.831287e-04 2.276054e-03)
5027          	(1.241323e-01 1.706119e-01 9.604137e+02)	(1.189541e-01 1.704299e-01 9.604114e+02)	(5.178162e-03 1.820343e-04 2.275817e-03)
5028          	(1.241469e-01 1.706226e-01 9.604137e+02)	(1.189676e-01 1.704416e-01 9.604114e+02)	(5.179253e-03 1.809854e-04 2.275426e-03)
5029          	(1.241559e-01 1.706287e-01 9.604137e+02)	(1.189758e-01 1.704487e-01 9.604114e+02)	(5.180097e-03 1.799390e-04 2.274978e-03)
5030          	(1.241589e-01 1.706289e-01 9.604136e+02)	(1.189782e-01 1.704499e-01 9.604114e+02)	(5.180708e-03 1.789681e-04 2.274421e-03)
5031          	(1.241559e-01 1.706231e-01 9.604136e+02)	(1.189748e-01 1.704451e-01 9.604113e+02)	(5.181051e-03 1.780378e-04 2.273864e-03)
5032          	(1.241465e-01 1.706109e-01 9.604136e+02)	(1.189654e-01 1.704336e-01 9.604113e+02)	(5.181141e-03 1.772245e-04 2.273260e-03)
5033          	(1.241307e-01 1.705919e-01 9.604136e+02)	(1.189497e-01 1.704154e-01 9.604113e+02)	(5.180961e-03 1.764984e-04 2.272712e-03)
5034          	(1.241079e-01 1.705653e-01 9.604136e+02)	(1.189274e-01 1.703894e-01 9.604113e+02)	(5.180526e-03 1.759243e-04 2.272181e-03)
5035          	(1.240781e-01 1.705307e-01 9.604136e+02)	(1.188983e-01 1.703552e-01 9.604113e+02)	(5.179829e-03 1.754681e-04 2.271750e-03)
5036          	(1.239661e-01 1.703918e-01 9.604136e+02)	(1.187874e-01 1.702168e-01 9.604113e+02)	(5.178696e-03 1.750628e-04 2.271359e-03)
5037          	(1.239340e-01 1.703567e-01 9.604136e+02)	(1.187566e-01 1.701819e-01 9.604113e+02)	(5.177397e-03 1.748494e-04 2.271140e-03)
5038          	(1.238992e-01 1.703183e-01 9.604136e+02)	(1.187232e-01 1.701434e-01 9.604113e+02)	(5.176023e-03 1.748393e-04 2.271022e-03)
5039          	(1.238584e-01 1.702752e-01 9.604136e+02)	(1.186839e-01 1.701002e-01 9.604113e+02)	(5.174503e-03 1.749728e-04 2.271096e-03)
5040          	(1.237068e-01 1.700975e-01 9.604138e+02)	(1.185341e-01 1.699223e-01 9.604115e+02)	(5.172644e-03 1.751959e-04 2.271465e-03)
5041          	(1.236713e-01 1.700573e-01 9.604138e+02)	(1.185005e-01 1.698818e-01 9.604115e+02)	(5.170788e-03 1.755351e-04 2.272002e-03)
5042          	(1.236361e-01 1.700166e-01 9.604139e+02)	(1.184671e-01 1.698407e-01 9.604116e+02)	(5.168997e-03 1.759760e-04 2.272596e-03)
5043          	(1.236014e-01 1.699758e-01 9.604139e+02)	(1.184341e-01 1.697993e-01 9.604116e+02)	(5.167259e-03 1.764698e-04 2.273372e-03)
5044          	(1.235673e-01 1.699341e-01 9.604139e+02)	(1.184017e-01 1.697571e-01 9.604117e+02)	(5.165617e-03 1.770163e-04 2.274278e-03)
5045          	(1.235352e-01 1.698927e-01 9.604140e+02)	(1.183711e-01 1.697151e-01 9.604117e+02)	(5.164109e-03 1.775510e-04 2.275351e-03)
5046          	(1.235074e-01 1.698547e-01 9.604140e+02)	(1.183446e-01 1.696766e-01 9.604117e+02)	(5.162789e-03 1.780724e-04 2.276520e-03)
5047          	(1.234869e-01 1.698249e-01 9.604141e+02)	(1.183252e-01 1.696463e-01 9.604118e+02)	(5.161672e-03 1.785325e-04 2.277793e-03)
5048          	(1.234767e-01 1.698078e-01 9.604141e+02)	(1.183159e-01 1.696289e-01 9.604118e+02)	(5.160843e-03 1.789297e-04 2.279062e-03)
5049          	(1.234791e-01 1.698075e-01 9.604141e+02)	(1.183188e-01 1.696283e-01 9.604118e+02)	(5.160304e-03 1.792171e-04 2.280322e-03)
5050          	(1.234952e-01 1.698262e-01 9.604141e+02)	(1.183351e-01 1.696468e-01 9.604118e+02)	(5.160115e-03 1.794145e-04 2.281470e-03)
5051          	(1.235253e-01 1.698640e-01 9.604140e+02)	(1.183650e-01 1.696845e-01 9.604118e+02)	(5.160268e-03 1.794813e-04 2.282509e-03)
5052          	(1.235700e-01 1.699222e-01 9.604140e+02)	(1.184091e-01 1.697427e-01 9.604117e+02)	(5.160803e-03 1.794454e-04 2.283356e-03)
5053          	(1.236265e-01 1.699962e-01 9.604140e+02)	(1.184648e-01 1.698169e-01 9.604117e+02)	(5.161694e-03 1.792768e-04 2.284039e-03)
5054          	(1.236947e-01 1.700838e-01 9.604139e+02)	(1.185318e-01 1.699048e-01 9.604116e+02)	(5.162930e-03 1.789978e-04 2.284496e-03)
5055          	(1.239032e-01 1.703619e-01 9.604139e+02)	(1.187385e-01 1.701831e-01 9.604116e+02)	(5.164772e-03 1.787371e-04 2.284565e-03)
5056          	(1.239582e-01 1.704294e-01 9.604138e+02)	(1.187915e-01 1.702511e-01 9.604115e+02)	(5.166702e-03 1.783049e-04 2.284543e-03)
5057          	(1.240092e-01 1.704907e-01 9.604138e+02)	(1.188405e-01 1.703130e-01 9.604115e+02)	(5.168675e-03 1.777030e-04 2.284449e-03)
5058          	(1.240575e-01 1.705475e-01 9.604138e+02)	(1.188868e-01 1.703705e-01 9.604115e+02)	(5.170696e-03 1.769957e-04 2.284211e-03)
5059          	(1.241961e-01 1.707340e-01 9.604137e+02)	(1.190233e-01 1.705576e-01 9.604114e+02)	(5.172830e-03 1.763184e-04 2.283710e-03)
5060          	(1.242292e-01 1.707697e-01 9.604137e+02)	(1.190543e-01 1.705942e-01 9.604114e+02)	(5.174899e-03 1.755289e-04 2.283143e-03)
5061          	(1.242570e-01 1.707982e-01 9.604137e+02)	(1.190802e-01 1.706236e-01 9.604114e+02)	(5.176792e-03 1.746690e-04 2.282623e-03)
5062          	(1.242796e-01 1.708202e-01 9.604137e+02)	(1.191010e-01 1.706464e-01 9.604114e+02)	(5.178544e-03 1.737952e-04 2.282023e-03)
5063          	(1.242971e-01 1.708366e-01 9.604137e+02)	(1.191170e-01 1.706638e-01 9.604114e+02)	(5.180093e-03 1.728844e-04 2.281421e-03)
5064          	(1.243093e-01 1.708476e-01 9.604137e+02)	(1.191279e-01 1.706756e-01 9.604114e+02)	(5.181438e-03 1.720192e-04 2.280740e-03)
5065          	(1.243160e-01 1.708529e-01 9.604137e+02)	(1.191335e-01 1.706818e-01 9.604114e+02)	(5.182533e-03 1.711687e-04 2.280068e-03)
5066          	(1.243166e-01 1.708523e-01 9.604136e+02)	(1.191332e-01 1.706819e-01 9.604114e+02)	(5.183389e-03 1.704062e-04 2.279329e-03)
5067          	(1.243109e-01 1.708456e-01 9.604136e+02)	(1.191270e-01 1.706759e-01 9.604113e+02)	(5.183965e-03 1.696868e-04 2.278626e-03)
5068          	(1.242990e-01 1.708327e-01 9.604136e+02)	(1.191147e-01 1.706636e-01 9.604113e+02)	(5.184289e-03 1.690886e-04 2.277890e-03)
5069          	(1.242806e-01 1.708130e-01 9.604136e+02)	(1.190962e-01 1.706445e-01 9.604113e+02)	(5.184328e-03 1.685669e-04 2.277229e-03)
5070          	(1.242565e-01 1.707870e-01 9.604136e+02)	(1.190723e-01 1.706188e-01 9.604113e+02)	(5.184118e-03 1.681918e-04 2.276581e-03)
5071          	(1.242262e-01 1.707532e-01 9.604136e+02)	(1.190426e-01 1.705853e-01 9.604113e+02)	(5.183633e-03 1.679202e-04 2.276047e-03)
5072          	(1.241912e-01 1.707141e-01 9.604136e+02)	(1.190083e-01 1.705462e-01 9.604113e+02)	(5.182914e-03 1.678197e-04 2.275578e-03)
5073          	(1.241503e-01 1.706706e-01 9.604136e+02)	(1.189684e-01 1.705027e-01 9.604113e+02)	(5.181962e-03 1.678547e-04 2.275264e-03)
5074          	(1.241059e-01 1.706239e-01 9.604136e+02)	(1.189251e-01 1.704558e-01 9.604113e+02)	(5.180807e-03 1.680746e-04 2.275065e-03)
5075          	(1.239573e-01 1.704508e-01 9.604136e+02)	(1.187780e-01 1.702824e-01 9.604113e+02)	(5.179227e-03 1.683707e-04 2.275212e-03)
5076          	(1.239215e-01 1.704151e-01 9.604136e+02)	(1.187439e-01 1.702462e-01 9.604114e+02)	(5.177591e-03 1.688791e-04 2.275451e-03)
5077          	(1.238873e-01 1.703815e-01 9.604137e+02)	(1.187114e-01 1.702119e-01 9.604114e+02)	(5.175958e-03 1.695413e-04 2.275820e-03)
5078          	(1.238544e-01 1.703481e-01 9.604137e+02)	(1.186801e-01 1.701778e-01 9.604114e+02)	(5.174316e-03 1.703565e-04 2.276351e-03)
5079          	(1.238223e-01 1.703153e-01 9.604138e+02)	(1.186496e-01 1.701440e-01 9.604115e+02)	(5.172683e-03 1.712949e-04 2.277076e-03)
5080          	(1.237904e-01 1.702817e-01 9.604138e+02)	(1.186193e-01 1.701093e-01 9.604115e+02)	(5.171113e-03 1.723389e-04 2.277981e-03)
5081          	(1.237027e-01 1.701650e-01 9.604139e+02)	(1.185331e-01 1.699915e-01 9.604117e+02)	(5.169616e-03 1.734786e-04 2.279429e-03)
5082          	(1.236804e-01 1.701397e-01 9.604140e+02)	(1.185121e-01 1.699651e-01 9.604117e+02)	(5.168255e-03 1.746319e-04 2.280876e-03)
5083          	(1.236632e-01 1.701201e-01 9.604140e+02)	(1.184962e-01 1.699443e-01 9.604118e+02)	(5.167046e-03 1.757430e-04 2.282269e-03)
5084          	(1.236524e-01 1.701086e-01 9.604141e+02)	(1.184864e-01 1.699318e-01 9.604118e+02)	(5.166055e-03 1.768179e-04 2.283645e-03)
5085          	(1.236499e-01 1.701083e-01 9.604141e+02)	(1.184845e-01 1.699305e-01 9.604118e+02)	(5.165329e-03 1.778259e-04 2.284987e-03)
5086          	(1.236571e-01 1.701215e-01 9.604141e+02)	(1.184922e-01 1.699428e-01 9.604118e+02)	(5.164901e-03 1.787515e-04 2.286226e-03)
5087          	(1.236754e-01 1.701496e-01 9.604141e+02)	(1.185106e-01 1.699701e-01 9.604118e+02)	(5.164798e-03 1.795640e-04 2.287340e-03)
5088          	(1.237044e-01 1.701920e-01 9.604141e+02)	(1.185394e-01 1.700117e-01 9.604118e+02)	(5.165053e-03 1.802554e-04 2.288260e-03)
5089          	(1.237434e-01 1.702463e-01 9.604141e+02)	(1.185777e-01 1.700655e-01 9.604118e+02)	(5.165656e-03 1.807930e-04 2.288983e-03)
5090          	(1.237905e-01 1.703094e-01 9.604141e+02)	(1.186239e-01 1.701283e-01 9.604118e+02)	(5.166612e-03 1.811794e-04 2.289452e-03)
5091          	(1.238448e-01 1.703792e-01 9.604140e+02)	(1.186769e-01 1.701978e-01 9.604117e+02)	(5.167878e-03 1.813979e-04 2.289697e-03)
5092          	(1.239070e-01 1.704503e-01 9.604140e+02)	(1.187375e-01 1.702689e-01 9.604117e+02)	(5.169452e-03 1.814491e-04 2.289690e-03)
5093          	(1.239752e-01 1.705219e-01 9.604139e+02)	(1.188039e-01 1.703405e-01 9.604116e+02)	(5.171294e-03 1.813179e-04 2.289476e-03)
5094          	(1.240428e-01 1.705891e-01 9.604138e+02)	(1.188695e-01 1.704080e-01 9.604115e+02)	(5.173328e-03 1.810413e-04 2.289051e-03)
5095          	(1.241077e-01 1.706504e-01 9.604137e+02)	(1.189322e-01 1.704698e-01 9.604114e+02)	(5.175478e-03 1.806151e-04 2.288477e-03)
5096          	(1.241679e-01 1.707053e-01 9.604136e+02)	(1.189902e-01 1.705252e-01 9.604113e+02)	(5.177679e-03 1.800756e-04 2.287745e-03)
5097          	(1.242220e-01 1.707531e-01 9.604136e+02)	(1.190421e-01 1.705737e-01 9.604113e+02)	(5.179852e-03 1.794286e-04 2.286932e-03)
5098          	(1.242619e-01 1.707906e-01 9.604135e+02)	(1.190800e-01 1.706119e-01 9.604112e+02)	(5.181915e-03 1.787258e-04 2.286022e-03)
5099          	(1.242947e-01 1.708206e-01 9.604135e+02)	(1.191108e-01 1.706427e-01 9.604112e+02)	(5.183814e-03 1.779630e-04 2.285081e-03)
5100          	(1.243198e-01 1.708437e-01 9.604135e+02)	(1.191342e-01 1.706666e-01 9.604112e+02)	(5.185542e-03 1.771829e-04 2.284084e-03)
5101          	(1.243365e-01 1.708599e-01 9.604135e+02)	(1.191494e-01 1.706835e-01 9.604112e+02)	(5.187045e-03 1.763779e-04 2.283101e-03)
5102          	(1.243442e-01 1.708684e-01 9.604134e+02)	(1.191559e-01 1.706928e-01 9.604112e+02)	(5.188314e-03 1.756040e-04 2.282102e-03)
5103          	(1.243432e-01 1.708692e-01 9.604134e+02)	(1.191539e-01 1.706943e-01 9.604111e+02)	(5.189319e-03 1.748394e-04 2.281162e-03)
5104          	(1.243339e-01 1.708621e-01 9.604134e+02)	(1.191439e-01 1.706879e-01 9.604111e+02)	(5.190065e-03 1.741467e-04 2.280244e-03)
5105          	(1.243169e-01 1.708466e-01 9.604134e+02)	(1.191264e-01 1.706731e-01 9.604111e+02)	(5.190546e-03 1.734940e-04 2.279435e-03)
5106          	(1.242929e-01 1.708230e-01 9.604134e+02)	(1.191021e-01 1.706500e-01 9.604111e+02)	(5.190767e-03 1.729459e-04 2.278701e-03)
5107          	(1.242628e-01 1.707914e-01 9.604134e+02)	(1.190721e-01 1.706189e-01 9.604111e+02)	(5.190716e-03 1.724811e-04 2.278126e-03)
5108          	(1.242267e-01 1.707513e-01 9.604134e+02)	(1.190362e-01 1.705792e-01 9.604111e+02)	(5.190434e-03 1.721581e-04 2.277671e-03)
5109          	(1.241860e-01 1.707047e-01 9.604134e+02)	(1.189961e-01 1.705327e-01 9.604112e+02)	(5.189905e-03 1.719515e-04 2.277416e-03)
5110          	(1.241395e-01 1.706520e-01 9.604135e+02)	(1.189503e-01 1.704801e-01 9.604112e+02)	(5.189167e-03 1.719168e-04 2.277314e-03)
5111          	(1.240897e-01 1.705961e-01 9.604135e+02)	(1.189015e-01 1.704241e-01 9.604112e+02)	(5.188205e-03 1.720323e-04 2.277423e-03)
5112          	(1.240385e-01 1.705373e-01 9.604135e+02)	(1.188514e-01 1.703650e-01 9.604113e+02)	(5.187080e-03 1.723281e-04 2.277700e-03)
5113          	(1.239863e-01 1.704762e-01 9.604136e+02)	(1.188005e-01 1.703034e-01 9.604113e+02)	(5.185811e-03 1.727697e-04 2.278190e-03)
5114          	(1.239283e-01 1.704092e-01 9.604137e+02)	(1.187439e-01 1.702358e-01 9.604114e+02)	(5.184415e-03 1.733713e-04 2.278851e-03)
5115          	(1.238715e-01 1.703405e-01 9.604138e+02)	(1.186885e-01 1.701664e-01 9.604115e+02)	(5.182937e-03 1.740917e-04 2.279716e-03)
5116          	(1.238169e-01 1.702711e-01 9.604139e+02)	(1.186355e-01 1.700961e-01 9.604116e+02)	(5.181425e-03 1.749209e-04 2.280741e-03)
5117          	(1.237654e-01 1.702017e-01 9.604140e+02)	(1.185855e-01 1.700259e-01 9.604117e+02)	(5.179931e-03 1.758176e-04 2.281941e-03)
5118          	(1.237251e-01 1.701374e-01 9.604141e+02)	(1.185466e-01 1.699606e-01 9.604118e+02)	(5.178528e-03 1.767632e-04 2.283261e-03)
5119          	(1.236867e-01 1.700739e-01 9.604142e+02)	(1.185095e-01 1.698962e-01 9.604119e+02)	(5.177227e-03 1.777193e-04 2.284705e-03)
5120          	(1.236503e-01 1.700108e-01 9.604143e+02)	(1.184742e-01 1.698321e-01 9.604120e+02)	(5.176072e-03 1.786629e-04 2.286215e-03)
5121          	(1.236172e-01 1.699497e-01 9.604143e+02)	(1.184421e-01 1.697702e-01 9.604120e+02)	(5.175082e-03 1.795531e-04 2.287777e-03)
5122          	(1.235893e-01 1.698939e-01 9.604144e+02)	(1.184150e-01 1.697135e-01 9.604121e+02)	(5.174288e-03 1.803727e-04 2.289310e-03)
5123          	(1.235691e-01 1.698473e-01 9.604144e+02)	(1.183954e-01 1.696662e-01 9.604121e+02)	(5.173717e-03 1.810723e-04 2.290782e-03)
5124          	(1.235590e-01 1.698134e-01 9.604144e+02)	(1.183856e-01 1.696317e-01 9.604122e+02)	(5.173404e-03 1.816373e-04 2.292100e-03)
5125          	(1.235626e-01 1.697964e-01 9.604145e+02)	(1.183892e-01 1.696143e-01 9.604122e+02)	(5.173374e-03 1.820289e-04 2.293242e-03)
5126          	(1.235786e-01 1.697959e-01 9.604144e+02)	(1.184049e-01 1.696137e-01 9.604121e+02)	(5.173644e-03 1.822515e-04 2.294134e-03)
5127          	(1.236060e-01 1.698106e-01 9.604144e+02)	(1.184318e-01 1.696283e-01 9.604121e+02)	(5.174215e-03 1.822699e-04 2.294784e-03)
5128          	(1.236433e-01 1.698384e-01 9.604144e+02)	(1.184682e-01 1.696563e-01 9.604121e+02)	(5.175100e-03 1.820943e-04 2.295141e-03)
5129          	(1.236880e-01 1.698761e-01 9.604143e+02)	(1.185117e-01 1.696944e-01 9.604120e+02)	(5.176263e-03 1.816972e-04 2.295256e-03)
5130          	(1.237371e-01 1.699198e-01 9.604142e+02)	(1.185594e-01 1.697387e-01 9.604119e+02)	(5.177686e-03 1.810998e-04 2.295110e-03)
5131          	(1.237876e-01 1.699655e-01 9.604142e+02)	(1.186083e-01 1.697852e-01 9.604119e+02)	(5.179293e-03 1.802933e-04 2.294774e-03)
5132          	(1.238369e-01 1.700103e-01 9.604141e+02)	(1.186558e-01 1.698310e-01 9.604118e+02)	(5.181057e-03 1.793026e-04 2.294251e-03)
5133          	(1.238829e-01 1.700517e-01 9.604141e+02)	(1.187000e-01 1.698736e-01 9.604118e+02)	(5.182897e-03 1.781275e-04 2.293624e-03)
5134          	(1.239238e-01 1.700883e-01 9.604140e+02)	(1.187391e-01 1.699115e-01 9.604117e+02)	(5.184746e-03 1.768176e-04 2.292889e-03)
5135          	(1.239586e-01 1.701179e-01 9.604140e+02)	(1.187721e-01 1.699425e-01 9.604117e+02)	(5.186540e-03 1.753812e-04 2.292137e-03)
5136          	(1.239867e-01 1.701394e-01 9.604139e+02)	(1.187984e-01 1.699655e-01 9.604116e+02)	(5.188232e-03 1.738748e-04 2.291355e-03)
5137          	(1.240051e-01 1.701500e-01 9.604139e+02)	(1.188153e-01 1.699777e-01 9.604116e+02)	(5.189752e-03 1.723056e-04 2.290617e-03)
5138          	(1.240165e-01 1.701518e-01 9.604139e+02)	(1.188254e-01 1.699811e-01 9.604116e+02)	(5.191075e-03 1.707365e-04 2.289902e-03)
5139          	(1.240210e-01 1.701447e-01 9.604139e+02)	(1.188288e-01 1.699755e-01 9.604116e+02)	(5.192159e-03 1.691608e-04 2.289280e-03)
5140          	(1.240186e-01 1.701287e-01 9.604139e+02)	(1.188255e-01 1.699611e-01 9.604116e+02)	(5.193009e-03 1.676457e-04 2.288721e-03)
5141          	(1.240098e-01 1.701046e-01 9.604139e+02)	(1.188162e-01 1.699385e-01 9.604116e+02)	(5.193585e-03 1.661787e-04 2.288305e-03)
5142          	(1.239953e-01 1.700729e-01 9.604139e+02)	(1.188014e-01 1.699081e-01 9.604116e+02)	(5.193897e-03 1.648310e-04 2.287989e-03)
5143          	(1.239758e-01 1.700340e-01 9.604139e+02)	(1.187819e-01 1.698705e-01 9.604116e+02)	(5.193922e-03 1.635851e-04 2.287858e-03)
5144          	(1.239521e-01 1.699885e-01 9.604139e+02)	(1.187585e-01 1.698260e-01 9.604116e+02)	(5.193683e-03 1.625071e-04 2.287856e-03)
5145          	(1.239250e-01 1.699366e-01 9.604139e+02)	(1.187318e-01 1.697750e-01 9.604116e+02)	(5.193183e-03 1.615724e-04 2.288055e-03)
5146          	(1.238921e-01 1.698754e-01 9.604139e+02)	(1.186997e-01 1.697146e-01 9.604116e+02)	(5.192426e-03 1.608414e-04 2.288400e-03)
5147          	(1.238549e-01 1.698080e-01 9.604139e+02)	(1.186635e-01 1.696477e-01 9.604117e+02)	(5.191417e-03 1.602765e-04 2.288951e-03)
5148          	(1.238147e-01 1.697369e-01 9.604140e+02)	(1.186245e-01 1.695770e-01 9.604117e+02)	(5.190193e-03 1.599336e-04 2.289646e-03)
5149          	(1.237724e-01 1.696628e-01 9.604140e+02)	(1.185836e-01 1.695030e-01 9.604117e+02)	(5.188766e-03 1.597768e-04 2.290528e-03)
5150          	(1.237286e-01 1.695867e-01 9.604140e+02)	(1.185414e-01 1.694269e-01 9.604118e+02)	(5.187180e-03 1.598374e-04 2.291534e-03)
5151          	(1.236839e-01 1.695091e-01 9.604141e+02)	(1.184985e-01 1.693491e-01 9.604118e+02)	(5.185455e-03 1.600707e-04 2.292692e-03)
5152          	(1.236387e-01 1.694303e-01 9.604141e+02)	(1.184551e-01 1.692698e-01 9.604118e+02)	(5.183639e-03 1.604889e-04 2.293947e-03)
5153          	(1.235937e-01 1.693496e-01 9.604142e+02)	(1.184119e-01 1.691886e-01 9.604119e+02)	(5.181770e-03 1.610386e-04 2.295318e-03)
5154          	(1.235493e-01 1.692684e-01 9.604143e+02)	(1.183694e-01 1.691067e-01 9.604120e+02)	(5.179869e-03 1.617209e-04 2.296756e-03)
5155          	(1.235062e-01 1.691865e-01 9.604143e+02)	(1.183282e-01 1.690240e-01 9.604120e+02)	(5.177971e-03 1.624856e-04 2.298274e-03)
5156          	(1.234647e-01 1.691037e-01 9.604144e+02)	(1.182886e-01 1.689404e-01 9.604121e+02)	(5.176118e-03 1.633035e-04 2.299820e-03)
5157          	(1.234247e-01 1.690196e-01 9.604145e+02)	(1.182504e-01 1.688554e-01 9.604122e+02)	(5.174332e-03 1.641301e-04 2.301406e-03)
5158          	(1.233882e-01 1.689344e-01 9.604145e+02)	(1.182155e-01 1.687695e-01 9.604122e+02)	(5.172659e-03 1.649417e-04 2.302980e-03)
5159          	(1.233540e-01 1.688484e-01 9.604146e+02)	(1.181829e-01 1.686827e-01 9.604123e+02)	(5.171124e-03 1.656903e-04 2.304540e-03)
5160          	(1.233235e-01 1.687636e-01 9.604146e+02)	(1.181537e-01 1.685973e-01 9.604123e+02)	(5.169773e-03 1.663672e-04 2.306020e-03)
5161          	(1.232991e-01 1.686849e-01 9.604146e+02)	(1.181305e-01 1.685180e-01 9.604123e+02)	(5.168623e-03 1.669279e-04 2.307411e-03)
5162          	(1.232833e-01 1.686167e-01 9.604146e+02)	(1.181156e-01 1.684494e-01 9.604123e+02)	(5.167716e-03 1.673678e-04 2.308635e-03)
5163          	(1.232775e-01 1.685615e-01 9.604146e+02)	(1.181105e-01 1.683939e-01 9.604123e+02)	(5.167067e-03 1.676430e-04 2.309687e-03)
5164          	(1.232832e-01 1.685203e-01 9.604146e+02)	(1.181165e-01 1.683526e-01 9.604123e+02)	(5.166712e-03 1.677585e-04 2.310499e-03)
5165          	(1.233116e-01 1.684942e-01 9.604145e+02)	(1.181449e-01 1.683265e-01 9.604122e+02)	(5.166710e-03 1.676596e-04 2.311086e-03)
5166          	(1.233507e-01 1.684787e-01 9.604144e+02)	(1.181837e-01 1.683113e-01 9.604120e+02)	(5.167058e-03 1.673618e-04 2.311405e-03)
5167          	(1.233973e-01 1.684689e-01 9.604142e+02)	(1.182296e-01 1.683021e-01 9.604119e+02)	(5.167706e-03 1.668405e-04 2.311509e-03)
5168          	(1.234484e-01 1.684627e-01 9.604141e+02)	(1.182798e-01 1.682966e-01 9.604118e+02)	(5.168636e-03 1.661239e-04 2.311383e-03)
5169          	(1.235009e-01 1.684562e-01 9.604140e+02)	(1.183312e-01 1.682910e-01 9.604117e+02)	(5.169769e-03 1.652114e-04 2.311102e-03)
5170          	(1.235430e-01 1.684440e-01 9.604139e+02)	(1.183720e-01 1.682799e-01 9.604116e+02)	(5.171021e-03 1.641578e-04 2.310679e-03)
5171          	(1.235850e-01 1.684269e-01 9.604138e+02)	(1.184127e-01 1.682640e-01 9.604115e+02)	(5.172338e-03 1.629510e-04 2.310191e-03)
5172          	(1.237043e-01 1.684209e-01 9.604136e+02)	(1.185304e-01 1.682595e-01 9.604113e+02)	(5.173951e-03 1.614485e-04 2.309415e-03)
5173          	(1.237317e-01 1.683924e-01 9.604136e+02)	(1.185562e-01 1.682324e-01 9.604113e+02)	(5.175425e-03 1.599523e-04 2.308776e-03)
5174          	(1.237549e-01 1.683590e-01 9.604135e+02)	(1.185781e-01 1.682005e-01 9.604112e+02)	(5.176799e-03 1.584962e-04 2.308255e-03)
5175          	(1.237752e-01 1.683200e-01 9.604135e+02)	(1.185971e-01 1.681629e-01 9.604112e+02)	(5.178066e-03 1.570393e-04 2.307864e-03)
5176          	(1.237937e-01 1.682764e-01 9.604135e+02)	(1.186145e-01 1.681208e-01 9.604112e+02)	(5.179198e-03 1.556354e-04 2.307565e-03)
5177          	(1.238107e-01 1.682289e-01 9.604135e+02)	(1.186305e-01 1.680747e-01 9.604112e+02)	(5.180184e-03 1.542668e-04 2.307394e-03)
5178          	(1.238270e-01 1.681802e-01 9.604135e+02)	(1.186460e-01 1.680272e-01 9.604112e+02)	(5.181013e-03 1.529965e-04 2.307285e-03)
5179          	(1.238423e-01 1.681311e-01 9.604135e+02)	(1.186606e-01 1.679793e-01 9.604112e+02)	(5.181657e-03 1.518052e-04 2.307268e-03)
5180          	(1.238568e-01 1.680840e-01 9.604135e+02)	(1.186747e-01 1.679333e-01 9.604112e+02)	(5.182146e-03 1.507623e-04 2.307277e-03)
5181          	(1.238704e-01 1.680398e-01 9.604135e+02)	(1.186879e-01 1.678899e-01 9.604112e+02)	(5.182473e-03 1.498454e-04 2.307353e-03)
5182          	(1.238817e-01 1.679975e-01 9.604135e+02)	(1.186991e-01 1.678484e-01 9.604112e+02)	(5.182647e-03 1.491311e-04 2.307445e-03)
5183          	(1.238809e-01 1.679551e-01 9.604135e+02)	(1.186982e-01 1.678065e-01 9.604112e+02)	(5.182626e-03 1.486049e-04 2.307626e-03)
5184          	(1.238776e-01 1.679149e-01 9.604135e+02)	(1.186951e-01 1.677666e-01 9.604112e+02)	(5.182443e-03 1.483309e-04 2.307857e-03)
5185          	(1.238750e-01 1.678804e-01 9.604136e+02)	(1.186928e-01 1.677321e-01 9.604113e+02)	(5.182125e-03 1.482828e-04 2.308208e-03)
5186          	(1.238694e-01 1.678458e-01 9.604136e+02)	(1.186877e-01 1.676973e-01 9.604113e+02)	(5.181686e-03 1.484953e-04 2.308635e-03)
5187          	(1.238732e-01 1.678167e-01 9.604136e+02)	(1.186920e-01 1.676678e-01 9.604113e+02)	(5.181190e-03 1.489014e-04 2.309182e-03)
5188          	(1.238745e-01 1.677865e-01 9.604136e+02)	(1.186939e-01 1.676370e-01 9.604113e+02)	(5.180650e-03 1.495148e-04 2.309800e-03)
5189          	(1.238733e-01 1.677540e-01 9.604136e+02)	(1.186932e-01 1.676037e-01 9.604113e+02)	(5.180069e-03 1.502700e-04 2.310532e-03)
5190          	(1.238691e-01 1.677178e-01 9.604136e+02)	(1.186896e-01 1.675666e-01 9.604113e+02)	(5.179482e-03 1.511547e-04 2.311321e-03)
5191          	(1.238542e-01 1.676731e-01 9.604137e+02)	(1.186754e-01 1.675210e-01 9.604114e+02)	(5.178864e-03 1.521252e-04 2.312204e-03)
5192          	(1.238421e-01 1.676248e-01 9.604137e+02)	(1.186639e-01 1.674717e-01 9.604114e+02)	(5.178276e-03 1.531547e-04 2.313134e-03)
5193          	(1.238260e-01 1.675711e-01 9.604138e+02)	(1.186483e-01 1.674169e-01 9.604114e+02)	(5.177734e-03 1.542022e-04 2.314130e-03)
5194          	(1.238053e-01 1.675117e-01 9.604138e+02)	(1.186281e-01 1.673564e-01 9.604115e+02)	(5.177229e-03 1.552611e-04 2.315158e-03)
5195          	(1.237801e-01 1.674469e-01 9.604138e+02)	(1.186033e-01 1.672907e-01 9.604115e+02)	(5.176765e-03 1.562878e-04 2.316235e-03)
5196          	(1.237510e-01 1.673775e-01 9.604139e+02)	(1.185746e-01 1.672202e-01 9.604116e+02)	(5.176348e-03 1.572693e-04 2.317323e-03)
5197          	(1.237193e-01 1.673048e-01 9.604139e+02)	(1.185433e-01 1.671467e-01 9.604116e+02)	(5.175989e-03 1.581583e-04 2.318430e-03)
5198          	(1.236871e-01 1.672309e-01 9.604139e+02)	(1.185114e-01 1.670720e-01 9.604116e+02)	(5.175709e-03 1.589373e-04 2.319497e-03)
5199          	(1.236580e-01 1.671600e-01 9.604139e+02)	(1.184825e-01 1.670004e-01 9.604116e+02)	(5.175525e-03 1.595592e-04 2.320513e-03)
5200          	(1.236351e-01 1.670956e-01 9.604139e+02)	(1.184596e-01 1.669356e-01 9.604116e+02)	(5.175493e-03 1.600091e-04 2.321399e-03)
5201          	(1.236219e-01 1.670407e-01 9.604139e+02)	(1.184463e-01 1.668804e-01 9.604116e+02)	(5.175634e-03 1.602474e-04 2.322149e-03)
5202          	(1.236192e-01 1.669949e-01 9.604139e+02)	(1.184432e-01 1.668347e-01 9.604115e+02)	(5.176007e-03 1.602713e-04 2.322689e-03)
5203          	(1.236273e-01 1.669576e-01 9.604138e+02)	(1.184507e-01 1.667976e-01 9.604115e+02)	(5.176610e-03 1.600563e-04 2.323034e-03)
5204          	(1.236456e-01 1.669272e-01 9.604137e+02)	(1.184682e-01 1.667676e-01 9.604114e+02)	(5.177479e-03 1.596230e-04 2.323138e-03)
5205          	(1.236725e-01 1.669016e-01 9.604137e+02)	(1.184939e-01 1.667426e-01 9.604113e+02)	(5.178606e-03 1.589575e-04 2.323056e-03)
5206          	(1.237059e-01 1.668791e-01 9.604136e+02)	(1.185260e-01 1.667210e-01 9.604113e+02)	(5.179968e-03 1.581076e-04 2.322764e-03)
5207          	(1.237431e-01 1.668577e-01 9.604135e+02)	(1.185616e-01 1.667006e-01 9.604112e+02)	(5.181525e-03 1.570767e-04 2.322345e-03)
5208          	(1.237825e-01 1.668364e-01 9.604134e+02)	(1.185993e-01 1.666805e-01 9.604111e+02)	(5.183247e-03 1.559220e-04 2.321796e-03)
5209          	(1.238227e-01 1.668153e-01 9.604134e+02)	(1.186377e-01 1.666606e-01 9.604111e+02)	(5.185054e-03 1.546579e-04 2.321199e-03)
5210          	(1.238627e-01 1.667947e-01 9.604133e+02)	(1.186758e-01 1.666414e-01 9.604110e+02)	(5.186916e-03 1.533447e-04 2.320540e-03)
5211          	(1.239016e-01 1.667748e-01 9.604133e+02)	(1.187129e-01 1.666228e-01 9.604110e+02)	(5.188765e-03 1.519798e-04 2.319903e-03)
5212          	(1.239390e-01 1.667560e-01 9.604133e+02)	(1.187485e-01 1.666053e-01 9.604109e+02)	(5.190550e-03 1.506368e-04 2.319262e-03)
5213          	(1.239747e-01 1.667383e-01 9.604132e+02)	(1.187825e-01 1.665890e-01 9.604109e+02)	(5.192231e-03 1.493067e-04 2.318684e-03)
5214          	(1.240082e-01 1.667218e-01 9.604132e+02)	(1.188144e-01 1.665737e-01 9.604109e+02)	(5.193764e-03 1.480558e-04 2.318132e-03)
5215          	(1.240389e-01 1.667056e-01 9.604132e+02)	(1.188438e-01 1.665587e-01 9.604109e+02)	(5.195109e-03 1.468669e-04 2.317670e-03)
5216          	(1.240664e-01 1.666895e-01 9.604132e+02)	(1.188702e-01 1.665437e-01 9.604109e+02)	(5.196251e-03 1.457940e-04 2.317251e-03)
5217          	(1.240900e-01 1.666728e-01 9.604132e+02)	(1.188929e-01 1.665279e-01 9.604108e+02)	(5.197148e-03 1.448120e-04 2.316937e-03)
5218          	(1.241091e-01 1.666541e-01 9.604132e+02)	(1.189113e-01 1.665101e-01 9.604108e+02)	(5.197798e-03 1.439830e-04 2.316672e-03)
5219          	(1.241226e-01 1.666319e-01 9.604132e+02)	(1.189245e-01 1.664887e-01 9.604108e+02)	(5.198162e-03 1.432647e-04 2.316530e-03)
5220          	(1.241300e-01 1.666047e-01 9.604132e+02)	(1.189318e-01 1.664620e-01 9.604108e+02)	(5.198254e-03 1.427235e-04 2.316456e-03)
5221          	(1.241276e-01 1.665727e-01 9.604132e+02)	(1.189296e-01 1.664304e-01 9.604108e+02)	(5.198035e-03 1.423203e-04 2.316519e-03)
5222          	(1.241192e-01 1.665343e-01 9.604132e+02)	(1.189216e-01 1.663922e-01 9.604109e+02)	(5.197526e-03 1.421129e-04 2.316663e-03)
5223          	(1.241050e-01 1.664888e-01 9.604132e+02)	(1.189083e-01 1.663468e-01 9.604109e+02)	(5.196736e-03 1.420480e-04 2.316951e-03)
5224          	(1.240856e-01 1.664361e-01 9.604132e+02)	(1.188900e-01 1.662939e-01 9.604109e+02)	(5.195682e-03 1.421781e-04 2.317330e-03)
5225          	(1.240616e-01 1.663740e-01 9.604132e+02)	(1.188672e-01 1.662316e-01 9.604109e+02)	(5.194401e-03 1.424453e-04 2.317846e-03)
5226          	(1.239359e-01 1.661647e-01 9.604134e+02)	(1.187433e-01 1.660219e-01 9.604111e+02)	(5.192660e-03 1.427954e-04 2.318761e-03)
5227          	(1.239154e-01 1.661057e-01 9.604134e+02)	(1.187245e-01 1.659624e-01 9.604111e+02)	(5.190822e-03 1.432680e-04 2.319676e-03)
5228          	(1.238939e-01 1.660447e-01 9.604135e+02)	(1.187049e-01 1.659008e-01 9.604111e+02)	(5.188932e-03 1.439302e-04 2.320505e-03)
5229          	(1.238709e-01 1.659806e-01 9.604135e+02)	(1.186839e-01 1.658359e-01 9.604112e+02)	(5.186980e-03 1.446725e-04 2.321359e-03)
5230          	(1.238429e-01 1.659086e-01 9.604135e+02)	(1.186579e-01 1.657631e-01 9.604112e+02)	(5.185003e-03 1.454998e-04 2.322199e-03)
5231          	(1.238086e-01 1.658280e-01 9.604136e+02)	(1.186256e-01 1.656816e-01 9.604112e+02)	(5.182987e-03 1.463596e-04 2.323081e-03)
5232          	(1.237674e-01 1.657397e-01 9.604136e+02)	(1.185864e-01 1.655925e-01 9.604113e+02)	(5.180976e-03 1.472476e-04 2.323972e-03)
5233          	(1.237191e-01 1.656458e-01 9.604136e+02)	(1.185402e-01 1.654977e-01 9.604113e+02)	(5.178977e-03 1.481154e-04 2.324915e-03)
5234          	(1.236650e-01 1.655489e-01 9.604137e+02)	(1.184880e-01 1.653999e-01 9.604113e+02)	(5.177037e-03 1.489596e-04 2.325870e-03)
5235          	(1.236076e-01 1.654528e-01 9.604137e+02)	(1.184325e-01 1.653031e-01 9.604114e+02)	(5.175183e-03 1.497354e-04 2.326854e-03)
5236          	(1.235509e-01 1.653632e-01 9.604137e+02)	(1.183774e-01 1.652128e-01 9.604114e+02)	(5.173463e-03 1.504457e-04 2.327794e-03)
5237          	(1.234998e-01 1.652861e-01 9.604137e+02)	(1.183279e-01 1.651351e-01 9.604114e+02)	(5.171913e-03 1.510400e-04 2.328686e-03)
5238          	(1.234699e-01 1.652293e-01 9.604136e+02)	(1.182993e-01 1.650778e-01 9.604113e+02)	(5.170654e-03 1.515155e-04 2.329431e-03)
5239          	(1.234547e-01 1.651936e-01 9.604135e+02)	(1.182850e-01 1.650418e-01 9.604112e+02)	(5.169694e-03 1.518317e-04 2.330019e-03)
5240          	(1.234560e-01 1.651806e-01 9.604134e+02)	(1.182869e-01 1.650286e-01 9.604111e+02)	(5.169076e-03 1.520153e-04 2.330359e-03)
5241          	(1.234730e-01 1.651863e-01 9.604133e+02)	(1.183042e-01 1.650343e-01 9.604109e+02)	(5.168798e-03 1.520235e-04 2.330473e-03)
5242          	(1.234941e-01 1.652044e-01 9.604132e+02)	(1.183253e-01 1.650526e-01 9.604108e+02)	(5.168827e-03 1.518959e-04 2.330307e-03)
5243          	(1.235281e-01 1.652347e-01 9.604131e+02)	(1.183590e-01 1.650831e-01 9.604108e+02)	(5.169155e-03 1.515973e-04 2.329907e-03)
5244          	(1.235796e-01 1.652765e-01 9.604130e+02)	(1.184098e-01 1.651253e-01 9.604107e+02)	(5.169812e-03 1.511542e-04 2.329252e-03)
5245          	(1.236306e-01 1.653211e-01 9.604129e+02)	(1.184599e-01 1.651705e-01 9.604106e+02)	(5.170710e-03 1.505759e-04 2.328437e-03)
5246          	(1.236844e-01 1.653671e-01 9.604128e+02)	(1.185126e-01 1.652172e-01 9.604105e+02)	(5.171814e-03 1.498985e-04 2.327469e-03)
5247          	(1.237381e-01 1.654123e-01 9.604127e+02)	(1.185650e-01 1.652631e-01 9.604104e+02)	(5.173049e-03 1.491215e-04 2.326444e-03)
5248          	(1.237894e-01 1.654554e-01 9.604127e+02)	(1.186150e-01 1.653071e-01 9.604104e+02)	(5.174382e-03 1.482985e-04 2.325368e-03)
5249          	(1.238363e-01 1.654954e-01 9.604126e+02)	(1.186606e-01 1.653480e-01 9.604103e+02)	(5.175722e-03 1.474268e-04 2.324335e-03)
5250          	(1.238778e-01 1.655319e-01 9.604126e+02)	(1.187007e-01 1.653853e-01 9.604103e+02)	(5.177054e-03 1.465607e-04 2.323324e-03)
5251          	(1.239131e-01 1.655645e-01 9.604126e+02)	(1.187348e-01 1.654188e-01 9.604102e+02)	(5.178295e-03 1.457005e-04 2.322415e-03)
5252          	(1.239413e-01 1.655921e-01 9.604125e+02)	(1.187619e-01 1.654472e-01 9.604102e+02)	(5.179422e-03 1.449081e-04 2.321573e-03)
5253          	(1.239625e-01 1.656146e-01 9.604125e+02)	(1.187821e-01 1.654704e-01 9.604102e+02)	(5.180394e-03 1.441696e-04 2.320861e-03)
5254          	(1.239763e-01 1.656305e-01 9.604125e+02)	(1.187951e-01 1.654870e-01 9.604102e+02)	(5.181191e-03 1.435339e-04 2.320218e-03)
5255          	(1.239830e-01 1.656391e-01 9.604125e+02)	(1.188013e-01 1.654961e-01 9.604102e+02)	(5.181777e-03 1.429857e-04 2.319710e-03)
5256          	(1.239844e-01 1.656419e-01 9.604125e+02)	(1.188022e-01 1.654993e-01 9.604102e+02)	(5.182159e-03 1.425844e-04 2.319267e-03)
5257          	(1.239813e-01 1.656388e-01 9.604125e+02)	(1.187990e-01 1.654966e-01 9.604102e+02)	(5.182315e-03 1.422951e-04 2.318957e-03)
5258          	(1.239746e-01 1.656303e-01 9.604125e+02)	(1.187923e-01 1.654882e-01 9.604102e+02)	(5.182260e-03 1.421809e-04 2.318714e-03)
5259          	(1.239649e-01 1.656165e-01 9.604126e+02)	(1.187829e-01 1.654743e-01 9.604102e+02)	(5.181969e-03 1.421997e-04 2.318601e-03)
5260          	(1.239529e-01 1.655976e-01 9.604126e+02)	(1.187714e-01 1.654552e-01 9.604103e+02)	(5.181484e-03 1.424048e-04 2.318558e-03)
5261          	(1.239389e-01 1.655733e-01 9.604126e+02)	(1.187581e-01 1.654305e-01 9.604103e+02)	(5.180782e-03 1.427507e-04 2.318649e-03)
5262          	(1.239193e-01 1.655388e-01 9.604126e+02)	(1.187394e-01 1.653955e-01 9.604103e+02)	(5.179883e-03 1.432691e-04 2.318823e-03)
5263          	(1.238218e-01 1.653970e-01 9.604127e+02)	(1.186432e-01 1.652532e-01 9.604104e+02)	(5.178614e-03 1.438623e-04 2.319470e-03)
5264          	(1.238066e-01 1.653598e-01 9.604127e+02)	(1.186293e-01 1.652152e-01 9.604104e+02)	(5.177211e-03 1.445992e-04 2.320033e-03)
5265          	(1.237904e-01 1.653199e-01 9.604128e+02)	(1.186147e-01 1.651744e-01 9.604104e+02)	(5.175722e-03 1.454374e-04 2.320578e-03)
5266          	(1.237718e-01 1.652757e-01 9.604128e+02)	(1.185976e-01 1.651294e-01 9.604105e+02)	(5.174137e-03 1.463679e-04 2.321141e-03)
5267          	(1.236800e-01 1.651203e-01 9.604129e+02)	(1.185077e-01 1.649730e-01 9.604106e+02)	(5.172368e-03 1.473320e-04 2.322161e-03)
5268          	(1.236603e-01 1.650735e-01 9.604129e+02)	(1.184897e-01 1.649251e-01 9.604106e+02)	(5.170549e-03 1.483282e-04 2.323111e-03)
5269          	(1.236366e-01 1.650207e-01 9.604130e+02)	(1.184679e-01 1.648713e-01 9.604107e+02)	(5.168708e-03 1.493418e-04 2.323974e-03)
5270          	(1.236076e-01 1.649606e-01 9.604130e+02)	(1.184407e-01 1.648103e-01 9.604107e+02)	(5.166861e-03 1.503259e-04 2.324833e-03)
5271          	(1.235722e-01 1.648929e-01 9.604131e+02)	(1.184072e-01 1.647417e-01 9.604108e+02)	(5.165035e-03 1.512426e-04 2.325712e-03)
5272          	(1.235292e-01 1.648179e-01 9.604131e+02)	(1.183660e-01 1.646658e-01 9.604108e+02)	(5.163249e-03 1.520719e-04 2.326597e-03)
5273          	(1.234787e-01 1.647377e-01 9.604132e+02)	(1.183172e-01 1.645849e-01 9.604108e+02)	(5.161530e-03 1.527845e-04 2.327486e-03)
5274          	(1.234225e-01 1.646567e-01 9.604132e+02)	(1.182626e-01 1.645034e-01 9.604109e+02)	(5.159911e-03 1.533706e-04 2.328323e-03)
5275          	(1.233643e-01 1.645815e-01 9.604132e+02)	(1.182059e-01 1.644277e-01 9.604109e+02)	(5.158418e-03 1.538116e-04 2.329082e-03)
5276          	(1.233084e-01 1.645180e-01 9.604132e+02)	(1.181513e-01 1.643639e-01 9.604109e+02)	(5.157096e-03 1.541190e-04 2.329689e-03)
5277          	(1.232585e-01 1.644700e-01 9.604132e+02)	(1.181025e-01 1.643157e-01 9.604108e+02)	(5.155973e-03 1.542722e-04 2.330122e-03)
5278          	(1.232181e-01 1.644399e-01 9.604131e+02)	(1.180630e-01 1.642856e-01 9.604108e+02)	(5.155077e-03 1.542996e-04 2.330314e-03)
5279          	(1.231885e-01 1.644269e-01 9.604131e+02)	(1.180341e-01 1.642727e-01 9.604107e+02)	(5.154419e-03 1.541778e-04 2.330278e-03)
5280          	(1.231734e-01 1.644311e-01 9.604130e+02)	(1.180194e-01 1.642772e-01 9.604107e+02)	(5.154040e-03 1.539349e-04 2.329969e-03)
5281          	(1.231714e-01 1.644484e-01 9.604129e+02)	(1.180174e-01 1.642949e-01 9.604106e+02)	(5.153917e-03 1.535576e-04 2.329435e-03)
5282          	(1.231817e-01 1.644754e-01 9.604128e+02)	(1.180276e-01 1.643223e-01 9.604105e+02)	(5.154059e-03 1.530668e-04 2.328673e-03)
5283          	(1.232029e-01 1.645084e-01 9.604127e+02)	(1.180484e-01 1.643560e-01 9.604104e+02)	(5.154431e-03 1.524584e-04 2.327754e-03)
5284          	(1.232326e-01 1.645452e-01 9.604127e+02)	(1.180776e-01 1.643934e-01 9.604103e+02)	(5.155006e-03 1.517847e-04 2.326680e-03)
5285          	(1.232688e-01 1.645835e-01 9.604126e+02)	(1.181131e-01 1.644324e-01 9.604103e+02)	(5.155729e-03 1.510476e-04 2.325530e-03)
5286          	(1.233090e-01 1.646230e-01 9.604125e+02)	(1.181524e-01 1.644727e-01 9.604102e+02)	(5.156567e-03 1.502929e-04 2.324304e-03)
5287          	(1.233504e-01 1.646636e-01 9.604125e+02)	(1.181930e-01 1.645141e-01 9.604102e+02)	(5.157450e-03 1.495192e-04 2.323089e-03)
5288          	(1.233909e-01 1.647044e-01 9.604124e+02)	(1.182326e-01 1.645556e-01 9.604101e+02)	(5.158342e-03 1.487751e-04 2.321867e-03)
5289          	(1.234283e-01 1.647451e-01 9.604124e+02)	(1.182691e-01 1.645971e-01 9.604101e+02)	(5.159187e-03 1.480337e-04 2.320717e-03)
5290          	(1.234599e-01 1.647858e-01 9.604124e+02)	(1.182999e-01 1.646384e-01 9.604101e+02)	(5.159964e-03 1.473390e-04 2.319601e-03)
5291          	(1.234856e-01 1.648258e-01 9.604124e+02)	(1.183250e-01 1.646791e-01 9.604100e+02)	(5.160617e-03 1.466710e-04 2.318587e-03)
5292          	(1.235054e-01 1.648654e-01 9.604123e+02)	(1.183443e-01 1.647194e-01 9.604100e+02)	(5.161146e-03 1.460819e-04 2.317624e-03)
5293          	(1.235187e-01 1.649024e-01 9.604123e+02)	(1.183572e-01 1.647568e-01 9.604100e+02)	(5.161502e-03 1.455510e-04 2.316786e-03)
5294          	(1.235265e-01 1.649375e-01 9.604123e+02)	(1.183648e-01 1.647924e-01 9.604100e+02)	(5.161686e-03 1.451442e-04 2.316004e-03)
5295          	(1.235294e-01 1.649693e-01 9.604123e+02)	(1.183678e-01 1.648245e-01 9.604100e+02)	(5.161673e-03 1.448244e-04 2.315359e-03)
5296          	(1.235281e-01 1.649971e-01 9.604123e+02)	(1.183666e-01 1.648525e-01 9.604100e+02)	(5.161473e-03 1.446652e-04 2.314786e-03)
5297          	(1.235229e-01 1.650198e-01 9.604123e+02)	(1.183619e-01 1.648752e-01 9.604100e+02)	(5.161065e-03 1.446311e-04 2.314363e-03)
5298          	(1.235140e-01 1.650362e-01 9.604123e+02)	(1.183535e-01 1.648914e-01 9.604100e+02)	(5.160479e-03 1.447753e-04 2.314028e-03)
5299          	(1.235021e-01 1.650458e-01 9.604124e+02)	(1.183424e-01 1.649007e-01 9.604100e+02)	(5.159699e-03 1.450673e-04 2.313859e-03)
5300          	(1.234735e-01 1.650448e-01 9.604124e+02)	(1.183148e-01 1.648992e-01 9.604101e+02)	(5.158698e-03 1.455725e-04 2.313813e-03)
5301          	(1.234406e-01 1.650328e-01 9.604125e+02)	(1.182831e-01 1.648866e-01 9.604102e+02)	(5.157501e-03 1.462296e-04 2.313950e-03)
5302          	(1.234050e-01 1.650100e-01 9.604126e+02)	(1.182489e-01 1.648630e-01 9.604103e+02)	(5.156156e-03 1.470619e-04 2.314222e-03)
5303          	(1.233729e-01 1.649818e-01 9.604127e+02)	(1.182182e-01 1.648338e-01 9.604104e+02)	(5.154711e-03 1.480084e-04 2.314671e-03)
5304          	(1.233380e-01 1.649431e-01 9.604128e+02)	(1.181848e-01 1.647941e-01 9.604105e+02)	(5.153206e-03 1.490735e-04 2.315250e-03)
5305          	(1.231925e-01 1.647571e-01 9.604131e+02)	(1.180411e-01 1.646069e-01 9.604108e+02)	(5.151480e-03 1.501739e-04 2.316474e-03)
5306          	(1.231684e-01 1.647110e-01 9.604131e+02)	(1.180186e-01 1.645597e-01 9.604108e+02)	(5.149834e-03 1.512894e-04 2.317589e-03)
5307          	(1.231428e-01 1.646582e-01 9.604132e+02)	(1.179945e-01 1.645058e-01 9.604109e+02)	(5.148249e-03 1.523967e-04 2.318609e-03)
5308          	(1.231149e-01 1.645980e-01 9.604132e+02)	(1.179681e-01 1.644446e-01 9.604109e+02)	(5.146752e-03 1.534735e-04 2.319597e-03)
5309          	(1.230840e-01 1.645300e-01 9.604133e+02)	(1.179386e-01 1.643756e-01 9.604110e+02)	(5.145363e-03 1.544777e-04 2.320575e-03)
5310          	(1.230499e-01 1.644534e-01 9.604134e+02)	(1.179058e-01 1.642980e-01 9.604110e+02)	(5.144121e-03 1.553874e-04 2.321513e-03)
5311          	(1.230129e-01 1.643708e-01 9.604134e+02)	(1.178698e-01 1.642146e-01 9.604111e+02)	(5.143023e-03 1.561718e-04 2.322426e-03)
5312          	(1.229776e-01 1.642885e-01 9.604134e+02)	(1.178354e-01 1.641317e-01 9.604111e+02)	(5.142119e-03 1.568172e-04 2.323245e-03)
5313          	(1.229443e-01 1.642125e-01 9.604135e+02)	(1.178029e-01 1.640552e-01 9.604111e+02)	(5.141413e-03 1.572949e-04 2.323964e-03)
5314          	(1.229156e-01 1.641491e-01 9.604134e+02)	(1.177747e-01 1.639915e-01 9.604111e+02)	(5.140927e-03 1.576112e-04 2.324497e-03)
5315          	(1.228942e-01 1.641033e-01 9.604134e+02)	(1.177535e-01 1.639456e-01 9.604111e+02)	(5.140648e-03 1.577420e-04 2.324842e-03)
5316          	(1.228855e-01 1.640788e-01 9.604133e+02)	(1.177449e-01 1.639211e-01 9.604110e+02)	(5.140617e-03 1.577077e-04 2.324924e-03)
5317          	(1.228844e-01 1.640736e-01 9.604132e+02)	(1.177436e-01 1.639161e-01 9.604109e+02)	(5.140800e-03 1.574836e-04 2.324767e-03)
5318          	(1.228908e-01 1.640869e-01 9.604131e+02)	(1.177496e-01 1.639298e-01 9.604108e+02)	(5.141188e-03 1.571060e-04 2.324323e-03)
5319          	(1.229031e-01 1.641147e-01 9.604129e+02)	(1.177614e-01 1.639581e-01 9.604106e+02)	(5.141735e-03 1.565653e-04 2.323645e-03)
5320          	(1.229117e-01 1.641499e-01 9.604129e+02)	(1.177693e-01 1.639940e-01 9.604105e+02)	(5.142381e-03 1.559094e-04 2.322715e-03)
5321          	(1.229255e-01 1.641912e-01 9.604128e+02)	(1.177824e-01 1.640360e-01 9.604104e+02)	(5.143095e-03 1.551336e-04 2.321601e-03)
5322          	(1.229441e-01 1.642357e-01 9.604127e+02)	(1.178002e-01 1.640814e-01 9.604103e+02)	(5.143866e-03 1.542728e-04 2.320289e-03)
5323          	(1.229667e-01 1.642814e-01 9.604126e+02)	(1.178221e-01 1.641280e-01 9.604103e+02)	(5.144647e-03 1.533345e-04 2.318857e-03)
5324          	(1.229935e-01 1.643290e-01 9.604125e+02)	(1.178481e-01 1.641766e-01 9.604102e+02)	(5.145437e-03 1.523684e-04 2.317299e-03)
5325          	(1.230217e-01 1.643748e-01 9.604124e+02)	(1.178755e-01 1.642234e-01 9.604101e+02)	(5.146197e-03 1.513743e-04 2.315705e-03)
5326          	(1.230494e-01 1.644174e-01 9.604124e+02)	(1.179025e-01 1.642670e-01 9.604101e+02)	(5.146912e-03 1.504129e-04 2.314068e-03)
5327          	(1.230757e-01 1.644572e-01 9.604123e+02)	(1.179281e-01 1.643077e-01 9.604100e+02)	(5.147543e-03 1.494735e-04 2.312480e-03)
5328          	(1.230996e-01 1.644949e-01 9.604123e+02)	(1.179515e-01 1.643463e-01 9.604100e+02)	(5.148096e-03 1.486108e-04 2.310919e-03)
5329          	(1.231203e-01 1.645309e-01 9.604123e+02)	(1.179718e-01 1.643831e-01 9.604100e+02)	(5.148527e-03 1.478132e-04 2.309468e-03)
5330          	(1.231362e-01 1.645640e-01 9.604123e+02)	(1.179873e-01 1.644169e-01 9.604100e+02)	(5.148842e-03 1.471346e-04 2.308093e-03)
5331          	(1.231471e-01 1.645950e-01 9.604122e+02)	(1.179981e-01 1.644484e-01 9.604099e+02)	(5.149002e-03 1.465484e-04 2.306874e-03)
5332          	(1.231527e-01 1.646227e-01 9.604122e+02)	(1.180037e-01 1.644766e-01 9.604099e+02)	(5.149001e-03 1.461219e-04 2.305754e-03)
5333          	(1.231536e-01 1.646476e-01 9.604122e+02)	(1.180048e-01 1.645018e-01 9.604099e+02)	(5.148823e-03 1.458091e-04 2.304814e-03)
5334          	(1.231503e-01 1.646691e-01 9.604122e+02)	(1.180018e-01 1.645234e-01 9.604099e+02)	(5.148476e-03 1.456709e-04 2.303981e-03)
5335          	(1.231424e-01 1.646856e-01 9.604122e+02)	(1.179945e-01 1.645399e-01 9.604099e+02)	(5.147937e-03 1.456617e-04 2.303327e-03)
5336          	(1.231304e-01 1.646962e-01 9.604122e+02)	(1.179831e-01 1.645503e-01 9.604099e+02)	(5.147230e-03 1.458367e-04 2.302787e-03)
5337          	(1.231144e-01 1.647002e-01 9.604123e+02)	(1.179680e-01 1.645540e-01 9.604100e+02)	(5.146345e-03 1.461502e-04 2.302425e-03)
5338          	(1.230934e-01 1.646958e-01 9.604123e+02)	(1.179481e-01 1.645492e-01 9.604100e+02)	(5.145312e-03 1.466476e-04 2.302189e-03)
5339          	(1.230654e-01 1.646825e-01 9.604123e+02)	(1.179212e-01 1.645353e-01 9.604100e+02)	(5.144118e-03 1.472897e-04 2.302143e-03)
5340          	(1.230337e-01 1.646621e-01 9.604123e+02)	(1.178909e-01 1.645140e-01 9.604100e+02)	(5.142806e-03 1.481070e-04 2.302239e-03)
5341          	(1.229984e-01 1.646352e-01 9.604124e+02)	(1.178570e-01 1.644861e-01 9.604101e+02)	(5.141377e-03 1.490524e-04 2.302547e-03)
5342          	(1.229604e-01 1.646014e-01 9.604124e+02)	(1.178205e-01 1.644512e-01 9.604101e+02)	(5.139887e-03 1.501389e-04 2.303026e-03)
5343          	(1.229210e-01 1.645605e-01 9.604125e+02)	(1.177827e-01 1.644091e-01 9.604102e+02)	(5.138349e-03 1.513249e-04 2.303714e-03)
5344          	(1.228799e-01 1.645145e-01 9.604125e+02)	(1.177431e-01 1.643619e-01 9.604102e+02)	(5.136820e-03 1.526091e-04 2.304564e-03)
5345          	(1.228392e-01 1.644634e-01 9.604126e+02)	(1.177038e-01 1.643094e-01 9.604103e+02)	(5.135329e-03 1.539550e-04 2.305585e-03)
5346          	(1.228006e-01 1.644093e-01 9.604127e+02)	(1.176667e-01 1.642539e-01 9.604104e+02)	(5.133921e-03 1.553410e-04 2.306726e-03)
5347          	(1.227631e-01 1.643536e-01 9.604127e+02)	(1.176305e-01 1.641969e-01 9.604104e+02)	(5.132603e-03 1.566947e-04 2.308014e-03)
5348          	(1.227254e-01 1.642953e-01 9.604128e+02)	(1.175940e-01 1.641373e-01 9.604105e+02)	(5.131412e-03 1.580031e-04 2.309374e-03)
5349          	(1.226888e-01 1.642358e-01 9.604129e+02)	(1.175584e-01 1.640766e-01 9.604105e+02)	(5.130360e-03 1.592183e-04 2.310788e-03)
5350          	(1.226548e-01 1.641783e-01 9.604129e+02)	(1.175253e-01 1.640180e-01 9.604106e+02)	(5.129490e-03 1.603206e-04 2.312153e-03)
5351          	(1.226255e-01 1.641266e-01 9.604129e+02)	(1.174967e-01 1.639653e-01 9.604106e+02)	(5.128798e-03 1.612506e-04 2.313452e-03)
5352          	(1.226028e-01 1.640849e-01 9.604129e+02)	(1.174745e-01 1.639229e-01 9.604106e+02)	(5.128336e-03 1.620074e-04 2.314560e-03)
5353          	(1.225880e-01 1.640565e-01 9.604129e+02)	(1.174599e-01 1.638939e-01 9.604106e+02)	(5.128097e-03 1.625567e-04 2.315455e-03)
5354          	(1.225822e-01 1.640446e-01 9.604129e+02)	(1.174541e-01 1.638817e-01 9.604106e+02)	(5.128123e-03 1.629133e-04 2.316045e-03)
5355          	(1.225878e-01 1.640540e-01 9.604128e+02)	(1.174594e-01 1.638909e-01 9.604105e+02)	(5.128396e-03 1.630542e-04 2.316343e-03)
5356          	(1.226028e-01 1.640832e-01 9.604128e+02)	(1.174739e-01 1.639202e-01 9.604104e+02)	(5.128935e-03 1.630238e-04 2.316284e-03)
5357          	(1.226255e-01 1.641308e-01 9.604127e+02)	(1.174958e-01 1.639680e-01 9.604104e+02)	(5.129687e-03 1.627989e-04 2.315933e-03)
5358          	(1.226549e-01 1.641951e-01 9.604126e+02)	(1.175243e-01 1.640327e-01 9.604103e+02)	(5.130630e-03 1.624394e-04 2.315254e-03)
5359          	(1.226904e-01 1.642733e-01 9.604125e+02)	(1.175587e-01 1.641113e-01 9.604102e+02)	(5.131702e-03 1.619465e-04 2.314334e-03)
5360          	(1.227303e-01 1.643629e-01 9.604124e+02)	(1.175975e-01 1.642015e-01 9.604101e+02)	(5.132856e-03 1.613693e-04 2.313177e-03)
5361          	(1.227737e-01 1.644605e-01 9.604123e+02)	(1.176397e-01 1.642998e-01 9.604100e+02)	(5.134028e-03 1.607145e-04 2.311858e-03)
5362          	(1.228196e-01 1.645632e-01 9.604122e+02)	(1.176844e-01 1.644032e-01 9.604099e+02)	(5.135192e-03 1.600384e-04 2.310370e-03)
5363          	(1.228599e-01 1.646624e-01 9.604122e+02)	(1.177236e-01 1.645030e-01 9.604099e+02)	(5.136250e-03 1.593270e-04 2.308821e-03)
5364          	(1.229002e-01 1.647577e-01 9.604121e+02)	(1.177630e-01 1.645991e-01 9.604098e+02)	(5.137208e-03 1.586436e-04 2.307163e-03)
5365          	(1.229388e-01 1.648459e-01 9.604121e+02)	(1.178008e-01 1.646879e-01 9.604098e+02)	(5.138032e-03 1.579639e-04 2.305494e-03)
5366          	(1.229737e-01 1.649232e-01 9.604120e+02)	(1.178349e-01 1.647659e-01 9.604097e+02)	(5.138722e-03 1.573326e-04 2.303774e-03)
5367          	(1.230044e-01 1.649902e-01 9.604120e+02)	(1.178651e-01 1.648335e-01 9.604097e+02)	(5.139235e-03 1.567245e-04 2.302101e-03)
5368          	(1.230299e-01 1.650463e-01 9.604120e+02)	(1.178903e-01 1.648901e-01 9.604097e+02)	(5.139586e-03 1.561941e-04 2.300437e-03)
5369          	(1.230482e-01 1.650898e-01 9.604120e+02)	(1.179084e-01 1.649340e-01 9.604097e+02)	(5.139739e-03 1.557069e-04 2.298889e-03)
5370          	(1.230597e-01 1.651229e-01 9.604120e+02)	(1.179200e-01 1.649676e-01 9.604097e+02)	(5.139702e-03 1.553331e-04 2.297416e-03)
5371          	(1.230635e-01 1.651447e-01 9.604120e+02)	(1.179241e-01 1.649897e-01 9.604097e+02)	(5.139452e-03 1.550290e-04 2.296125e-03)
5372          	(1.230605e-01 1.651575e-01 9.604120e+02)	(1.179215e-01 1.650026e-01 9.604097e+02)	(5.139008e-03 1.548662e-04 2.294964e-03)
5373          	(1.230517e-01 1.651630e-01 9.604120e+02)	(1.179134e-01 1.650082e-01 9.604097e+02)	(5.138358e-03 1.548040e-04 2.294024e-03)
5374          	(1.230381e-01 1.651628e-01 9.604120e+02)	(1.179005e-01 1.650078e-01 9.604097e+02)	(5.137533e-03 1.549129e-04 2.293248e-03)
5375          	(1.230201e-01 1.651567e-01 9.604120e+02)	(1.178835e-01 1.650015e-01 9.604098e+02)	(5.136515e-03 1.551571e-04 2.292711e-03)
5376          	(1.229977e-01 1.651451e-01 9.604121e+02)	(1.178624e-01 1.649895e-01 9.604098e+02)	(5.135349e-03 1.555825e-04 2.292349e-03)
5377          	(1.229649e-01 1.651230e-01 9.604121e+02)	(1.178309e-01 1.649669e-01 9.604098e+02)	(5.134005e-03 1.561569e-04 2.292229e-03)
5378          	(1.229274e-01 1.650941e-01 9.604122e+02)	(1.177949e-01 1.649372e-01 9.604099e+02)	(5.132525e-03 1.569135e-04 2.292297e-03)
5379          	(1.228853e-01 1.650623e-01 9.604122e+02)	(1.177544e-01 1.649045e-01 9.604099e+02)	(5.130912e-03 1.578161e-04 2.292602e-03)
5380          	(1.228389e-01 1.650236e-01 9.604123e+02)	(1.177096e-01 1.648647e-01 9.604100e+02)	(5.129206e-03 1.588889e-04 2.293103e-03)
5381          	(1.227889e-01 1.649780e-01 9.604124e+02)	(1.176615e-01 1.648179e-01 9.604101e+02)	(5.127432e-03 1.600738e-04 2.293841e-03)
5382          	(1.227366e-01 1.649264e-01 9.604125e+02)	(1.176109e-01 1.647650e-01 9.604102e+02)	(5.125632e-03 1.613757e-04 2.294772e-03)
5383          	(1.226824e-01 1.648683e-01 9.604126e+02)	(1.175585e-01 1.647056e-01 9.604103e+02)	(5.123839e-03 1.627332e-04 2.295923e-03)
5384          	(1.226293e-01 1.648075e-01 9.604127e+02)	(1.175072e-01 1.646434e-01 9.604104e+02)	(5.122096e-03 1.641439e-04 2.297235e-03)
5385          	(1.224607e-01 1.645915e-01 9.604130e+02)	(1.173404e-01 1.644260e-01 9.604107e+02)	(5.120299e-03 1.655190e-04 2.299280e-03)
5386          	(1.224327e-01 1.645494e-01 9.604130e+02)	(1.173140e-01 1.643826e-01 9.604107e+02)	(5.118721e-03 1.668363e-04 2.301118e-03)
5387          	(1.224105e-01 1.645152e-01 9.604131e+02)	(1.172932e-01 1.643472e-01 9.604108e+02)	(5.117314e-03 1.680681e-04 2.302759e-03)
5388          	(1.223949e-01 1.644914e-01 9.604131e+02)	(1.172788e-01 1.643222e-01 9.604108e+02)	(5.116134e-03 1.692122e-04 2.304224e-03)
5389          	(1.223876e-01 1.644797e-01 9.604131e+02)	(1.172724e-01 1.643095e-01 9.604108e+02)	(5.115216e-03 1.702161e-04 2.305515e-03)
5390          	(1.223913e-01 1.644799e-01 9.604131e+02)	(1.172767e-01 1.643089e-01 9.604108e+02)	(5.114603e-03 1.710668e-04 2.306564e-03)
5391          	(1.224090e-01 1.644966e-01 9.604131e+02)	(1.172947e-01 1.643249e-01 9.604108e+02)	(5.114313e-03 1.717237e-04 2.307360e-03)
5392          	(1.224392e-01 1.645298e-01 9.604131e+02)	(1.173248e-01 1.643576e-01 9.604107e+02)	(5.114380e-03 1.721974e-04 2.307841e-03)
5393          	(1.224798e-01 1.645775e-01 9.604130e+02)	(1.173651e-01 1.644050e-01 9.604107e+02)	(5.114778e-03 1.724598e-04 2.308024e-03)
5394          	(1.225358e-01 1.646401e-01 9.604129e+02)	(1.174202e-01 1.644676e-01 9.604106e+02)	(5.115533e-03 1.725182e-04 2.307862e-03)
5395          	(1.225962e-01 1.647132e-01 9.604127e+02)	(1.174796e-01 1.645408e-01 9.604104e+02)	(5.116574e-03 1.723733e-04 2.307415e-03)
5396          	(1.226565e-01 1.647926e-01 9.604126e+02)	(1.175387e-01 1.646205e-01 9.604103e+02)	(5.117843e-03 1.720633e-04 2.306666e-03)
5397          	(1.227128e-01 1.648736e-01 9.604125e+02)	(1.175935e-01 1.647020e-01 9.604102e+02)	(5.119225e-03 1.715954e-04 2.305704e-03)
5398          	(1.227628e-01 1.649537e-01 9.604123e+02)	(1.176421e-01 1.647827e-01 9.604100e+02)	(5.120672e-03 1.710082e-04 2.304532e-03)
5399          	(1.228028e-01 1.650296e-01 9.604123e+02)	(1.176807e-01 1.648593e-01 9.604100e+02)	(5.122068e-03 1.703004e-04 2.303235e-03)
5400          	(1.228308e-01 1.650994e-01 9.604122e+02)	(1.177075e-01 1.649299e-01 9.604099e+02)	(5.123361e-03 1.695265e-04 2.301804e-03)
5401          	(1.228540e-01 1.651651e-01 9.604122e+02)	(1.177295e-01 1.649964e-01 9.604099e+02)	(5.124497e-03 1.686783e-04 2.300318e-03)
5402          	(1.228729e-01 1.652262e-01 9.604121e+02)	(1.177474e-01 1.650584e-01 9.604098e+02)	(5.125470e-03 1.678053e-04 2.298742e-03)
5403          	(1.228880e-01 1.652818e-01 9.604121e+02)	(1.177618e-01 1.651149e-01 9.604098e+02)	(5.126241e-03 1.669033e-04 2.297144e-03)
5404          	(1.228996e-01 1.653313e-01 9.604121e+02)	(1.177728e-01 1.651653e-01 9.604098e+02)	(5.126824e-03 1.660235e-04 2.295481e-03)
5405          	(1.229081e-01 1.653746e-01 9.604120e+02)	(1.177809e-01 1.652094e-01 9.604097e+02)	(5.127197e-03 1.651627e-04 2.293829e-03)
5406          	(1.229131e-01 1.654094e-01 9.604120e+02)	(1.177857e-01 1.652450e-01 9.604097e+02)	(5.127361e-03 1.643857e-04 2.292150e-03)
5407          	(1.229142e-01 1.654356e-01 9.604120e+02)	(1.177869e-01 1.652719e-01 9.604097e+02)	(5.127308e-03 1.636708e-04 2.290544e-03)
5408          	(1.229112e-01 1.654526e-01 9.604120e+02)	(1.177841e-01 1.652896e-01 9.604097e+02)	(5.127051e-03 1.630801e-04 2.288980e-03)
5409          	(1.229036e-01 1.654613e-01 9.604120e+02)	(1.177770e-01 1.652987e-01 9.604097e+02)	(5.126562e-03 1.625893e-04 2.287569e-03)
5410          	(1.228916e-01 1.654634e-01 9.604120e+02)	(1.177657e-01 1.653012e-01 9.604097e+02)	(5.125874e-03 1.622582e-04 2.286282e-03)
5411          	(1.228746e-01 1.654615e-01 9.604120e+02)	(1.177496e-01 1.652995e-01 9.604097e+02)	(5.124960e-03 1.620611e-04 2.285224e-03)
5412          	(1.228520e-01 1.654546e-01 9.604120e+02)	(1.177281e-01 1.652925e-01 9.604097e+02)	(5.123845e-03 1.620558e-04 2.284354e-03)
5413          	(1.228236e-01 1.654416e-01 9.604120e+02)	(1.177011e-01 1.652794e-01 9.604097e+02)	(5.122520e-03 1.622055e-04 2.283753e-03)
5414          	(1.227912e-01 1.654231e-01 9.604120e+02)	(1.176702e-01 1.652605e-01 9.604098e+02)	(5.121035e-03 1.625530e-04 2.283377e-03)
5415          	(1.227557e-01 1.654000e-01 9.604121e+02)	(1.176363e-01 1.652370e-01 9.604098e+02)	(5.119389e-03 1.630653e-04 2.283285e-03)
5416          	(1.226219e-01 1.652883e-01 9.604124e+02)	(1.175046e-01 1.651245e-01 9.604101e+02)	(5.117337e-03 1.638133e-04 2.283687e-03)
5417          	(1.225957e-01 1.652692e-01 9.604124e+02)	(1.174804e-01 1.651045e-01 9.604101e+02)	(5.115317e-03 1.646871e-04 2.284242e-03)
5418          	(1.225747e-01 1.652543e-01 9.604125e+02)	(1.174613e-01 1.650886e-01 9.604102e+02)	(5.113343e-03 1.657381e-04 2.284885e-03)
5419          	(1.225535e-01 1.652384e-01 9.604125e+02)	(1.174421e-01 1.650715e-01 9.604102e+02)	(5.111408e-03 1.669198e-04 2.285742e-03)
5420          	(1.225315e-01 1.652210e-01 9.604126e+02)	(1.174220e-01 1.650528e-01 9.604103e+02)	(5.109542e-03 1.682484e-04 2.286780e-03)
5421          	(1.225084e-01 1.652020e-01 9.604127e+02)	(1.174007e-01 1.650323e-01 9.604104e+02)	(5.107743e-03 1.696723e-04 2.288049e-03)
5422          	(1.224404e-01 1.651137e-01 9.604128e+02)	(1.173343e-01 1.649425e-01 9.604105e+02)	(5.106093e-03 1.712361e-04 2.289941e-03)
5423          	(1.224224e-01 1.650979e-01 9.604129e+02)	(1.173179e-01 1.649251e-01 9.604106e+02)	(5.104558e-03 1.727744e-04 2.291820e-03)
5424          	(1.224065e-01 1.650866e-01 9.604129e+02)	(1.173034e-01 1.649123e-01 9.604106e+02)	(5.103136e-03 1.742859e-04 2.293602e-03)
5425          	(1.223931e-01 1.650806e-01 9.604130e+02)	(1.172912e-01 1.649049e-01 9.604107e+02)	(5.101877e-03 1.757356e-04 2.295387e-03)
5426          	(1.223836e-01 1.650817e-01 9.604130e+02)	(1.172827e-01 1.649046e-01 9.604107e+02)	(5.100831e-03 1.771182e-04 2.297089e-03)
5427          	(1.223798e-01 1.650929e-01 9.604130e+02)	(1.172798e-01 1.649146e-01 9.604107e+02)	(5.099996e-03 1.783744e-04 2.298718e-03)
5428          	(1.223852e-01 1.651151e-01 9.604131e+02)	(1.172857e-01 1.649356e-01 9.604108e+02)	(5.099438e-03 1.794978e-04 2.300164e-03)
5429          	(1.223996e-01 1.651504e-01 9.604130e+02)	(1.173005e-01 1.649700e-01 9.604107e+02)	(5.099148e-03 1.804306e-04 2.301416e-03)
5430          	(1.224235e-01 1.651985e-01 9.604130e+02)	(1.173243e-01 1.650173e-01 9.604107e+02)	(5.099153e-03 1.811916e-04 2.302370e-03)
5431          	(1.224560e-01 1.652581e-01 9.604130e+02)	(1.173566e-01 1.650764e-01 9.604107e+02)	(5.099428e-03 1.817337e-04 2.303051e-03)
5432          	(1.224954e-01 1.653269e-01 9.604129e+02)	(1.173954e-01 1.651448e-01 9.604106e+02)	(5.099978e-03 1.820865e-04 2.303382e-03)
5433          	(1.225393e-01 1.654019e-01 9.604129e+02)	(1.174386e-01 1.652197e-01 9.604106e+02)	(5.100741e-03 1.822276e-04 2.303419e-03)
5434          	(1.225861e-01 1.654810e-01 9.604128e+02)	(1.174844e-01 1.652988e-01 9.604105e+02)	(5.101699e-03 1.821995e-04 2.303117e-03)
5435          	(1.226331e-01 1.655619e-01 9.604128e+02)	(1.175303e-01 1.653800e-01 9.604105e+02)	(5.102775e-03 1.819891e-04 2.302559e-03)
5436          	(1.226785e-01 1.656437e-01 9.604127e+02)	(1.175746e-01 1.654620e-01 9.604104e+02)	(5.103917e-03 1.816641e-04 2.301727e-03)
5437          	(1.227208e-01 1.657253e-01 9.604126e+02)	(1.176157e-01 1.655441e-01 9.604103e+02)	(5.105055e-03 1.812144e-04 2.300721e-03)
5438          	(1.227578e-01 1.658053e-01 9.604126e+02)	(1.176516e-01 1.656246e-01 9.604103e+02)	(5.106154e-03 1.807061e-04 2.299521e-03)
5439          	(1.228796e-01 1.660358e-01 9.604125e+02)	(1.177724e-01 1.658556e-01 9.604102e+02)	(5.107217e-03 1.802224e-04 2.297844e-03)
5440          	(1.228939e-01 1.660856e-01 9.604125e+02)	(1.177857e-01 1.659059e-01 9.604102e+02)	(5.108182e-03 1.796822e-04 2.296202e-03)
5441          	(1.229008e-01 1.661247e-01 9.604124e+02)	(1.177918e-01 1.659457e-01 9.604101e+02)	(5.108959e-03 1.790628e-04 2.294746e-03)
5442          	(1.229013e-01 1.661544e-01 9.604124e+02)	(1.177918e-01 1.659759e-01 9.604101e+02)	(5.109568e-03 1.784407e-04 2.293305e-03)
5443          	(1.228970e-01 1.661767e-01 9.604124e+02)	(1.177871e-01 1.659989e-01 9.604101e+02)	(5.109964e-03 1.777783e-04 2.291951e-03)
5444          	(1.228892e-01 1.661936e-01 9.604124e+02)	(1.177791e-01 1.660164e-01 9.604101e+02)	(5.110155e-03 1.771584e-04 2.290584e-03)
5445          	(1.228787e-01 1.662067e-01 9.604124e+02)	(1.177686e-01 1.660302e-01 9.604101e+02)	(5.110094e-03 1.765462e-04 2.289291e-03)
5446          	(1.228662e-01 1.662179e-01 9.604124e+02)	(1.177564e-01 1.660418e-01 9.604101e+02)	(5.109819e-03 1.760257e-04 2.287983e-03)
5447          	(1.228521e-01 1.662281e-01 9.604124e+02)	(1.177428e-01 1.660526e-01 9.604101e+02)	(5.109291e-03 1.755544e-04 2.286763e-03)
5448          	(1.228364e-01 1.662385e-01 9.604123e+02)	(1.177278e-01 1.660633e-01 9.604101e+02)	(5.108553e-03 1.752273e-04 2.285567e-03)
5449          	(1.228151e-01 1.662487e-01 9.604123e+02)	(1.177076e-01 1.660737e-01 9.604101e+02)	(5.107568e-03 1.750113e-04 2.284510e-03)
5450          	(1.227913e-01 1.662585e-01 9.604123e+02)	(1.176849e-01 1.660835e-01 9.604100e+02)	(5.106377e-03 1.749843e-04 2.283533e-03)
5451          	(1.227650e-01 1.662677e-01 9.604123e+02)	(1.176600e-01 1.660926e-01 9.604101e+02)	(5.104988e-03 1.751022e-04 2.282746e-03)
5452          	(1.227372e-01 1.662766e-01 9.604123e+02)	(1.176337e-01 1.661012e-01 9.604101e+02)	(5.103457e-03 1.754301e-04 2.282102e-03)
5453          	(1.227086e-01 1.662851e-01 9.604124e+02)	(1.176068e-01 1.661091e-01 9.604101e+02)	(5.101784e-03 1.759287e-04 2.281685e-03)
5454          	(1.226107e-01 1.662572e-01 9.604125e+02)	(1.175109e-01 1.660805e-01 9.604102e+02)	(5.099770e-03 1.767210e-04 2.281625e-03)
5455          	(1.225909e-01 1.662670e-01 9.604125e+02)	(1.174931e-01 1.660894e-01 9.604103e+02)	(5.097796e-03 1.776283e-04 2.281732e-03)
5456          	(1.225733e-01 1.662765e-01 9.604126e+02)	(1.174775e-01 1.660978e-01 9.604103e+02)	(5.095881e-03 1.787011e-04 2.281950e-03)
5457          	(1.225577e-01 1.662856e-01 9.604126e+02)	(1.174637e-01 1.661057e-01 9.604104e+02)	(5.094001e-03 1.798892e-04 2.282394e-03)
5458          	(1.225416e-01 1.662937e-01 9.604127e+02)	(1.174494e-01 1.661125e-01 9.604104e+02)	(5.092207e-03 1.812134e-04 2.283017e-03)
5459          	(1.225243e-01 1.663000e-01 9.604128e+02)	(1.174338e-01 1.661174e-01 9.604105e+02)	(5.090480e-03 1.826081e-04 2.283876e-03)
5460          	(1.225058e-01 1.663043e-01 9.604129e+02)	(1.174169e-01 1.661202e-01 9.604106e+02)	(5.088862e-03 1.840745e-04 2.284908e-03)
5461          	(1.224863e-01 1.663073e-01 9.604129e+02)	(1.173989e-01 1.661217e-01 9.604107e+02)	(5.087357e-03 1.855426e-04 2.286140e-03)
5462          	(1.224661e-01 1.663091e-01 9.604130e+02)	(1.173801e-01 1.661221e-01 9.604107e+02)	(5.086006e-03 1.870079e-04 2.287481e-03)
5463          	(1.224466e-01 1.663118e-01 9.604131e+02)	(1.173617e-01 1.661234e-01 9.604108e+02)	(5.084818e-03 1.883945e-04 2.288925e-03)
5464          	(1.224300e-01 1.663181e-01 9.604132e+02)	(1.173461e-01 1.661284e-01 9.604109e+02)	(5.083839e-03 1.896897e-04 2.290347e-03)
5465          	(1.224186e-01 1.663310e-01 9.604132e+02)	(1.173355e-01 1.661402e-01 9.604109e+02)	(5.083077e-03 1.908260e-04 2.291717e-03)
5466          	(1.224147e-01 1.663533e-01 9.604132e+02)	(1.173322e-01 1.661615e-01 9.604110e+02)	(5.082586e-03 1.917992e-04 2.292896e-03)
5467          	(1.224194e-01 1.663868e-01 9.604132e+02)	(1.173370e-01 1.661942e-01 9.604110e+02)	(5.082361e-03 1.925489e-04 2.293867e-03)
5468          	(1.224329e-01 1.664318e-01 9.604132e+02)	(1.173504e-01 1.662388e-01 9.604109e+02)	(5.082441e-03 1.930894e-04 2.294516e-03)
5469          	(1.224549e-01 1.664880e-01 9.604132e+02)	(1.173721e-01 1.662946e-01 9.604109e+02)	(5.082799e-03 1.933775e-04 2.294857e-03)
5470          	(1.224892e-01 1.665584e-01 9.604131e+02)	(1.174058e-01 1.663650e-01 9.604108e+02)	(5.083468e-03 1.934466e-04 2.294811e-03)
5471          	(1.225305e-01 1.666381e-01 9.604131e+02)	(1.174461e-01 1.664448e-01 9.604108e+02)	(5.084395e-03 1.932782e-04 2.294430e-03)
5472          	(1.225775e-01 1.667235e-01 9.604130e+02)	(1.174919e-01 1.665306e-01 9.604107e+02)	(5.085565e-03 1.929302e-04 2.293680e-03)
5473          	(1.226276e-01 1.668125e-01 9.604129e+02)	(1.175407e-01 1.666201e-01 9.604106e+02)	(5.086910e-03 1.923948e-04 2.292652e-03)
5474          	(1.226790e-01 1.669044e-01 9.604128e+02)	(1.175906e-01 1.667127e-01 9.604105e+02)	(5.088384e-03 1.917445e-04 2.291335e-03)
5475          	(1.227295e-01 1.669979e-01 9.604127e+02)	(1.176396e-01 1.668069e-01 9.604105e+02)	(5.089928e-03 1.909786e-04 2.289842e-03)
5476          	(1.227773e-01 1.670915e-01 9.604127e+02)	(1.176858e-01 1.669013e-01 9.604104e+02)	(5.091497e-03 1.901673e-04 2.288167e-03)
5477          	(1.228211e-01 1.671836e-01 9.604126e+02)	(1.177280e-01 1.669943e-01 9.604103e+02)	(5.093022e-03 1.893058e-04 2.286419e-03)
5478          	(1.228597e-01 1.672727e-01 9.604126e+02)	(1.177652e-01 1.670843e-01 9.604103e+02)	(5.094486e-03 1.884540e-04 2.284572e-03)
5479          	(1.228899e-01 1.673580e-01 9.604125e+02)	(1.177941e-01 1.671704e-01 9.604103e+02)	(5.095823e-03 1.875964e-04 2.282728e-03)
5480          	(1.229139e-01 1.674360e-01 9.604125e+02)	(1.178169e-01 1.672492e-01 9.604102e+02)	(5.097029e-03 1.867916e-04 2.280847e-03)
5481          	(1.229335e-01 1.675082e-01 9.604125e+02)	(1.178354e-01 1.673222e-01 9.604102e+02)	(5.098075e-03 1.860034e-04 2.279019e-03)
5482          	(1.229489e-01 1.675742e-01 9.604125e+02)	(1.178499e-01 1.673889e-01 9.604102e+02)	(5.098968e-03 1.852946e-04 2.277192e-03)
5483          	(1.229602e-01 1.676335e-01 9.604125e+02)	(1.178605e-01 1.674489e-01 9.604102e+02)	(5.099672e-03 1.846275e-04 2.275462e-03)
5484          	(1.229671e-01 1.676848e-01 9.604125e+02)	(1.178669e-01 1.675007e-01 9.604102e+02)	(5.100197e-03 1.840741e-04 2.273775e-03)
5485          	(1.229698e-01 1.677287e-01 9.604125e+02)	(1.178693e-01 1.675451e-01 9.604102e+02)	(5.100529e-03 1.835948e-04 2.272233e-03)
5486          	(1.229690e-01 1.677668e-01 9.604125e+02)	(1.178683e-01 1.675835e-01 9.604102e+02)	(5.100679e-03 1.832740e-04 2.270785e-03)
5487          	(1.229647e-01 1.677996e-01 9.604125e+02)	(1.178641e-01 1.676165e-01 9.604102e+02)	(5.100634e-03 1.830685e-04 2.269525e-03)
5488          	(1.229571e-01 1.678272e-01 9.604125e+02)	(1.178567e-01 1.676442e-01 9.604102e+02)	(5.100413e-03 1.830556e-04 2.268398e-03)
5489          	(1.229467e-01 1.678512e-01 9.604125e+02)	(1.178467e-01 1.676680e-01 9.604102e+02)	(5.100016e-03 1.832000e-04 2.267491e-03)
5490          	(1.229328e-01 1.678728e-01 9.604125e+02)	(1.178334e-01 1.676892e-01 9.604103e+02)	(5.099464e-03 1.835626e-04 2.266749e-03)
5491          	(1.229142e-01 1.678904e-01 9.604126e+02)	(1.178155e-01 1.677063e-01 9.604103e+02)	(5.098748e-03 1.840990e-04 2.266237e-03)
5492          	(1.228918e-01 1.679032e-01 9.604126e+02)	(1.177939e-01 1.677183e-01 9.604104e+02)	(5.097912e-03 1.848400e-04 2.265909e-03)
5493          	(1.228653e-01 1.679107e-01 9.604127e+02)	(1.177684e-01 1.677250e-01 9.604104e+02)	(5.096972e-03 1.857373e-04 2.265811e-03)
5494          	(1.228349e-01 1.679125e-01 9.604128e+02)	(1.177390e-01 1.677257e-01 9.604105e+02)	(5.095965e-03 1.868001e-04 2.265898e-03)
5495          	(1.228009e-01 1.679089e-01 9.604129e+02)	(1.177060e-01 1.677209e-01 9.604106e+02)	(5.094924e-03 1.879795e-04 2.266204e-03)
5496          	(1.227577e-01 1.678986e-01 9.604130e+02)	(1.176639e-01 1.677094e-01 9.604107e+02)	(5.093861e-03 1.892770e-04 2.266685e-03)
5497          	(1.227134e-01 1.678840e-01 9.604131e+02)	(1.176206e-01 1.676933e-01 9.604109e+02)	(5.092824e-03 1.906301e-04 2.267349e-03)
5498          	(1.226778e-01 1.678669e-01 9.604132e+02)	(1.175859e-01 1.676749e-01 9.604110e+02)	(5.091910e-03 1.920075e-04 2.268127e-03)
5499          	(1.226429e-01 1.678483e-01 9.604133e+02)	(1.175517e-01 1.676550e-01 9.604111e+02)	(5.091139e-03 1.933543e-04 2.269016e-03)
5500          	(1.226095e-01 1.678309e-01 9.604134e+02)	(1.175189e-01 1.676362e-01 9.604111e+02)	(5.090538e-03 1.946694e-04 2.269933e-03)
