# Moment      
# CofR        : (0.000000e+00 0.000000e+00 0.000000e+00)
#
# Time        	(total_x total_y total_z)	(pressure_x pressure_y pressure_z)	(viscous_x viscous_y viscous_z)
5001          	(1.794971e-03 1.323426e-02 -1.034353e-02)	(1.752010e-03 1.290268e-02 -1.014286e-02)	(4.296077e-05 3.315829e-04 -2.006707e-04)
5002          	(1.801782e-03 1.324296e-02 -1.034544e-02)	(1.758736e-03 1.291131e-02 -1.014467e-02)	(4.304618e-05 3.316461e-04 -2.007631e-04)
5003          	(1.809521e-03 1.325309e-02 -1.034523e-02)	(1.766376e-03 1.292135e-02 -1.014437e-02)	(4.314509e-05 3.317325e-04 -2.008603e-04)
5004          	(1.828401e-03 1.327480e-02 -1.033515e-02)	(1.785093e-03 1.294290e-02 -1.013415e-02)	(4.330842e-05 3.318972e-04 -2.009953e-04)
5005          	(1.835254e-03 1.328414e-02 -1.033152e-02)	(1.791793e-03 1.295209e-02 -1.013040e-02)	(4.346107e-05 3.320535e-04 -2.011184e-04)
5006          	(1.841648e-03 1.329300e-02 -1.032616e-02)	(1.798055e-03 1.296081e-02 -1.012494e-02)	(4.359369e-05 3.321886e-04 -2.012239e-04)
5007          	(1.847458e-03 1.330110e-02 -1.031918e-02)	(1.803741e-03 1.296878e-02 -1.011786e-02)	(4.371683e-05 3.323136e-04 -2.013202e-04)
5008          	(1.852399e-03 1.330804e-02 -1.031087e-02)	(1.808573e-03 1.297562e-02 -1.010946e-02)	(4.382572e-05 3.324214e-04 -2.014124e-04)
5009          	(1.856077e-03 1.331331e-02 -1.030180e-02)	(1.812157e-03 1.298080e-02 -1.010030e-02)	(4.391987e-05 3.325102e-04 -2.015005e-04)
5010          	(1.858112e-03 1.331642e-02 -1.029275e-02)	(1.814120e-03 1.298385e-02 -1.009116e-02)	(4.399151e-05 3.325696e-04 -2.015889e-04)
5011          	(1.858261e-03 1.331711e-02 -1.028447e-02)	(1.814221e-03 1.298451e-02 -1.008280e-02)	(4.403956e-05 3.325974e-04 -2.016755e-04)
5012          	(1.852864e-03 1.331063e-02 -1.026365e-02)	(1.808810e-03 1.297804e-02 -1.006188e-02)	(4.405352e-05 3.325887e-04 -2.017664e-04)
5013          	(1.849466e-03 1.330687e-02 -1.025987e-02)	(1.805426e-03 1.297433e-02 -1.005801e-02)	(4.403990e-05 3.325388e-04 -2.018565e-04)
5014          	(1.844399e-03 1.330107e-02 -1.025810e-02)	(1.800406e-03 1.296863e-02 -1.005616e-02)	(4.399228e-05 3.324445e-04 -2.019479e-04)
5015          	(1.837874e-03 1.329353e-02 -1.025799e-02)	(1.793961e-03 1.296122e-02 -1.005595e-02)	(4.391287e-05 3.323074e-04 -2.020347e-04)
5016          	(1.830237e-03 1.328473e-02 -1.025899e-02)	(1.786440e-03 1.295261e-02 -1.005687e-02)	(4.379764e-05 3.321244e-04 -2.021174e-04)
5017          	(1.821994e-03 1.327534e-02 -1.026053e-02)	(1.778338e-03 1.294344e-02 -1.005834e-02)	(4.365530e-05 3.319075e-04 -2.021882e-04)
5018          	(1.813651e-03 1.326605e-02 -1.026214e-02)	(1.770164e-03 1.293439e-02 -1.005990e-02)	(4.348715e-05 3.316603e-04 -2.022467e-04)
5019          	(1.796137e-03 1.324993e-02 -1.026624e-02)	(1.752880e-03 1.291858e-02 -1.006397e-02)	(4.325728e-05 3.313566e-04 -2.022670e-04)
5020          	(1.790756e-03 1.324435e-02 -1.026607e-02)	(1.747715e-03 1.291328e-02 -1.006379e-02)	(4.304113e-05 3.310678e-04 -2.022812e-04)
5021          	(1.786662e-03 1.324039e-02 -1.026512e-02)	(1.743812e-03 1.290958e-02 -1.006284e-02)	(4.284967e-05 3.308106e-04 -2.022824e-04)
5022          	(1.783643e-03 1.323780e-02 -1.026355e-02)	(1.740968e-03 1.290722e-02 -1.006128e-02)	(4.267419e-05 3.305762e-04 -2.022723e-04)
5023          	(1.781502e-03 1.323630e-02 -1.026161e-02)	(1.738981e-03 1.290593e-02 -1.005937e-02)	(4.252126e-05 3.303734e-04 -2.022475e-04)
5024          	(1.780036e-03 1.323561e-02 -1.025965e-02)	(1.737651e-03 1.290541e-02 -1.005743e-02)	(4.238514e-05 3.301957e-04 -2.022163e-04)
5025          	(1.779072e-03 1.323548e-02 -1.025807e-02)	(1.736800e-03 1.290543e-02 -1.005589e-02)	(4.227182e-05 3.300497e-04 -2.021784e-04)
5026          	(1.778458e-03 1.323569e-02 -1.025723e-02)	(1.736285e-03 1.290576e-02 -1.005509e-02)	(4.217355e-05 3.299252e-04 -2.021425e-04)
5027          	(1.778133e-03 1.323611e-02 -1.025736e-02)	(1.736038e-03 1.290628e-02 -1.005526e-02)	(4.209546e-05 3.298268e-04 -2.021058e-04)
5028          	(1.778060e-03 1.323668e-02 -1.025855e-02)	(1.736031e-03 1.290693e-02 -1.005647e-02)	(4.202889e-05 3.297435e-04 -2.020790e-04)
5029          	(1.778300e-03 1.323747e-02 -1.026070e-02)	(1.736320e-03 1.290779e-02 -1.005864e-02)	(4.198005e-05 3.296813e-04 -2.020541e-04)
5030          	(1.778933e-03 1.323857e-02 -1.026362e-02)	(1.736992e-03 1.290894e-02 -1.006158e-02)	(4.194057e-05 3.296298e-04 -2.020413e-04)
5031          	(1.780083e-03 1.324019e-02 -1.026712e-02)	(1.738165e-03 1.291060e-02 -1.006508e-02)	(4.191753e-05 3.295967e-04 -2.020326e-04)
5032          	(1.781869e-03 1.324252e-02 -1.027108e-02)	(1.739966e-03 1.291295e-02 -1.006904e-02)	(4.190306e-05 3.295727e-04 -2.020376e-04)
5033          	(1.784378e-03 1.324569e-02 -1.027532e-02)	(1.742474e-03 1.291612e-02 -1.007327e-02)	(4.190439e-05 3.295663e-04 -2.020508e-04)
5034          	(1.787693e-03 1.324980e-02 -1.027971e-02)	(1.745778e-03 1.292023e-02 -1.007763e-02)	(4.191521e-05 3.295703e-04 -2.020813e-04)
5035          	(1.791865e-03 1.325492e-02 -1.028412e-02)	(1.749924e-03 1.292532e-02 -1.008200e-02)	(4.194153e-05 3.295912e-04 -2.021247e-04)
5036          	(1.803609e-03 1.326700e-02 -1.029419e-02)	(1.761596e-03 1.293735e-02 -1.009197e-02)	(4.201343e-05 3.296572e-04 -2.022142e-04)
5037          	(1.808253e-03 1.327288e-02 -1.029729e-02)	(1.766169e-03 1.294316e-02 -1.009499e-02)	(4.208389e-05 3.297230e-04 -2.023028e-04)
5038          	(1.813438e-03 1.327953e-02 -1.029943e-02)	(1.771291e-03 1.294975e-02 -1.009703e-02)	(4.214678e-05 3.297813e-04 -2.024041e-04)
5039          	(1.819567e-03 1.328750e-02 -1.030039e-02)	(1.777351e-03 1.295765e-02 -1.009788e-02)	(4.221577e-05 3.298469e-04 -2.025130e-04)
5040          	(1.836575e-03 1.330633e-02 -1.029611e-02)	(1.794244e-03 1.297637e-02 -1.009345e-02)	(4.233093e-05 3.299577e-04 -2.026657e-04)
5041          	(1.842413e-03 1.331404e-02 -1.029467e-02)	(1.799974e-03 1.298398e-02 -1.009185e-02)	(4.243818e-05 3.300610e-04 -2.028130e-04)
5042          	(1.848349e-03 1.332193e-02 -1.029167e-02)	(1.805820e-03 1.299178e-02 -1.008871e-02)	(4.252825e-05 3.301451e-04 -2.029585e-04)
5043          	(1.854312e-03 1.332988e-02 -1.028699e-02)	(1.811697e-03 1.299965e-02 -1.008389e-02)	(4.261505e-05 3.302250e-04 -2.031024e-04)
5044          	(1.860145e-03 1.333759e-02 -1.028051e-02)	(1.817450e-03 1.300730e-02 -1.007727e-02)	(4.269468e-05 3.302954e-04 -2.032490e-04)
5045          	(1.865545e-03 1.334462e-02 -1.027228e-02)	(1.822774e-03 1.301426e-02 -1.006889e-02)	(4.277142e-05 3.303608e-04 -2.033944e-04)
5046          	(1.870090e-03 1.335040e-02 -1.026268e-02)	(1.827252e-03 1.301998e-02 -1.005914e-02)	(4.283862e-05 3.304128e-04 -2.035407e-04)
5047          	(1.873293e-03 1.335434e-02 -1.025248e-02)	(1.830395e-03 1.302389e-02 -1.004879e-02)	(4.289826e-05 3.304538e-04 -2.036825e-04)
5048          	(1.874746e-03 1.335599e-02 -1.024256e-02)	(1.831804e-03 1.302552e-02 -1.003874e-02)	(4.294188e-05 3.304743e-04 -2.038215e-04)
5049          	(1.874256e-03 1.335523e-02 -1.023374e-02)	(1.831285e-03 1.302476e-02 -1.002979e-02)	(4.297112e-05 3.304771e-04 -2.039526e-04)
5050          	(1.871799e-03 1.335214e-02 -1.022643e-02)	(1.828821e-03 1.302168e-02 -1.002236e-02)	(4.297848e-05 3.304551e-04 -2.040787e-04)
5051          	(1.867510e-03 1.334695e-02 -1.022071e-02)	(1.824543e-03 1.301654e-02 -1.001651e-02)	(4.296670e-05 3.304120e-04 -2.041910e-04)
5052          	(1.861590e-03 1.334010e-02 -1.021645e-02)	(1.818660e-03 1.300975e-02 -1.001216e-02)	(4.293046e-05 3.303439e-04 -2.042933e-04)
5053          	(1.854483e-03 1.333210e-02 -1.021340e-02)	(1.811608e-03 1.300184e-02 -1.000902e-02)	(4.287558e-05 3.302589e-04 -2.043784e-04)
5054          	(1.846561e-03 1.332351e-02 -1.021122e-02)	(1.803761e-03 1.299335e-02 -1.000677e-02)	(4.279977e-05 3.301557e-04 -2.044490e-04)
5055          	(1.828165e-03 1.330780e-02 -1.020505e-02)	(1.785501e-03 1.297779e-02 -1.000058e-02)	(4.266447e-05 3.300113e-04 -2.044718e-04)
5056          	(1.822601e-03 1.330220e-02 -1.020397e-02)	(1.780058e-03 1.297232e-02 -9.999474e-03)	(4.254356e-05 3.298825e-04 -2.044939e-04)
5057          	(1.817963e-03 1.329785e-02 -1.020339e-02)	(1.775524e-03 1.296807e-02 -9.998887e-03)	(4.243986e-05 3.297749e-04 -2.045077e-04)
5058          	(1.814074e-03 1.329453e-02 -1.020343e-02)	(1.771730e-03 1.296486e-02 -9.998919e-03)	(4.234407e-05 3.296790e-04 -2.045147e-04)
5059          	(1.805321e-03 1.329017e-02 -1.020926e-02)	(1.763085e-03 1.296058e-02 -1.000476e-02)	(4.223539e-05 3.295872e-04 -2.044909e-04)
5060          	(1.803437e-03 1.328913e-02 -1.021005e-02)	(1.761296e-03 1.295962e-02 -1.000557e-02)	(4.214067e-05 3.295077e-04 -2.044723e-04)
5061          	(1.802223e-03 1.328882e-02 -1.021143e-02)	(1.760151e-03 1.295937e-02 -1.000699e-02)	(4.207164e-05 3.294548e-04 -2.044424e-04)
5062          	(1.801493e-03 1.328895e-02 -1.021352e-02)	(1.759481e-03 1.295954e-02 -1.000911e-02)	(4.201201e-05 3.294101e-04 -2.044102e-04)
5063          	(1.801076e-03 1.328927e-02 -1.021643e-02)	(1.759108e-03 1.295989e-02 -1.001206e-02)	(4.196747e-05 3.293794e-04 -2.043679e-04)
5064          	(1.800794e-03 1.328947e-02 -1.022026e-02)	(1.758866e-03 1.296012e-02 -1.001593e-02)	(4.192778e-05 3.293504e-04 -2.043238e-04)
5065          	(1.800565e-03 1.328939e-02 -1.022496e-02)	(1.758666e-03 1.296006e-02 -1.002069e-02)	(4.189955e-05 3.293300e-04 -2.042704e-04)
5066          	(1.800344e-03 1.328894e-02 -1.023035e-02)	(1.758472e-03 1.295963e-02 -1.002613e-02)	(4.187193e-05 3.293048e-04 -2.042178e-04)
5067          	(1.800220e-03 1.328825e-02 -1.023622e-02)	(1.758367e-03 1.295897e-02 -1.003207e-02)	(4.185269e-05 3.292833e-04 -2.041576e-04)
5068          	(1.800303e-03 1.328754e-02 -1.024233e-02)	(1.758470e-03 1.295828e-02 -1.003822e-02)	(4.183261e-05 3.292552e-04 -2.041021e-04)
5069          	(1.800751e-03 1.328704e-02 -1.024842e-02)	(1.758930e-03 1.295780e-02 -1.004438e-02)	(4.182104e-05 3.292320e-04 -2.040429e-04)
5070          	(1.801669e-03 1.328697e-02 -1.025434e-02)	(1.759860e-03 1.295776e-02 -1.005035e-02)	(4.180990e-05 3.292049e-04 -2.039931e-04)
5071          	(1.803216e-03 1.328755e-02 -1.025992e-02)	(1.761408e-03 1.295837e-02 -1.005597e-02)	(4.180818e-05 3.291848e-04 -2.039457e-04)
5072          	(1.805417e-03 1.328896e-02 -1.026500e-02)	(1.763608e-03 1.295979e-02 -1.006109e-02)	(4.180932e-05 3.291654e-04 -2.039110e-04)
5073          	(1.808433e-03 1.329148e-02 -1.026938e-02)	(1.766613e-03 1.296232e-02 -1.006550e-02)	(4.181999e-05 3.291550e-04 -2.038829e-04)
5074          	(1.812164e-03 1.329504e-02 -1.027301e-02)	(1.770330e-03 1.296590e-02 -1.006914e-02)	(4.183413e-05 3.291472e-04 -2.038676e-04)
5075          	(1.823796e-03 1.330476e-02 -1.027720e-02)	(1.781911e-03 1.297560e-02 -1.007332e-02)	(4.188488e-05 3.291640e-04 -2.038781e-04)
5076          	(1.827638e-03 1.330918e-02 -1.027861e-02)	(1.785709e-03 1.298000e-02 -1.007472e-02)	(4.192884e-05 3.291797e-04 -2.038874e-04)
5077          	(1.831798e-03 1.331430e-02 -1.027844e-02)	(1.789833e-03 1.298510e-02 -1.007454e-02)	(4.196541e-05 3.291920e-04 -2.038991e-04)
5078          	(1.836330e-03 1.332012e-02 -1.027644e-02)	(1.794331e-03 1.299092e-02 -1.007253e-02)	(4.199902e-05 3.292044e-04 -2.039132e-04)
5079          	(1.841298e-03 1.332677e-02 -1.027236e-02)	(1.799265e-03 1.299755e-02 -1.006843e-02)	(4.203288e-05 3.292203e-04 -2.039272e-04)
5080          	(1.846635e-03 1.333405e-02 -1.026607e-02)	(1.804569e-03 1.300482e-02 -1.006213e-02)	(4.206580e-05 3.292379e-04 -2.039417e-04)
5081          	(1.858430e-03 1.334798e-02 -1.024244e-02)	(1.816307e-03 1.301870e-02 -1.003848e-02)	(4.212284e-05 3.292820e-04 -2.039576e-04)
5082          	(1.862459e-03 1.335353e-02 -1.023430e-02)	(1.820282e-03 1.302420e-02 -1.003033e-02)	(4.217740e-05 3.293282e-04 -2.039700e-04)
5083          	(1.865575e-03 1.335783e-02 -1.022518e-02)	(1.823355e-03 1.302847e-02 -1.002121e-02)	(4.222049e-05 3.293626e-04 -2.039753e-04)
5084          	(1.867531e-03 1.336060e-02 -1.021550e-02)	(1.825273e-03 1.303121e-02 -1.001152e-02)	(4.225716e-05 3.293926e-04 -2.039756e-04)
5085          	(1.868062e-03 1.336153e-02 -1.020595e-02)	(1.825775e-03 1.303212e-02 -1.000198e-02)	(4.228684e-05 3.294179e-04 -2.039706e-04)
5086          	(1.867004e-03 1.336048e-02 -1.019733e-02)	(1.824699e-03 1.303104e-02 -9.993373e-03)	(4.230542e-05 3.294336e-04 -2.039593e-04)
5087          	(1.864323e-03 1.335745e-02 -1.019028e-02)	(1.822010e-03 1.302801e-02 -9.986344e-03)	(4.231298e-05 3.294402e-04 -2.039408e-04)
5088          	(1.860156e-03 1.335266e-02 -1.018520e-02)	(1.817850e-03 1.302323e-02 -9.981277e-03)	(4.230590e-05 3.294340e-04 -2.039186e-04)
5089          	(1.854754e-03 1.334645e-02 -1.018209e-02)	(1.812466e-03 1.301703e-02 -9.978194e-03)	(4.228755e-05 3.294197e-04 -2.038915e-04)
5090          	(1.848463e-03 1.333923e-02 -1.018084e-02)	(1.806207e-03 1.300984e-02 -9.976979e-03)	(4.225629e-05 3.293957e-04 -2.038633e-04)
5091          	(1.841634e-03 1.333151e-02 -1.018120e-02)	(1.799416e-03 1.300214e-02 -9.977364e-03)	(4.221736e-05 3.293685e-04 -2.038315e-04)
5092          	(1.834380e-03 1.332330e-02 -1.018289e-02)	(1.792209e-03 1.299397e-02 -9.979092e-03)	(4.217079e-05 3.293385e-04 -2.037999e-04)
5093          	(1.827101e-03 1.331520e-02 -1.018526e-02)	(1.784978e-03 1.298589e-02 -9.981499e-03)	(4.212255e-05 3.293132e-04 -2.037649e-04)
5094          	(1.820380e-03 1.330788e-02 -1.018836e-02)	(1.778307e-03 1.297858e-02 -9.984634e-03)	(4.207290e-05 3.292919e-04 -2.037274e-04)
5095          	(1.814431e-03 1.330157e-02 -1.019204e-02)	(1.772404e-03 1.297229e-02 -9.988358e-03)	(4.202685e-05 3.292791e-04 -2.036837e-04)
5096          	(1.809346e-03 1.329638e-02 -1.019629e-02)	(1.767363e-03 1.296711e-02 -9.992652e-03)	(4.198246e-05 3.292711e-04 -2.036367e-04)
5097          	(1.805145e-03 1.329227e-02 -1.020111e-02)	(1.763200e-03 1.296300e-02 -9.997528e-03)	(4.194485e-05 3.292725e-04 -2.035816e-04)
5098          	(1.802220e-03 1.328960e-02 -1.020651e-02)	(1.760310e-03 1.296033e-02 -1.000299e-02)	(4.190998e-05 3.292757e-04 -2.035224e-04)
5099          	(1.799918e-03 1.328753e-02 -1.021266e-02)	(1.758037e-03 1.295824e-02 -1.000921e-02)	(4.188156e-05 3.292833e-04 -2.034548e-04)
5100          	(1.798112e-03 1.328583e-02 -1.021966e-02)	(1.756258e-03 1.295655e-02 -1.001627e-02)	(4.185450e-05 3.292883e-04 -2.033871e-04)
5101          	(1.796708e-03 1.328435e-02 -1.022758e-02)	(1.754875e-03 1.295505e-02 -1.002427e-02)	(4.183256e-05 3.292936e-04 -2.033156e-04)
5102          	(1.795610e-03 1.328286e-02 -1.023636e-02)	(1.753801e-03 1.295357e-02 -1.003311e-02)	(4.180978e-05 3.292908e-04 -2.032457e-04)
5103          	(1.794779e-03 1.328132e-02 -1.024579e-02)	(1.752988e-03 1.295203e-02 -1.004262e-02)	(4.179047e-05 3.292837e-04 -2.031747e-04)
5104          	(1.794207e-03 1.327971e-02 -1.025559e-02)	(1.752438e-03 1.295044e-02 -1.005248e-02)	(4.176816e-05 3.292642e-04 -2.031088e-04)
5105          	(1.793941e-03 1.327811e-02 -1.026541e-02)	(1.752192e-03 1.294887e-02 -1.006237e-02)	(4.174914e-05 3.292397e-04 -2.030422e-04)
5106          	(1.794025e-03 1.327664e-02 -1.027490e-02)	(1.752299e-03 1.294744e-02 -1.007192e-02)	(4.172628e-05 3.292016e-04 -2.029817e-04)
5107          	(1.794516e-03 1.327543e-02 -1.028378e-02)	(1.752810e-03 1.294627e-02 -1.008086e-02)	(4.170621e-05 3.291581e-04 -2.029199e-04)
5108          	(1.795490e-03 1.327457e-02 -1.029191e-02)	(1.753807e-03 1.294547e-02 -1.008905e-02)	(4.168256e-05 3.291026e-04 -2.028640e-04)
5109          	(1.796958e-03 1.327422e-02 -1.029907e-02)	(1.755296e-03 1.294518e-02 -1.009626e-02)	(4.166158e-05 3.290431e-04 -2.028079e-04)
5110          	(1.799089e-03 1.327465e-02 -1.030510e-02)	(1.757451e-03 1.294568e-02 -1.010234e-02)	(4.163774e-05 3.289744e-04 -2.027593e-04)
5111          	(1.801835e-03 1.327595e-02 -1.031000e-02)	(1.760219e-03 1.294705e-02 -1.010728e-02)	(4.161602e-05 3.289032e-04 -2.027124e-04)
5112          	(1.805100e-03 1.327802e-02 -1.031374e-02)	(1.763508e-03 1.294920e-02 -1.011107e-02)	(4.159270e-05 3.288270e-04 -2.026740e-04)
5113          	(1.808923e-03 1.328095e-02 -1.031626e-02)	(1.767350e-03 1.295220e-02 -1.011362e-02)	(4.157288e-05 3.287528e-04 -2.026407e-04)
5114          	(1.813610e-03 1.328502e-02 -1.031747e-02)	(1.772057e-03 1.295634e-02 -1.011485e-02)	(4.155378e-05 3.286777e-04 -2.026165e-04)
5115          	(1.818735e-03 1.328982e-02 -1.031715e-02)	(1.777194e-03 1.296121e-02 -1.011455e-02)	(4.154059e-05 3.286093e-04 -2.025987e-04)
5116          	(1.824207e-03 1.329527e-02 -1.031524e-02)	(1.782676e-03 1.296672e-02 -1.011265e-02)	(4.153132e-05 3.285468e-04 -2.025896e-04)
5117          	(1.829922e-03 1.330122e-02 -1.031175e-02)	(1.788391e-03 1.297273e-02 -1.010917e-02)	(4.153035e-05 3.284966e-04 -2.025860e-04)
5118          	(1.835197e-03 1.330691e-02 -1.030677e-02)	(1.793662e-03 1.297845e-02 -1.010418e-02)	(4.153557e-05 3.284583e-04 -2.025891e-04)
5119          	(1.840545e-03 1.331280e-02 -1.030026e-02)	(1.798995e-03 1.298436e-02 -1.009767e-02)	(4.155044e-05 3.284358e-04 -2.025954e-04)
5120          	(1.845727e-03 1.331848e-02 -1.029239e-02)	(1.804155e-03 1.299005e-02 -1.008978e-02)	(4.157295e-05 3.284268e-04 -2.026079e-04)
5121          	(1.850418e-03 1.332346e-02 -1.028351e-02)	(1.808812e-03 1.299502e-02 -1.008089e-02)	(4.160550e-05 3.284339e-04 -2.026237e-04)
5122          	(1.854226e-03 1.332723e-02 -1.027439e-02)	(1.812582e-03 1.299878e-02 -1.007174e-02)	(4.164387e-05 3.284517e-04 -2.026458e-04)
5123          	(1.856745e-03 1.332931e-02 -1.026608e-02)	(1.815057e-03 1.300083e-02 -1.006340e-02)	(4.168798e-05 3.284796e-04 -2.026735e-04)
5124          	(1.857654e-03 1.332933e-02 -1.025958e-02)	(1.815922e-03 1.300082e-02 -1.005687e-02)	(4.173145e-05 3.285098e-04 -2.027105e-04)
5125          	(1.856678e-03 1.332707e-02 -1.025556e-02)	(1.814904e-03 1.299853e-02 -1.005281e-02)	(4.177378e-05 3.285420e-04 -2.027564e-04)
5126          	(1.853975e-03 1.332276e-02 -1.025452e-02)	(1.812167e-03 1.299419e-02 -1.005171e-02)	(4.180774e-05 3.285673e-04 -2.028151e-04)
5127          	(1.849727e-03 1.331663e-02 -1.025638e-02)	(1.807893e-03 1.298804e-02 -1.005349e-02)	(4.183443e-05 3.285870e-04 -2.028827e-04)
5128          	(1.844228e-03 1.330908e-02 -1.026091e-02)	(1.802380e-03 1.298048e-02 -1.005794e-02)	(4.184814e-05 3.285944e-04 -2.029640e-04)
5129          	(1.837910e-03 1.330066e-02 -1.026767e-02)	(1.796057e-03 1.297207e-02 -1.006462e-02)	(4.185217e-05 3.285933e-04 -2.030528e-04)
5130          	(1.831249e-03 1.329199e-02 -1.027619e-02)	(1.789407e-03 1.296341e-02 -1.007304e-02)	(4.184262e-05 3.285785e-04 -2.031527e-04)
5131          	(1.824708e-03 1.328362e-02 -1.028575e-02)	(1.782883e-03 1.295506e-02 -1.008250e-02)	(4.182471e-05 3.285555e-04 -2.032573e-04)
5132          	(1.818617e-03 1.327595e-02 -1.029600e-02)	(1.776820e-03 1.294743e-02 -1.009263e-02)	(4.179659e-05 3.285218e-04 -2.033697e-04)
5133          	(1.813217e-03 1.326926e-02 -1.030662e-02)	(1.771453e-03 1.294078e-02 -1.010313e-02)	(4.176408e-05 3.284831e-04 -2.034839e-04)
5134          	(1.808655e-03 1.326370e-02 -1.031749e-02)	(1.766931e-03 1.293526e-02 -1.011389e-02)	(4.172407e-05 3.284345e-04 -2.036020e-04)
5135          	(1.804932e-03 1.325915e-02 -1.032852e-02)	(1.763249e-03 1.293077e-02 -1.012480e-02)	(4.168274e-05 3.283815e-04 -2.037169e-04)
5136          	(1.801989e-03 1.325545e-02 -1.033971e-02)	(1.760353e-03 1.292713e-02 -1.013588e-02)	(4.163602e-05 3.283176e-04 -2.038327e-04)
5137          	(1.799859e-03 1.325249e-02 -1.035104e-02)	(1.758269e-03 1.292424e-02 -1.014710e-02)	(4.158924e-05 3.282474e-04 -2.039440e-04)
5138          	(1.798229e-03 1.324986e-02 -1.036264e-02)	(1.756692e-03 1.292170e-02 -1.015858e-02)	(4.153746e-05 3.281636e-04 -2.040556e-04)
5139          	(1.796955e-03 1.324733e-02 -1.037454e-02)	(1.755470e-03 1.291926e-02 -1.017038e-02)	(4.148501e-05 3.280699e-04 -2.041622e-04)
5140          	(1.795894e-03 1.324465e-02 -1.038664e-02)	(1.754468e-03 1.291669e-02 -1.018237e-02)	(4.142592e-05 3.279584e-04 -2.042688e-04)
5141          	(1.794948e-03 1.324170e-02 -1.039872e-02)	(1.753584e-03 1.291386e-02 -1.019435e-02)	(4.136466e-05 3.278331e-04 -2.043690e-04)
5142          	(1.794069e-03 1.323843e-02 -1.041049e-02)	(1.752775e-03 1.291074e-02 -1.020602e-02)	(4.129413e-05 3.276853e-04 -2.044669e-04)
5143          	(1.793271e-03 1.323490e-02 -1.042165e-02)	(1.752051e-03 1.290738e-02 -1.021710e-02)	(4.122050e-05 3.275219e-04 -2.045536e-04)
5144          	(1.792601e-03 1.323124e-02 -1.043197e-02)	(1.751464e-03 1.290390e-02 -1.022734e-02)	(4.113786e-05 3.273374e-04 -2.046337e-04)
5145          	(1.792141e-03 1.322763e-02 -1.044130e-02)	(1.751087e-03 1.290048e-02 -1.023660e-02)	(4.105378e-05 3.271419e-04 -2.047007e-04)
5146          	(1.792103e-03 1.322425e-02 -1.044965e-02)	(1.751139e-03 1.289732e-02 -1.024489e-02)	(4.096349e-05 3.269305e-04 -2.047603e-04)
5147          	(1.792551e-03 1.322137e-02 -1.045690e-02)	(1.751676e-03 1.289466e-02 -1.025210e-02)	(4.087430e-05 3.267132e-04 -2.048082e-04)
5148          	(1.793527e-03 1.321922e-02 -1.046307e-02)	(1.752745e-03 1.289273e-02 -1.025821e-02)	(4.078219e-05 3.264876e-04 -2.048530e-04)
5149          	(1.795077e-03 1.321790e-02 -1.046820e-02)	(1.754383e-03 1.289164e-02 -1.026331e-02)	(4.069450e-05 3.262640e-04 -2.048904e-04)
5150          	(1.797254e-03 1.321757e-02 -1.047234e-02)	(1.756645e-03 1.289153e-02 -1.026741e-02)	(4.060854e-05 3.260418e-04 -2.049290e-04)
5151          	(1.800122e-03 1.321838e-02 -1.047549e-02)	(1.759591e-03 1.289255e-02 -1.027052e-02)	(4.053133e-05 3.258313e-04 -2.049660e-04)
5152          	(1.803726e-03 1.322042e-02 -1.047763e-02)	(1.763265e-03 1.289479e-02 -1.027263e-02)	(4.046138e-05 3.256326e-04 -2.050073e-04)
5153          	(1.808056e-03 1.322367e-02 -1.047872e-02)	(1.767651e-03 1.289821e-02 -1.027367e-02)	(4.040535e-05 3.254556e-04 -2.050518e-04)
5154          	(1.813097e-03 1.322816e-02 -1.047876e-02)	(1.772735e-03 1.290286e-02 -1.027366e-02)	(4.036212e-05 3.253001e-04 -2.051027e-04)
5155          	(1.818778e-03 1.323377e-02 -1.047788e-02)	(1.778441e-03 1.290860e-02 -1.027273e-02)	(4.033684e-05 3.251730e-04 -2.051595e-04)
5156          	(1.824950e-03 1.324025e-02 -1.047616e-02)	(1.784622e-03 1.291518e-02 -1.027093e-02)	(4.032838e-05 3.250738e-04 -2.052265e-04)
5157          	(1.831423e-03 1.324724e-02 -1.047361e-02)	(1.791083e-03 1.292224e-02 -1.026831e-02)	(4.033990e-05 3.250059e-04 -2.053018e-04)
5158          	(1.837829e-03 1.325416e-02 -1.047032e-02)	(1.797460e-03 1.292919e-02 -1.026494e-02)	(4.036886e-05 3.249660e-04 -2.053871e-04)
5159          	(1.843989e-03 1.326065e-02 -1.046668e-02)	(1.803573e-03 1.293569e-02 -1.026120e-02)	(4.041573e-05 3.249536e-04 -2.054790e-04)
5160          	(1.849464e-03 1.326608e-02 -1.046320e-02)	(1.808989e-03 1.294112e-02 -1.025762e-02)	(4.047475e-05 3.249612e-04 -2.055799e-04)
5161          	(1.853740e-03 1.326979e-02 -1.046068e-02)	(1.813196e-03 1.294481e-02 -1.025499e-02)	(4.054431e-05 3.249858e-04 -2.056864e-04)
5162          	(1.856410e-03 1.327132e-02 -1.045991e-02)	(1.815795e-03 1.294630e-02 -1.025411e-02)	(4.061520e-05 3.250155e-04 -2.058000e-04)
5163          	(1.857277e-03 1.327045e-02 -1.046149e-02)	(1.816592e-03 1.294540e-02 -1.025557e-02)	(4.068467e-05 3.250461e-04 -2.059183e-04)
5164          	(1.856295e-03 1.326718e-02 -1.046576e-02)	(1.815551e-03 1.294211e-02 -1.025972e-02)	(4.074449e-05 3.250675e-04 -2.060444e-04)
5165          	(1.852759e-03 1.326061e-02 -1.047283e-02)	(1.811964e-03 1.293553e-02 -1.026665e-02)	(4.079502e-05 3.250815e-04 -2.061759e-04)
5166          	(1.847771e-03 1.325218e-02 -1.048238e-02)	(1.806941e-03 1.292710e-02 -1.027606e-02)	(4.082984e-05 3.250797e-04 -2.063156e-04)
5167          	(1.841843e-03 1.324252e-02 -1.049420e-02)	(1.800991e-03 1.291745e-02 -1.028774e-02)	(4.085221e-05 3.250650e-04 -2.064584e-04)
5168          	(1.835563e-03 1.323248e-02 -1.050738e-02)	(1.794703e-03 1.290745e-02 -1.030077e-02)	(4.085919e-05 3.250341e-04 -2.066070e-04)
5169          	(1.829465e-03 1.322277e-02 -1.052117e-02)	(1.788609e-03 1.289777e-02 -1.031442e-02)	(4.085633e-05 3.249929e-04 -2.067536e-04)
5170          	(1.824580e-03 1.321467e-02 -1.053475e-02)	(1.783739e-03 1.288973e-02 -1.032785e-02)	(4.084134e-05 3.249369e-04 -2.068992e-04)
5171          	(1.820244e-03 1.320730e-02 -1.054834e-02)	(1.779424e-03 1.288243e-02 -1.034130e-02)	(4.082005e-05 3.248723e-04 -2.070355e-04)
5172          	(1.809971e-03 1.319184e-02 -1.058410e-02)	(1.769203e-03 1.286707e-02 -1.037691e-02)	(4.076805e-05 3.247685e-04 -2.071859e-04)
5173          	(1.808120e-03 1.318800e-02 -1.059303e-02)	(1.767404e-03 1.286334e-02 -1.038571e-02)	(4.071540e-05 3.246605e-04 -2.073122e-04)
5174          	(1.807152e-03 1.318538e-02 -1.060051e-02)	(1.766486e-03 1.286083e-02 -1.039310e-02)	(4.066643e-05 3.245566e-04 -2.074133e-04)
5175          	(1.806872e-03 1.318366e-02 -1.060697e-02)	(1.766256e-03 1.285921e-02 -1.039947e-02)	(4.061634e-05 3.244472e-04 -2.074915e-04)
5176          	(1.807041e-03 1.318247e-02 -1.061265e-02)	(1.766480e-03 1.285815e-02 -1.040510e-02)	(4.056059e-05 3.243267e-04 -2.075507e-04)
5177          	(1.807448e-03 1.318150e-02 -1.061783e-02)	(1.766945e-03 1.285730e-02 -1.041024e-02)	(4.050294e-05 3.241992e-04 -2.075891e-04)
5178          	(1.807870e-03 1.318048e-02 -1.062258e-02)	(1.767432e-03 1.285643e-02 -1.041497e-02)	(4.043760e-05 3.240583e-04 -2.076105e-04)
5179          	(1.808212e-03 1.317929e-02 -1.062690e-02)	(1.767843e-03 1.285538e-02 -1.041929e-02)	(4.036932e-05 3.239099e-04 -2.076092e-04)
5180          	(1.808431e-03 1.317795e-02 -1.063057e-02)	(1.768138e-03 1.285420e-02 -1.042298e-02)	(4.029265e-05 3.237488e-04 -2.075879e-04)
5181          	(1.808597e-03 1.317662e-02 -1.063334e-02)	(1.768383e-03 1.285303e-02 -1.042580e-02)	(4.021340e-05 3.235831e-04 -2.075381e-04)
5182          	(1.808869e-03 1.317552e-02 -1.063503e-02)	(1.768742e-03 1.285211e-02 -1.042757e-02)	(4.012632e-05 3.234072e-04 -2.074625e-04)
5183          	(1.810136e-03 1.317586e-02 -1.063541e-02)	(1.770099e-03 1.285264e-02 -1.042805e-02)	(4.003768e-05 3.232275e-04 -2.073543e-04)
5184          	(1.811753e-03 1.317687e-02 -1.063458e-02)	(1.771810e-03 1.285383e-02 -1.042736e-02)	(3.994206e-05 3.230383e-04 -2.072195e-04)
5185          	(1.813649e-03 1.317864e-02 -1.063299e-02)	(1.773803e-03 1.285579e-02 -1.042593e-02)	(3.984639e-05 3.228496e-04 -2.070576e-04)
5186          	(1.816085e-03 1.318130e-02 -1.063063e-02)	(1.776337e-03 1.285864e-02 -1.042375e-02)	(3.974764e-05 3.226587e-04 -2.068796e-04)
5187          	(1.818278e-03 1.318401e-02 -1.062774e-02)	(1.778624e-03 1.286154e-02 -1.042105e-02)	(3.965400e-05 3.224780e-04 -2.066881e-04)
5188          	(1.821207e-03 1.318793e-02 -1.062449e-02)	(1.781643e-03 1.286562e-02 -1.041799e-02)	(3.956404e-05 3.223069e-04 -2.064976e-04)
5189          	(1.824991e-03 1.319319e-02 -1.062092e-02)	(1.785505e-03 1.287103e-02 -1.041461e-02)	(3.948656e-05 3.221565e-04 -2.063107e-04)
5190          	(1.829719e-03 1.319990e-02 -1.061699e-02)	(1.790298e-03 1.287787e-02 -1.041086e-02)	(3.942109e-05 3.220273e-04 -2.061380e-04)
5191          	(1.836071e-03 1.320884e-02 -1.061256e-02)	(1.796695e-03 1.288691e-02 -1.040658e-02)	(3.937600e-05 3.219291e-04 -2.059786e-04)
5192          	(1.842703e-03 1.321821e-02 -1.060766e-02)	(1.803353e-03 1.289635e-02 -1.040182e-02)	(3.935028e-05 3.218623e-04 -2.058379e-04)
5193          	(1.850114e-03 1.322863e-02 -1.060230e-02)	(1.810766e-03 1.290680e-02 -1.039659e-02)	(3.934822e-05 3.218324e-04 -2.057138e-04)
5194          	(1.858074e-03 1.323966e-02 -1.059652e-02)	(1.818706e-03 1.291783e-02 -1.039091e-02)	(3.936742e-05 3.218353e-04 -2.056080e-04)
5195          	(1.866265e-03 1.325078e-02 -1.059032e-02)	(1.826856e-03 1.292891e-02 -1.038480e-02)	(3.940902e-05 3.218713e-04 -2.055197e-04)
5196          	(1.874341e-03 1.326140e-02 -1.058382e-02)	(1.834873e-03 1.293947e-02 -1.037837e-02)	(3.946800e-05 3.219324e-04 -2.054510e-04)
5197          	(1.881879e-03 1.327088e-02 -1.057742e-02)	(1.842336e-03 1.294886e-02 -1.037202e-02)	(3.954307e-05 3.220153e-04 -2.054015e-04)
5198          	(1.888425e-03 1.327855e-02 -1.057187e-02)	(1.848798e-03 1.295645e-02 -1.036649e-02)	(3.962661e-05 3.221084e-04 -2.053748e-04)
5199          	(1.893459e-03 1.328377e-02 -1.056805e-02)	(1.853743e-03 1.296157e-02 -1.036268e-02)	(3.971563e-05 3.222063e-04 -2.053682e-04)
5200          	(1.896643e-03 1.328616e-02 -1.056691e-02)	(1.856842e-03 1.296386e-02 -1.036152e-02)	(3.980127e-05 3.222977e-04 -2.053877e-04)
5201          	(1.897773e-03 1.328557e-02 -1.056905e-02)	(1.857892e-03 1.296319e-02 -1.036362e-02)	(3.988121e-05 3.223789e-04 -2.054289e-04)
5202          	(1.896929e-03 1.328215e-02 -1.057470e-02)	(1.856981e-03 1.295971e-02 -1.036920e-02)	(3.994800e-05 3.224413e-04 -2.054936e-04)
5203          	(1.894332e-03 1.327626e-02 -1.058374e-02)	(1.854331e-03 1.295378e-02 -1.037817e-02)	(4.000176e-05 3.224848e-04 -2.055770e-04)
5204          	(1.890324e-03 1.326843e-02 -1.059578e-02)	(1.850287e-03 1.294592e-02 -1.039010e-02)	(4.003744e-05 3.225044e-04 -2.056781e-04)
5205          	(1.885378e-03 1.325935e-02 -1.061000e-02)	(1.845319e-03 1.293684e-02 -1.040421e-02)	(4.005857e-05 3.225050e-04 -2.057888e-04)
5206          	(1.879989e-03 1.324978e-02 -1.062556e-02)	(1.839928e-03 1.292729e-02 -1.041965e-02)	(4.006133e-05 3.224826e-04 -2.059058e-04)
5207          	(1.874656e-03 1.324042e-02 -1.064130e-02)	(1.834605e-03 1.291798e-02 -1.043528e-02)	(4.005123e-05 3.224442e-04 -2.060190e-04)
5208          	(1.869681e-03 1.323175e-02 -1.065656e-02)	(1.829654e-03 1.290936e-02 -1.045044e-02)	(4.002615e-05 3.223879e-04 -2.061258e-04)
5209          	(1.865294e-03 1.322411e-02 -1.067075e-02)	(1.825301e-03 1.290179e-02 -1.046454e-02)	(3.999227e-05 3.223213e-04 -2.062162e-04)
5210          	(1.861575e-03 1.321765e-02 -1.068359e-02)	(1.821629e-03 1.289541e-02 -1.047730e-02)	(3.994595e-05 3.222399e-04 -2.062910e-04)
5211          	(1.858526e-03 1.321234e-02 -1.069490e-02)	(1.818632e-03 1.289019e-02 -1.048856e-02)	(3.989377e-05 3.221510e-04 -2.063421e-04)
5212          	(1.856083e-03 1.320809e-02 -1.070468e-02)	(1.816252e-03 1.288604e-02 -1.049830e-02)	(3.983116e-05 3.220488e-04 -2.063742e-04)
5213          	(1.854130e-03 1.320470e-02 -1.071294e-02)	(1.814366e-03 1.288276e-02 -1.050656e-02)	(3.976351e-05 3.219389e-04 -2.063829e-04)
5214          	(1.852534e-03 1.320191e-02 -1.071981e-02)	(1.812848e-03 1.288010e-02 -1.051344e-02)	(3.968596e-05 3.218149e-04 -2.063731e-04)
5215          	(1.851136e-03 1.319942e-02 -1.072557e-02)	(1.811531e-03 1.287774e-02 -1.051922e-02)	(3.960426e-05 3.216827e-04 -2.063440e-04)
5216          	(1.849826e-03 1.319702e-02 -1.073044e-02)	(1.810313e-03 1.287549e-02 -1.052414e-02)	(3.951329e-05 3.215358e-04 -2.063028e-04)
5217          	(1.848554e-03 1.319457e-02 -1.073462e-02)	(1.809135e-03 1.287319e-02 -1.052837e-02)	(3.941927e-05 3.213809e-04 -2.062471e-04)
5218          	(1.847316e-03 1.319201e-02 -1.073833e-02)	(1.807999e-03 1.287080e-02 -1.053215e-02)	(3.931685e-05 3.212116e-04 -2.061848e-04)
5219          	(1.846187e-03 1.318937e-02 -1.074178e-02)	(1.806973e-03 1.286833e-02 -1.053567e-02)	(3.921361e-05 3.210362e-04 -2.061104e-04)
5220          	(1.845301e-03 1.318682e-02 -1.074502e-02)	(1.806196e-03 1.286597e-02 -1.053899e-02)	(3.910443e-05 3.208491e-04 -2.060342e-04)
5221          	(1.845089e-03 1.318503e-02 -1.074813e-02)	(1.806092e-03 1.286437e-02 -1.054218e-02)	(3.899741e-05 3.206599e-04 -2.059515e-04)
5222          	(1.845330e-03 1.318364e-02 -1.075130e-02)	(1.806441e-03 1.286317e-02 -1.054543e-02)	(3.888833e-05 3.204644e-04 -2.058711e-04)
5223          	(1.846127e-03 1.318281e-02 -1.075457e-02)	(1.807342e-03 1.286254e-02 -1.054877e-02)	(3.878456e-05 3.202716e-04 -2.057909e-04)
5224          	(1.847556e-03 1.318267e-02 -1.075801e-02)	(1.808873e-03 1.286259e-02 -1.055229e-02)	(3.868297e-05 3.200788e-04 -2.057198e-04)
5225          	(1.849621e-03 1.318317e-02 -1.076169e-02)	(1.811030e-03 1.286327e-02 -1.055603e-02)	(3.859096e-05 3.198956e-04 -2.056565e-04)
5226          	(1.859390e-03 1.318861e-02 -1.076990e-02)	(1.820882e-03 1.286892e-02 -1.056428e-02)	(3.850833e-05 3.196909e-04 -2.056220e-04)
5227          	(1.861929e-03 1.319015e-02 -1.077345e-02)	(1.823489e-03 1.287063e-02 -1.056785e-02)	(3.844024e-05 3.195151e-04 -2.055940e-04)
5228          	(1.865133e-03 1.319276e-02 -1.077659e-02)	(1.826753e-03 1.287340e-02 -1.057101e-02)	(3.837966e-05 3.193603e-04 -2.055826e-04)
5229          	(1.869184e-03 1.319670e-02 -1.077911e-02)	(1.830844e-03 1.287746e-02 -1.057352e-02)	(3.833988e-05 3.192401e-04 -2.055867e-04)
5230          	(1.874346e-03 1.320214e-02 -1.078084e-02)	(1.836028e-03 1.288299e-02 -1.057523e-02)	(3.831795e-05 3.191500e-04 -2.056132e-04)
5231          	(1.880659e-03 1.320911e-02 -1.078154e-02)	(1.842339e-03 1.289001e-02 -1.057589e-02)	(3.831986e-05 3.190956e-04 -2.056564e-04)
5232          	(1.887982e-03 1.321737e-02 -1.078099e-02)	(1.849640e-03 1.289830e-02 -1.057527e-02)	(3.834189e-05 3.190716e-04 -2.057212e-04)
5233          	(1.896027e-03 1.322649e-02 -1.077898e-02)	(1.857640e-03 1.290741e-02 -1.057318e-02)	(3.838707e-05 3.190802e-04 -2.058017e-04)
5234          	(1.904382e-03 1.323589e-02 -1.077555e-02)	(1.865932e-03 1.291678e-02 -1.056965e-02)	(3.845001e-05 3.191139e-04 -2.058976e-04)
5235          	(1.912491e-03 1.324481e-02 -1.077085e-02)	(1.873960e-03 1.292564e-02 -1.056485e-02)	(3.853089e-05 3.191717e-04 -2.060036e-04)
5236          	(1.919735e-03 1.325250e-02 -1.076553e-02)	(1.881114e-03 1.293325e-02 -1.055941e-02)	(3.862127e-05 3.192428e-04 -2.061194e-04)
5237          	(1.925522e-03 1.325827e-02 -1.076047e-02)	(1.886803e-03 1.293894e-02 -1.055423e-02)	(3.871942e-05 3.193246e-04 -2.062403e-04)
5238          	(1.928670e-03 1.326077e-02 -1.075631e-02)	(1.889854e-03 1.294136e-02 -1.054994e-02)	(3.881591e-05 3.194080e-04 -2.063675e-04)
5239          	(1.929678e-03 1.326075e-02 -1.075374e-02)	(1.890769e-03 1.294125e-02 -1.054725e-02)	(3.890922e-05 3.194912e-04 -2.064949e-04)
5240          	(1.928600e-03 1.325838e-02 -1.075324e-02)	(1.889609e-03 1.293882e-02 -1.054661e-02)	(3.899051e-05 3.195647e-04 -2.066265e-04)
5241          	(1.925650e-03 1.325389e-02 -1.075447e-02)	(1.886589e-03 1.293426e-02 -1.054771e-02)	(3.906153e-05 3.196310e-04 -2.067553e-04)
5242          	(1.921893e-03 1.324857e-02 -1.075721e-02)	(1.882777e-03 1.292889e-02 -1.055033e-02)	(3.911592e-05 3.196816e-04 -2.068827e-04)
5243          	(1.916935e-03 1.324195e-02 -1.076098e-02)	(1.877778e-03 1.292223e-02 -1.055397e-02)	(3.915717e-05 3.197212e-04 -2.070020e-04)
5244          	(1.910691e-03 1.323397e-02 -1.076560e-02)	(1.871510e-03 1.291423e-02 -1.055848e-02)	(3.918039e-05 3.197454e-04 -2.071140e-04)
5245          	(1.904690e-03 1.322651e-02 -1.077023e-02)	(1.865499e-03 1.290675e-02 -1.056302e-02)	(3.919031e-05 3.197582e-04 -2.072109e-04)
5246          	(1.898797e-03 1.321935e-02 -1.077488e-02)	(1.859614e-03 1.289959e-02 -1.056759e-02)	(3.918354e-05 3.197544e-04 -2.072933e-04)
5247          	(1.893274e-03 1.321278e-02 -1.077943e-02)	(1.854109e-03 1.289304e-02 -1.057208e-02)	(3.916502e-05 3.197382e-04 -2.073547e-04)
5248          	(1.888249e-03 1.320694e-02 -1.078391e-02)	(1.849119e-03 1.288724e-02 -1.057651e-02)	(3.913055e-05 3.197030e-04 -2.073981e-04)
5249          	(1.883785e-03 1.320183e-02 -1.078834e-02)	(1.844698e-03 1.288218e-02 -1.058092e-02)	(3.908662e-05 3.196548e-04 -2.074177e-04)
5250          	(1.879834e-03 1.319735e-02 -1.079286e-02)	(1.840806e-03 1.287776e-02 -1.058544e-02)	(3.902774e-05 3.195857e-04 -2.074194e-04)
5251          	(1.876314e-03 1.319330e-02 -1.079757e-02)	(1.837354e-03 1.287380e-02 -1.059017e-02)	(3.896047e-05 3.195018e-04 -2.073988e-04)
5252          	(1.873147e-03 1.318950e-02 -1.080257e-02)	(1.834267e-03 1.287011e-02 -1.059521e-02)	(3.888013e-05 3.193966e-04 -2.073623e-04)
5253          	(1.870236e-03 1.318578e-02 -1.080792e-02)	(1.831442e-03 1.286650e-02 -1.060061e-02)	(3.879384e-05 3.192784e-04 -2.073053e-04)
5254          	(1.867531e-03 1.318197e-02 -1.081349e-02)	(1.828835e-03 1.286283e-02 -1.060626e-02)	(3.869662e-05 3.191405e-04 -2.072353e-04)
5255          	(1.865001e-03 1.317801e-02 -1.081901e-02)	(1.826404e-03 1.285901e-02 -1.061187e-02)	(3.859705e-05 3.189933e-04 -2.071459e-04)
5256          	(1.862615e-03 1.317394e-02 -1.082427e-02)	(1.824125e-03 1.285511e-02 -1.061723e-02)	(3.849026e-05 3.188322e-04 -2.070442e-04)
5257          	(1.860419e-03 1.316988e-02 -1.082895e-02)	(1.822034e-03 1.285121e-02 -1.062202e-02)	(3.838500e-05 3.186685e-04 -2.069238e-04)
5258          	(1.858471e-03 1.316594e-02 -1.083274e-02)	(1.820194e-03 1.284745e-02 -1.062595e-02)	(3.827637e-05 3.184979e-04 -2.067918e-04)
5259          	(1.856845e-03 1.316230e-02 -1.083544e-02)	(1.818671e-03 1.284397e-02 -1.062880e-02)	(3.817313e-05 3.183318e-04 -2.066434e-04)
5260          	(1.855607e-03 1.315908e-02 -1.083692e-02)	(1.817537e-03 1.284091e-02 -1.063043e-02)	(3.807045e-05 3.181663e-04 -2.064897e-04)
5261          	(1.854837e-03 1.315642e-02 -1.083712e-02)	(1.816861e-03 1.283841e-02 -1.063080e-02)	(3.797627e-05 3.180114e-04 -2.063280e-04)
5262          	(1.854783e-03 1.315447e-02 -1.083616e-02)	(1.816896e-03 1.283661e-02 -1.062999e-02)	(3.788652e-05 3.178621e-04 -2.061694e-04)
5263          	(1.858762e-03 1.315328e-02 -1.083296e-02)	(1.820962e-03 1.283559e-02 -1.062695e-02)	(3.779977e-05 3.176894e-04 -2.060094e-04)
5264          	(1.859593e-03 1.315287e-02 -1.083116e-02)	(1.821864e-03 1.283532e-02 -1.062530e-02)	(3.772903e-05 3.175480e-04 -2.058676e-04)
5265          	(1.861001e-03 1.315334e-02 -1.082858e-02)	(1.823330e-03 1.283591e-02 -1.062283e-02)	(3.767101e-05 3.174328e-04 -2.057530e-04)
5266          	(1.863086e-03 1.315479e-02 -1.082507e-02)	(1.825459e-03 1.283744e-02 -1.061940e-02)	(3.762735e-05 3.173422e-04 -2.056631e-04)
5267          	(1.871181e-03 1.316045e-02 -1.081123e-02)	(1.833574e-03 1.284318e-02 -1.060563e-02)	(3.760638e-05 3.172655e-04 -2.056023e-04)
5268          	(1.874099e-03 1.316320e-02 -1.080751e-02)	(1.836498e-03 1.284598e-02 -1.060195e-02)	(3.760130e-05 3.172183e-04 -2.055675e-04)
5269          	(1.877636e-03 1.316671e-02 -1.080367e-02)	(1.840030e-03 1.284952e-02 -1.059811e-02)	(3.760575e-05 3.171901e-04 -2.055554e-04)
5270          	(1.881809e-03 1.317091e-02 -1.079982e-02)	(1.844182e-03 1.285373e-02 -1.059425e-02)	(3.762716e-05 3.171873e-04 -2.055724e-04)
5271          	(1.886552e-03 1.317566e-02 -1.079603e-02)	(1.848885e-03 1.285845e-02 -1.059041e-02)	(3.766674e-05 3.172093e-04 -2.056193e-04)
5272          	(1.891732e-03 1.318068e-02 -1.079227e-02)	(1.854008e-03 1.286343e-02 -1.058657e-02)	(3.772333e-05 3.172530e-04 -2.056952e-04)
5273          	(1.897058e-03 1.318558e-02 -1.078880e-02)	(1.859260e-03 1.286826e-02 -1.058300e-02)	(3.779776e-05 3.173183e-04 -2.057991e-04)
5274          	(1.902080e-03 1.318977e-02 -1.078606e-02)	(1.864194e-03 1.287237e-02 -1.058013e-02)	(3.788582e-05 3.173993e-04 -2.059282e-04)
5275          	(1.906301e-03 1.319273e-02 -1.078468e-02)	(1.868315e-03 1.287524e-02 -1.057861e-02)	(3.798595e-05 3.174942e-04 -2.060766e-04)
5276          	(1.909270e-03 1.319403e-02 -1.078522e-02)	(1.871180e-03 1.287644e-02 -1.057898e-02)	(3.809031e-05 3.175939e-04 -2.062415e-04)
5277          	(1.910717e-03 1.319344e-02 -1.078795e-02)	(1.872521e-03 1.287574e-02 -1.058153e-02)	(3.819643e-05 3.176961e-04 -2.064169e-04)
5278          	(1.910515e-03 1.319091e-02 -1.079284e-02)	(1.872219e-03 1.287312e-02 -1.058624e-02)	(3.829640e-05 3.177923e-04 -2.065996e-04)
5279          	(1.908760e-03 1.318662e-02 -1.079955e-02)	(1.870371e-03 1.286874e-02 -1.059276e-02)	(3.838940e-05 3.178819e-04 -2.067825e-04)
5280          	(1.905495e-03 1.318073e-02 -1.080748e-02)	(1.867026e-03 1.286277e-02 -1.060051e-02)	(3.846862e-05 3.179584e-04 -2.069641e-04)
5281          	(1.901197e-03 1.317388e-02 -1.081600e-02)	(1.862661e-03 1.285585e-02 -1.060886e-02)	(3.853627e-05 3.180252e-04 -2.071369e-04)
5282          	(1.896254e-03 1.316657e-02 -1.082446e-02)	(1.857664e-03 1.284849e-02 -1.061716e-02)	(3.858972e-05 3.180797e-04 -2.072965e-04)
5283          	(1.891044e-03 1.315930e-02 -1.083232e-02)	(1.852412e-03 1.284117e-02 -1.062488e-02)	(3.863235e-05 3.181259e-04 -2.074352e-04)
5284          	(1.885870e-03 1.315243e-02 -1.083929e-02)	(1.847210e-03 1.283428e-02 -1.063174e-02)	(3.865996e-05 3.181580e-04 -2.075527e-04)
5285          	(1.880922e-03 1.314617e-02 -1.084525e-02)	(1.842246e-03 1.282799e-02 -1.063761e-02)	(3.867679e-05 3.181803e-04 -2.076440e-04)
5286          	(1.876341e-03 1.314068e-02 -1.085023e-02)	(1.837663e-03 1.282249e-02 -1.064251e-02)	(3.867835e-05 3.181858e-04 -2.077121e-04)
5287          	(1.872223e-03 1.313606e-02 -1.085431e-02)	(1.833553e-03 1.281788e-02 -1.064656e-02)	(3.866943e-05 3.181788e-04 -2.077535e-04)
5288          	(1.868523e-03 1.313216e-02 -1.085762e-02)	(1.829878e-03 1.281401e-02 -1.064985e-02)	(3.864514e-05 3.181517e-04 -2.077747e-04)
5289          	(1.865205e-03 1.312884e-02 -1.086026e-02)	(1.826593e-03 1.281073e-02 -1.065248e-02)	(3.861205e-05 3.181112e-04 -2.077741e-04)
5290          	(1.862260e-03 1.312604e-02 -1.086240e-02)	(1.823694e-03 1.280799e-02 -1.065464e-02)	(3.856557e-05 3.180509e-04 -2.077594e-04)
5291          	(1.859549e-03 1.312349e-02 -1.086413e-02)	(1.821036e-03 1.280551e-02 -1.065640e-02)	(3.851286e-05 3.179786e-04 -2.077274e-04)
5292          	(1.856988e-03 1.312105e-02 -1.086554e-02)	(1.818538e-03 1.280316e-02 -1.065786e-02)	(3.844952e-05 3.178891e-04 -2.076849e-04)
5293          	(1.854587e-03 1.311863e-02 -1.086655e-02)	(1.816203e-03 1.280084e-02 -1.065892e-02)	(3.838397e-05 3.177923e-04 -2.076256e-04)
5294          	(1.852340e-03 1.311629e-02 -1.086717e-02)	(1.814029e-03 1.279861e-02 -1.065961e-02)	(3.831074e-05 3.176827e-04 -2.075561e-04)
5295          	(1.850299e-03 1.311407e-02 -1.086728e-02)	(1.812060e-03 1.279650e-02 -1.065981e-02)	(3.823867e-05 3.175713e-04 -2.074679e-04)
5296          	(1.848534e-03 1.311207e-02 -1.086687e-02)	(1.810372e-03 1.279461e-02 -1.065950e-02)	(3.816185e-05 3.174523e-04 -2.073687e-04)
5297          	(1.847111e-03 1.311038e-02 -1.086588e-02)	(1.809022e-03 1.279304e-02 -1.065863e-02)	(3.808841e-05 3.173363e-04 -2.072525e-04)
5298          	(1.846108e-03 1.310908e-02 -1.086426e-02)	(1.808096e-03 1.279186e-02 -1.065713e-02)	(3.801237e-05 3.172169e-04 -2.071279e-04)
5299          	(1.845563e-03 1.310824e-02 -1.086205e-02)	(1.807622e-03 1.279114e-02 -1.065506e-02)	(3.794068e-05 3.171026e-04 -2.069897e-04)
5300          	(1.846517e-03 1.310919e-02 -1.085928e-02)	(1.808649e-03 1.279220e-02 -1.065243e-02)	(3.786794e-05 3.169860e-04 -2.068480e-04)
5301          	(1.848065e-03 1.311063e-02 -1.085597e-02)	(1.810264e-03 1.279375e-02 -1.064926e-02)	(3.780085e-05 3.168750e-04 -2.067012e-04)
5302          	(1.850132e-03 1.311248e-02 -1.085213e-02)	(1.812396e-03 1.279571e-02 -1.064557e-02)	(3.773589e-05 3.167663e-04 -2.065580e-04)
5303          	(1.852423e-03 1.311459e-02 -1.084767e-02)	(1.814743e-03 1.279792e-02 -1.064125e-02)	(3.767954e-05 3.166691e-04 -2.064191e-04)
5304          	(1.855341e-03 1.311732e-02 -1.084256e-02)	(1.817712e-03 1.280073e-02 -1.063627e-02)	(3.762963e-05 3.165812e-04 -2.062921e-04)
5305          	(1.866201e-03 1.312524e-02 -1.082561e-02)	(1.828599e-03 1.280874e-02 -1.061943e-02)	(3.760226e-05 3.164967e-04 -2.061767e-04)
5306          	(1.869068e-03 1.312781e-02 -1.082152e-02)	(1.831477e-03 1.281137e-02 -1.061544e-02)	(3.759105e-05 3.164443e-04 -2.060817e-04)
5307          	(1.872348e-03 1.313082e-02 -1.081716e-02)	(1.834760e-03 1.281441e-02 -1.061116e-02)	(3.758880e-05 3.164117e-04 -2.060063e-04)
5308          	(1.876073e-03 1.313425e-02 -1.081231e-02)	(1.838468e-03 1.281784e-02 -1.060636e-02)	(3.760452e-05 3.164086e-04 -2.059547e-04)
5309          	(1.880204e-03 1.313800e-02 -1.080679e-02)	(1.842563e-03 1.282157e-02 -1.060087e-02)	(3.764077e-05 3.164366e-04 -2.059252e-04)
5310          	(1.884569e-03 1.314175e-02 -1.080055e-02)	(1.846873e-03 1.282525e-02 -1.059463e-02)	(3.769566e-05 3.164922e-04 -2.059202e-04)
5311          	(1.888943e-03 1.314518e-02 -1.079374e-02)	(1.851172e-03 1.282861e-02 -1.058780e-02)	(3.777100e-05 3.165765e-04 -2.059368e-04)
5312          	(1.892768e-03 1.314772e-02 -1.078689e-02)	(1.854907e-03 1.283104e-02 -1.058092e-02)	(3.786144e-05 3.166829e-04 -2.059770e-04)
5313          	(1.895809e-03 1.314918e-02 -1.078074e-02)	(1.857843e-03 1.283237e-02 -1.057470e-02)	(3.796697e-05 3.168111e-04 -2.060383e-04)
5314          	(1.897724e-03 1.314929e-02 -1.077605e-02)	(1.859645e-03 1.283234e-02 -1.056993e-02)	(3.807899e-05 3.169503e-04 -2.061218e-04)
5315          	(1.898281e-03 1.314791e-02 -1.077338e-02)	(1.860085e-03 1.283081e-02 -1.056715e-02)	(3.819627e-05 3.170989e-04 -2.062233e-04)
5316          	(1.897102e-03 1.314466e-02 -1.077297e-02)	(1.858792e-03 1.282741e-02 -1.056662e-02)	(3.831011e-05 3.172473e-04 -2.063450e-04)
5317          	(1.894634e-03 1.314012e-02 -1.077469e-02)	(1.856214e-03 1.282273e-02 -1.056821e-02)	(3.842046e-05 3.173950e-04 -2.064800e-04)
5318          	(1.891086e-03 1.313462e-02 -1.077834e-02)	(1.852566e-03 1.281708e-02 -1.057171e-02)	(3.851983e-05 3.175326e-04 -2.066290e-04)
5319          	(1.886778e-03 1.312851e-02 -1.078331e-02)	(1.848167e-03 1.281084e-02 -1.057652e-02)	(3.861047e-05 3.176627e-04 -2.067833e-04)
5320          	(1.882690e-03 1.312297e-02 -1.078905e-02)	(1.844002e-03 1.280519e-02 -1.058211e-02)	(3.868764e-05 3.177785e-04 -2.069408e-04)
5321          	(1.878365e-03 1.311738e-02 -1.079506e-02)	(1.839608e-03 1.279949e-02 -1.058796e-02)	(3.875636e-05 3.178865e-04 -2.070917e-04)
5322          	(1.874033e-03 1.311201e-02 -1.080106e-02)	(1.835219e-03 1.279403e-02 -1.059383e-02)	(3.881362e-05 3.179838e-04 -2.072350e-04)
5323          	(1.869885e-03 1.310710e-02 -1.080690e-02)	(1.831021e-03 1.278902e-02 -1.059954e-02)	(3.886425e-05 3.180758e-04 -2.073619e-04)
5324          	(1.865996e-03 1.310281e-02 -1.081254e-02)	(1.827092e-03 1.278465e-02 -1.060507e-02)	(3.890473e-05 3.181585e-04 -2.074714e-04)
5325          	(1.862467e-03 1.309910e-02 -1.081797e-02)	(1.823527e-03 1.278086e-02 -1.061041e-02)	(3.893986e-05 3.182365e-04 -2.075597e-04)
5326          	(1.859286e-03 1.309586e-02 -1.082324e-02)	(1.820322e-03 1.277756e-02 -1.061561e-02)	(3.896427e-05 3.183014e-04 -2.076284e-04)
5327          	(1.856403e-03 1.309300e-02 -1.082836e-02)	(1.817421e-03 1.277464e-02 -1.062069e-02)	(3.898222e-05 3.183563e-04 -2.076727e-04)
5328          	(1.853742e-03 1.309039e-02 -1.083333e-02)	(1.814754e-03 1.277200e-02 -1.062563e-02)	(3.898799e-05 3.183930e-04 -2.076993e-04)
5329          	(1.851238e-03 1.308793e-02 -1.083812e-02)	(1.812252e-03 1.276951e-02 -1.063042e-02)	(3.898608e-05 3.184152e-04 -2.077039e-04)
5330          	(1.848864e-03 1.308548e-02 -1.084261e-02)	(1.809894e-03 1.276706e-02 -1.063491e-02)	(3.897081e-05 3.184150e-04 -2.076923e-04)
5331          	(1.846629e-03 1.308307e-02 -1.084657e-02)	(1.807680e-03 1.276467e-02 -1.063891e-02)	(3.894873e-05 3.183991e-04 -2.076576e-04)
5332          	(1.844581e-03 1.308075e-02 -1.084973e-02)	(1.805666e-03 1.276239e-02 -1.064212e-02)	(3.891453e-05 3.183617e-04 -2.076064e-04)
5333          	(1.842802e-03 1.307868e-02 -1.085187e-02)	(1.803925e-03 1.276036e-02 -1.064434e-02)	(3.887703e-05 3.183139e-04 -2.075320e-04)
5334          	(1.841373e-03 1.307699e-02 -1.085287e-02)	(1.802542e-03 1.275874e-02 -1.064543e-02)	(3.883116e-05 3.182511e-04 -2.074411e-04)
5335          	(1.840423e-03 1.307582e-02 -1.085281e-02)	(1.801637e-03 1.275764e-02 -1.064548e-02)	(3.878571e-05 3.181848e-04 -2.073293e-04)
5336          	(1.839989e-03 1.307523e-02 -1.085156e-02)	(1.801254e-03 1.275712e-02 -1.064436e-02)	(3.873574e-05 3.181106e-04 -2.072056e-04)
5337          	(1.840137e-03 1.307528e-02 -1.084924e-02)	(1.801448e-03 1.275724e-02 -1.064218e-02)	(3.868880e-05 3.180384e-04 -2.070666e-04)
5338          	(1.840923e-03 1.307600e-02 -1.084585e-02)	(1.802282e-03 1.275804e-02 -1.063893e-02)	(3.864026e-05 3.179634e-04 -2.069210e-04)
5339          	(1.842501e-03 1.307757e-02 -1.084121e-02)	(1.803905e-03 1.275967e-02 -1.063445e-02)	(3.859642e-05 3.178933e-04 -2.067671e-04)
5340          	(1.844708e-03 1.307986e-02 -1.083559e-02)	(1.806155e-03 1.276203e-02 -1.062897e-02)	(3.855247e-05 3.178229e-04 -2.066129e-04)
5341          	(1.847610e-03 1.308301e-02 -1.082890e-02)	(1.809095e-03 1.276525e-02 -1.062244e-02)	(3.851520e-05 3.177606e-04 -2.064552e-04)
5342          	(1.851112e-03 1.308688e-02 -1.082115e-02)	(1.812631e-03 1.276918e-02 -1.061485e-02)	(3.848081e-05 3.177023e-04 -2.063020e-04)
5343          	(1.855084e-03 1.309126e-02 -1.081232e-02)	(1.816630e-03 1.277361e-02 -1.060617e-02)	(3.845360e-05 3.176529e-04 -2.061530e-04)
5344          	(1.859578e-03 1.309632e-02 -1.080239e-02)	(1.821148e-03 1.277871e-02 -1.059637e-02)	(3.843011e-05 3.176086e-04 -2.060153e-04)
5345          	(1.864304e-03 1.310159e-02 -1.079154e-02)	(1.825890e-03 1.278401e-02 -1.058566e-02)	(3.841393e-05 3.175740e-04 -2.058893e-04)
5346          	(1.869040e-03 1.310682e-02 -1.077986e-02)	(1.830636e-03 1.278927e-02 -1.057408e-02)	(3.840339e-05 3.175474e-04 -2.057796e-04)
5347          	(1.873765e-03 1.311199e-02 -1.076738e-02)	(1.835360e-03 1.279446e-02 -1.056170e-02)	(3.840501e-05 3.175367e-04 -2.056819e-04)
5348          	(1.878328e-03 1.311678e-02 -1.075433e-02)	(1.839913e-03 1.279924e-02 -1.054873e-02)	(3.841569e-05 3.175378e-04 -2.056008e-04)
5349          	(1.882461e-03 1.312079e-02 -1.074113e-02)	(1.844022e-03 1.280323e-02 -1.053559e-02)	(3.843910e-05 3.175549e-04 -2.055356e-04)
5350          	(1.885840e-03 1.312362e-02 -1.072856e-02)	(1.847368e-03 1.280603e-02 -1.052306e-02)	(3.847115e-05 3.175838e-04 -2.054910e-04)
5351          	(1.888145e-03 1.312490e-02 -1.071759e-02)	(1.849629e-03 1.280728e-02 -1.051213e-02)	(3.851540e-05 3.176287e-04 -2.054640e-04)
5352          	(1.889123e-03 1.312442e-02 -1.070906e-02)	(1.850559e-03 1.280674e-02 -1.050360e-02)	(3.856418e-05 3.176811e-04 -2.054605e-04)
5353          	(1.888649e-03 1.312212e-02 -1.070330e-02)	(1.850030e-03 1.280438e-02 -1.049783e-02)	(3.861908e-05 3.177440e-04 -2.054760e-04)
5354          	(1.886716e-03 1.311815e-02 -1.070032e-02)	(1.848044e-03 1.280034e-02 -1.049481e-02)	(3.867221e-05 3.178088e-04 -2.055133e-04)
5355          	(1.883339e-03 1.311277e-02 -1.069994e-02)	(1.844615e-03 1.279490e-02 -1.049437e-02)	(3.872477e-05 3.178782e-04 -2.055654e-04)
5356          	(1.878793e-03 1.310638e-02 -1.070179e-02)	(1.840024e-03 1.278844e-02 -1.049615e-02)	(3.876862e-05 3.179437e-04 -2.056344e-04)
5357          	(1.873457e-03 1.309954e-02 -1.070522e-02)	(1.834649e-03 1.278153e-02 -1.049951e-02)	(3.880752e-05 3.180100e-04 -2.057104e-04)
5358          	(1.867695e-03 1.309278e-02 -1.070959e-02)	(1.828860e-03 1.277471e-02 -1.050380e-02)	(3.883475e-05 3.180695e-04 -2.057932e-04)
5359          	(1.861854e-03 1.308659e-02 -1.071441e-02)	(1.822998e-03 1.276846e-02 -1.050854e-02)	(3.885569e-05 3.181293e-04 -2.058738e-04)
5360          	(1.856324e-03 1.308151e-02 -1.071924e-02)	(1.817456e-03 1.276332e-02 -1.051329e-02)	(3.886819e-05 3.181870e-04 -2.059510e-04)
5361          	(1.851349e-03 1.307780e-02 -1.072376e-02)	(1.812472e-03 1.275955e-02 -1.051774e-02)	(3.887678e-05 3.182474e-04 -2.060186e-04)
5362          	(1.847049e-03 1.307553e-02 -1.072782e-02)	(1.808169e-03 1.275722e-02 -1.052174e-02)	(3.887929e-05 3.183081e-04 -2.060791e-04)
5363          	(1.843894e-03 1.307496e-02 -1.073131e-02)	(1.805009e-03 1.275659e-02 -1.052519e-02)	(3.888525e-05 3.183782e-04 -2.061234e-04)
5364          	(1.841325e-03 1.307527e-02 -1.073440e-02)	(1.802437e-03 1.275682e-02 -1.052824e-02)	(3.888820e-05 3.184487e-04 -2.061593e-04)
5365          	(1.839226e-03 1.307606e-02 -1.073713e-02)	(1.800330e-03 1.275753e-02 -1.053095e-02)	(3.889618e-05 3.185277e-04 -2.061810e-04)
5366          	(1.837478e-03 1.307694e-02 -1.073971e-02)	(1.798575e-03 1.275834e-02 -1.053351e-02)	(3.890332e-05 3.186061e-04 -2.061950e-04)
5367          	(1.835898e-03 1.307760e-02 -1.074219e-02)	(1.796982e-03 1.275891e-02 -1.053600e-02)	(3.891628e-05 3.186892e-04 -2.061935e-04)
5368          	(1.834369e-03 1.307779e-02 -1.074470e-02)	(1.795442e-03 1.275903e-02 -1.053851e-02)	(3.892699e-05 3.187656e-04 -2.061847e-04)
5369          	(1.832864e-03 1.307735e-02 -1.074723e-02)	(1.793924e-03 1.275851e-02 -1.054107e-02)	(3.894055e-05 3.188382e-04 -2.061605e-04)
5370          	(1.831354e-03 1.307633e-02 -1.074974e-02)	(1.792407e-03 1.275743e-02 -1.054361e-02)	(3.894760e-05 3.188944e-04 -2.061272e-04)
5371          	(1.829895e-03 1.307476e-02 -1.075210e-02)	(1.790941e-03 1.275582e-02 -1.054602e-02)	(3.895412e-05 3.189397e-04 -2.060782e-04)
5372          	(1.828549e-03 1.307287e-02 -1.075425e-02)	(1.789598e-03 1.275390e-02 -1.054823e-02)	(3.895095e-05 3.189631e-04 -2.060219e-04)
5373          	(1.827382e-03 1.307087e-02 -1.075614e-02)	(1.788437e-03 1.275189e-02 -1.055019e-02)	(3.894479e-05 3.189726e-04 -2.059515e-04)
5374          	(1.826478e-03 1.306899e-02 -1.075775e-02)	(1.787550e-03 1.275002e-02 -1.055187e-02)	(3.892809e-05 3.189608e-04 -2.058755e-04)
5375          	(1.825926e-03 1.306738e-02 -1.075894e-02)	(1.787018e-03 1.274845e-02 -1.055315e-02)	(3.890808e-05 3.189372e-04 -2.057891e-04)
5376          	(1.825832e-03 1.306626e-02 -1.075975e-02)	(1.786953e-03 1.274737e-02 -1.055405e-02)	(3.887903e-05 3.188965e-04 -2.057010e-04)
5377          	(1.826665e-03 1.306608e-02 -1.076006e-02)	(1.787816e-03 1.274723e-02 -1.055445e-02)	(3.884872e-05 3.188481e-04 -2.056066e-04)
5378          	(1.828117e-03 1.306659e-02 -1.075975e-02)	(1.789304e-03 1.274780e-02 -1.055424e-02)	(3.881297e-05 3.187884e-04 -2.055127e-04)
5379          	(1.830402e-03 1.306833e-02 -1.075856e-02)	(1.791624e-03 1.274960e-02 -1.055315e-02)	(3.877789e-05 3.187260e-04 -2.054167e-04)
5380          	(1.833436e-03 1.307100e-02 -1.075627e-02)	(1.794695e-03 1.275234e-02 -1.055095e-02)	(3.874093e-05 3.186589e-04 -2.053222e-04)
5381          	(1.837183e-03 1.307455e-02 -1.075247e-02)	(1.798475e-03 1.275596e-02 -1.054724e-02)	(3.870846e-05 3.185952e-04 -2.052276e-04)
5382          	(1.841541e-03 1.307888e-02 -1.074695e-02)	(1.802863e-03 1.276034e-02 -1.054182e-02)	(3.867823e-05 3.185330e-04 -2.051358e-04)
5383          	(1.846375e-03 1.308373e-02 -1.073969e-02)	(1.807719e-03 1.276525e-02 -1.053464e-02)	(3.865574e-05 3.184791e-04 -2.050457e-04)
5384          	(1.851395e-03 1.308883e-02 -1.073055e-02)	(1.812756e-03 1.277040e-02 -1.052558e-02)	(3.863896e-05 3.184321e-04 -2.049614e-04)
5385          	(1.864472e-03 1.309894e-02 -1.070096e-02)	(1.825824e-03 1.278055e-02 -1.049608e-02)	(3.864775e-05 3.183909e-04 -2.048792e-04)
5386          	(1.867445e-03 1.310180e-02 -1.069235e-02)	(1.828778e-03 1.278342e-02 -1.048754e-02)	(3.866687e-05 3.183766e-04 -2.048098e-04)
5387          	(1.869585e-03 1.310365e-02 -1.068347e-02)	(1.830901e-03 1.278529e-02 -1.047872e-02)	(3.868405e-05 3.183676e-04 -2.047479e-04)
5388          	(1.870720e-03 1.310433e-02 -1.067453e-02)	(1.832015e-03 1.278596e-02 -1.046983e-02)	(3.870500e-05 3.183714e-04 -2.046987e-04)
5389          	(1.870657e-03 1.310362e-02 -1.066598e-02)	(1.831926e-03 1.278523e-02 -1.046132e-02)	(3.873136e-05 3.183897e-04 -2.046610e-04)
5390          	(1.869099e-03 1.310103e-02 -1.065839e-02)	(1.830341e-03 1.278262e-02 -1.045375e-02)	(3.875778e-05 3.184158e-04 -2.046368e-04)
5391          	(1.866040e-03 1.309683e-02 -1.065219e-02)	(1.827254e-03 1.277838e-02 -1.044757e-02)	(3.878603e-05 3.184528e-04 -2.046249e-04)
5392          	(1.861734e-03 1.309143e-02 -1.064756e-02)	(1.822923e-03 1.277293e-02 -1.044293e-02)	(3.881168e-05 3.184967e-04 -2.046283e-04)
5393          	(1.856479e-03 1.308520e-02 -1.064442e-02)	(1.817641e-03 1.276665e-02 -1.043978e-02)	(3.883835e-05 3.185525e-04 -2.046435e-04)
5394          	(1.850078e-03 1.307796e-02 -1.064247e-02)	(1.811216e-03 1.275934e-02 -1.043780e-02)	(3.886189e-05 3.186164e-04 -2.046741e-04)
5395          	(1.843514e-03 1.307096e-02 -1.064158e-02)	(1.804626e-03 1.275227e-02 -1.043686e-02)	(3.888736e-05 3.186943e-04 -2.047143e-04)
5396          	(1.837224e-03 1.306469e-02 -1.064148e-02)	(1.798313e-03 1.274591e-02 -1.043672e-02)	(3.891115e-05 3.187806e-04 -2.047647e-04)
5397          	(1.831544e-03 1.305944e-02 -1.064187e-02)	(1.792606e-03 1.274056e-02 -1.043705e-02)	(3.893806e-05 3.188788e-04 -2.048206e-04)
5398          	(1.826632e-03 1.305533e-02 -1.064265e-02)	(1.787668e-03 1.273635e-02 -1.043776e-02)	(3.896489e-05 3.189832e-04 -2.048820e-04)
5399          	(1.822713e-03 1.305252e-02 -1.064373e-02)	(1.783717e-03 1.273343e-02 -1.043879e-02)	(3.899606e-05 3.190960e-04 -2.049425e-04)
5400          	(1.819890e-03 1.305107e-02 -1.064538e-02)	(1.780863e-03 1.273186e-02 -1.044038e-02)	(3.902736e-05 3.192098e-04 -2.050047e-04)
5401          	(1.817598e-03 1.305024e-02 -1.064760e-02)	(1.778534e-03 1.273091e-02 -1.044253e-02)	(3.906412e-05 3.193296e-04 -2.050620e-04)
5402          	(1.815740e-03 1.304987e-02 -1.065044e-02)	(1.776639e-03 1.273042e-02 -1.044533e-02)	(3.910089e-05 3.194480e-04 -2.051183e-04)
5403          	(1.814224e-03 1.304978e-02 -1.065394e-02)	(1.775081e-03 1.273021e-02 -1.044877e-02)	(3.914278e-05 3.195700e-04 -2.051674e-04)
5404          	(1.812936e-03 1.304974e-02 -1.065815e-02)	(1.773752e-03 1.273006e-02 -1.045293e-02)	(3.918435e-05 3.196888e-04 -2.052157e-04)
5405          	(1.811790e-03 1.304964e-02 -1.066307e-02)	(1.772560e-03 1.272983e-02 -1.045782e-02)	(3.922994e-05 3.198082e-04 -2.052551e-04)
5406          	(1.810683e-03 1.304918e-02 -1.066867e-02)	(1.771412e-03 1.272926e-02 -1.046338e-02)	(3.927170e-05 3.199171e-04 -2.052906e-04)
5407          	(1.809598e-03 1.304833e-02 -1.067475e-02)	(1.770284e-03 1.272831e-02 -1.046943e-02)	(3.931400e-05 3.200194e-04 -2.053153e-04)
5408          	(1.808543e-03 1.304709e-02 -1.068105e-02)	(1.769195e-03 1.272699e-02 -1.047571e-02)	(3.934812e-05 3.201028e-04 -2.053350e-04)
5409          	(1.807584e-03 1.304558e-02 -1.068727e-02)	(1.768205e-03 1.272541e-02 -1.048193e-02)	(3.937907e-05 3.201718e-04 -2.053418e-04)
5410          	(1.806804e-03 1.304403e-02 -1.069318e-02)	(1.767406e-03 1.272381e-02 -1.048784e-02)	(3.939807e-05 3.202157e-04 -2.053438e-04)
5411          	(1.806385e-03 1.304285e-02 -1.069857e-02)	(1.766975e-03 1.272261e-02 -1.049324e-02)	(3.941082e-05 3.202407e-04 -2.053338e-04)
5412          	(1.806412e-03 1.304212e-02 -1.070325e-02)	(1.767002e-03 1.272188e-02 -1.049793e-02)	(3.940992e-05 3.202385e-04 -2.053199e-04)
5413          	(1.806937e-03 1.304189e-02 -1.070701e-02)	(1.767535e-03 1.272168e-02 -1.050171e-02)	(3.940231e-05 3.202180e-04 -2.052978e-04)
5414          	(1.807909e-03 1.304214e-02 -1.070975e-02)	(1.768526e-03 1.272196e-02 -1.050448e-02)	(3.938297e-05 3.201744e-04 -2.052732e-04)
5415          	(1.809340e-03 1.304293e-02 -1.071134e-02)	(1.769982e-03 1.272281e-02 -1.050610e-02)	(3.935846e-05 3.201167e-04 -2.052415e-04)
5416          	(1.816950e-03 1.304856e-02 -1.071189e-02)	(1.777617e-03 1.272854e-02 -1.050667e-02)	(3.933237e-05 3.200294e-04 -2.052141e-04)
5417          	(1.818526e-03 1.304998e-02 -1.071126e-02)	(1.779221e-03 1.273003e-02 -1.050609e-02)	(3.930493e-05 3.199460e-04 -2.051754e-04)
5418          	(1.820258e-03 1.305198e-02 -1.070889e-02)	(1.780993e-03 1.273212e-02 -1.050376e-02)	(3.926549e-05 3.198539e-04 -2.051372e-04)
5419          	(1.822462e-03 1.305477e-02 -1.070438e-02)	(1.783236e-03 1.273500e-02 -1.049929e-02)	(3.922608e-05 3.197658e-04 -2.050901e-04)
5420          	(1.825159e-03 1.305836e-02 -1.069745e-02)	(1.785977e-03 1.273868e-02 -1.049241e-02)	(3.918268e-05 3.196761e-04 -2.050382e-04)
5421          	(1.828302e-03 1.306265e-02 -1.068797e-02)	(1.789160e-03 1.274306e-02 -1.048299e-02)	(3.914110e-05 3.195910e-04 -2.049760e-04)
5422          	(1.835853e-03 1.307085e-02 -1.065980e-02)	(1.796745e-03 1.275134e-02 -1.045490e-02)	(3.910766e-05 3.195090e-04 -2.049014e-04)
5423          	(1.838484e-03 1.307447e-02 -1.064902e-02)	(1.799400e-03 1.275503e-02 -1.044419e-02)	(3.908431e-05 3.194460e-04 -2.048264e-04)
5424          	(1.840645e-03 1.307751e-02 -1.063738e-02)	(1.801592e-03 1.275814e-02 -1.043263e-02)	(3.905284e-05 3.193753e-04 -2.047548e-04)
5425          	(1.842111e-03 1.307961e-02 -1.062509e-02)	(1.803084e-03 1.276030e-02 -1.042041e-02)	(3.902671e-05 3.193151e-04 -2.046849e-04)
5426          	(1.842632e-03 1.308045e-02 -1.061265e-02)	(1.803632e-03 1.276119e-02 -1.040803e-02)	(3.899986e-05 3.192577e-04 -2.046220e-04)
5427          	(1.842041e-03 1.307987e-02 -1.060089e-02)	(1.803065e-03 1.276067e-02 -1.039633e-02)	(3.897629e-05 3.192078e-04 -2.045634e-04)
5428          	(1.840059e-03 1.307753e-02 -1.059047e-02)	(1.801109e-03 1.275837e-02 -1.038596e-02)	(3.894946e-05 3.191586e-04 -2.045170e-04)
5429          	(1.836858e-03 1.307380e-02 -1.058195e-02)	(1.797934e-03 1.275468e-02 -1.037747e-02)	(3.892455e-05 3.191175e-04 -2.044781e-04)
5430          	(1.832571e-03 1.306890e-02 -1.057548e-02)	(1.793675e-03 1.274982e-02 -1.037102e-02)	(3.889615e-05 3.190795e-04 -2.044552e-04)
5431          	(1.827445e-03 1.306320e-02 -1.057102e-02)	(1.788575e-03 1.274415e-02 -1.036658e-02)	(3.887050e-05 3.190532e-04 -2.044433e-04)
5432          	(1.821768e-03 1.305707e-02 -1.056825e-02)	(1.782924e-03 1.273804e-02 -1.036380e-02)	(3.884316e-05 3.190345e-04 -2.044466e-04)
5433          	(1.815894e-03 1.305095e-02 -1.056670e-02)	(1.777074e-03 1.273191e-02 -1.036224e-02)	(3.882007e-05 3.190302e-04 -2.044577e-04)
5434          	(1.810097e-03 1.304517e-02 -1.056596e-02)	(1.771300e-03 1.272613e-02 -1.036148e-02)	(3.879737e-05 3.190366e-04 -2.044797e-04)
5435          	(1.804702e-03 1.304016e-02 -1.056567e-02)	(1.765922e-03 1.272110e-02 -1.036117e-02)	(3.878088e-05 3.190597e-04 -2.045030e-04)
5436          	(1.799879e-03 1.303613e-02 -1.056557e-02)	(1.761113e-03 1.271704e-02 -1.036104e-02)	(3.876621e-05 3.190936e-04 -2.045302e-04)
5437          	(1.795747e-03 1.303321e-02 -1.056554e-02)	(1.756989e-03 1.271407e-02 -1.036099e-02)	(3.875859e-05 3.191428e-04 -2.045510e-04)
5438          	(1.792413e-03 1.303147e-02 -1.056561e-02)	(1.753661e-03 1.271227e-02 -1.036104e-02)	(3.875196e-05 3.191984e-04 -2.045693e-04)
5439          	(1.784550e-03 1.302995e-02 -1.057179e-02)	(1.745807e-03 1.271066e-02 -1.036722e-02)	(3.874330e-05 3.192826e-04 -2.045761e-04)
5440          	(1.783552e-03 1.303053e-02 -1.057114e-02)	(1.744814e-03 1.271117e-02 -1.036655e-02)	(3.873758e-05 3.193613e-04 -2.045827e-04)
5441          	(1.783294e-03 1.303177e-02 -1.057052e-02)	(1.744546e-03 1.271233e-02 -1.036594e-02)	(3.874795e-05 3.194478e-04 -2.045791e-04)
5442          	(1.783522e-03 1.303333e-02 -1.057022e-02)	(1.744760e-03 1.271380e-02 -1.036565e-02)	(3.876176e-05 3.195301e-04 -2.045764e-04)
5443          	(1.783993e-03 1.303488e-02 -1.057055e-02)	(1.745205e-03 1.271526e-02 -1.036598e-02)	(3.878768e-05 3.196188e-04 -2.045684e-04)
5444          	(1.784476e-03 1.303615e-02 -1.057171e-02)	(1.745659e-03 1.271645e-02 -1.036715e-02)	(3.881673e-05 3.197039e-04 -2.045672e-04)
5445          	(1.784824e-03 1.303697e-02 -1.057374e-02)	(1.745968e-03 1.271718e-02 -1.036917e-02)	(3.885577e-05 3.197932e-04 -2.045630e-04)
5446          	(1.784964e-03 1.303731e-02 -1.057646e-02)	(1.746070e-03 1.271744e-02 -1.037190e-02)	(3.889339e-05 3.198741e-04 -2.045658e-04)
5447          	(1.784926e-03 1.303728e-02 -1.057958e-02)	(1.745991e-03 1.271733e-02 -1.037502e-02)	(3.893540e-05 3.199531e-04 -2.045649e-04)
5448          	(1.784790e-03 1.303706e-02 -1.058275e-02)	(1.745820e-03 1.271704e-02 -1.037818e-02)	(3.897043e-05 3.200175e-04 -2.045668e-04)
5449          	(1.784999e-03 1.303732e-02 -1.058564e-02)	(1.745994e-03 1.271725e-02 -1.038108e-02)	(3.900458e-05 3.200744e-04 -2.045621e-04)
5450          	(1.785390e-03 1.303784e-02 -1.058795e-02)	(1.746362e-03 1.271772e-02 -1.038339e-02)	(3.902804e-05 3.201131e-04 -2.045590e-04)
5451          	(1.786067e-03 1.303879e-02 -1.058938e-02)	(1.747019e-03 1.271865e-02 -1.038483e-02)	(3.904789e-05 3.201424e-04 -2.045483e-04)
5452          	(1.787072e-03 1.304029e-02 -1.058979e-02)	(1.748015e-03 1.272014e-02 -1.038525e-02)	(3.905706e-05 3.201554e-04 -2.045384e-04)
5453          	(1.788462e-03 1.304245e-02 -1.058902e-02)	(1.749400e-03 1.272229e-02 -1.038450e-02)	(3.906252e-05 3.201609e-04 -2.045223e-04)
5454          	(1.794870e-03 1.305025e-02 -1.058419e-02)	(1.755803e-03 1.273010e-02 -1.037968e-02)	(3.906701e-05 3.201528e-04 -2.045110e-04)
5455          	(1.796542e-03 1.305318e-02 -1.058160e-02)	(1.757469e-03 1.273303e-02 -1.037711e-02)	(3.907211e-05 3.201500e-04 -2.044900e-04)
5456          	(1.798564e-03 1.305678e-02 -1.057747e-02)	(1.759499e-03 1.273665e-02 -1.037300e-02)	(3.906511e-05 3.201357e-04 -2.044736e-04)
5457          	(1.800968e-03 1.306110e-02 -1.057134e-02)	(1.761908e-03 1.274097e-02 -1.036689e-02)	(3.906006e-05 3.201268e-04 -2.044515e-04)
5458          	(1.803908e-03 1.306632e-02 -1.056299e-02)	(1.764855e-03 1.274621e-02 -1.035856e-02)	(3.905292e-05 3.201191e-04 -2.044305e-04)
5459          	(1.807340e-03 1.307232e-02 -1.055233e-02)	(1.768290e-03 1.275220e-02 -1.034792e-02)	(3.905093e-05 3.201202e-04 -2.044063e-04)
5460          	(1.811101e-03 1.307880e-02 -1.053945e-02)	(1.772050e-03 1.275867e-02 -1.033507e-02)	(3.905097e-05 3.201262e-04 -2.043832e-04)
5461          	(1.814959e-03 1.308537e-02 -1.052469e-02)	(1.775899e-03 1.276522e-02 -1.032033e-02)	(3.905958e-05 3.201446e-04 -2.043591e-04)
5462          	(1.818605e-03 1.309151e-02 -1.050847e-02)	(1.779532e-03 1.277134e-02 -1.030413e-02)	(3.907261e-05 3.201704e-04 -2.043393e-04)
5463          	(1.821676e-03 1.309668e-02 -1.049155e-02)	(1.782580e-03 1.277647e-02 -1.028723e-02)	(3.909566e-05 3.202097e-04 -2.043207e-04)
5464          	(1.823783e-03 1.310038e-02 -1.047504e-02)	(1.784660e-03 1.278012e-02 -1.027073e-02)	(3.912266e-05 3.202559e-04 -2.043123e-04)
5465          	(1.824617e-03 1.310222e-02 -1.046017e-02)	(1.785459e-03 1.278191e-02 -1.025586e-02)	(3.915745e-05 3.203135e-04 -2.043104e-04)
5466          	(1.823964e-03 1.310201e-02 -1.044785e-02)	(1.784771e-03 1.278163e-02 -1.024353e-02)	(3.919260e-05 3.203749e-04 -2.043229e-04)
5467          	(1.821831e-03 1.309984e-02 -1.043852e-02)	(1.782599e-03 1.277939e-02 -1.023418e-02)	(3.923146e-05 3.204444e-04 -2.043450e-04)
5468          	(1.818314e-03 1.309591e-02 -1.043222e-02)	(1.779048e-03 1.277540e-02 -1.022784e-02)	(3.926683e-05 3.205149e-04 -2.043838e-04)
5469          	(1.813639e-03 1.309060e-02 -1.042867e-02)	(1.774336e-03 1.277001e-02 -1.022424e-02)	(3.930339e-05 3.205927e-04 -2.044315e-04)
5470          	(1.807825e-03 1.308415e-02 -1.042734e-02)	(1.768491e-03 1.276348e-02 -1.022285e-02)	(3.933428e-05 3.206720e-04 -2.044923e-04)
5471          	(1.801556e-03 1.307744e-02 -1.042769e-02)	(1.762191e-03 1.275668e-02 -1.022313e-02)	(3.936505e-05 3.207601e-04 -2.045562e-04)
5472          	(1.795156e-03 1.307085e-02 -1.042903e-02)	(1.755765e-03 1.275000e-02 -1.022441e-02)	(3.939049e-05 3.208516e-04 -2.046247e-04)
5473          	(1.789031e-03 1.306495e-02 -1.043075e-02)	(1.749613e-03 1.274399e-02 -1.022606e-02)	(3.941743e-05 3.209543e-04 -2.046864e-04)
5474          	(1.783491e-03 1.306021e-02 -1.043245e-02)	(1.744050e-03 1.273915e-02 -1.022770e-02)	(3.944076e-05 3.210621e-04 -2.047443e-04)
5475          	(1.778736e-03 1.305688e-02 -1.043395e-02)	(1.739269e-03 1.273569e-02 -1.022916e-02)	(3.946719e-05 3.211817e-04 -2.047885e-04)
5476          	(1.774858e-03 1.305501e-02 -1.043518e-02)	(1.735367e-03 1.273370e-02 -1.023036e-02)	(3.949160e-05 3.213057e-04 -2.048242e-04)
5477          	(1.771858e-03 1.305451e-02 -1.043619e-02)	(1.732336e-03 1.273306e-02 -1.023134e-02)	(3.952186e-05 3.214418e-04 -2.048436e-04)
5478          	(1.769640e-03 1.305513e-02 -1.043703e-02)	(1.730088e-03 1.273355e-02 -1.023217e-02)	(3.955194e-05 3.215809e-04 -2.048562e-04)
5479          	(1.768335e-03 1.305699e-02 -1.043774e-02)	(1.728745e-03 1.273527e-02 -1.023289e-02)	(3.958924e-05 3.217294e-04 -2.048552e-04)
5480          	(1.767489e-03 1.305922e-02 -1.043858e-02)	(1.727862e-03 1.273734e-02 -1.023373e-02)	(3.962761e-05 3.218779e-04 -2.048491e-04)
5481          	(1.766868e-03 1.306151e-02 -1.043948e-02)	(1.727194e-03 1.273947e-02 -1.023465e-02)	(3.967400e-05 3.220333e-04 -2.048329e-04)
5482          	(1.766318e-03 1.306358e-02 -1.044046e-02)	(1.726597e-03 1.274139e-02 -1.023565e-02)	(3.972045e-05 3.221852e-04 -2.048143e-04)
5483          	(1.765760e-03 1.306528e-02 -1.044143e-02)	(1.725987e-03 1.274294e-02 -1.023665e-02)	(3.977334e-05 3.223394e-04 -2.047841e-04)
5484          	(1.765163e-03 1.306649e-02 -1.044225e-02)	(1.725340e-03 1.274401e-02 -1.023750e-02)	(3.982344e-05 3.224843e-04 -2.047510e-04)
5485          	(1.764563e-03 1.306732e-02 -1.044275e-02)	(1.724686e-03 1.274469e-02 -1.023805e-02)	(3.987712e-05 3.226270e-04 -2.047043e-04)
5486          	(1.764021e-03 1.306793e-02 -1.044286e-02)	(1.724096e-03 1.274518e-02 -1.023821e-02)	(3.992525e-05 3.227569e-04 -2.046510e-04)
5487          	(1.763615e-03 1.306851e-02 -1.044252e-02)	(1.723641e-03 1.274563e-02 -1.023794e-02)	(3.997391e-05 3.228811e-04 -2.045843e-04)
5488          	(1.763415e-03 1.306917e-02 -1.044166e-02)	(1.723400e-03 1.274618e-02 -1.023715e-02)	(4.001516e-05 3.229911e-04 -2.045127e-04)
5489          	(1.763535e-03 1.307019e-02 -1.044031e-02)	(1.723480e-03 1.274709e-02 -1.023588e-02)	(4.005539e-05 3.230948e-04 -2.044302e-04)
5490          	(1.764142e-03 1.307189e-02 -1.043843e-02)	(1.724054e-03 1.274871e-02 -1.023409e-02)	(4.008810e-05 3.231856e-04 -2.043450e-04)
5491          	(1.765343e-03 1.307437e-02 -1.043597e-02)	(1.725223e-03 1.275110e-02 -1.023172e-02)	(4.011983e-05 3.232714e-04 -2.042535e-04)
5492          	(1.767137e-03 1.307761e-02 -1.043295e-02)	(1.726991e-03 1.275426e-02 -1.022879e-02)	(4.014676e-05 3.233487e-04 -2.041641e-04)
5493          	(1.769588e-03 1.308169e-02 -1.042922e-02)	(1.729413e-03 1.275826e-02 -1.022515e-02)	(4.017504e-05 3.234250e-04 -2.040718e-04)
5494          	(1.772718e-03 1.308663e-02 -1.042460e-02)	(1.732515e-03 1.276313e-02 -1.022062e-02)	(4.020258e-05 3.234990e-04 -2.039844e-04)
5495          	(1.776526e-03 1.309247e-02 -1.041889e-02)	(1.736290e-03 1.276889e-02 -1.021499e-02)	(4.023568e-05 3.235789e-04 -2.038961e-04)
5496          	(1.781418e-03 1.309970e-02 -1.041175e-02)	(1.741145e-03 1.277604e-02 -1.020794e-02)	(4.027290e-05 3.236632e-04 -2.038122e-04)
5497          	(1.786737e-03 1.310748e-02 -1.040345e-02)	(1.746417e-03 1.278372e-02 -1.019973e-02)	(4.032001e-05 3.237599e-04 -2.037294e-04)
5498          	(1.791617e-03 1.311460e-02 -1.039429e-02)	(1.751242e-03 1.279073e-02 -1.019064e-02)	(4.037534e-05 3.238692e-04 -2.036513e-04)
5499          	(1.796554e-03 1.312178e-02 -1.038387e-02)	(1.756111e-03 1.279778e-02 -1.018030e-02)	(4.044337e-05 3.239970e-04 -2.035747e-04)
5500          	(1.801320e-03 1.312873e-02 -1.037235e-02)	(1.760799e-03 1.280459e-02 -1.016885e-02)	(4.052084e-05 3.241402e-04 -2.035023e-04)
