# Force       
# CofR        : (0.000000e+00 0.000000e+00 0.000000e+00)
#
# Time        	(total_x total_y total_z)	(pressure_x pressure_y pressure_z)	(viscous_x viscous_y viscous_z)
5001          	(4.844810e-02 1.768288e-01 -4.699440e+02)	(4.753119e-02 1.767822e-01 -4.699439e+02)	(9.169096e-04 4.660887e-05 -8.336612e-05)
5002          	(4.844788e-02 1.768717e-01 -4.699439e+02)	(4.753148e-02 1.768243e-01 -4.699439e+02)	(9.164081e-04 4.739106e-05 -8.297263e-05)
5003          	(4.844905e-02 1.769358e-01 -4.699439e+02)	(4.753349e-02 1.768876e-01 -4.699439e+02)	(9.155613e-04 4.823323e-05 -8.255128e-05)
5004          	(4.845228e-02 1.770225e-01 -4.699440e+02)	(4.753778e-02 1.769734e-01 -4.699439e+02)	(9.145005e-04 4.908888e-05 -8.217855e-05)
5005          	(4.845701e-02 1.771217e-01 -4.699440e+02)	(4.754371e-02 1.770719e-01 -4.699439e+02)	(9.133001e-04 4.988953e-05 -8.184771e-05)
5006          	(4.846273e-02 1.772221e-01 -4.699440e+02)	(4.755055e-02 1.771716e-01 -4.699439e+02)	(9.121846e-04 5.054914e-05 -8.155012e-05)
5007          	(4.846941e-02 1.773199e-01 -4.699440e+02)	(4.755811e-02 1.772688e-01 -4.699439e+02)	(9.113016e-04 5.101769e-05 -8.131778e-05)
5008          	(4.847611e-02 1.774004e-01 -4.699440e+02)	(4.756540e-02 1.773491e-01 -4.699439e+02)	(9.107048e-04 5.129738e-05 -8.122532e-05)
5009          	(4.848297e-02 1.774695e-01 -4.699440e+02)	(4.757259e-02 1.774181e-01 -4.699439e+02)	(9.103744e-04 5.143707e-05 -8.130634e-05)
5010          	(4.849001e-02 1.775302e-01 -4.699440e+02)	(4.757971e-02 1.774787e-01 -4.699439e+02)	(9.102953e-04 5.147384e-05 -8.154856e-05)
5011          	(4.849663e-02 1.775762e-01 -4.699440e+02)	(4.758624e-02 1.775247e-01 -4.699439e+02)	(9.103935e-04 5.142853e-05 -8.189666e-05)
5012          	(4.850246e-02 1.776043e-01 -4.699440e+02)	(4.759176e-02 1.775529e-01 -4.699439e+02)	(9.107009e-04 5.132421e-05 -8.234709e-05)
5013          	(4.850703e-02 1.776124e-01 -4.699440e+02)	(4.759580e-02 1.775612e-01 -4.699439e+02)	(9.112250e-04 5.118631e-05 -8.286332e-05)
5014          	(4.850984e-02 1.775998e-01 -4.699439e+02)	(4.759791e-02 1.775488e-01 -4.699439e+02)	(9.119311e-04 5.105252e-05 -8.339693e-05)
5015          	(4.851058e-02 1.775673e-01 -4.699439e+02)	(4.759776e-02 1.775163e-01 -4.699438e+02)	(9.128260e-04 5.094658e-05 -8.392146e-05)
5016          	(4.850906e-02 1.775173e-01 -4.699439e+02)	(4.759522e-02 1.774665e-01 -4.699438e+02)	(9.138375e-04 5.084255e-05 -8.444330e-05)
5017          	(4.850525e-02 1.774545e-01 -4.699439e+02)	(4.759031e-02 1.774038e-01 -4.699438e+02)	(9.149387e-04 5.068245e-05 -8.501156e-05)
5018          	(4.849907e-02 1.773826e-01 -4.699439e+02)	(4.758304e-02 1.773322e-01 -4.699438e+02)	(9.160276e-04 5.044101e-05 -8.563190e-05)
5019          	(4.849071e-02 1.773091e-01 -4.699439e+02)	(4.757371e-02 1.772590e-01 -4.699438e+02)	(9.169995e-04 5.011241e-05 -8.634860e-05)
5020          	(4.847898e-02 1.772259e-01 -4.699439e+02)	(4.756114e-02 1.771762e-01 -4.699439e+02)	(9.178388e-04 4.968311e-05 -8.725630e-05)
5021          	(4.847012e-02 1.771867e-01 -4.699440e+02)	(4.755147e-02 1.771375e-01 -4.699439e+02)	(9.186439e-04 4.918595e-05 -8.841562e-05)
5022          	(4.846209e-02 1.771673e-01 -4.699440e+02)	(4.754268e-02 1.771187e-01 -4.699439e+02)	(9.194184e-04 4.867017e-05 -8.984334e-05)
5023          	(4.845556e-02 1.771676e-01 -4.699440e+02)	(4.753540e-02 1.771195e-01 -4.699439e+02)	(9.201655e-04 4.811603e-05 -9.154859e-05)
5024          	(4.845065e-02 1.771826e-01 -4.699441e+02)	(4.752980e-02 1.771351e-01 -4.699440e+02)	(9.208489e-04 4.752899e-05 -9.344779e-05)
5025          	(4.844731e-02 1.772073e-01 -4.699441e+02)	(4.752585e-02 1.771604e-01 -4.699440e+02)	(9.214633e-04 4.693665e-05 -9.541553e-05)
5026          	(4.844500e-02 1.772349e-01 -4.699441e+02)	(4.752303e-02 1.771885e-01 -4.699440e+02)	(9.219676e-04 4.638106e-05 -9.733466e-05)
5027          	(4.844352e-02 1.772635e-01 -4.699441e+02)	(4.752119e-02 1.772177e-01 -4.699440e+02)	(9.223292e-04 4.589081e-05 -9.911008e-05)
5028          	(4.844267e-02 1.772923e-01 -4.699441e+02)	(4.752016e-02 1.772468e-01 -4.699440e+02)	(9.225065e-04 4.546764e-05 -1.006723e-04)
5029          	(4.844256e-02 1.773230e-01 -4.699441e+02)	(4.752010e-02 1.772779e-01 -4.699440e+02)	(9.224536e-04 4.512623e-05 -1.020135e-04)
5030          	(4.844334e-02 1.773601e-01 -4.699441e+02)	(4.752135e-02 1.773152e-01 -4.699440e+02)	(9.219940e-04 4.489615e-05 -1.031284e-04)
5031          	(4.844486e-02 1.773998e-01 -4.699440e+02)	(4.752389e-02 1.773550e-01 -4.699439e+02)	(9.209646e-04 4.481218e-05 -1.039440e-04)
5032          	(4.844690e-02 1.774378e-01 -4.699440e+02)	(4.752751e-02 1.773930e-01 -4.699439e+02)	(9.193927e-04 4.487176e-05 -1.043756e-04)
5033          	(4.844945e-02 1.774696e-01 -4.699440e+02)	(4.753197e-02 1.774246e-01 -4.699439e+02)	(9.174854e-04 4.502368e-05 -1.045171e-04)
5034          	(4.845231e-02 1.774912e-01 -4.699440e+02)	(4.753684e-02 1.774460e-01 -4.699439e+02)	(9.154695e-04 4.522602e-05 -1.044797e-04)
5035          	(4.845580e-02 1.774943e-01 -4.699440e+02)	(4.754232e-02 1.774489e-01 -4.699439e+02)	(9.134778e-04 4.543738e-05 -1.042353e-04)
5036          	(4.845910e-02 1.774868e-01 -4.699440e+02)	(4.754745e-02 1.774412e-01 -4.699439e+02)	(9.116509e-04 4.560504e-05 -1.038730e-04)
5037          	(4.846177e-02 1.774683e-01 -4.699440e+02)	(4.755169e-02 1.774226e-01 -4.699439e+02)	(9.100758e-04 4.568798e-05 -1.034617e-04)
5038          	(4.846340e-02 1.774396e-01 -4.699440e+02)	(4.755465e-02 1.773939e-01 -4.699439e+02)	(9.087562e-04 4.567470e-05 -1.030364e-04)
5039          	(4.846378e-02 1.774017e-01 -4.699440e+02)	(4.755609e-02 1.773561e-01 -4.699439e+02)	(9.076932e-04 4.561607e-05 -1.025965e-04)
5040          	(4.846245e-02 1.773523e-01 -4.699440e+02)	(4.755550e-02 1.773067e-01 -4.699439e+02)	(9.069530e-04 4.556172e-05 -1.020981e-04)
5041          	(4.845924e-02 1.772856e-01 -4.699440e+02)	(4.755263e-02 1.772401e-01 -4.699439e+02)	(9.066044e-04 4.550582e-05 -1.016307e-04)
5042          	(4.845464e-02 1.772073e-01 -4.699440e+02)	(4.754805e-02 1.771619e-01 -4.699439e+02)	(9.065887e-04 4.543135e-05 -1.012679e-04)
5043          	(4.844879e-02 1.771187e-01 -4.699440e+02)	(4.754187e-02 1.770733e-01 -4.699439e+02)	(9.069221e-04 4.535262e-05 -1.009966e-04)
5044          	(4.844135e-02 1.770146e-01 -4.699440e+02)	(4.753380e-02 1.769694e-01 -4.699439e+02)	(9.075447e-04 4.526155e-05 -1.007991e-04)
5045          	(4.843282e-02 1.769012e-01 -4.699440e+02)	(4.752440e-02 1.768561e-01 -4.699439e+02)	(9.084233e-04 4.514968e-05 -1.006876e-04)
5046          	(4.842430e-02 1.767929e-01 -4.699440e+02)	(4.751482e-02 1.767479e-01 -4.699439e+02)	(9.094801e-04 4.503927e-05 -1.006964e-04)
5047          	(4.841661e-02 1.766774e-01 -4.699440e+02)	(4.750598e-02 1.766324e-01 -4.699439e+02)	(9.106238e-04 4.494017e-05 -1.008084e-04)
5048          	(4.841075e-02 1.765867e-01 -4.699440e+02)	(4.749890e-02 1.765419e-01 -4.699439e+02)	(9.118543e-04 4.484435e-05 -1.010846e-04)
5049          	(4.840653e-02 1.765600e-01 -4.699440e+02)	(4.749331e-02 1.765153e-01 -4.699439e+02)	(9.132195e-04 4.474833e-05 -1.016347e-04)
5050          	(4.840412e-02 1.765553e-01 -4.699440e+02)	(4.748942e-02 1.765107e-01 -4.699439e+02)	(9.146975e-04 4.465371e-05 -1.025434e-04)
5051          	(4.840357e-02 1.765719e-01 -4.699440e+02)	(4.748738e-02 1.765273e-01 -4.699439e+02)	(9.161987e-04 4.458634e-05 -1.037597e-04)
5052          	(4.840491e-02 1.766068e-01 -4.699440e+02)	(4.748723e-02 1.765622e-01 -4.699439e+02)	(9.176802e-04 4.458953e-05 -1.051375e-04)
5053          	(4.840791e-02 1.766545e-01 -4.699440e+02)	(4.748877e-02 1.766098e-01 -4.699439e+02)	(9.191432e-04 4.468684e-05 -1.065768e-04)
5054          	(4.841224e-02 1.767127e-01 -4.699440e+02)	(4.749174e-02 1.766678e-01 -4.699439e+02)	(9.205032e-04 4.489346e-05 -1.079064e-04)
5055          	(4.842187e-02 1.768141e-01 -4.699439e+02)	(4.750015e-02 1.767689e-01 -4.699438e+02)	(9.217183e-04 4.521786e-05 -1.089895e-04)
5056          	(4.843252e-02 1.769264e-01 -4.699439e+02)	(4.750982e-02 1.768808e-01 -4.699438e+02)	(9.226969e-04 4.562061e-05 -1.097735e-04)
5057          	(4.844399e-02 1.770489e-01 -4.699439e+02)	(4.752074e-02 1.770028e-01 -4.699438e+02)	(9.232509e-04 4.606949e-05 -1.102526e-04)
5058          	(4.845767e-02 1.771985e-01 -4.699439e+02)	(4.753443e-02 1.771519e-01 -4.699438e+02)	(9.232440e-04 4.655299e-05 -1.104144e-04)
5059          	(4.847126e-02 1.773525e-01 -4.699439e+02)	(4.754869e-02 1.773054e-01 -4.699438e+02)	(9.225772e-04 4.704985e-05 -1.103210e-04)
5060          	(4.848431e-02 1.775048e-01 -4.699439e+02)	(4.756304e-02 1.774573e-01 -4.699437e+02)	(9.212688e-04 4.752814e-05 -1.101508e-04)
5061          	(4.849623e-02 1.776477e-01 -4.699438e+02)	(4.757683e-02 1.775997e-01 -4.699437e+02)	(9.194031e-04 4.799197e-05 -1.099720e-04)
5062          	(4.850354e-02 1.777353e-01 -4.699439e+02)	(4.758627e-02 1.776869e-01 -4.699437e+02)	(9.172665e-04 4.844146e-05 -1.097791e-04)
5063          	(4.850958e-02 1.778038e-01 -4.699439e+02)	(4.759442e-02 1.777549e-01 -4.699437e+02)	(9.151617e-04 4.886899e-05 -1.096259e-04)
5064          	(4.851445e-02 1.778566e-01 -4.699439e+02)	(4.760119e-02 1.778074e-01 -4.699438e+02)	(9.132527e-04 4.923915e-05 -1.095523e-04)
5065          	(4.851777e-02 1.778901e-01 -4.699439e+02)	(4.760614e-02 1.778406e-01 -4.699438e+02)	(9.116248e-04 4.954597e-05 -1.095537e-04)
5066          	(4.851929e-02 1.779019e-01 -4.699439e+02)	(4.760897e-02 1.778521e-01 -4.699438e+02)	(9.103239e-04 4.981097e-05 -1.095031e-04)
5067          	(4.851906e-02 1.778927e-01 -4.699439e+02)	(4.760962e-02 1.778426e-01 -4.699438e+02)	(9.094415e-04 5.005053e-05 -1.093937e-04)
5068          	(4.851665e-02 1.778576e-01 -4.699439e+02)	(4.760769e-02 1.778074e-01 -4.699438e+02)	(9.089595e-04 5.028103e-05 -1.091807e-04)
5069          	(4.851209e-02 1.777966e-01 -4.699439e+02)	(4.760318e-02 1.777461e-01 -4.699438e+02)	(9.089116e-04 5.049603e-05 -1.088272e-04)
5070          	(4.850545e-02 1.777102e-01 -4.699439e+02)	(4.759612e-02 1.776595e-01 -4.699438e+02)	(9.093207e-04 5.068614e-05 -1.083291e-04)
5071          	(4.849684e-02 1.776010e-01 -4.699439e+02)	(4.758668e-02 1.775502e-01 -4.699438e+02)	(9.101629e-04 5.083344e-05 -1.077168e-04)
5072          	(4.848306e-02 1.774314e-01 -4.699439e+02)	(4.757164e-02 1.773805e-01 -4.699438e+02)	(9.114201e-04 5.089108e-05 -1.070561e-04)
5073          	(4.846760e-02 1.772489e-01 -4.699439e+02)	(4.755463e-02 1.771980e-01 -4.699437e+02)	(9.129620e-04 5.087025e-05 -1.063142e-04)
5074          	(4.845054e-02 1.770587e-01 -4.699438e+02)	(4.753591e-02 1.770079e-01 -4.699437e+02)	(9.146310e-04 5.079871e-05 -1.055389e-04)
5075          	(4.843328e-02 1.768793e-01 -4.699438e+02)	(4.751702e-02 1.768286e-01 -4.699437e+02)	(9.162628e-04 5.068214e-05 -1.048054e-04)
5076          	(4.841641e-02 1.767183e-01 -4.699438e+02)	(4.749866e-02 1.766678e-01 -4.699437e+02)	(9.177479e-04 5.053295e-05 -1.041246e-04)
5077          	(4.840148e-02 1.765914e-01 -4.699439e+02)	(4.748239e-02 1.765410e-01 -4.699438e+02)	(9.190923e-04 5.037482e-05 -1.035568e-04)
5078          	(4.839237e-02 1.765396e-01 -4.699439e+02)	(4.747199e-02 1.764894e-01 -4.699438e+02)	(9.203786e-04 5.019051e-05 -1.032330e-04)
5079          	(4.838570e-02 1.765190e-01 -4.699439e+02)	(4.746408e-02 1.764691e-01 -4.699438e+02)	(9.216225e-04 4.993680e-05 -1.032186e-04)
5080          	(4.838111e-02 1.765219e-01 -4.699439e+02)	(4.745827e-02 1.764723e-01 -4.699438e+02)	(9.228415e-04 4.959864e-05 -1.034273e-04)
5081          	(4.837838e-02 1.765440e-01 -4.699439e+02)	(4.745431e-02 1.764947e-01 -4.699438e+02)	(9.240729e-04 4.920647e-05 -1.037950e-04)
5082          	(4.837723e-02 1.765819e-01 -4.699440e+02)	(4.745189e-02 1.765331e-01 -4.699439e+02)	(9.253448e-04 4.878822e-05 -1.042555e-04)
5083          	(4.837751e-02 1.766339e-01 -4.699440e+02)	(4.745088e-02 1.765855e-01 -4.699439e+02)	(9.266228e-04 4.839853e-05 -1.046968e-04)
5084          	(4.837933e-02 1.766991e-01 -4.699440e+02)	(4.745156e-02 1.766510e-01 -4.699439e+02)	(9.277692e-04 4.808061e-05 -1.050695e-04)
5085          	(4.838334e-02 1.767805e-01 -4.699439e+02)	(4.745475e-02 1.767327e-01 -4.699438e+02)	(9.285918e-04 4.781112e-05 -1.053814e-04)
5086          	(4.839069e-02 1.768871e-01 -4.699439e+02)	(4.746168e-02 1.768395e-01 -4.699438e+02)	(9.290052e-04 4.758413e-05 -1.056020e-04)
5087          	(4.840122e-02 1.770112e-01 -4.699439e+02)	(4.747222e-02 1.769638e-01 -4.699438e+02)	(9.289978e-04 4.741467e-05 -1.057174e-04)
5088          	(4.841466e-02 1.771552e-01 -4.699439e+02)	(4.748602e-02 1.771079e-01 -4.699438e+02)	(9.286448e-04 4.729542e-05 -1.057169e-04)
5089          	(4.842984e-02 1.772990e-01 -4.699439e+02)	(4.750181e-02 1.772518e-01 -4.699438e+02)	(9.280375e-04 4.721359e-05 -1.056037e-04)
5090          	(4.844521e-02 1.774266e-01 -4.699439e+02)	(4.751797e-02 1.773794e-01 -4.699438e+02)	(9.272457e-04 4.715310e-05 -1.054212e-04)
5091          	(4.845978e-02 1.775381e-01 -4.699439e+02)	(4.753350e-02 1.774910e-01 -4.699438e+02)	(9.262812e-04 4.709743e-05 -1.051280e-04)
5092          	(4.847030e-02 1.775852e-01 -4.699439e+02)	(4.754512e-02 1.775381e-01 -4.699438e+02)	(9.251820e-04 4.704435e-05 -1.046703e-04)
5093          	(4.849005e-02 1.776745e-01 -4.699439e+02)	(4.756601e-02 1.776276e-01 -4.699438e+02)	(9.240409e-04 4.697698e-05 -1.042341e-04)
5094          	(4.849334e-02 1.776801e-01 -4.699439e+02)	(4.757034e-02 1.776331e-01 -4.699438e+02)	(9.230010e-04 4.699980e-05 -1.036226e-04)
5095          	(4.849311e-02 1.776671e-01 -4.699439e+02)	(4.757139e-02 1.776201e-01 -4.699438e+02)	(9.217204e-04 4.700732e-05 -1.029013e-04)
5096          	(4.849009e-02 1.776345e-01 -4.699439e+02)	(4.756948e-02 1.775875e-01 -4.699438e+02)	(9.206003e-04 4.695777e-05 -1.022388e-04)
5097          	(4.848634e-02 1.775508e-01 -4.699439e+02)	(4.756663e-02 1.775039e-01 -4.699438e+02)	(9.197125e-04 4.682333e-05 -1.016781e-04)
5098          	(4.847973e-02 1.774969e-01 -4.699439e+02)	(4.756038e-02 1.774503e-01 -4.699438e+02)	(9.193459e-04 4.664372e-05 -1.012556e-04)
5099          	(4.847244e-02 1.774335e-01 -4.699439e+02)	(4.755338e-02 1.773871e-01 -4.699438e+02)	(9.190569e-04 4.638670e-05 -1.009289e-04)
5100          	(4.846547e-02 1.773625e-01 -4.699439e+02)	(4.754632e-02 1.773164e-01 -4.699438e+02)	(9.191527e-04 4.609104e-05 -1.007467e-04)
5101          	(4.845916e-02 1.772822e-01 -4.699439e+02)	(4.753956e-02 1.772364e-01 -4.699438e+02)	(9.195935e-04 4.581666e-05 -1.006915e-04)
5102          	(4.845386e-02 1.771956e-01 -4.699439e+02)	(4.753354e-02 1.771500e-01 -4.699438e+02)	(9.203219e-04 4.561142e-05 -1.007552e-04)
5103          	(4.844980e-02 1.771066e-01 -4.699439e+02)	(4.752849e-02 1.770612e-01 -4.699438e+02)	(9.213058e-04 4.546043e-05 -1.009304e-04)
5104          	(4.844729e-02 1.770236e-01 -4.699440e+02)	(4.752468e-02 1.769783e-01 -4.699439e+02)	(9.226034e-04 4.533322e-05 -1.012037e-04)
5105          	(4.844619e-02 1.769441e-01 -4.699440e+02)	(4.752190e-02 1.768989e-01 -4.699439e+02)	(9.242874e-04 4.518548e-05 -1.016192e-04)
5106          	(4.844644e-02 1.768768e-01 -4.699440e+02)	(4.752012e-02 1.768318e-01 -4.699439e+02)	(9.263204e-04 4.503538e-05 -1.021696e-04)
5107          	(4.844834e-02 1.768533e-01 -4.699440e+02)	(4.751973e-02 1.768083e-01 -4.699439e+02)	(9.286069e-04 4.495923e-05 -1.027620e-04)
5108          	(4.845174e-02 1.768065e-01 -4.699440e+02)	(4.752065e-02 1.767615e-01 -4.699439e+02)	(9.310874e-04 4.505558e-05 -1.031970e-04)
5109          	(4.845422e-02 1.768005e-01 -4.699440e+02)	(4.752053e-02 1.767552e-01 -4.699439e+02)	(9.336904e-04 4.531231e-05 -1.036312e-04)
5110          	(4.845830e-02 1.768050e-01 -4.699440e+02)	(4.752246e-02 1.767593e-01 -4.699439e+02)	(9.358463e-04 4.574821e-05 -1.035941e-04)
5111          	(4.845933e-02 1.768189e-01 -4.699439e+02)	(4.752162e-02 1.767725e-01 -4.699438e+02)	(9.377045e-04 4.638171e-05 -1.033699e-04)
5112          	(4.845886e-02 1.768476e-01 -4.699439e+02)	(4.752035e-02 1.768004e-01 -4.699438e+02)	(9.385156e-04 4.712325e-05 -1.027171e-04)
5113          	(4.845771e-02 1.768958e-01 -4.699439e+02)	(4.751923e-02 1.768480e-01 -4.699438e+02)	(9.384765e-04 4.783548e-05 -1.020096e-04)
5114          	(4.845739e-02 1.769712e-01 -4.699439e+02)	(4.751972e-02 1.769228e-01 -4.699438e+02)	(9.376750e-04 4.846000e-05 -1.014755e-04)
5115          	(4.845815e-02 1.770690e-01 -4.699439e+02)	(4.752191e-02 1.770200e-01 -4.699438e+02)	(9.362376e-04 4.901024e-05 -1.011912e-04)
5116          	(4.846060e-02 1.771863e-01 -4.699439e+02)	(4.752632e-02 1.771368e-01 -4.699438e+02)	(9.342707e-04 4.947347e-05 -1.011277e-04)
5117          	(4.846404e-02 1.773092e-01 -4.699439e+02)	(4.753221e-02 1.772594e-01 -4.699438e+02)	(9.318303e-04 4.983768e-05 -1.011949e-04)
5118          	(4.846839e-02 1.774292e-01 -4.699439e+02)	(4.753929e-02 1.773791e-01 -4.699438e+02)	(9.290980e-04 5.010234e-05 -1.013483e-04)
5119          	(4.847271e-02 1.775305e-01 -4.699439e+02)	(4.754651e-02 1.774802e-01 -4.699438e+02)	(9.262030e-04 5.028212e-05 -1.015768e-04)
5120          	(4.847770e-02 1.776192e-01 -4.699439e+02)	(4.755441e-02 1.775688e-01 -4.699438e+02)	(9.232898e-04 5.041040e-05 -1.018560e-04)
5121          	(4.848260e-02 1.776833e-01 -4.699439e+02)	(4.756201e-02 1.776328e-01 -4.699438e+02)	(9.205937e-04 5.052277e-05 -1.021347e-04)
5122          	(4.848755e-02 1.777243e-01 -4.699439e+02)	(4.756930e-02 1.776737e-01 -4.699438e+02)	(9.182520e-04 5.065749e-05 -1.023255e-04)
5123          	(4.849178e-02 1.777379e-01 -4.699439e+02)	(4.757546e-02 1.776870e-01 -4.699438e+02)	(9.163202e-04 5.084369e-05 -1.023843e-04)
5124          	(4.849475e-02 1.777218e-01 -4.699439e+02)	(4.757991e-02 1.776707e-01 -4.699438e+02)	(9.148413e-04 5.107924e-05 -1.022872e-04)
5125          	(4.849603e-02 1.776755e-01 -4.699439e+02)	(4.758215e-02 1.776241e-01 -4.699438e+02)	(9.138804e-04 5.134040e-05 -1.019895e-04)
5126          	(4.849520e-02 1.776003e-01 -4.699439e+02)	(4.758177e-02 1.775487e-01 -4.699438e+02)	(9.134286e-04 5.161979e-05 -1.015023e-04)
5127          	(4.849201e-02 1.774992e-01 -4.699439e+02)	(4.757847e-02 1.774474e-01 -4.699438e+02)	(9.135405e-04 5.188702e-05 -1.008636e-04)
5128          	(4.848620e-02 1.773772e-01 -4.699438e+02)	(4.757202e-02 1.773251e-01 -4.699437e+02)	(9.141824e-04 5.210924e-05 -1.000620e-04)
5129          	(4.847208e-02 1.771990e-01 -4.699438e+02)	(4.755682e-02 1.771467e-01 -4.699437e+02)	(9.152558e-04 5.226745e-05 -9.915760e-05)
5130          	(4.845362e-02 1.770006e-01 -4.699438e+02)	(4.753700e-02 1.769483e-01 -4.699437e+02)	(9.166212e-04 5.234825e-05 -9.819402e-05)
5131          	(4.843363e-02 1.768105e-01 -4.699438e+02)	(4.751544e-02 1.767582e-01 -4.699437e+02)	(9.181936e-04 5.232537e-05 -9.720102e-05)
5132          	(4.841351e-02 1.766439e-01 -4.699438e+02)	(4.749362e-02 1.765916e-01 -4.699437e+02)	(9.198885e-04 5.222608e-05 -9.621557e-05)
5133          	(4.839447e-02 1.765104e-01 -4.699438e+02)	(4.747282e-02 1.764583e-01 -4.699438e+02)	(9.216524e-04 5.208797e-05 -9.531813e-05)
5134          	(4.838234e-02 1.764510e-01 -4.699439e+02)	(4.745892e-02 1.763991e-01 -4.699438e+02)	(9.234173e-04 5.190178e-05 -9.453428e-05)
5135          	(4.837090e-02 1.764165e-01 -4.699439e+02)	(4.744574e-02 1.763649e-01 -4.699438e+02)	(9.251563e-04 5.163349e-05 -9.385420e-05)
5136          	(4.836061e-02 1.764070e-01 -4.699439e+02)	(4.743368e-02 1.763558e-01 -4.699438e+02)	(9.269256e-04 5.127272e-05 -9.327768e-05)
5137          	(4.835143e-02 1.764190e-01 -4.699439e+02)	(4.742270e-02 1.763682e-01 -4.699438e+02)	(9.287304e-04 5.080782e-05 -9.282552e-05)
5138          	(4.834378e-02 1.764531e-01 -4.699440e+02)	(4.741339e-02 1.764029e-01 -4.699439e+02)	(9.303945e-04 5.026647e-05 -9.247948e-05)
5139          	(4.833865e-02 1.765103e-01 -4.699440e+02)	(4.740704e-02 1.764606e-01 -4.699439e+02)	(9.316106e-04 4.969867e-05 -9.218257e-05)
5140          	(4.833755e-02 1.765943e-01 -4.699440e+02)	(4.740524e-02 1.765452e-01 -4.699439e+02)	(9.323054e-04 4.914268e-05 -9.186043e-05)
5141          	(4.834341e-02 1.767277e-01 -4.699440e+02)	(4.741098e-02 1.766791e-01 -4.699439e+02)	(9.324326e-04 4.862972e-05 -9.149538e-05)
5142          	(4.835591e-02 1.768937e-01 -4.699440e+02)	(4.742384e-02 1.768455e-01 -4.699439e+02)	(9.320728e-04 4.819715e-05 -9.110120e-05)
5143          	(4.837416e-02 1.770792e-01 -4.699440e+02)	(4.744279e-02 1.770314e-01 -4.699439e+02)	(9.313638e-04 4.785540e-05 -9.073132e-05)
5144          	(4.839603e-02 1.772616e-01 -4.699440e+02)	(4.746560e-02 1.772140e-01 -4.699439e+02)	(9.304241e-04 4.759661e-05 -9.038806e-05)
5145          	(4.841981e-02 1.774321e-01 -4.699440e+02)	(4.749044e-02 1.773847e-01 -4.699439e+02)	(9.293766e-04 4.738888e-05 -9.003332e-05)
5146          	(4.844301e-02 1.775764e-01 -4.699440e+02)	(4.751478e-02 1.775292e-01 -4.699439e+02)	(9.282231e-04 4.719814e-05 -8.959386e-05)
5147          	(4.846458e-02 1.776968e-01 -4.699440e+02)	(4.753754e-02 1.776498e-01 -4.699439e+02)	(9.270446e-04 4.700506e-05 -8.905688e-05)
5148          	(4.850461e-02 1.778894e-01 -4.699440e+02)	(4.757857e-02 1.778426e-01 -4.699439e+02)	(9.260315e-04 4.678366e-05 -8.861114e-05)
5149          	(4.851656e-02 1.779446e-01 -4.699440e+02)	(4.759119e-02 1.778980e-01 -4.699439e+02)	(9.253653e-04 4.654707e-05 -8.804503e-05)
5150          	(4.852138e-02 1.779480e-01 -4.699440e+02)	(4.759683e-02 1.779017e-01 -4.699439e+02)	(9.245547e-04 4.625140e-05 -8.739913e-05)
5151          	(4.852273e-02 1.779307e-01 -4.699440e+02)	(4.759872e-02 1.778848e-01 -4.699439e+02)	(9.240023e-04 4.588999e-05 -8.679887e-05)
5152          	(4.852122e-02 1.778926e-01 -4.699440e+02)	(4.759744e-02 1.778471e-01 -4.699439e+02)	(9.237812e-04 4.547981e-05 -8.631658e-05)
5153          	(4.852071e-02 1.777562e-01 -4.699440e+02)	(4.759672e-02 1.777112e-01 -4.699439e+02)	(9.239958e-04 4.505802e-05 -8.601058e-05)
5154          	(4.851534e-02 1.776843e-01 -4.699440e+02)	(4.759046e-02 1.776397e-01 -4.699439e+02)	(9.248742e-04 4.462524e-05 -8.589469e-05)
5155          	(4.850879e-02 1.775945e-01 -4.699440e+02)	(4.758292e-02 1.775503e-01 -4.699439e+02)	(9.258681e-04 4.423407e-05 -8.590895e-05)
5156          	(4.850173e-02 1.774850e-01 -4.699440e+02)	(4.757443e-02 1.774410e-01 -4.699439e+02)	(9.273017e-04 4.393232e-05 -8.607860e-05)
5157          	(4.849413e-02 1.773466e-01 -4.699440e+02)	(4.756501e-02 1.773029e-01 -4.699439e+02)	(9.291217e-04 4.376838e-05 -8.634851e-05)
5158          	(4.848624e-02 1.772007e-01 -4.699440e+02)	(4.755499e-02 1.771570e-01 -4.699439e+02)	(9.312508e-04 4.375378e-05 -8.665854e-05)
5159          	(4.847841e-02 1.770563e-01 -4.699440e+02)	(4.754477e-02 1.770124e-01 -4.699439e+02)	(9.336405e-04 4.388770e-05 -8.696059e-05)
5160          	(4.846095e-02 1.767907e-01 -4.699440e+02)	(4.752465e-02 1.767464e-01 -4.699439e+02)	(9.363065e-04 4.424431e-05 -8.708831e-05)
5161          	(4.845540e-02 1.766832e-01 -4.699440e+02)	(4.751621e-02 1.766385e-01 -4.699439e+02)	(9.391848e-04 4.473289e-05 -8.732500e-05)
5162          	(4.845174e-02 1.766296e-01 -4.699440e+02)	(4.751015e-02 1.765842e-01 -4.699439e+02)	(9.415952e-04 4.540149e-05 -8.738075e-05)
5163          	(4.844724e-02 1.765866e-01 -4.699440e+02)	(4.750338e-02 1.765404e-01 -4.699439e+02)	(9.438504e-04 4.617006e-05 -8.734534e-05)
5164          	(4.843555e-02 1.765247e-01 -4.699439e+02)	(4.748962e-02 1.764777e-01 -4.699439e+02)	(9.459249e-04 4.701439e-05 -8.715522e-05)
5165          	(4.843070e-02 1.765126e-01 -4.699439e+02)	(4.748310e-02 1.764646e-01 -4.699438e+02)	(9.475921e-04 4.798982e-05 -8.694473e-05)
5166          	(4.842512e-02 1.765261e-01 -4.699439e+02)	(4.747695e-02 1.764770e-01 -4.699438e+02)	(9.481724e-04 4.907701e-05 -8.635770e-05)
5167          	(4.842021e-02 1.765724e-01 -4.699439e+02)	(4.747219e-02 1.765222e-01 -4.699438e+02)	(9.480242e-04 5.017066e-05 -8.583870e-05)
5168          	(4.841723e-02 1.766554e-01 -4.699439e+02)	(4.747007e-02 1.766042e-01 -4.699438e+02)	(9.471646e-04 5.118204e-05 -8.552953e-05)
5169          	(4.841710e-02 1.767731e-01 -4.699439e+02)	(4.747147e-02 1.767210e-01 -4.699438e+02)	(9.456389e-04 5.208278e-05 -8.546499e-05)
5170          	(4.842000e-02 1.769161e-01 -4.699439e+02)	(4.747645e-02 1.768633e-01 -4.699438e+02)	(9.435433e-04 5.286257e-05 -8.562105e-05)
5171          	(4.842565e-02 1.770725e-01 -4.699439e+02)	(4.748461e-02 1.770190e-01 -4.699438e+02)	(9.410407e-04 5.350203e-05 -8.596552e-05)
5172          	(4.843351e-02 1.772308e-01 -4.699439e+02)	(4.749526e-02 1.771768e-01 -4.699438e+02)	(9.382532e-04 5.395980e-05 -8.647229e-05)
5173          	(4.844308e-02 1.773819e-01 -4.699440e+02)	(4.750773e-02 1.773277e-01 -4.699439e+02)	(9.353514e-04 5.419816e-05 -8.717773e-05)
5174          	(4.845375e-02 1.775189e-01 -4.699440e+02)	(4.752132e-02 1.774646e-01 -4.699439e+02)	(9.324324e-04 5.425207e-05 -8.806620e-05)
5175          	(4.846457e-02 1.776325e-01 -4.699440e+02)	(4.753497e-02 1.775783e-01 -4.699439e+02)	(9.295962e-04 5.420582e-05 -8.907207e-05)
5176          	(4.847549e-02 1.777221e-01 -4.699440e+02)	(4.754850e-02 1.776680e-01 -4.699439e+02)	(9.269883e-04 5.414578e-05 -9.011795e-05)
5177          	(4.848554e-02 1.777810e-01 -4.699440e+02)	(4.756085e-02 1.777270e-01 -4.699439e+02)	(9.246816e-04 5.408486e-05 -9.113599e-05)
5178          	(4.849405e-02 1.778071e-01 -4.699440e+02)	(4.757138e-02 1.777531e-01 -4.699439e+02)	(9.226688e-04 5.398865e-05 -9.206085e-05)
5179          	(4.850013e-02 1.777973e-01 -4.699440e+02)	(4.757916e-02 1.777435e-01 -4.699439e+02)	(9.209703e-04 5.382881e-05 -9.278075e-05)
5180          	(4.850311e-02 1.777513e-01 -4.699440e+02)	(4.758348e-02 1.776977e-01 -4.699439e+02)	(9.196272e-04 5.360365e-05 -9.319552e-05)
5181          	(4.850248e-02 1.776720e-01 -4.699440e+02)	(4.758379e-02 1.776187e-01 -4.699439e+02)	(9.186944e-04 5.330480e-05 -9.330017e-05)
5182          	(4.849806e-02 1.775655e-01 -4.699439e+02)	(4.757985e-02 1.775126e-01 -4.699438e+02)	(9.182061e-04 5.292106e-05 -9.313920e-05)
5183          	(4.848996e-02 1.774416e-01 -4.699439e+02)	(4.757186e-02 1.773891e-01 -4.699438e+02)	(9.181012e-04 5.245991e-05 -9.273742e-05)
5184          	(4.847258e-02 1.772916e-01 -4.699439e+02)	(4.755433e-02 1.772397e-01 -4.699438e+02)	(9.182470e-04 5.194503e-05 -9.213987e-05)
5185          	(4.845255e-02 1.771430e-01 -4.699439e+02)	(4.753391e-02 1.770916e-01 -4.699438e+02)	(9.186406e-04 5.138157e-05 -9.145730e-05)
5186          	(4.843199e-02 1.770097e-01 -4.699439e+02)	(4.751275e-02 1.769589e-01 -4.699438e+02)	(9.192339e-04 5.077142e-05 -9.083227e-05)
5187          	(4.841647e-02 1.769173e-01 -4.699439e+02)	(4.749646e-02 1.768672e-01 -4.699438e+02)	(9.200118e-04 5.013161e-05 -9.031824e-05)
5188          	(4.840182e-02 1.768491e-01 -4.699440e+02)	(4.748091e-02 1.767997e-01 -4.699439e+02)	(9.209172e-04 4.947624e-05 -8.992051e-05)
5189          	(4.838802e-02 1.768010e-01 -4.699440e+02)	(4.746608e-02 1.767522e-01 -4.699439e+02)	(9.219440e-04 4.878724e-05 -8.962725e-05)
5190          	(4.837544e-02 1.767702e-01 -4.699440e+02)	(4.745239e-02 1.767222e-01 -4.699439e+02)	(9.230458e-04 4.804729e-05 -8.938158e-05)
5191          	(4.836439e-02 1.767546e-01 -4.699440e+02)	(4.744030e-02 1.767073e-01 -4.699439e+02)	(9.240883e-04 4.727337e-05 -8.911419e-05)
5192          	(4.835533e-02 1.767521e-01 -4.699440e+02)	(4.743046e-02 1.767056e-01 -4.699439e+02)	(9.248691e-04 4.649518e-05 -8.881918e-05)
5193          	(4.834895e-02 1.767615e-01 -4.699440e+02)	(4.742369e-02 1.767157e-01 -4.699439e+02)	(9.252648e-04 4.577761e-05 -8.840398e-05)
5194          	(4.834626e-02 1.767819e-01 -4.699440e+02)	(4.742097e-02 1.767367e-01 -4.699439e+02)	(9.252867e-04 4.515449e-05 -8.782142e-05)
5195          	(4.834797e-02 1.768120e-01 -4.699440e+02)	(4.742300e-02 1.767674e-01 -4.699439e+02)	(9.249710e-04 4.462786e-05 -8.706994e-05)
5196          	(4.835427e-02 1.768497e-01 -4.699440e+02)	(4.742988e-02 1.768055e-01 -4.699439e+02)	(9.243942e-04 4.422519e-05 -8.617882e-05)
5197          	(4.836465e-02 1.768918e-01 -4.699440e+02)	(4.744093e-02 1.768479e-01 -4.699439e+02)	(9.237235e-04 4.394770e-05 -8.521899e-05)
5198          	(4.837789e-02 1.769350e-01 -4.699440e+02)	(4.745491e-02 1.768913e-01 -4.699439e+02)	(9.229855e-04 4.376364e-05 -8.421628e-05)
5199          	(4.839248e-02 1.769771e-01 -4.699440e+02)	(4.747032e-02 1.769335e-01 -4.699439e+02)	(9.221572e-04 4.362105e-05 -8.315047e-05)
5200          	(4.841224e-02 1.770562e-01 -4.699440e+02)	(4.749087e-02 1.770127e-01 -4.699439e+02)	(9.213687e-04 4.349779e-05 -8.203911e-05)
5201          	(4.843258e-02 1.771398e-01 -4.699440e+02)	(4.751183e-02 1.770964e-01 -4.699439e+02)	(9.207463e-04 4.335642e-05 -8.092004e-05)
5202          	(4.845222e-02 1.772211e-01 -4.699440e+02)	(4.753184e-02 1.771780e-01 -4.699439e+02)	(9.203850e-04 4.317606e-05 -7.982518e-05)
5203          	(4.846994e-02 1.772895e-01 -4.699440e+02)	(4.754958e-02 1.772465e-01 -4.699439e+02)	(9.203557e-04 4.293881e-05 -7.879311e-05)
5204          	(4.848463e-02 1.773359e-01 -4.699440e+02)	(4.756392e-02 1.772933e-01 -4.699439e+02)	(9.207050e-04 4.264282e-05 -7.784615e-05)
5205          	(4.849532e-02 1.773523e-01 -4.699440e+02)	(4.757392e-02 1.773100e-01 -4.699440e+02)	(9.213985e-04 4.230778e-05 -7.699380e-05)
5206          	(4.849733e-02 1.773365e-01 -4.699440e+02)	(4.757488e-02 1.772945e-01 -4.699440e+02)	(9.224482e-04 4.195646e-05 -7.627948e-05)
5207          	(4.849690e-02 1.773016e-01 -4.699440e+02)	(4.757302e-02 1.772600e-01 -4.699440e+02)	(9.238770e-04 4.160905e-05 -7.571741e-05)
5208          	(4.849419e-02 1.772439e-01 -4.699440e+02)	(4.756856e-02 1.772026e-01 -4.699439e+02)	(9.256310e-04 4.131148e-05 -7.528150e-05)
5209          	(4.848973e-02 1.771667e-01 -4.699440e+02)	(4.756209e-02 1.771256e-01 -4.699439e+02)	(9.276438e-04 4.111290e-05 -7.496994e-05)
5210          	(4.848389e-02 1.770729e-01 -4.699440e+02)	(4.755402e-02 1.770318e-01 -4.699439e+02)	(9.298657e-04 4.106278e-05 -7.476462e-05)
5211          	(4.847677e-02 1.769636e-01 -4.699440e+02)	(4.754459e-02 1.769225e-01 -4.699439e+02)	(9.321819e-04 4.115482e-05 -7.466510e-05)
5212          	(4.846903e-02 1.768510e-01 -4.699440e+02)	(4.753449e-02 1.768097e-01 -4.699439e+02)	(9.345363e-04 4.135112e-05 -7.469622e-05)
5213          	(4.846131e-02 1.767468e-01 -4.699439e+02)	(4.752444e-02 1.767052e-01 -4.699439e+02)	(9.368755e-04 4.163273e-05 -7.486978e-05)
5214          	(4.845316e-02 1.766489e-01 -4.699439e+02)	(4.751410e-02 1.766069e-01 -4.699438e+02)	(9.390638e-04 4.200005e-05 -7.515540e-05)
5215          	(4.844433e-02 1.765571e-01 -4.699439e+02)	(4.750329e-02 1.765146e-01 -4.699438e+02)	(9.410337e-04 4.243479e-05 -7.553634e-05)
5216          	(4.843509e-02 1.764778e-01 -4.699439e+02)	(4.749244e-02 1.764348e-01 -4.699438e+02)	(9.426471e-04 4.292514e-05 -7.599101e-05)
5217          	(4.842581e-02 1.764182e-01 -4.699439e+02)	(4.748213e-02 1.763748e-01 -4.699438e+02)	(9.436829e-04 4.346785e-05 -7.640609e-05)
5218          	(4.841615e-02 1.763768e-01 -4.699439e+02)	(4.747217e-02 1.763327e-01 -4.699438e+02)	(9.439835e-04 4.404567e-05 -7.676968e-05)
5219          	(4.840657e-02 1.763593e-01 -4.699439e+02)	(4.746319e-02 1.763147e-01 -4.699438e+02)	(9.433837e-04 4.464946e-05 -7.707433e-05)
5220          	(4.839808e-02 1.763747e-01 -4.699439e+02)	(4.745628e-02 1.763294e-01 -4.699438e+02)	(9.417993e-04 4.527713e-05 -7.735489e-05)
5221          	(4.839179e-02 1.764264e-01 -4.699439e+02)	(4.745241e-02 1.763805e-01 -4.699438e+02)	(9.393864e-04 4.590713e-05 -7.771707e-05)
5222          	(4.838832e-02 1.765115e-01 -4.699439e+02)	(4.745202e-02 1.764650e-01 -4.699439e+02)	(9.362910e-04 4.653138e-05 -7.819817e-05)
5223          	(4.838804e-02 1.766232e-01 -4.699440e+02)	(4.745525e-02 1.765761e-01 -4.699439e+02)	(9.327880e-04 4.712338e-05 -7.878964e-05)
5224          	(4.839089e-02 1.767530e-01 -4.699440e+02)	(4.746181e-02 1.767053e-01 -4.699439e+02)	(9.290832e-04 4.765532e-05 -7.944681e-05)
5225          	(4.839662e-02 1.768928e-01 -4.699440e+02)	(4.747125e-02 1.768447e-01 -4.699439e+02)	(9.253735e-04 4.808728e-05 -8.011771e-05)
5226          	(4.840459e-02 1.770330e-01 -4.699440e+02)	(4.748282e-02 1.769846e-01 -4.699439e+02)	(9.217708e-04 4.841238e-05 -8.081767e-05)
5227          	(4.841476e-02 1.771706e-01 -4.699440e+02)	(4.749633e-02 1.771220e-01 -4.699439e+02)	(9.184336e-04 4.860181e-05 -8.163366e-05)
5228          	(4.842604e-02 1.772952e-01 -4.699440e+02)	(4.751066e-02 1.772466e-01 -4.699440e+02)	(9.153769e-04 4.865625e-05 -8.259527e-05)
5229          	(4.843846e-02 1.774065e-01 -4.699440e+02)	(4.752580e-02 1.773579e-01 -4.699440e+02)	(9.126624e-04 4.860355e-05 -8.366790e-05)
5230          	(4.845063e-02 1.774923e-01 -4.699440e+02)	(4.754031e-02 1.774438e-01 -4.699439e+02)	(9.103219e-04 4.852567e-05 -8.469079e-05)
5231          	(4.846200e-02 1.775484e-01 -4.699440e+02)	(4.755360e-02 1.774999e-01 -4.699439e+02)	(9.083939e-04 4.847656e-05 -8.552673e-05)
5232          	(4.847170e-02 1.775710e-01 -4.699440e+02)	(4.756480e-02 1.775225e-01 -4.699439e+02)	(9.069014e-04 4.846147e-05 -8.610804e-05)
5233          	(4.847904e-02 1.775586e-01 -4.699440e+02)	(4.757314e-02 1.775102e-01 -4.699439e+02)	(9.058945e-04 4.840395e-05 -8.650175e-05)
5234          	(4.848332e-02 1.775126e-01 -4.699439e+02)	(4.757798e-02 1.774643e-01 -4.699438e+02)	(9.053388e-04 4.828310e-05 -8.670257e-05)
5235          	(4.848406e-02 1.774372e-01 -4.699439e+02)	(4.757887e-02 1.773890e-01 -4.699438e+02)	(9.051949e-04 4.813495e-05 -8.663431e-05)
5236          	(4.848059e-02 1.773379e-01 -4.699439e+02)	(4.757516e-02 1.772900e-01 -4.699438e+02)	(9.054299e-04 4.794736e-05 -8.633438e-05)
5237          	(4.847265e-02 1.772222e-01 -4.699439e+02)	(4.756674e-02 1.771745e-01 -4.699438e+02)	(9.059124e-04 4.769820e-05 -8.588850e-05)
5238          	(4.846058e-02 1.770994e-01 -4.699439e+02)	(4.755402e-02 1.770520e-01 -4.699438e+02)	(9.065651e-04 4.737831e-05 -8.537473e-05)
5239          	(4.844171e-02 1.769556e-01 -4.699439e+02)	(4.753441e-02 1.769087e-01 -4.699438e+02)	(9.072971e-04 4.698028e-05 -8.491651e-05)
5240          	(4.842145e-02 1.768255e-01 -4.699439e+02)	(4.751341e-02 1.767789e-01 -4.699438e+02)	(9.080437e-04 4.652079e-05 -8.460851e-05)
5241          	(4.840255e-02 1.767264e-01 -4.699439e+02)	(4.749377e-02 1.766804e-01 -4.699439e+02)	(9.087740e-04 4.601610e-05 -8.448012e-05)
5242          	(4.838733e-02 1.766660e-01 -4.699440e+02)	(4.747785e-02 1.766206e-01 -4.699439e+02)	(9.094835e-04 4.546744e-05 -8.450874e-05)
5243          	(4.837271e-02 1.766226e-01 -4.699440e+02)	(4.746262e-02 1.765777e-01 -4.699439e+02)	(9.100985e-04 4.489236e-05 -8.464932e-05)
5244          	(4.835881e-02 1.765920e-01 -4.699440e+02)	(4.744830e-02 1.765477e-01 -4.699439e+02)	(9.105143e-04 4.430876e-05 -8.484092e-05)
5245          	(4.834611e-02 1.765732e-01 -4.699440e+02)	(4.743555e-02 1.765295e-01 -4.699439e+02)	(9.105683e-04 4.374718e-05 -8.502147e-05)
5246          	(4.833508e-02 1.765642e-01 -4.699440e+02)	(4.742492e-02 1.765210e-01 -4.699440e+02)	(9.101641e-04 4.321429e-05 -8.514046e-05)
5247          	(4.832614e-02 1.765637e-01 -4.699440e+02)	(4.741685e-02 1.765210e-01 -4.699440e+02)	(9.092844e-04 4.273110e-05 -8.511742e-05)
5248          	(4.832058e-02 1.765720e-01 -4.699440e+02)	(4.741262e-02 1.765297e-01 -4.699439e+02)	(9.079625e-04 4.232169e-05 -8.489450e-05)
5249          	(4.831914e-02 1.765883e-01 -4.699440e+02)	(4.741283e-02 1.765463e-01 -4.699439e+02)	(9.063149e-04 4.201342e-05 -8.447259e-05)
5250          	(4.832161e-02 1.766097e-01 -4.699440e+02)	(4.741711e-02 1.765679e-01 -4.699439e+02)	(9.044926e-04 4.181503e-05 -8.387643e-05)
5251          	(4.832730e-02 1.766316e-01 -4.699440e+02)	(4.742463e-02 1.765899e-01 -4.699439e+02)	(9.026673e-04 4.172423e-05 -8.315181e-05)
5252          	(4.833554e-02 1.766565e-01 -4.699440e+02)	(4.743456e-02 1.766148e-01 -4.699439e+02)	(9.009840e-04 4.173313e-05 -8.232422e-05)
5253          	(4.834544e-02 1.766850e-01 -4.699440e+02)	(4.744592e-02 1.766432e-01 -4.699439e+02)	(8.995174e-04 4.183268e-05 -8.141893e-05)
5254          	(4.835612e-02 1.767176e-01 -4.699440e+02)	(4.745782e-02 1.766756e-01 -4.699439e+02)	(8.983010e-04 4.198611e-05 -8.046044e-05)
5255          	(4.836772e-02 1.767605e-01 -4.699440e+02)	(4.747035e-02 1.767183e-01 -4.699439e+02)	(8.973708e-04 4.216163e-05 -7.946934e-05)
5256          	(4.837933e-02 1.768104e-01 -4.699440e+02)	(4.748255e-02 1.767681e-01 -4.699439e+02)	(8.967807e-04 4.232521e-05 -7.846020e-05)
5257          	(4.839028e-02 1.768601e-01 -4.699440e+02)	(4.749367e-02 1.768177e-01 -4.699439e+02)	(8.966102e-04 4.243601e-05 -7.750309e-05)
5258          	(4.839952e-02 1.769004e-01 -4.699440e+02)	(4.750275e-02 1.768579e-01 -4.699439e+02)	(8.967704e-04 4.248955e-05 -7.665124e-05)
5259          	(4.841065e-02 1.769384e-01 -4.699440e+02)	(4.751337e-02 1.768959e-01 -4.699439e+02)	(8.972789e-04 4.247068e-05 -7.595548e-05)
5260          	(4.841576e-02 1.769467e-01 -4.699440e+02)	(4.751765e-02 1.769044e-01 -4.699439e+02)	(8.981170e-04 4.235666e-05 -7.543388e-05)
5261          	(4.841882e-02 1.769350e-01 -4.699440e+02)	(4.751956e-02 1.768929e-01 -4.699439e+02)	(8.992600e-04 4.214820e-05 -7.509330e-05)
5262          	(4.841994e-02 1.769031e-01 -4.699440e+02)	(4.751929e-02 1.768612e-01 -4.699439e+02)	(9.006411e-04 4.187141e-05 -7.492828e-05)
5263          	(4.841939e-02 1.768529e-01 -4.699440e+02)	(4.751722e-02 1.768114e-01 -4.699439e+02)	(9.021692e-04 4.157239e-05 -7.488235e-05)
5264          	(4.841743e-02 1.767890e-01 -4.699439e+02)	(4.751372e-02 1.767478e-01 -4.699439e+02)	(9.037054e-04 4.129845e-05 -7.490476e-05)
5265          	(4.841449e-02 1.767200e-01 -4.699439e+02)	(4.750925e-02 1.766789e-01 -4.699439e+02)	(9.052445e-04 4.106461e-05 -7.497962e-05)
5266          	(4.841136e-02 1.766553e-01 -4.699439e+02)	(4.750463e-02 1.766144e-01 -4.699438e+02)	(9.067309e-04 4.091571e-05 -7.507579e-05)
5267          	(4.840771e-02 1.765894e-01 -4.699439e+02)	(4.749966e-02 1.765485e-01 -4.699438e+02)	(9.080500e-04 4.091509e-05 -7.516332e-05)
5268          	(4.840345e-02 1.765207e-01 -4.699439e+02)	(4.749426e-02 1.764796e-01 -4.699438e+02)	(9.091903e-04 4.108117e-05 -7.522924e-05)
5269          	(4.839794e-02 1.764455e-01 -4.699439e+02)	(4.748774e-02 1.764041e-01 -4.699438e+02)	(9.102080e-04 4.137049e-05 -7.528539e-05)
5270          	(4.839147e-02 1.763731e-01 -4.699438e+02)	(4.748039e-02 1.763313e-01 -4.699438e+02)	(9.110851e-04 4.177929e-05 -7.531528e-05)
5271          	(4.838437e-02 1.763114e-01 -4.699438e+02)	(4.747260e-02 1.762690e-01 -4.699438e+02)	(9.117783e-04 4.230629e-05 -7.530799e-05)
5272          	(4.837698e-02 1.762630e-01 -4.699438e+02)	(4.746477e-02 1.762201e-01 -4.699437e+02)	(9.122153e-04 4.294218e-05 -7.522397e-05)
5273          	(4.836991e-02 1.762341e-01 -4.699438e+02)	(4.745758e-02 1.761904e-01 -4.699437e+02)	(9.123292e-04 4.365048e-05 -7.507714e-05)
5274          	(4.836387e-02 1.762304e-01 -4.699438e+02)	(4.745181e-02 1.761860e-01 -4.699437e+02)	(9.120550e-04 4.441589e-05 -7.490147e-05)
5275          	(4.835955e-02 1.762557e-01 -4.699438e+02)	(4.744816e-02 1.762105e-01 -4.699437e+02)	(9.113880e-04 4.521431e-05 -7.475825e-05)
5276          	(4.835734e-02 1.763097e-01 -4.699438e+02)	(4.744694e-02 1.762637e-01 -4.699438e+02)	(9.103972e-04 4.603721e-05 -7.465842e-05)
5277          	(4.835739e-02 1.763860e-01 -4.699439e+02)	(4.744818e-02 1.763392e-01 -4.699438e+02)	(9.092033e-04 4.686055e-05 -7.456028e-05)
5278          	(4.835964e-02 1.764794e-01 -4.699439e+02)	(4.745166e-02 1.764317e-01 -4.699438e+02)	(9.079837e-04 4.762410e-05 -7.446759e-05)
5279          	(4.836393e-02 1.765833e-01 -4.699439e+02)	(4.745706e-02 1.765351e-01 -4.699438e+02)	(9.068724e-04 4.826128e-05 -7.443093e-05)
5280          	(4.837001e-02 1.766922e-01 -4.699439e+02)	(4.746405e-02 1.766434e-01 -4.699438e+02)	(9.059633e-04 4.874730e-05 -7.452735e-05)
5281          	(4.837756e-02 1.768008e-01 -4.699439e+02)	(4.747233e-02 1.767517e-01 -4.699438e+02)	(9.052311e-04 4.908922e-05 -7.481089e-05)
5282          	(4.838589e-02 1.769017e-01 -4.699439e+02)	(4.748124e-02 1.768523e-01 -4.699438e+02)	(9.046518e-04 4.932444e-05 -7.524750e-05)
5283          	(4.839512e-02 1.769963e-01 -4.699439e+02)	(4.749092e-02 1.769468e-01 -4.699438e+02)	(9.042010e-04 4.947448e-05 -7.577115e-05)
5284          	(4.840460e-02 1.770767e-01 -4.699439e+02)	(4.750070e-02 1.770271e-01 -4.699438e+02)	(9.039009e-04 4.956387e-05 -7.634211e-05)
5285          	(4.841358e-02 1.771385e-01 -4.699439e+02)	(4.750983e-02 1.770889e-01 -4.699438e+02)	(9.037477e-04 4.960537e-05 -7.695762e-05)
5286          	(4.842138e-02 1.771786e-01 -4.699439e+02)	(4.751760e-02 1.771290e-01 -4.699438e+02)	(9.037823e-04 4.961551e-05 -7.759951e-05)
5287          	(4.842779e-02 1.771986e-01 -4.699438e+02)	(4.752379e-02 1.771490e-01 -4.699438e+02)	(9.040018e-04 4.963573e-05 -7.820616e-05)
5288          	(4.843187e-02 1.771963e-01 -4.699438e+02)	(4.752749e-02 1.771466e-01 -4.699438e+02)	(9.043783e-04 4.967544e-05 -7.877414e-05)
5289          	(4.843331e-02 1.771745e-01 -4.699438e+02)	(4.752846e-02 1.771249e-01 -4.699437e+02)	(9.048517e-04 4.968427e-05 -7.933340e-05)
5290          	(4.843227e-02 1.771416e-01 -4.699438e+02)	(4.752687e-02 1.770919e-01 -4.699437e+02)	(9.053987e-04 4.962076e-05 -7.994426e-05)
5291          	(4.842847e-02 1.771002e-01 -4.699438e+02)	(4.752256e-02 1.770507e-01 -4.699437e+02)	(9.059072e-04 4.946773e-05 -8.064146e-05)
5292          	(4.842219e-02 1.770588e-01 -4.699438e+02)	(4.751585e-02 1.770096e-01 -4.699438e+02)	(9.063397e-04 4.920579e-05 -8.150765e-05)
5293          	(4.841467e-02 1.770168e-01 -4.699439e+02)	(4.750792e-02 1.769680e-01 -4.699438e+02)	(9.067489e-04 4.883440e-05 -8.260977e-05)
5294          	(4.840657e-02 1.769832e-01 -4.699439e+02)	(4.749942e-02 1.769348e-01 -4.699438e+02)	(9.071451e-04 4.838386e-05 -8.397800e-05)
5295          	(4.839841e-02 1.769580e-01 -4.699439e+02)	(4.749089e-02 1.769101e-01 -4.699438e+02)	(9.075245e-04 4.788572e-05 -8.561139e-05)
5296          	(4.839048e-02 1.769391e-01 -4.699439e+02)	(4.748262e-02 1.768917e-01 -4.699439e+02)	(9.078663e-04 4.736182e-05 -8.745425e-05)
5297          	(4.838279e-02 1.769231e-01 -4.699440e+02)	(4.747465e-02 1.768762e-01 -4.699439e+02)	(9.081361e-04 4.685247e-05 -8.936980e-05)
5298          	(4.837072e-02 1.768922e-01 -4.699440e+02)	(4.746244e-02 1.768458e-01 -4.699439e+02)	(9.082791e-04 4.638742e-05 -9.125172e-05)
5299          	(4.835889e-02 1.768608e-01 -4.699440e+02)	(4.745060e-02 1.768148e-01 -4.699439e+02)	(9.082834e-04 4.596851e-05 -9.300060e-05)
5300          	(4.834822e-02 1.768337e-01 -4.699440e+02)	(4.744008e-02 1.767881e-01 -4.699439e+02)	(9.081335e-04 4.560823e-05 -9.456197e-05)
5301          	(4.833813e-02 1.768102e-01 -4.699440e+02)	(4.743038e-02 1.767649e-01 -4.699439e+02)	(9.077437e-04 4.531440e-05 -9.588195e-05)
5302          	(4.833000e-02 1.767943e-01 -4.699440e+02)	(4.742299e-02 1.767492e-01 -4.699439e+02)	(9.070089e-04 4.513516e-05 -9.694239e-05)
5303          	(4.832318e-02 1.767876e-01 -4.699439e+02)	(4.741739e-02 1.767425e-01 -4.699438e+02)	(9.057928e-04 4.512322e-05 -9.769376e-05)
5304          	(4.831881e-02 1.767896e-01 -4.699439e+02)	(4.741467e-02 1.767443e-01 -4.699438e+02)	(9.041339e-04 4.528530e-05 -9.810314e-05)
5305          	(4.831683e-02 1.768033e-01 -4.699439e+02)	(4.741452e-02 1.767577e-01 -4.699438e+02)	(9.023049e-04 4.555796e-05 -9.825004e-05)
5306          	(4.831725e-02 1.768259e-01 -4.699439e+02)	(4.741671e-02 1.767801e-01 -4.699438e+02)	(9.005392e-04 4.584014e-05 -9.825262e-05)
5307          	(4.831983e-02 1.768532e-01 -4.699440e+02)	(4.742088e-02 1.768071e-01 -4.699439e+02)	(8.989489e-04 4.605350e-05 -9.816421e-05)
5308          	(4.832433e-02 1.768814e-01 -4.699440e+02)	(4.742669e-02 1.768353e-01 -4.699439e+02)	(8.976388e-04 4.616455e-05 -9.801392e-05)
5309          	(4.833040e-02 1.769079e-01 -4.699440e+02)	(4.743373e-02 1.768617e-01 -4.699439e+02)	(8.966726e-04 4.617379e-05 -9.783046e-05)
5310          	(4.833765e-02 1.769308e-01 -4.699440e+02)	(4.744157e-02 1.768848e-01 -4.699439e+02)	(8.960851e-04 4.608310e-05 -9.763046e-05)
5311          	(4.834551e-02 1.769490e-01 -4.699440e+02)	(4.744976e-02 1.769030e-01 -4.699439e+02)	(8.957514e-04 4.597836e-05 -9.736755e-05)
5312          	(4.835340e-02 1.769609e-01 -4.699440e+02)	(4.745773e-02 1.769149e-01 -4.699439e+02)	(8.956685e-04 4.595508e-05 -9.698848e-05)
5313          	(4.836180e-02 1.769653e-01 -4.699440e+02)	(4.746586e-02 1.769193e-01 -4.699439e+02)	(8.959400e-04 4.601858e-05 -9.654594e-05)
5314          	(4.836987e-02 1.769567e-01 -4.699440e+02)	(4.747334e-02 1.769106e-01 -4.699439e+02)	(8.965310e-04 4.613047e-05 -9.612722e-05)
5315          	(4.837668e-02 1.769362e-01 -4.699439e+02)	(4.747935e-02 1.768899e-01 -4.699439e+02)	(8.973371e-04 4.628073e-05 -9.575612e-05)
5316          	(4.838190e-02 1.769043e-01 -4.699439e+02)	(4.748356e-02 1.768578e-01 -4.699438e+02)	(8.983417e-04 4.642925e-05 -9.545114e-05)
5317          	(4.838981e-02 1.768622e-01 -4.699439e+02)	(4.749023e-02 1.768157e-01 -4.699438e+02)	(8.995812e-04 4.652474e-05 -9.525705e-05)
5318          	(4.839216e-02 1.768171e-01 -4.699439e+02)	(4.749123e-02 1.767705e-01 -4.699438e+02)	(9.009352e-04 4.655674e-05 -9.520401e-05)
5319          	(4.839720e-02 1.767760e-01 -4.699439e+02)	(4.749491e-02 1.767295e-01 -4.699438e+02)	(9.022940e-04 4.654143e-05 -9.527363e-05)
5320          	(4.839700e-02 1.767391e-01 -4.699439e+02)	(4.749343e-02 1.766926e-01 -4.699438e+02)	(9.035645e-04 4.647905e-05 -9.550873e-05)
5321          	(4.839639e-02 1.767144e-01 -4.699439e+02)	(4.749162e-02 1.766681e-01 -4.699438e+02)	(9.047710e-04 4.635422e-05 -9.600126e-05)
5322          	(4.839356e-02 1.766941e-01 -4.699439e+02)	(4.748763e-02 1.766479e-01 -4.699438e+02)	(9.059381e-04 4.620060e-05 -9.681162e-05)
5323          	(4.839104e-02 1.766855e-01 -4.699439e+02)	(4.748401e-02 1.766395e-01 -4.699438e+02)	(9.070298e-04 4.603990e-05 -9.794472e-05)
5324          	(4.838911e-02 1.766880e-01 -4.699439e+02)	(4.748102e-02 1.766421e-01 -4.699438e+02)	(9.080877e-04 4.588053e-05 -9.932140e-05)
5325          	(4.838773e-02 1.767014e-01 -4.699439e+02)	(4.747868e-02 1.766557e-01 -4.699438e+02)	(9.090571e-04 4.577335e-05 -1.007865e-04)
5326          	(4.838675e-02 1.767217e-01 -4.699439e+02)	(4.747681e-02 1.766760e-01 -4.699438e+02)	(9.099356e-04 4.574127e-05 -1.021985e-04)
5327          	(4.838618e-02 1.767525e-01 -4.699439e+02)	(4.747551e-02 1.767067e-01 -4.699438e+02)	(9.106667e-04 4.582016e-05 -1.034079e-04)
5328          	(4.838618e-02 1.767957e-01 -4.699439e+02)	(4.747501e-02 1.767497e-01 -4.699438e+02)	(9.111683e-04 4.601115e-05 -1.043393e-04)
5329          	(4.838656e-02 1.768473e-01 -4.699438e+02)	(4.747522e-02 1.768010e-01 -4.699437e+02)	(9.113341e-04 4.628554e-05 -1.049932e-04)
5330          	(4.838761e-02 1.769100e-01 -4.699438e+02)	(4.747650e-02 1.768634e-01 -4.699437e+02)	(9.111072e-04 4.663232e-05 -1.053851e-04)
5331          	(4.838972e-02 1.769923e-01 -4.699438e+02)	(4.747934e-02 1.769452e-01 -4.699437e+02)	(9.103818e-04 4.705137e-05 -1.054930e-04)
5332          	(4.839265e-02 1.770862e-01 -4.699438e+02)	(4.748348e-02 1.770387e-01 -4.699437e+02)	(9.091740e-04 4.751336e-05 -1.054158e-04)
5333          	(4.839657e-02 1.771887e-01 -4.699438e+02)	(4.748893e-02 1.771407e-01 -4.699437e+02)	(9.076399e-04 4.796039e-05 -1.053060e-04)
5334          	(4.840118e-02 1.772876e-01 -4.699438e+02)	(4.749519e-02 1.772393e-01 -4.699437e+02)	(9.059941e-04 4.835981e-05 -1.052014e-04)
5335          	(4.840594e-02 1.773684e-01 -4.699438e+02)	(4.750148e-02 1.773197e-01 -4.699437e+02)	(9.044525e-04 4.868913e-05 -1.050825e-04)
5336          	(4.841110e-02 1.774431e-01 -4.699438e+02)	(4.750797e-02 1.773942e-01 -4.699437e+02)	(9.031360e-04 4.890759e-05 -1.049793e-04)
5337          	(4.841616e-02 1.775075e-01 -4.699438e+02)	(4.751401e-02 1.774585e-01 -4.699437e+02)	(9.021484e-04 4.900265e-05 -1.049347e-04)
5338          	(4.842077e-02 1.775594e-01 -4.699439e+02)	(4.751930e-02 1.775104e-01 -4.699438e+02)	(9.014633e-04 4.901429e-05 -1.048666e-04)
5339          	(4.842454e-02 1.775914e-01 -4.699439e+02)	(4.752339e-02 1.775424e-01 -4.699438e+02)	(9.011572e-04 4.899293e-05 -1.047019e-04)
5340          	(4.842697e-02 1.775952e-01 -4.699439e+02)	(4.752573e-02 1.775463e-01 -4.699438e+02)	(9.012423e-04 4.897790e-05 -1.044497e-04)
5341          	(4.842655e-02 1.775558e-01 -4.699439e+02)	(4.752486e-02 1.775068e-01 -4.699438e+02)	(9.016908e-04 4.897558e-05 -1.041188e-04)
5342          	(4.842410e-02 1.774853e-01 -4.699439e+02)	(4.752162e-02 1.774363e-01 -4.699438e+02)	(9.024776e-04 4.899479e-05 -1.037169e-04)
5343          	(4.841904e-02 1.773805e-01 -4.699438e+02)	(4.751542e-02 1.773315e-01 -4.699437e+02)	(9.036254e-04 4.902218e-05 -1.032774e-04)
5344          	(4.841194e-02 1.772528e-01 -4.699438e+02)	(4.750688e-02 1.772038e-01 -4.699437e+02)	(9.050614e-04 4.904195e-05 -1.028474e-04)
5345          	(4.840301e-02 1.771104e-01 -4.699438e+02)	(4.749628e-02 1.770614e-01 -4.699437e+02)	(9.067287e-04 4.901660e-05 -1.024671e-04)
5346          	(4.839251e-02 1.769625e-01 -4.699438e+02)	(4.748408e-02 1.769135e-01 -4.699437e+02)	(9.084335e-04 4.896083e-05 -1.021169e-04)
5347          	(4.838098e-02 1.768186e-01 -4.699438e+02)	(4.747090e-02 1.767697e-01 -4.699437e+02)	(9.100773e-04 4.886906e-05 -1.018585e-04)
5348          	(4.836897e-02 1.766886e-01 -4.699438e+02)	(4.745747e-02 1.766398e-01 -4.699437e+02)	(9.115013e-04 4.873619e-05 -1.017511e-04)
5349          	(4.835923e-02 1.766082e-01 -4.699438e+02)	(4.744648e-02 1.765597e-01 -4.699437e+02)	(9.127467e-04 4.858306e-05 -1.018300e-04)
5350          	(4.835051e-02 1.765507e-01 -4.699438e+02)	(4.743654e-02 1.765023e-01 -4.699437e+02)	(9.139694e-04 4.841405e-05 -1.021933e-04)
5351          	(4.834289e-02 1.765112e-01 -4.699439e+02)	(4.742772e-02 1.764629e-01 -4.699438e+02)	(9.151619e-04 4.820890e-05 -1.029096e-04)
5352          	(4.833684e-02 1.764904e-01 -4.699439e+02)	(4.742048e-02 1.764425e-01 -4.699438e+02)	(9.163614e-04 4.794709e-05 -1.039482e-04)
5353          	(4.833172e-02 1.764825e-01 -4.699439e+02)	(4.741418e-02 1.764348e-01 -4.699438e+02)	(9.175402e-04 4.767793e-05 -1.051826e-04)
5354          	(4.832753e-02 1.764864e-01 -4.699439e+02)	(4.740881e-02 1.764390e-01 -4.699438e+02)	(9.187205e-04 4.744005e-05 -1.064853e-04)
5355          	(4.832326e-02 1.765032e-01 -4.699439e+02)	(4.740337e-02 1.764559e-01 -4.699438e+02)	(9.198919e-04 4.726674e-05 -1.077563e-04)
5356          	(4.831728e-02 1.766346e-01 -4.699439e+02)	(4.739622e-02 1.765875e-01 -4.699438e+02)	(9.210612e-04 4.709260e-05 -1.091424e-04)
5357          	(4.831794e-02 1.766824e-01 -4.699439e+02)	(4.739571e-02 1.766354e-01 -4.699437e+02)	(9.222356e-04 4.706481e-05 -1.103899e-04)
5358          	(4.832039e-02 1.767515e-01 -4.699438e+02)	(4.739776e-02 1.767044e-01 -4.699437e+02)	(9.226290e-04 4.710826e-05 -1.112399e-04)
5359          	(4.832587e-02 1.768496e-01 -4.699438e+02)	(4.740333e-02 1.768024e-01 -4.699437e+02)	(9.225379e-04 4.719819e-05 -1.118494e-04)
5360          	(4.833433e-02 1.769689e-01 -4.699438e+02)	(4.741232e-02 1.769216e-01 -4.699437e+02)	(9.220108e-04 4.734020e-05 -1.122118e-04)
5361          	(4.834548e-02 1.771034e-01 -4.699438e+02)	(4.742435e-02 1.770559e-01 -4.699437e+02)	(9.211368e-04 4.751087e-05 -1.123633e-04)
5362          	(4.835858e-02 1.772430e-01 -4.699438e+02)	(4.743853e-02 1.771953e-01 -4.699437e+02)	(9.200544e-04 4.769107e-05 -1.123625e-04)
5363          	(4.837253e-02 1.773768e-01 -4.699438e+02)	(4.745374e-02 1.773289e-01 -4.699437e+02)	(9.187942e-04 4.791309e-05 -1.121353e-04)
5364          	(4.838329e-02 1.774522e-01 -4.699438e+02)	(4.746587e-02 1.774041e-01 -4.699437e+02)	(9.174188e-04 4.814845e-05 -1.117221e-04)
5365          	(4.839353e-02 1.775168e-01 -4.699438e+02)	(4.747751e-02 1.774684e-01 -4.699437e+02)	(9.160283e-04 4.839006e-05 -1.112024e-04)
5366          	(4.840314e-02 1.775683e-01 -4.699438e+02)	(4.748823e-02 1.775197e-01 -4.699437e+02)	(9.149065e-04 4.859932e-05 -1.107285e-04)
5367          	(4.841253e-02 1.776106e-01 -4.699438e+02)	(4.749844e-02 1.775618e-01 -4.699437e+02)	(9.140942e-04 4.878148e-05 -1.102467e-04)
5368          	(4.842086e-02 1.776364e-01 -4.699439e+02)	(4.750730e-02 1.775874e-01 -4.699437e+02)	(9.135576e-04 4.890948e-05 -1.097752e-04)
5369          	(4.842818e-02 1.776452e-01 -4.699439e+02)	(4.751479e-02 1.775962e-01 -4.699438e+02)	(9.133820e-04 4.897347e-05 -1.093749e-04)
5370          	(4.843290e-02 1.776319e-01 -4.699439e+02)	(4.751932e-02 1.775829e-01 -4.699438e+02)	(9.135776e-04 4.896949e-05 -1.090207e-04)
5371          	(4.843922e-02 1.776066e-01 -4.699439e+02)	(4.752505e-02 1.775577e-01 -4.699438e+02)	(9.141669e-04 4.893522e-05 -1.086562e-04)
5372          	(4.844439e-02 1.775626e-01 -4.699439e+02)	(4.752924e-02 1.775137e-01 -4.699438e+02)	(9.151493e-04 4.887132e-05 -1.082954e-04)
5373          	(4.844821e-02 1.775022e-01 -4.699439e+02)	(4.753175e-02 1.774534e-01 -4.699438e+02)	(9.164569e-04 4.876539e-05 -1.079436e-04)
5374          	(4.845253e-02 1.774259e-01 -4.699439e+02)	(4.753450e-02 1.773773e-01 -4.699438e+02)	(9.180288e-04 4.866277e-05 -1.075586e-04)
5375          	(4.845539e-02 1.773456e-01 -4.699439e+02)	(4.753565e-02 1.772970e-01 -4.699438e+02)	(9.197396e-04 4.858139e-05 -1.071389e-04)
5376          	(4.845696e-02 1.772685e-01 -4.699439e+02)	(4.753547e-02 1.772201e-01 -4.699438e+02)	(9.214961e-04 4.849003e-05 -1.067608e-04)
5377          	(4.845558e-02 1.772221e-01 -4.699439e+02)	(4.753229e-02 1.771738e-01 -4.699438e+02)	(9.232907e-04 4.836533e-05 -1.064987e-04)
5378          	(4.845411e-02 1.771908e-01 -4.699439e+02)	(4.752888e-02 1.771426e-01 -4.699438e+02)	(9.252299e-04 4.820030e-05 -1.064228e-04)
5379          	(4.845284e-02 1.771735e-01 -4.699439e+02)	(4.752559e-02 1.771255e-01 -4.699438e+02)	(9.272501e-04 4.797097e-05 -1.066183e-04)
5380          	(4.845173e-02 1.771686e-01 -4.699439e+02)	(4.752238e-02 1.771209e-01 -4.699438e+02)	(9.293553e-04 4.768550e-05 -1.070631e-04)
5381          	(4.845065e-02 1.771737e-01 -4.699439e+02)	(4.751914e-02 1.771263e-01 -4.699438e+02)	(9.315065e-04 4.740927e-05 -1.076112e-04)
5382          	(4.844917e-02 1.771861e-01 -4.699439e+02)	(4.751556e-02 1.771389e-01 -4.699438e+02)	(9.336177e-04 4.721994e-05 -1.081515e-04)
5383          	(4.844709e-02 1.772047e-01 -4.699439e+02)	(4.751146e-02 1.771575e-01 -4.699438e+02)	(9.356235e-04 4.716193e-05 -1.085504e-04)
5384          	(4.844157e-02 1.772820e-01 -4.699439e+02)	(4.750412e-02 1.772348e-01 -4.699438e+02)	(9.374517e-04 4.716947e-05 -1.088933e-04)
5385          	(4.844004e-02 1.773097e-01 -4.699439e+02)	(4.750111e-02 1.772623e-01 -4.699438e+02)	(9.389339e-04 4.741678e-05 -1.089596e-04)
5386          	(4.843780e-02 1.773476e-01 -4.699438e+02)	(4.749854e-02 1.772999e-01 -4.699437e+02)	(9.392571e-04 4.775230e-05 -1.086145e-04)
5387          	(4.843586e-02 1.773992e-01 -4.699438e+02)	(4.749698e-02 1.773511e-01 -4.699437e+02)	(9.388738e-04 4.802866e-05 -1.081987e-04)
5388          	(4.843275e-02 1.774738e-01 -4.699438e+02)	(4.749489e-02 1.774256e-01 -4.699437e+02)	(9.378607e-04 4.819905e-05 -1.078632e-04)
5389          	(4.843088e-02 1.775547e-01 -4.699438e+02)	(4.749451e-02 1.775064e-01 -4.699437e+02)	(9.363720e-04 4.827563e-05 -1.076076e-04)
5390          	(4.843136e-02 1.776236e-01 -4.699438e+02)	(4.749684e-02 1.775753e-01 -4.699437e+02)	(9.345187e-04 4.828122e-05 -1.074493e-04)
5391          	(4.843225e-02 1.776899e-01 -4.699438e+02)	(4.749985e-02 1.776417e-01 -4.699437e+02)	(9.324026e-04 4.821521e-05 -1.073991e-04)
5392          	(4.843358e-02 1.777466e-01 -4.699438e+02)	(4.750354e-02 1.776985e-01 -4.699437e+02)	(9.300410e-04 4.809465e-05 -1.073922e-04)
5393          	(4.843469e-02 1.777942e-01 -4.699438e+02)	(4.750713e-02 1.777463e-01 -4.699437e+02)	(9.275598e-04 4.794992e-05 -1.073837e-04)
5394          	(4.843549e-02 1.778291e-01 -4.699438e+02)	(4.751033e-02 1.777813e-01 -4.699437e+02)	(9.251553e-04 4.778441e-05 -1.073559e-04)
5395          	(4.843579e-02 1.778483e-01 -4.699438e+02)	(4.751280e-02 1.778007e-01 -4.699437e+02)	(9.229929e-04 4.758255e-05 -1.073506e-04)
5396          	(4.843566e-02 1.778478e-01 -4.699439e+02)	(4.751455e-02 1.778005e-01 -4.699438e+02)	(9.211131e-04 4.736274e-05 -1.072936e-04)
5397          	(4.843341e-02 1.778084e-01 -4.699439e+02)	(4.751382e-02 1.777613e-01 -4.699438e+02)	(9.195862e-04 4.714080e-05 -1.071015e-04)
5398          	(4.842989e-02 1.777351e-01 -4.699439e+02)	(4.751138e-02 1.776882e-01 -4.699438e+02)	(9.185055e-04 4.692608e-05 -1.068319e-04)
5399          	(4.842572e-02 1.776349e-01 -4.699439e+02)	(4.750779e-02 1.775882e-01 -4.699438e+02)	(9.179273e-04 4.673633e-05 -1.065322e-04)
5400          	(4.842080e-02 1.775124e-01 -4.699439e+02)	(4.750295e-02 1.774658e-01 -4.699438e+02)	(9.178565e-04 4.660568e-05 -1.061675e-04)
5401          	(4.841502e-02 1.773741e-01 -4.699439e+02)	(4.749678e-02 1.773275e-01 -4.699438e+02)	(9.182443e-04 4.654297e-05 -1.057538e-04)
5402          	(4.840825e-02 1.772264e-01 -4.699439e+02)	(4.748921e-02 1.771799e-01 -4.699437e+02)	(9.190407e-04 4.654358e-05 -1.053065e-04)
5403          	(4.840059e-02 1.770777e-01 -4.699438e+02)	(4.748047e-02 1.770312e-01 -4.699437e+02)	(9.201181e-04 4.657030e-05 -1.048567e-04)
5404          	(4.839220e-02 1.769362e-01 -4.699438e+02)	(4.747085e-02 1.768896e-01 -4.699437e+02)	(9.213538e-04 4.661825e-05 -1.043226e-04)
5405          	(4.838369e-02 1.768153e-01 -4.699438e+02)	(4.746102e-02 1.767686e-01 -4.699437e+02)	(9.226616e-04 4.669052e-05 -1.037351e-04)
5406          	(4.837475e-02 1.767117e-01 -4.699438e+02)	(4.745071e-02 1.766649e-01 -4.699437e+02)	(9.240441e-04 4.676529e-05 -1.031911e-04)
5407          	(4.836641e-02 1.766431e-01 -4.699439e+02)	(4.744092e-02 1.765963e-01 -4.699438e+02)	(9.254930e-04 4.680570e-05 -1.027769e-04)
5408          	(4.835795e-02 1.765934e-01 -4.699439e+02)	(4.743087e-02 1.765466e-01 -4.699438e+02)	(9.270748e-04 4.679230e-05 -1.024832e-04)
5409          	(4.834914e-02 1.765581e-01 -4.699439e+02)	(4.742038e-02 1.765113e-01 -4.699438e+02)	(9.287610e-04 4.676436e-05 -1.022720e-04)
5410          	(4.833292e-02 1.765533e-01 -4.699439e+02)	(4.740230e-02 1.765066e-01 -4.699438e+02)	(9.306143e-04 4.672652e-05 -1.022056e-04)
5411          	(4.832695e-02 1.765477e-01 -4.699439e+02)	(4.739440e-02 1.765009e-01 -4.699438e+02)	(9.325496e-04 4.677328e-05 -1.021201e-04)
5412          	(4.832167e-02 1.765636e-01 -4.699439e+02)	(4.738807e-02 1.765166e-01 -4.699438e+02)	(9.336077e-04 4.694699e-05 -1.017265e-04)
5413          	(4.832063e-02 1.766283e-01 -4.699439e+02)	(4.738659e-02 1.765811e-01 -4.699438e+02)	(9.340367e-04 4.714298e-05 -1.012166e-04)
5414          	(4.832459e-02 1.767391e-01 -4.699439e+02)	(4.739076e-02 1.766918e-01 -4.699438e+02)	(9.338256e-04 4.729645e-05 -1.006633e-04)
5415          	(4.833384e-02 1.768908e-01 -4.699439e+02)	(4.740074e-02 1.768434e-01 -4.699438e+02)	(9.330981e-04 4.741527e-05 -1.001293e-04)
5416          	(4.834759e-02 1.770684e-01 -4.699439e+02)	(4.741552e-02 1.770209e-01 -4.699438e+02)	(9.320678e-04 4.752696e-05 -9.967692e-05)
5417          	(4.838977e-02 1.775046e-01 -4.699439e+02)	(4.745885e-02 1.774571e-01 -4.699438e+02)	(9.309201e-04 4.751477e-05 -9.964544e-05)
5418          	(4.840566e-02 1.776587e-01 -4.699438e+02)	(4.747598e-02 1.776111e-01 -4.699437e+02)	(9.296735e-04 4.758029e-05 -9.947695e-05)
5419          	(4.842095e-02 1.777977e-01 -4.699438e+02)	(4.749298e-02 1.777501e-01 -4.699437e+02)	(9.279671e-04 4.759894e-05 -9.917468e-05)
5420          	(4.843559e-02 1.779197e-01 -4.699438e+02)	(4.750933e-02 1.778721e-01 -4.699437e+02)	(9.262597e-04 4.756195e-05 -9.881396e-05)
5421          	(4.844864e-02 1.780136e-01 -4.699438e+02)	(4.752393e-02 1.779661e-01 -4.699437e+02)	(9.247139e-04 4.747389e-05 -9.844483e-05)
5422          	(4.845787e-02 1.780567e-01 -4.699438e+02)	(4.753454e-02 1.780094e-01 -4.699437e+02)	(9.233254e-04 4.732338e-05 -9.807308e-05)
5423          	(4.847892e-02 1.781200e-01 -4.699438e+02)	(4.755673e-02 1.780729e-01 -4.699437e+02)	(9.221951e-04 4.710522e-05 -9.779935e-05)
5424          	(4.848374e-02 1.781263e-01 -4.699438e+02)	(4.756217e-02 1.780794e-01 -4.699437e+02)	(9.215715e-04 4.688737e-05 -9.749517e-05)
5425          	(4.848700e-02 1.781169e-01 -4.699438e+02)	(4.756600e-02 1.780703e-01 -4.699438e+02)	(9.209963e-04 4.662273e-05 -9.710519e-05)
5426          	(4.848971e-02 1.780836e-01 -4.699439e+02)	(4.756879e-02 1.780373e-01 -4.699438e+02)	(9.209192e-04 4.630788e-05 -9.681246e-05)
5427          	(4.849132e-02 1.780244e-01 -4.699439e+02)	(4.756993e-02 1.779785e-01 -4.699438e+02)	(9.213892e-04 4.596532e-05 -9.661755e-05)
5428          	(4.849157e-02 1.779355e-01 -4.699439e+02)	(4.756918e-02 1.778898e-01 -4.699438e+02)	(9.223875e-04 4.563529e-05 -9.651667e-05)
5429          	(4.849026e-02 1.778171e-01 -4.699439e+02)	(4.756645e-02 1.777717e-01 -4.699438e+02)	(9.238176e-04 4.537602e-05 -9.649951e-05)
5430          	(4.848544e-02 1.775566e-01 -4.699439e+02)	(4.755979e-02 1.775113e-01 -4.699438e+02)	(9.256537e-04 4.523327e-05 -9.643837e-05)
5431          	(4.848155e-02 1.774287e-01 -4.699439e+02)	(4.755346e-02 1.773836e-01 -4.699438e+02)	(9.280946e-04 4.507890e-05 -9.658757e-05)
5432          	(4.847613e-02 1.773057e-01 -4.699439e+02)	(4.754581e-02 1.772607e-01 -4.699438e+02)	(9.303140e-04 4.504784e-05 -9.656206e-05)
5433          	(4.846966e-02 1.771937e-01 -4.699439e+02)	(4.753694e-02 1.771486e-01 -4.699438e+02)	(9.327280e-04 4.504838e-05 -9.659223e-05)
5434          	(4.846223e-02 1.770964e-01 -4.699439e+02)	(4.752689e-02 1.770514e-01 -4.699438e+02)	(9.353433e-04 4.505519e-05 -9.670884e-05)
5435          	(4.844628e-02 1.769912e-01 -4.699439e+02)	(4.750810e-02 1.769461e-01 -4.699438e+02)	(9.381829e-04 4.515013e-05 -9.676867e-05)
5436          	(4.844222e-02 1.769683e-01 -4.699439e+02)	(4.750098e-02 1.769229e-01 -4.699438e+02)	(9.412429e-04 4.533783e-05 -9.687645e-05)
5437          	(4.843657e-02 1.769558e-01 -4.699439e+02)	(4.749294e-02 1.769100e-01 -4.699438e+02)	(9.436393e-04 4.576613e-05 -9.662288e-05)
5438          	(4.842944e-02 1.769527e-01 -4.699439e+02)	(4.748387e-02 1.769064e-01 -4.699438e+02)	(9.455735e-04 4.635383e-05 -9.614870e-05)
5439          	(4.841079e-02 1.769661e-01 -4.699439e+02)	(4.746405e-02 1.769191e-01 -4.699438e+02)	(9.467412e-04 4.700421e-05 -9.564281e-05)
5440          	(4.840464e-02 1.769872e-01 -4.699439e+02)	(4.745741e-02 1.769394e-01 -4.699438e+02)	(9.472345e-04 4.776416e-05 -9.504657e-05)
5441          	(4.839948e-02 1.770285e-01 -4.699438e+02)	(4.745292e-02 1.769800e-01 -4.699438e+02)	(9.465576e-04 4.850593e-05 -9.434422e-05)
5442          	(4.839604e-02 1.771049e-01 -4.699438e+02)	(4.745072e-02 1.770558e-01 -4.699437e+02)	(9.453199e-04 4.914694e-05 -9.369398e-05)
5443          	(4.839521e-02 1.772048e-01 -4.699438e+02)	(4.745154e-02 1.771551e-01 -4.699437e+02)	(9.436743e-04 4.968258e-05 -9.316286e-05)
5444          	(4.839712e-02 1.773173e-01 -4.699438e+02)	(4.745535e-02 1.772672e-01 -4.699437e+02)	(9.417729e-04 5.008851e-05 -9.282442e-05)
5445          	(4.840171e-02 1.774269e-01 -4.699438e+02)	(4.746200e-02 1.773766e-01 -4.699437e+02)	(9.397139e-04 5.039302e-05 -9.267736e-05)
5446          	(4.840735e-02 1.775172e-01 -4.699438e+02)	(4.746976e-02 1.774666e-01 -4.699437e+02)	(9.375888e-04 5.059516e-05 -9.268475e-05)
5447          	(4.841339e-02 1.775929e-01 -4.699438e+02)	(4.747791e-02 1.775422e-01 -4.699437e+02)	(9.354797e-04 5.068243e-05 -9.279673e-05)
5448          	(4.841951e-02 1.776595e-01 -4.699438e+02)	(4.748602e-02 1.776089e-01 -4.699437e+02)	(9.334949e-04 5.063111e-05 -9.299781e-05)
5449          	(4.842534e-02 1.777136e-01 -4.699438e+02)	(4.749366e-02 1.776631e-01 -4.699437e+02)	(9.316720e-04 5.048981e-05 -9.319071e-05)
5450          	(4.843064e-02 1.777518e-01 -4.699438e+02)	(4.750048e-02 1.777015e-01 -4.699437e+02)	(9.301517e-04 5.031042e-05 -9.335149e-05)
5451          	(4.843530e-02 1.777722e-01 -4.699438e+02)	(4.750632e-02 1.777220e-01 -4.699437e+02)	(9.289769e-04 5.016121e-05 -9.348727e-05)
5452          	(4.843917e-02 1.777721e-01 -4.699438e+02)	(4.751096e-02 1.777221e-01 -4.699437e+02)	(9.282165e-04 5.004613e-05 -9.363547e-05)
5453          	(4.844215e-02 1.777505e-01 -4.699438e+02)	(4.751425e-02 1.777005e-01 -4.699437e+02)	(9.278969e-04 4.997864e-05 -9.372547e-05)
5454          	(4.844403e-02 1.777082e-01 -4.699438e+02)	(4.751604e-02 1.776582e-01 -4.699437e+02)	(9.279929e-04 4.996716e-05 -9.367004e-05)
5455          	(4.844457e-02 1.776469e-01 -4.699438e+02)	(4.751606e-02 1.775969e-01 -4.699437e+02)	(9.285136e-04 4.998116e-05 -9.351606e-05)
5456          	(4.844323e-02 1.775646e-01 -4.699438e+02)	(4.751381e-02 1.775146e-01 -4.699437e+02)	(9.294137e-04 4.997094e-05 -9.326463e-05)
5457          	(4.844009e-02 1.774716e-01 -4.699438e+02)	(4.750948e-02 1.774217e-01 -4.699437e+02)	(9.306124e-04 4.988842e-05 -9.291830e-05)
5458          	(4.843518e-02 1.773753e-01 -4.699438e+02)	(4.750313e-02 1.773256e-01 -4.699437e+02)	(9.320523e-04 4.969546e-05 -9.253921e-05)
5459          	(4.842865e-02 1.772810e-01 -4.699438e+02)	(4.749495e-02 1.772317e-01 -4.699437e+02)	(9.337039e-04 4.938353e-05 -9.219395e-05)
5460          	(4.842110e-02 1.772010e-01 -4.699438e+02)	(4.748561e-02 1.771520e-01 -4.699438e+02)	(9.354869e-04 4.898710e-05 -9.190841e-05)
5461          	(4.841277e-02 1.771376e-01 -4.699439e+02)	(4.747545e-02 1.770890e-01 -4.699438e+02)	(9.373283e-04 4.857189e-05 -9.169166e-05)
5462          	(4.840437e-02 1.771044e-01 -4.699439e+02)	(4.746516e-02 1.770563e-01 -4.699438e+02)	(9.392137e-04 4.816636e-05 -9.150203e-05)
5463          	(4.839584e-02 1.770898e-01 -4.699439e+02)	(4.745472e-02 1.770421e-01 -4.699438e+02)	(9.411211e-04 4.776873e-05 -9.132296e-05)
5464          	(4.838759e-02 1.770926e-01 -4.699439e+02)	(4.744462e-02 1.770452e-01 -4.699438e+02)	(9.429705e-04 4.738596e-05 -9.115870e-05)
5465          	(4.838006e-02 1.771111e-01 -4.699439e+02)	(4.743555e-02 1.770640e-01 -4.699438e+02)	(9.445072e-04 4.705496e-05 -9.101465e-05)
5466          	(4.837402e-02 1.771443e-01 -4.699439e+02)	(4.742853e-02 1.770975e-01 -4.699438e+02)	(9.454849e-04 4.685654e-05 -9.077945e-05)
5467          	(4.837109e-02 1.771964e-01 -4.699439e+02)	(4.742539e-02 1.771495e-01 -4.699438e+02)	(9.457072e-04 4.684471e-05 -9.037783e-05)
5468          	(4.837476e-02 1.772882e-01 -4.699439e+02)	(4.742955e-02 1.772412e-01 -4.699438e+02)	(9.452163e-04 4.697518e-05 -8.984642e-05)
5469          	(4.838402e-02 1.774036e-01 -4.699439e+02)	(4.743982e-02 1.773564e-01 -4.699438e+02)	(9.442028e-04 4.719865e-05 -8.927645e-05)
5470          	(4.839742e-02 1.775272e-01 -4.699439e+02)	(4.745457e-02 1.774798e-01 -4.699438e+02)	(9.428525e-04 4.746246e-05 -8.874485e-05)
5471          	(4.841437e-02 1.776584e-01 -4.699439e+02)	(4.747307e-02 1.776107e-01 -4.699438e+02)	(9.413045e-04 4.772206e-05 -8.828408e-05)
5472          	(4.843262e-02 1.777826e-01 -4.699439e+02)	(4.749298e-02 1.777346e-01 -4.699438e+02)	(9.396423e-04 4.793405e-05 -8.788111e-05)
5473          	(4.845013e-02 1.778892e-01 -4.699439e+02)	(4.751226e-02 1.778412e-01 -4.699438e+02)	(9.378760e-04 4.805367e-05 -8.751717e-05)
5474          	(4.846646e-02 1.779831e-01 -4.699439e+02)	(4.753030e-02 1.779351e-01 -4.699438e+02)	(9.361529e-04 4.805416e-05 -8.721390e-05)
5475          	(4.848050e-02 1.780600e-01 -4.699439e+02)	(4.754599e-02 1.780121e-01 -4.699438e+02)	(9.345108e-04 4.791343e-05 -8.697865e-05)
5476          	(4.848959e-02 1.780890e-01 -4.699439e+02)	(4.755658e-02 1.780414e-01 -4.699438e+02)	(9.330065e-04 4.760977e-05 -8.679330e-05)
5477          	(4.850664e-02 1.781288e-01 -4.699439e+02)	(4.757483e-02 1.780816e-01 -4.699439e+02)	(9.318107e-04 4.714020e-05 -8.683715e-05)
5478          	(4.850949e-02 1.781318e-01 -4.699440e+02)	(4.757831e-02 1.780852e-01 -4.699439e+02)	(9.311712e-04 4.659741e-05 -8.696434e-05)
5479          	(4.850990e-02 1.781214e-01 -4.699440e+02)	(4.757931e-02 1.780754e-01 -4.699439e+02)	(9.305866e-04 4.601244e-05 -8.705322e-05)
5480          	(4.850878e-02 1.780949e-01 -4.699440e+02)	(4.757833e-02 1.780495e-01 -4.699439e+02)	(9.304521e-04 4.540679e-05 -8.722655e-05)
5481          	(4.850616e-02 1.780470e-01 -4.699440e+02)	(4.757541e-02 1.780022e-01 -4.699439e+02)	(9.307544e-04 4.481149e-05 -8.745993e-05)
5482          	(4.850240e-02 1.779774e-01 -4.699440e+02)	(4.757090e-02 1.779332e-01 -4.699439e+02)	(9.314982e-04 4.424650e-05 -8.775148e-05)
5483          	(4.849749e-02 1.778839e-01 -4.699440e+02)	(4.756483e-02 1.778401e-01 -4.699439e+02)	(9.326679e-04 4.372975e-05 -8.805892e-05)
5484          	(4.849129e-02 1.777659e-01 -4.699439e+02)	(4.755711e-02 1.777226e-01 -4.699439e+02)	(9.341749e-04 4.329581e-05 -8.831463e-05)
5485          	(4.848407e-02 1.776325e-01 -4.699439e+02)	(4.754821e-02 1.775895e-01 -4.699439e+02)	(9.358589e-04 4.300569e-05 -8.840543e-05)
5486          	(4.847620e-02 1.774978e-01 -4.699439e+02)	(4.753859e-02 1.774549e-01 -4.699438e+02)	(9.376140e-04 4.288768e-05 -8.833092e-05)
5487          	(4.846785e-02 1.773694e-01 -4.699439e+02)	(4.752845e-02 1.773265e-01 -4.699438e+02)	(9.393934e-04 4.293375e-05 -8.814118e-05)
5488          	(4.845915e-02 1.772540e-01 -4.699439e+02)	(4.751804e-02 1.772108e-01 -4.699438e+02)	(9.411092e-04 4.318097e-05 -8.781183e-05)
5489          	(4.845010e-02 1.771550e-01 -4.699439e+02)	(4.750742e-02 1.771113e-01 -4.699438e+02)	(9.426779e-04 4.365281e-05 -8.731519e-05)
5490          	(4.843381e-02 1.770323e-01 -4.699439e+02)	(4.748980e-02 1.769879e-01 -4.699438e+02)	(9.440163e-04 4.440216e-05 -8.652119e-05)
5491          	(4.842837e-02 1.770049e-01 -4.699439e+02)	(4.748321e-02 1.769595e-01 -4.699438e+02)	(9.451601e-04 4.535411e-05 -8.569959e-05)
5492          	(4.842201e-02 1.769899e-01 -4.699439e+02)	(4.747669e-02 1.769434e-01 -4.699438e+02)	(9.453227e-04 4.647104e-05 -8.474981e-05)
5493          	(4.841541e-02 1.769898e-01 -4.699439e+02)	(4.747057e-02 1.769422e-01 -4.699438e+02)	(9.448345e-04 4.764885e-05 -8.380139e-05)
5494          	(4.840938e-02 1.770079e-01 -4.699439e+02)	(4.746561e-02 1.769590e-01 -4.699438e+02)	(9.437789e-04 4.884962e-05 -8.283436e-05)
5495          	(4.840487e-02 1.770476e-01 -4.699439e+02)	(4.746260e-02 1.769976e-01 -4.699438e+02)	(9.422651e-04 5.004060e-05 -8.177419e-05)
5496          	(4.840255e-02 1.771095e-01 -4.699438e+02)	(4.746214e-02 1.770582e-01 -4.699438e+02)	(9.404073e-04 5.121264e-05 -8.057122e-05)
5497          	(4.840286e-02 1.771896e-01 -4.699438e+02)	(4.746443e-02 1.771373e-01 -4.699437e+02)	(9.384264e-04 5.235774e-05 -7.927848e-05)
5498          	(4.840580e-02 1.772814e-01 -4.699438e+02)	(4.746927e-02 1.772280e-01 -4.699437e+02)	(9.365226e-04 5.341682e-05 -7.804439e-05)
5499          	(4.841104e-02 1.773784e-01 -4.699438e+02)	(4.747622e-02 1.773241e-01 -4.699437e+02)	(9.348202e-04 5.431756e-05 -7.698371e-05)
5500          	(4.841810e-02 1.774757e-01 -4.699438e+02)	(4.748475e-02 1.774207e-01 -4.699437e+02)	(9.333508e-04 5.501613e-05 -7.619948e-05)
