# Force       
# CofR        : (0.000000e+00 0.000000e+00 0.000000e+00)
#
# Time        	(total_x total_y total_z)	(pressure_x pressure_y pressure_z)	(viscous_x viscous_y viscous_z)
5001          	(1.815005e-01 -3.104828e+02 9.001957e+02)	(1.772496e-01 -3.104826e+02 9.001931e+02)	(4.250900e-03 -1.582912e-04 2.577403e-03)
5002          	(1.814938e-01 -3.104828e+02 9.001957e+02)	(1.772444e-01 -3.104826e+02 9.001931e+02)	(4.249478e-03 -1.572062e-04 2.577314e-03)
5003          	(1.814997e-01 -3.104828e+02 9.001956e+02)	(1.772517e-01 -3.104826e+02 9.001931e+02)	(4.248076e-03 -1.562202e-04 2.577257e-03)
5004          	(1.814935e-01 -3.104827e+02 9.001956e+02)	(1.772469e-01 -3.104826e+02 9.001931e+02)	(4.246684e-03 -1.551385e-04 2.577109e-03)
5005          	(1.814882e-01 -3.104827e+02 9.001956e+02)	(1.772430e-01 -3.104826e+02 9.001931e+02)	(4.245249e-03 -1.541368e-04 2.577029e-03)
5006          	(1.814828e-01 -3.104827e+02 9.001956e+02)	(1.772389e-01 -3.104826e+02 9.001931e+02)	(4.243865e-03 -1.530508e-04 2.576873e-03)
5007          	(1.814769e-01 -3.104827e+02 9.001957e+02)	(1.772344e-01 -3.104826e+02 9.001931e+02)	(4.242487e-03 -1.520063e-04 2.576751e-03)
5008          	(1.814706e-01 -3.104827e+02 9.001957e+02)	(1.772294e-01 -3.104826e+02 9.001931e+02)	(4.241178e-03 -1.509231e-04 2.576610e-03)
5009          	(1.814636e-01 -3.104827e+02 9.001957e+02)	(1.772237e-01 -3.104826e+02 9.001931e+02)	(4.239892e-03 -1.499008e-04 2.576531e-03)
5010          	(1.814559e-01 -3.104827e+02 9.001957e+02)	(1.772172e-01 -3.104826e+02 9.001931e+02)	(4.238719e-03 -1.487985e-04 2.576393e-03)
5011          	(1.814480e-01 -3.104827e+02 9.001957e+02)	(1.772104e-01 -3.104826e+02 9.001931e+02)	(4.237587e-03 -1.478163e-04 2.576367e-03)
5012          	(1.814404e-01 -3.104827e+02 9.001957e+02)	(1.772038e-01 -3.104826e+02 9.001931e+02)	(4.236571e-03 -1.467785e-04 2.576304e-03)
5013          	(1.814349e-01 -3.104827e+02 9.001957e+02)	(1.771993e-01 -3.104826e+02 9.001931e+02)	(4.235638e-03 -1.458128e-04 2.576292e-03)
5014          	(1.814400e-01 -3.104827e+02 9.001957e+02)	(1.772052e-01 -3.104826e+02 9.001931e+02)	(4.234858e-03 -1.448249e-04 2.576242e-03)
5015          	(1.814453e-01 -3.104827e+02 9.001957e+02)	(1.772112e-01 -3.104826e+02 9.001931e+02)	(4.234173e-03 -1.439444e-04 2.576253e-03)
5016          	(1.814517e-01 -3.104827e+02 9.001957e+02)	(1.772181e-01 -3.104826e+02 9.001932e+02)	(4.233627e-03 -1.430360e-04 2.576208e-03)
5017          	(1.814591e-01 -3.104827e+02 9.001957e+02)	(1.772259e-01 -3.104826e+02 9.001932e+02)	(4.233145e-03 -1.422601e-04 2.576221e-03)
5018          	(1.814694e-01 -3.104827e+02 9.001957e+02)	(1.772366e-01 -3.104826e+02 9.001932e+02)	(4.232795e-03 -1.414567e-04 2.576147e-03)
5019          	(1.814798e-01 -3.104827e+02 9.001958e+02)	(1.772473e-01 -3.104826e+02 9.001932e+02)	(4.232500e-03 -1.407617e-04 2.576092e-03)
5020          	(1.814689e-01 -3.104827e+02 9.001958e+02)	(1.772367e-01 -3.104826e+02 9.001933e+02)	(4.232220e-03 -1.400621e-04 2.576008e-03)
5021          	(1.814581e-01 -3.104828e+02 9.001959e+02)	(1.772262e-01 -3.104826e+02 9.001933e+02)	(4.231928e-03 -1.394815e-04 2.575941e-03)
5022          	(1.814497e-01 -3.104828e+02 9.001959e+02)	(1.772180e-01 -3.104827e+02 9.001934e+02)	(4.231702e-03 -1.389017e-04 2.575823e-03)
5023          	(1.814525e-01 -3.104828e+02 9.001959e+02)	(1.772209e-01 -3.104827e+02 9.001934e+02)	(4.231558e-03 -1.384633e-04 2.575711e-03)
5024          	(1.814440e-01 -3.104828e+02 9.001960e+02)	(1.772125e-01 -3.104827e+02 9.001934e+02)	(4.231470e-03 -1.380061e-04 2.575537e-03)
5025          	(1.814458e-01 -3.104829e+02 9.001960e+02)	(1.772144e-01 -3.104827e+02 9.001934e+02)	(4.231450e-03 -1.377141e-04 2.575402e-03)
5026          	(1.814349e-01 -3.104829e+02 9.001960e+02)	(1.772034e-01 -3.104828e+02 9.001934e+02)	(4.231466e-03 -1.374089e-04 2.575228e-03)
5027          	(1.814375e-01 -3.104829e+02 9.001960e+02)	(1.772060e-01 -3.104828e+02 9.001934e+02)	(4.231563e-03 -1.372742e-04 2.575098e-03)
5028          	(1.814253e-01 -3.104829e+02 9.001961e+02)	(1.771936e-01 -3.104828e+02 9.001935e+02)	(4.231696e-03 -1.371199e-04 2.574926e-03)
5029          	(1.814324e-01 -3.104829e+02 9.001961e+02)	(1.772004e-01 -3.104828e+02 9.001935e+02)	(4.231964e-03 -1.370980e-04 2.574755e-03)
5030          	(1.814232e-01 -3.104830e+02 9.001961e+02)	(1.771910e-01 -3.104828e+02 9.001935e+02)	(4.232260e-03 -1.370505e-04 2.574543e-03)
5031          	(1.814373e-01 -3.104830e+02 9.001961e+02)	(1.772046e-01 -3.104828e+02 9.001935e+02)	(4.232700e-03 -1.371659e-04 2.574360e-03)
5032          	(1.814363e-01 -3.104830e+02 9.001962e+02)	(1.772031e-01 -3.104829e+02 9.001936e+02)	(4.233211e-03 -1.372678e-04 2.574125e-03)
5033          	(1.814543e-01 -3.104830e+02 9.001962e+02)	(1.772204e-01 -3.104829e+02 9.001936e+02)	(4.233851e-03 -1.375187e-04 2.573910e-03)
5034          	(1.814789e-01 -3.104830e+02 9.001961e+02)	(1.772443e-01 -3.104828e+02 9.001936e+02)	(4.234645e-03 -1.377951e-04 2.573646e-03)
5035          	(1.814862e-01 -3.104830e+02 9.001962e+02)	(1.772507e-01 -3.104829e+02 9.001936e+02)	(4.235443e-03 -1.381530e-04 2.573388e-03)
5036          	(1.815137e-01 -3.104830e+02 9.001962e+02)	(1.772773e-01 -3.104828e+02 9.001936e+02)	(4.236401e-03 -1.384947e-04 2.573018e-03)
5037          	(1.815338e-01 -3.104830e+02 9.001962e+02)	(1.772964e-01 -3.104829e+02 9.001937e+02)	(4.237375e-03 -1.389418e-04 2.572655e-03)
5038          	(1.815681e-01 -3.104830e+02 9.001962e+02)	(1.773296e-01 -3.104828e+02 9.001936e+02)	(4.238495e-03 -1.394212e-04 2.572211e-03)
5039          	(1.816058e-01 -3.104829e+02 9.001962e+02)	(1.773661e-01 -3.104828e+02 9.001936e+02)	(4.239688e-03 -1.400238e-04 2.571759e-03)
5040          	(1.816501e-01 -3.104829e+02 9.001962e+02)	(1.774091e-01 -3.104828e+02 9.001936e+02)	(4.241018e-03 -1.406101e-04 2.571157e-03)
5041          	(1.816791e-01 -3.104829e+02 9.001962e+02)	(1.774368e-01 -3.104828e+02 9.001936e+02)	(4.242292e-03 -1.412999e-04 2.570552e-03)
5042          	(1.817262e-01 -3.104829e+02 9.001962e+02)	(1.774825e-01 -3.104827e+02 9.001936e+02)	(4.243683e-03 -1.420004e-04 2.569813e-03)
5043          	(1.817661e-01 -3.104828e+02 9.001962e+02)	(1.775210e-01 -3.104827e+02 9.001936e+02)	(4.245065e-03 -1.427989e-04 2.569036e-03)
5044          	(1.818194e-01 -3.104828e+02 9.001961e+02)	(1.775728e-01 -3.104826e+02 9.001936e+02)	(4.246571e-03 -1.435999e-04 2.568127e-03)
5045          	(1.818763e-01 -3.104827e+02 9.001961e+02)	(1.776282e-01 -3.104826e+02 9.001935e+02)	(4.248133e-03 -1.445184e-04 2.567165e-03)
5046          	(1.819234e-01 -3.104827e+02 9.001961e+02)	(1.776736e-01 -3.104826e+02 9.001935e+02)	(4.249732e-03 -1.454210e-04 2.566069e-03)
5047          	(1.819816e-01 -3.104827e+02 9.001961e+02)	(1.777302e-01 -3.104825e+02 9.001935e+02)	(4.251365e-03 -1.464701e-04 2.564977e-03)
5048          	(1.820393e-01 -3.104826e+02 9.001960e+02)	(1.777862e-01 -3.104825e+02 9.001935e+02)	(4.253111e-03 -1.474506e-04 2.563717e-03)
5049          	(1.820954e-01 -3.104826e+02 9.001960e+02)	(1.778406e-01 -3.104824e+02 9.001934e+02)	(4.254843e-03 -1.485611e-04 2.562486e-03)
5050          	(1.821497e-01 -3.104825e+02 9.001959e+02)	(1.778930e-01 -3.104824e+02 9.001934e+02)	(4.256643e-03 -1.496327e-04 2.561149e-03)
5051          	(1.821985e-01 -3.104825e+02 9.001959e+02)	(1.779401e-01 -3.104823e+02 9.001933e+02)	(4.258415e-03 -1.508171e-04 2.559842e-03)
5052          	(1.822447e-01 -3.104824e+02 9.001958e+02)	(1.779844e-01 -3.104823e+02 9.001933e+02)	(4.260238e-03 -1.519125e-04 2.558404e-03)
5053          	(1.822875e-01 -3.104824e+02 9.001958e+02)	(1.780255e-01 -3.104822e+02 9.001932e+02)	(4.262007e-03 -1.531404e-04 2.557061e-03)
5054          	(1.823253e-01 -3.104823e+02 9.001957e+02)	(1.780615e-01 -3.104822e+02 9.001932e+02)	(4.263787e-03 -1.543047e-04 2.555637e-03)
5055          	(1.823592e-01 -3.104823e+02 9.001957e+02)	(1.780937e-01 -3.104822e+02 9.001931e+02)	(4.265509e-03 -1.555448e-04 2.554292e-03)
5056          	(1.823887e-01 -3.104823e+02 9.001957e+02)	(1.781215e-01 -3.104821e+02 9.001931e+02)	(4.267237e-03 -1.567172e-04 2.552896e-03)
5057          	(1.824123e-01 -3.104823e+02 9.001956e+02)	(1.781434e-01 -3.104821e+02 9.001931e+02)	(4.268895e-03 -1.579655e-04 2.551589e-03)
5058          	(1.824305e-01 -3.104823e+02 9.001956e+02)	(1.781599e-01 -3.104821e+02 9.001930e+02)	(4.270526e-03 -1.591545e-04 2.550269e-03)
5059          	(1.824431e-01 -3.104823e+02 9.001956e+02)	(1.781710e-01 -3.104821e+02 9.001930e+02)	(4.272086e-03 -1.603662e-04 2.549028e-03)
5060          	(1.824498e-01 -3.104823e+02 9.001955e+02)	(1.781762e-01 -3.104821e+02 9.001930e+02)	(4.273615e-03 -1.615127e-04 2.547760e-03)
5061          	(1.824512e-01 -3.104823e+02 9.001955e+02)	(1.781762e-01 -3.104821e+02 9.001930e+02)	(4.275035e-03 -1.627486e-04 2.546667e-03)
5062          	(1.824476e-01 -3.104823e+02 9.001955e+02)	(1.781711e-01 -3.104821e+02 9.001929e+02)	(4.276445e-03 -1.638314e-04 2.545484e-03)
5063          	(1.824379e-01 -3.104823e+02 9.001955e+02)	(1.781601e-01 -3.104821e+02 9.001929e+02)	(4.277734e-03 -1.650232e-04 2.544466e-03)
5064          	(1.824242e-01 -3.104823e+02 9.001954e+02)	(1.781452e-01 -3.104822e+02 9.001929e+02)	(4.279016e-03 -1.661049e-04 2.543390e-03)
5065          	(1.824070e-01 -3.104824e+02 9.001954e+02)	(1.781268e-01 -3.104822e+02 9.001929e+02)	(4.280186e-03 -1.672406e-04 2.542439e-03)
5066          	(1.823867e-01 -3.104824e+02 9.001954e+02)	(1.781053e-01 -3.104822e+02 9.001928e+02)	(4.281339e-03 -1.682918e-04 2.541440e-03)
5067          	(1.823638e-01 -3.104824e+02 9.001954e+02)	(1.780814e-01 -3.104823e+02 9.001928e+02)	(4.282388e-03 -1.694292e-04 2.540552e-03)
5068          	(1.823391e-01 -3.104825e+02 9.001953e+02)	(1.780557e-01 -3.104823e+02 9.001928e+02)	(4.283413e-03 -1.704881e-04 2.539616e-03)
5069          	(1.823132e-01 -3.104825e+02 9.001953e+02)	(1.780289e-01 -3.104823e+02 9.001928e+02)	(4.284344e-03 -1.716404e-04 2.538793e-03)
5070          	(1.822872e-01 -3.104825e+02 9.001953e+02)	(1.780019e-01 -3.104824e+02 9.001927e+02)	(4.285262e-03 -1.726914e-04 2.537879e-03)
5071          	(1.822617e-01 -3.104826e+02 9.001952e+02)	(1.779756e-01 -3.104824e+02 9.001927e+02)	(4.286091e-03 -1.738252e-04 2.537043e-03)
5072          	(1.822375e-01 -3.104826e+02 9.001952e+02)	(1.779506e-01 -3.104824e+02 9.001927e+02)	(4.286927e-03 -1.748683e-04 2.536132e-03)
5073          	(1.822153e-01 -3.104826e+02 9.001952e+02)	(1.779276e-01 -3.104825e+02 9.001926e+02)	(4.287670e-03 -1.760024e-04 2.535307e-03)
5074          	(1.821953e-01 -3.104827e+02 9.001951e+02)	(1.779069e-01 -3.104825e+02 9.001926e+02)	(4.288427e-03 -1.770563e-04 2.534397e-03)
5075          	(1.821778e-01 -3.104827e+02 9.001951e+02)	(1.778886e-01 -3.104825e+02 9.001926e+02)	(4.289110e-03 -1.781698e-04 2.533553e-03)
5076          	(1.821628e-01 -3.104827e+02 9.001951e+02)	(1.778729e-01 -3.104825e+02 9.001925e+02)	(4.289809e-03 -1.792086e-04 2.532617e-03)
5077          	(1.821653e-01 -3.104827e+02 9.001950e+02)	(1.778748e-01 -3.104825e+02 9.001924e+02)	(4.290512e-03 -1.803526e-04 2.531747e-03)
5078          	(1.821549e-01 -3.104827e+02 9.001949e+02)	(1.778637e-01 -3.104825e+02 9.001924e+02)	(4.291218e-03 -1.814129e-04 2.530808e-03)
5079          	(1.821464e-01 -3.104827e+02 9.001949e+02)	(1.778545e-01 -3.104826e+02 9.001924e+02)	(4.291856e-03 -1.825511e-04 2.529946e-03)
5080          	(1.821393e-01 -3.104828e+02 9.001949e+02)	(1.778468e-01 -3.104826e+02 9.001923e+02)	(4.292506e-03 -1.836155e-04 2.529032e-03)
5081          	(1.821330e-01 -3.104828e+02 9.001948e+02)	(1.778398e-01 -3.104826e+02 9.001923e+02)	(4.293120e-03 -1.847593e-04 2.528188e-03)
5082          	(1.821269e-01 -3.104828e+02 9.001948e+02)	(1.778331e-01 -3.104826e+02 9.001923e+02)	(4.293751e-03 -1.858544e-04 2.527313e-03)
5083          	(1.821203e-01 -3.104828e+02 9.001948e+02)	(1.778260e-01 -3.104826e+02 9.001922e+02)	(4.294353e-03 -1.870405e-04 2.526534e-03)
5084          	(1.821127e-01 -3.104828e+02 9.001947e+02)	(1.778177e-01 -3.104826e+02 9.001922e+02)	(4.294990e-03 -1.881751e-04 2.525728e-03)
5085          	(1.821032e-01 -3.104828e+02 9.001947e+02)	(1.778076e-01 -3.104826e+02 9.001922e+02)	(4.295607e-03 -1.893962e-04 2.525025e-03)
5086          	(1.820915e-01 -3.104828e+02 9.001947e+02)	(1.777952e-01 -3.104826e+02 9.001922e+02)	(4.296257e-03 -1.905907e-04 2.524343e-03)
5087          	(1.820770e-01 -3.104829e+02 9.001947e+02)	(1.777801e-01 -3.104827e+02 9.001921e+02)	(4.296904e-03 -1.918714e-04 2.523762e-03)
5088          	(1.820597e-01 -3.104829e+02 9.001946e+02)	(1.777621e-01 -3.104827e+02 9.001921e+02)	(4.297588e-03 -1.930882e-04 2.523172e-03)
5089          	(1.820393e-01 -3.104829e+02 9.001946e+02)	(1.777411e-01 -3.104827e+02 9.001921e+02)	(4.298262e-03 -1.944204e-04 2.522734e-03)
5090          	(1.820160e-01 -3.104829e+02 9.001946e+02)	(1.777170e-01 -3.104827e+02 9.001921e+02)	(4.298969e-03 -1.956936e-04 2.522319e-03)
5091          	(1.819898e-01 -3.104830e+02 9.001946e+02)	(1.776901e-01 -3.104828e+02 9.001921e+02)	(4.299672e-03 -1.970330e-04 2.522012e-03)
5092          	(1.819608e-01 -3.104830e+02 9.001946e+02)	(1.776604e-01 -3.104828e+02 9.001921e+02)	(4.300398e-03 -1.983473e-04 2.521760e-03)
5093          	(1.819294e-01 -3.104830e+02 9.001946e+02)	(1.776283e-01 -3.104828e+02 9.001921e+02)	(4.301095e-03 -1.997232e-04 2.521649e-03)
5094          	(1.818959e-01 -3.104831e+02 9.001946e+02)	(1.775941e-01 -3.104829e+02 9.001921e+02)	(4.301824e-03 -2.010439e-04 2.521564e-03)
5095          	(1.818607e-01 -3.104831e+02 9.001946e+02)	(1.775582e-01 -3.104829e+02 9.001921e+02)	(4.302538e-03 -2.023982e-04 2.521593e-03)
5096          	(1.818242e-01 -3.104831e+02 9.001947e+02)	(1.775209e-01 -3.104829e+02 9.001921e+02)	(4.303246e-03 -2.037178e-04 2.521677e-03)
5097          	(1.817867e-01 -3.104832e+02 9.001947e+02)	(1.774828e-01 -3.104830e+02 9.001922e+02)	(4.303937e-03 -2.050623e-04 2.521863e-03)
5098          	(1.817491e-01 -3.104832e+02 9.001947e+02)	(1.774445e-01 -3.104830e+02 9.001922e+02)	(4.304648e-03 -2.063452e-04 2.522069e-03)
5099          	(1.817119e-01 -3.104833e+02 9.001947e+02)	(1.774065e-01 -3.104831e+02 9.001922e+02)	(4.305327e-03 -2.076451e-04 2.522377e-03)
5100          	(1.816757e-01 -3.104833e+02 9.001947e+02)	(1.773697e-01 -3.104831e+02 9.001922e+02)	(4.306003e-03 -2.089020e-04 2.522713e-03)
5101          	(1.816403e-01 -3.104833e+02 9.001947e+02)	(1.773336e-01 -3.104831e+02 9.001922e+02)	(4.306641e-03 -2.101413e-04 2.523113e-03)
5102          	(1.816068e-01 -3.104834e+02 9.001948e+02)	(1.772995e-01 -3.104832e+02 9.001922e+02)	(4.307266e-03 -2.113270e-04 2.523539e-03)
5103          	(1.815752e-01 -3.104834e+02 9.001948e+02)	(1.772674e-01 -3.104832e+02 9.001922e+02)	(4.307845e-03 -2.124779e-04 2.524015e-03)
5104          	(1.815457e-01 -3.104834e+02 9.001948e+02)	(1.772373e-01 -3.104832e+02 9.001923e+02)	(4.308408e-03 -2.135471e-04 2.524494e-03)
5105          	(1.815182e-01 -3.104835e+02 9.001948e+02)	(1.772093e-01 -3.104833e+02 9.001923e+02)	(4.308894e-03 -2.145703e-04 2.525027e-03)
5106          	(1.814925e-01 -3.104835e+02 9.001948e+02)	(1.771832e-01 -3.104833e+02 9.001923e+02)	(4.309354e-03 -2.154886e-04 2.525546e-03)
5107          	(1.814693e-01 -3.104835e+02 9.001949e+02)	(1.771596e-01 -3.104833e+02 9.001923e+02)	(4.309738e-03 -2.163452e-04 2.526112e-03)
5108          	(1.814486e-01 -3.104836e+02 9.001949e+02)	(1.771385e-01 -3.104833e+02 9.001923e+02)	(4.310069e-03 -2.170801e-04 2.526662e-03)
5109          	(1.814289e-01 -3.104836e+02 9.001949e+02)	(1.771186e-01 -3.104834e+02 9.001924e+02)	(4.310298e-03 -2.177718e-04 2.527287e-03)
5110          	(1.814101e-01 -3.104836e+02 9.001949e+02)	(1.770996e-01 -3.104834e+02 9.001924e+02)	(4.310471e-03 -2.183417e-04 2.527897e-03)
5111          	(1.813910e-01 -3.104836e+02 9.001950e+02)	(1.770804e-01 -3.104834e+02 9.001924e+02)	(4.310549e-03 -2.187797e-04 2.528507e-03)
5112          	(1.813709e-01 -3.104836e+02 9.001950e+02)	(1.770603e-01 -3.104834e+02 9.001925e+02)	(4.310556e-03 -2.191254e-04 2.529150e-03)
5113          	(1.813506e-01 -3.104837e+02 9.001950e+02)	(1.770401e-01 -3.104834e+02 9.001925e+02)	(4.310437e-03 -2.194386e-04 2.529889e-03)
5114          	(1.813298e-01 -3.104837e+02 9.001951e+02)	(1.770196e-01 -3.104835e+02 9.001925e+02)	(4.310254e-03 -2.196375e-04 2.530631e-03)
5115          	(1.813071e-01 -3.104837e+02 9.001951e+02)	(1.769971e-01 -3.104835e+02 9.001926e+02)	(4.309985e-03 -2.197329e-04 2.531393e-03)
5116          	(1.812833e-01 -3.104837e+02 9.001951e+02)	(1.769737e-01 -3.104835e+02 9.001926e+02)	(4.309643e-03 -2.197302e-04 2.532188e-03)
5117          	(1.812582e-01 -3.104837e+02 9.001952e+02)	(1.769490e-01 -3.104835e+02 9.001926e+02)	(4.309201e-03 -2.196932e-04 2.533084e-03)
5118          	(1.812076e-01 -3.104838e+02 9.001953e+02)	(1.768990e-01 -3.104836e+02 9.001927e+02)	(4.308616e-03 -2.195525e-04 2.534024e-03)
5119          	(1.811814e-01 -3.104838e+02 9.001953e+02)	(1.768734e-01 -3.104836e+02 9.001928e+02)	(4.308029e-03 -2.193004e-04 2.534954e-03)
5120          	(1.811538e-01 -3.104838e+02 9.001953e+02)	(1.768464e-01 -3.104836e+02 9.001928e+02)	(4.307396e-03 -2.190544e-04 2.536002e-03)
5121          	(1.811246e-01 -3.104839e+02 9.001954e+02)	(1.768179e-01 -3.104837e+02 9.001929e+02)	(4.306748e-03 -2.187473e-04 2.537093e-03)
5122          	(1.810938e-01 -3.104839e+02 9.001954e+02)	(1.767877e-01 -3.104837e+02 9.001929e+02)	(4.306088e-03 -2.183928e-04 2.538218e-03)
5123          	(1.810613e-01 -3.104839e+02 9.001955e+02)	(1.767559e-01 -3.104837e+02 9.001930e+02)	(4.305406e-03 -2.180249e-04 2.539431e-03)
5124          	(1.810276e-01 -3.104840e+02 9.001955e+02)	(1.767228e-01 -3.104837e+02 9.001930e+02)	(4.304729e-03 -2.176161e-04 2.540667e-03)
5125          	(1.809927e-01 -3.104840e+02 9.001956e+02)	(1.766887e-01 -3.104838e+02 9.001931e+02)	(4.304039e-03 -2.172100e-04 2.541985e-03)
5126          	(1.809573e-01 -3.104840e+02 9.001957e+02)	(1.766539e-01 -3.104838e+02 9.001931e+02)	(4.303377e-03 -2.167530e-04 2.543300e-03)
5127          	(1.809215e-01 -3.104841e+02 9.001957e+02)	(1.766188e-01 -3.104839e+02 9.001932e+02)	(4.302706e-03 -2.162853e-04 2.544657e-03)
5128          	(1.808859e-01 -3.104841e+02 9.001958e+02)	(1.765838e-01 -3.104839e+02 9.001932e+02)	(4.302056e-03 -2.158364e-04 2.546064e-03)
5129          	(1.808508e-01 -3.104841e+02 9.001958e+02)	(1.765494e-01 -3.104839e+02 9.001933e+02)	(4.301406e-03 -2.153822e-04 2.547520e-03)
5130          	(1.808168e-01 -3.104842e+02 9.001959e+02)	(1.765160e-01 -3.104840e+02 9.001933e+02)	(4.300800e-03 -2.148784e-04 2.548943e-03)
5131          	(1.807820e-01 -3.104842e+02 9.001959e+02)	(1.764818e-01 -3.104840e+02 9.001934e+02)	(4.300182e-03 -2.144239e-04 2.550445e-03)
5132          	(1.807414e-01 -3.104842e+02 9.001959e+02)	(1.764418e-01 -3.104840e+02 9.001934e+02)	(4.299590e-03 -2.139475e-04 2.551951e-03)
5133          	(1.807291e-01 -3.104842e+02 9.001959e+02)	(1.764300e-01 -3.104840e+02 9.001933e+02)	(4.299092e-03 -2.134968e-04 2.553499e-03)
5134          	(1.806951e-01 -3.104842e+02 9.001959e+02)	(1.763965e-01 -3.104840e+02 9.001934e+02)	(4.298584e-03 -2.129658e-04 2.554992e-03)
5135          	(1.806642e-01 -3.104843e+02 9.001960e+02)	(1.763662e-01 -3.104840e+02 9.001934e+02)	(4.298020e-03 -2.124284e-04 2.556523e-03)
5136          	(1.806598e-01 -3.104842e+02 9.001959e+02)	(1.763623e-01 -3.104840e+02 9.001933e+02)	(4.297572e-03 -2.119153e-04 2.558078e-03)
5137          	(1.806364e-01 -3.104842e+02 9.001959e+02)	(1.763393e-01 -3.104840e+02 9.001934e+02)	(4.297062e-03 -2.113412e-04 2.559619e-03)
5138          	(1.806146e-01 -3.104842e+02 9.001960e+02)	(1.763181e-01 -3.104840e+02 9.001934e+02)	(4.296509e-03 -2.106771e-04 2.561113e-03)
5139          	(1.806228e-01 -3.104842e+02 9.001959e+02)	(1.763267e-01 -3.104840e+02 9.001933e+02)	(4.296050e-03 -2.100884e-04 2.562660e-03)
5140          	(1.806115e-01 -3.104842e+02 9.001959e+02)	(1.763160e-01 -3.104840e+02 9.001933e+02)	(4.295550e-03 -2.093937e-04 2.564118e-03)
5141          	(1.806039e-01 -3.104842e+02 9.001959e+02)	(1.763089e-01 -3.104840e+02 9.001934e+02)	(4.294983e-03 -2.086817e-04 2.565584e-03)
5142          	(1.806318e-01 -3.104841e+02 9.001958e+02)	(1.763372e-01 -3.104839e+02 9.001933e+02)	(4.294574e-03 -2.079682e-04 2.566989e-03)
5143          	(1.806328e-01 -3.104841e+02 9.001958e+02)	(1.763387e-01 -3.104839e+02 9.001933e+02)	(4.294059e-03 -2.072416e-04 2.568403e-03)
5144          	(1.806364e-01 -3.104840e+02 9.001959e+02)	(1.763428e-01 -3.104838e+02 9.001933e+02)	(4.293516e-03 -2.064508e-04 2.569747e-03)
5145          	(1.806672e-01 -3.104840e+02 9.001958e+02)	(1.763742e-01 -3.104838e+02 9.001932e+02)	(4.293061e-03 -2.056926e-04 2.571080e-03)
5146          	(1.806779e-01 -3.104839e+02 9.001958e+02)	(1.763854e-01 -3.104837e+02 9.001932e+02)	(4.292553e-03 -2.048661e-04 2.572348e-03)
5147          	(1.806904e-01 -3.104839e+02 9.001958e+02)	(1.763984e-01 -3.104837e+02 9.001932e+02)	(4.291982e-03 -2.040207e-04 2.573609e-03)
5148          	(1.807050e-01 -3.104839e+02 9.001958e+02)	(1.764135e-01 -3.104837e+02 9.001933e+02)	(4.291417e-03 -2.031250e-04 2.574812e-03)
5149          	(1.807483e-01 -3.104838e+02 9.001957e+02)	(1.764574e-01 -3.104836e+02 9.001932e+02)	(4.290929e-03 -2.022689e-04 2.576026e-03)
5150          	(1.807665e-01 -3.104838e+02 9.001958e+02)	(1.764761e-01 -3.104836e+02 9.001932e+02)	(4.290410e-03 -2.013199e-04 2.577164e-03)
5151          	(1.807888e-01 -3.104837e+02 9.001958e+02)	(1.764990e-01 -3.104835e+02 9.001932e+02)	(4.289829e-03 -2.003453e-04 2.578297e-03)
5152          	(1.808117e-01 -3.104837e+02 9.001958e+02)	(1.765225e-01 -3.104835e+02 9.001932e+02)	(4.289226e-03 -1.992969e-04 2.579377e-03)
5153          	(1.808353e-01 -3.104837e+02 9.001958e+02)	(1.765467e-01 -3.104835e+02 9.001932e+02)	(4.288558e-03 -1.982638e-04 2.580492e-03)
5154          	(1.808596e-01 -3.104836e+02 9.001958e+02)	(1.765717e-01 -3.104834e+02 9.001933e+02)	(4.287871e-03 -1.971220e-04 2.581511e-03)
5155          	(1.808814e-01 -3.104836e+02 9.001959e+02)	(1.765943e-01 -3.104834e+02 9.001933e+02)	(4.287104e-03 -1.959867e-04 2.582556e-03)
5156          	(1.809183e-01 -3.104835e+02 9.001958e+02)	(1.766320e-01 -3.104833e+02 9.001932e+02)	(4.286343e-03 -1.947823e-04 2.583537e-03)
5157          	(1.809463e-01 -3.104835e+02 9.001958e+02)	(1.766608e-01 -3.104833e+02 9.001932e+02)	(4.285493e-03 -1.935726e-04 2.584519e-03)
5158          	(1.809776e-01 -3.104834e+02 9.001958e+02)	(1.766930e-01 -3.104832e+02 9.001932e+02)	(4.284594e-03 -1.922972e-04 2.585438e-03)
5159          	(1.810098e-01 -3.104834e+02 9.001958e+02)	(1.767262e-01 -3.104832e+02 9.001933e+02)	(4.283632e-03 -1.910117e-04 2.586324e-03)
5160          	(1.810430e-01 -3.104833e+02 9.001959e+02)	(1.767604e-01 -3.104831e+02 9.001933e+02)	(4.282620e-03 -1.896415e-04 2.587116e-03)
5161          	(1.810769e-01 -3.104833e+02 9.001959e+02)	(1.767954e-01 -3.104831e+02 9.001933e+02)	(4.281525e-03 -1.882648e-04 2.587899e-03)
5162          	(1.811112e-01 -3.104832e+02 9.001959e+02)	(1.768308e-01 -3.104831e+02 9.001933e+02)	(4.280377e-03 -1.868263e-04 2.588593e-03)
5163          	(1.811451e-01 -3.104832e+02 9.001959e+02)	(1.768659e-01 -3.104830e+02 9.001933e+02)	(4.279131e-03 -1.854261e-04 2.589291e-03)
5164          	(1.811785e-01 -3.104832e+02 9.001959e+02)	(1.769006e-01 -3.104830e+02 9.001933e+02)	(4.277830e-03 -1.839536e-04 2.589906e-03)
5165          	(1.812111e-01 -3.104831e+02 9.001959e+02)	(1.769346e-01 -3.104829e+02 9.001933e+02)	(4.276449e-03 -1.824915e-04 2.590496e-03)
5166          	(1.812428e-01 -3.104831e+02 9.001959e+02)	(1.769677e-01 -3.104829e+02 9.001933e+02)	(4.275030e-03 -1.809380e-04 2.590953e-03)
5167          	(1.812730e-01 -3.104830e+02 9.001959e+02)	(1.769995e-01 -3.104828e+02 9.001933e+02)	(4.273508e-03 -1.794093e-04 2.591416e-03)
5168          	(1.813018e-01 -3.104830e+02 9.001959e+02)	(1.770298e-01 -3.104828e+02 9.001933e+02)	(4.271941e-03 -1.778486e-04 2.591824e-03)
5169          	(1.813289e-01 -3.104829e+02 9.001960e+02)	(1.770586e-01 -3.104828e+02 9.001934e+02)	(4.270292e-03 -1.763105e-04 2.592209e-03)
5170          	(1.813541e-01 -3.104829e+02 9.001960e+02)	(1.770855e-01 -3.104827e+02 9.001934e+02)	(4.268614e-03 -1.746879e-04 2.592487e-03)
5171          	(1.813768e-01 -3.104829e+02 9.001960e+02)	(1.771100e-01 -3.104827e+02 9.001934e+02)	(4.266856e-03 -1.731138e-04 2.592781e-03)
5172          	(1.813976e-01 -3.104828e+02 9.001960e+02)	(1.771325e-01 -3.104827e+02 9.001934e+02)	(4.265088e-03 -1.715079e-04 2.593007e-03)
5173          	(1.814165e-01 -3.104828e+02 9.001960e+02)	(1.771533e-01 -3.104827e+02 9.001934e+02)	(4.263270e-03 -1.698957e-04 2.593196e-03)
5174          	(1.814337e-01 -3.104828e+02 9.001960e+02)	(1.771723e-01 -3.104826e+02 9.001934e+02)	(4.261413e-03 -1.682913e-04 2.593361e-03)
5175          	(1.814498e-01 -3.104828e+02 9.001960e+02)	(1.771902e-01 -3.104826e+02 9.001934e+02)	(4.259531e-03 -1.667224e-04 2.593516e-03)
5176          	(1.814643e-01 -3.104828e+02 9.001960e+02)	(1.772067e-01 -3.104826e+02 9.001934e+02)	(4.257650e-03 -1.651291e-04 2.593617e-03)
5177          	(1.814772e-01 -3.104827e+02 9.001960e+02)	(1.772215e-01 -3.104826e+02 9.001934e+02)	(4.255733e-03 -1.635998e-04 2.593747e-03)
5178          	(1.814884e-01 -3.104827e+02 9.001960e+02)	(1.772346e-01 -3.104826e+02 9.001935e+02)	(4.253814e-03 -1.620818e-04 2.593846e-03)
5179          	(1.814977e-01 -3.104827e+02 9.001961e+02)	(1.772458e-01 -3.104825e+02 9.001935e+02)	(4.251911e-03 -1.605609e-04 2.593906e-03)
5180          	(1.815049e-01 -3.104827e+02 9.001961e+02)	(1.772549e-01 -3.104825e+02 9.001935e+02)	(4.250020e-03 -1.590638e-04 2.593944e-03)
5181          	(1.815099e-01 -3.104827e+02 9.001961e+02)	(1.772618e-01 -3.104825e+02 9.001935e+02)	(4.248122e-03 -1.576585e-04 2.594042e-03)
5182          	(1.815152e-01 -3.104827e+02 9.001961e+02)	(1.772689e-01 -3.104825e+02 9.001935e+02)	(4.246264e-03 -1.562259e-04 2.594074e-03)
5183          	(1.815174e-01 -3.104827e+02 9.001961e+02)	(1.772729e-01 -3.104825e+02 9.001935e+02)	(4.244441e-03 -1.548252e-04 2.594102e-03)
5184          	(1.815150e-01 -3.104827e+02 9.001961e+02)	(1.772724e-01 -3.104825e+02 9.001935e+02)	(4.242636e-03 -1.534929e-04 2.594159e-03)
5185          	(1.815091e-01 -3.104827e+02 9.001961e+02)	(1.772682e-01 -3.104825e+02 9.001935e+02)	(4.240894e-03 -1.522277e-04 2.594214e-03)
5186          	(1.814994e-01 -3.104827e+02 9.001961e+02)	(1.772602e-01 -3.104825e+02 9.001935e+02)	(4.239170e-03 -1.509732e-04 2.594259e-03)
5187          	(1.814862e-01 -3.104827e+02 9.001961e+02)	(1.772487e-01 -3.104826e+02 9.001935e+02)	(4.237484e-03 -1.498011e-04 2.594331e-03)
5188          	(1.814697e-01 -3.104827e+02 9.001961e+02)	(1.772339e-01 -3.104826e+02 9.001935e+02)	(4.235859e-03 -1.486339e-04 2.594363e-03)
5189          	(1.814501e-01 -3.104827e+02 9.001961e+02)	(1.772158e-01 -3.104826e+02 9.001935e+02)	(4.234274e-03 -1.475516e-04 2.594426e-03)
5190          	(1.814274e-01 -3.104828e+02 9.001961e+02)	(1.771946e-01 -3.104826e+02 9.001935e+02)	(4.232742e-03 -1.464986e-04 2.594471e-03)
5191          	(1.814020e-01 -3.104828e+02 9.001961e+02)	(1.771707e-01 -3.104827e+02 9.001935e+02)	(4.231261e-03 -1.455287e-04 2.594539e-03)
5192          	(1.813744e-01 -3.104828e+02 9.001961e+02)	(1.771446e-01 -3.104827e+02 9.001935e+02)	(4.229848e-03 -1.445754e-04 2.594574e-03)
5193          	(1.813456e-01 -3.104829e+02 9.001961e+02)	(1.771171e-01 -3.104827e+02 9.001935e+02)	(4.228490e-03 -1.437085e-04 2.594628e-03)
5194          	(1.813169e-01 -3.104829e+02 9.001961e+02)	(1.770897e-01 -3.104828e+02 9.001935e+02)	(4.227196e-03 -1.429168e-04 2.594689e-03)
5195          	(1.812901e-01 -3.104829e+02 9.001960e+02)	(1.770642e-01 -3.104828e+02 9.001934e+02)	(4.225986e-03 -1.421904e-04 2.594744e-03)
5196          	(1.812688e-01 -3.104830e+02 9.001960e+02)	(1.770439e-01 -3.104828e+02 9.001934e+02)	(4.224873e-03 -1.415127e-04 2.594751e-03)
5197          	(1.812554e-01 -3.104830e+02 9.001960e+02)	(1.770316e-01 -3.104828e+02 9.001934e+02)	(4.223865e-03 -1.409152e-04 2.594743e-03)
5198          	(1.812526e-01 -3.104830e+02 9.001960e+02)	(1.770297e-01 -3.104828e+02 9.001934e+02)	(4.222976e-03 -1.403465e-04 2.594662e-03)
5199          	(1.812620e-01 -3.104830e+02 9.001960e+02)	(1.770398e-01 -3.104828e+02 9.001934e+02)	(4.222200e-03 -1.398469e-04 2.594532e-03)
5200          	(1.812820e-01 -3.104830e+02 9.001959e+02)	(1.770605e-01 -3.104828e+02 9.001933e+02)	(4.221573e-03 -1.393745e-04 2.594312e-03)
5201          	(1.813102e-01 -3.104830e+02 9.001959e+02)	(1.770891e-01 -3.104828e+02 9.001933e+02)	(4.221052e-03 -1.389854e-04 2.594021e-03)
5202          	(1.813452e-01 -3.104829e+02 9.001959e+02)	(1.771246e-01 -3.104828e+02 9.001933e+02)	(4.220650e-03 -1.386280e-04 2.593628e-03)
5203          	(1.813862e-01 -3.104829e+02 9.001959e+02)	(1.771659e-01 -3.104828e+02 9.001933e+02)	(4.220357e-03 -1.383267e-04 2.593128e-03)
5204          	(1.814333e-01 -3.104829e+02 9.001958e+02)	(1.772131e-01 -3.104827e+02 9.001933e+02)	(4.220159e-03 -1.380837e-04 2.592518e-03)
5205          	(1.814698e-01 -3.104828e+02 9.001959e+02)	(1.772498e-01 -3.104827e+02 9.001933e+02)	(4.219976e-03 -1.378766e-04 2.591791e-03)
5206          	(1.815240e-01 -3.104828e+02 9.001959e+02)	(1.773040e-01 -3.104827e+02 9.001933e+02)	(4.219927e-03 -1.376884e-04 2.590893e-03)
5207          	(1.815627e-01 -3.104828e+02 9.001959e+02)	(1.773428e-01 -3.104826e+02 9.001933e+02)	(4.219859e-03 -1.375730e-04 2.589918e-03)
5208          	(1.816085e-01 -3.104828e+02 9.001959e+02)	(1.773887e-01 -3.104826e+02 9.001933e+02)	(4.219833e-03 -1.374903e-04 2.588823e-03)
5209          	(1.816679e-01 -3.104827e+02 9.001959e+02)	(1.774479e-01 -3.104826e+02 9.001933e+02)	(4.219940e-03 -1.375045e-04 2.587626e-03)
5210          	(1.817268e-01 -3.104827e+02 9.001958e+02)	(1.775066e-01 -3.104825e+02 9.001932e+02)	(4.220168e-03 -1.375658e-04 2.586311e-03)
5211          	(1.817649e-01 -3.104826e+02 9.001959e+02)	(1.775446e-01 -3.104825e+02 9.001933e+02)	(4.220358e-03 -1.376622e-04 2.584926e-03)
5212          	(1.818188e-01 -3.104826e+02 9.001958e+02)	(1.775982e-01 -3.104825e+02 9.001932e+02)	(4.220674e-03 -1.378255e-04 2.583459e-03)
5213          	(1.818498e-01 -3.104826e+02 9.001959e+02)	(1.776289e-01 -3.104825e+02 9.001933e+02)	(4.220939e-03 -1.380460e-04 2.581982e-03)
5214          	(1.818889e-01 -3.104826e+02 9.001958e+02)	(1.776675e-01 -3.104824e+02 9.001932e+02)	(4.221349e-03 -1.382939e-04 2.580445e-03)
5215          	(1.819135e-01 -3.104826e+02 9.001958e+02)	(1.776917e-01 -3.104824e+02 9.001933e+02)	(4.221769e-03 -1.386076e-04 2.578915e-03)
5216          	(1.819432e-01 -3.104825e+02 9.001958e+02)	(1.777209e-01 -3.104824e+02 9.001932e+02)	(4.222300e-03 -1.389922e-04 2.577406e-03)
5217          	(1.819728e-01 -3.104825e+02 9.001957e+02)	(1.777499e-01 -3.104824e+02 9.001932e+02)	(4.222925e-03 -1.394859e-04 2.575962e-03)
5218          	(1.819784e-01 -3.104825e+02 9.001958e+02)	(1.777549e-01 -3.104824e+02 9.001932e+02)	(4.223578e-03 -1.399500e-04 2.574472e-03)
5219          	(1.819986e-01 -3.104825e+02 9.001957e+02)	(1.777743e-01 -3.104824e+02 9.001932e+02)	(4.224310e-03 -1.405628e-04 2.573112e-03)
5220          	(1.820163e-01 -3.104825e+02 9.001957e+02)	(1.777911e-01 -3.104824e+02 9.001931e+02)	(4.225165e-03 -1.411995e-04 2.571758e-03)
5221          	(1.820125e-01 -3.104826e+02 9.001957e+02)	(1.777865e-01 -3.104824e+02 9.001932e+02)	(4.226001e-03 -1.418812e-04 2.570459e-03)
5222          	(1.820293e-01 -3.104826e+02 9.001957e+02)	(1.778023e-01 -3.104824e+02 9.001931e+02)	(4.226966e-03 -1.426373e-04 2.569185e-03)
5223          	(1.820438e-01 -3.104826e+02 9.001957e+02)	(1.778158e-01 -3.104824e+02 9.001931e+02)	(4.228010e-03 -1.434887e-04 2.567985e-03)
5224          	(1.820383e-01 -3.104826e+02 9.001958e+02)	(1.778092e-01 -3.104825e+02 9.001932e+02)	(4.229075e-03 -1.443286e-04 2.566765e-03)
5225          	(1.820496e-01 -3.104826e+02 9.001957e+02)	(1.778194e-01 -3.104825e+02 9.001931e+02)	(4.230196e-03 -1.452950e-04 2.565641e-03)
5226          	(1.820661e-01 -3.104826e+02 9.001957e+02)	(1.778347e-01 -3.104825e+02 9.001931e+02)	(4.231444e-03 -1.462512e-04 2.564451e-03)
5227          	(1.820638e-01 -3.104827e+02 9.001958e+02)	(1.778311e-01 -3.104825e+02 9.001932e+02)	(4.232652e-03 -1.472770e-04 2.563313e-03)
5228          	(1.820805e-01 -3.104827e+02 9.001957e+02)	(1.778465e-01 -3.104825e+02 9.001932e+02)	(4.233955e-03 -1.483624e-04 2.562176e-03)
5229          	(1.821020e-01 -3.104827e+02 9.001957e+02)	(1.778667e-01 -3.104825e+02 9.001931e+02)	(4.235335e-03 -1.494974e-04 2.561025e-03)
5230          	(1.821014e-01 -3.104827e+02 9.001957e+02)	(1.778647e-01 -3.104825e+02 9.001932e+02)	(4.236688e-03 -1.505904e-04 2.559802e-03)
5231          	(1.821242e-01 -3.104827e+02 9.001957e+02)	(1.778861e-01 -3.104825e+02 9.001932e+02)	(4.238091e-03 -1.517706e-04 2.558602e-03)
5232          	(1.821350e-01 -3.104827e+02 9.001957e+02)	(1.778955e-01 -3.104826e+02 9.001932e+02)	(4.239497e-03 -1.528950e-04 2.557313e-03)
5233          	(1.821535e-01 -3.104827e+02 9.001957e+02)	(1.779126e-01 -3.104826e+02 9.001931e+02)	(4.240924e-03 -1.540778e-04 2.556051e-03)
5234          	(1.821705e-01 -3.104827e+02 9.001957e+02)	(1.779281e-01 -3.104826e+02 9.001931e+02)	(4.242367e-03 -1.552564e-04 2.554741e-03)
5235          	(1.821843e-01 -3.104827e+02 9.001956e+02)	(1.779405e-01 -3.104826e+02 9.001931e+02)	(4.243777e-03 -1.564429e-04 2.553419e-03)
5236          	(1.821957e-01 -3.104827e+02 9.001956e+02)	(1.779505e-01 -3.104825e+02 9.001930e+02)	(4.245173e-03 -1.576057e-04 2.552047e-03)
5237          	(1.822012e-01 -3.104827e+02 9.001955e+02)	(1.779547e-01 -3.104825e+02 9.001930e+02)	(4.246474e-03 -1.588299e-04 2.550737e-03)
5238          	(1.822044e-01 -3.104827e+02 9.001955e+02)	(1.779567e-01 -3.104826e+02 9.001929e+02)	(4.247745e-03 -1.599917e-04 2.549351e-03)
5239          	(1.822047e-01 -3.104827e+02 9.001954e+02)	(1.779557e-01 -3.104826e+02 9.001929e+02)	(4.248943e-03 -1.611562e-04 2.547980e-03)
5240          	(1.822015e-01 -3.104827e+02 9.001954e+02)	(1.779514e-01 -3.104826e+02 9.001928e+02)	(4.250065e-03 -1.623236e-04 2.546635e-03)
5241          	(1.821943e-01 -3.104827e+02 9.001953e+02)	(1.779432e-01 -3.104826e+02 9.001928e+02)	(4.251108e-03 -1.634894e-04 2.545325e-03)
5242          	(1.821828e-01 -3.104828e+02 9.001953e+02)	(1.779307e-01 -3.104826e+02 9.001927e+02)	(4.252115e-03 -1.645718e-04 2.544002e-03)
5243          	(1.821666e-01 -3.104828e+02 9.001952e+02)	(1.779136e-01 -3.104826e+02 9.001927e+02)	(4.253019e-03 -1.657074e-04 2.542786e-03)
5244          	(1.821455e-01 -3.104828e+02 9.001952e+02)	(1.778916e-01 -3.104826e+02 9.001927e+02)	(4.253894e-03 -1.667687e-04 2.541595e-03)
5245          	(1.821192e-01 -3.104828e+02 9.001952e+02)	(1.778645e-01 -3.104827e+02 9.001926e+02)	(4.254695e-03 -1.678728e-04 2.540544e-03)
5246          	(1.820874e-01 -3.104829e+02 9.001952e+02)	(1.778319e-01 -3.104827e+02 9.001926e+02)	(4.255478e-03 -1.689059e-04 2.539537e-03)
5247          	(1.820497e-01 -3.104829e+02 9.001951e+02)	(1.777935e-01 -3.104827e+02 9.001926e+02)	(4.256189e-03 -1.699677e-04 2.538663e-03)
5248          	(1.820061e-01 -3.104830e+02 9.001951e+02)	(1.777492e-01 -3.104828e+02 9.001926e+02)	(4.256908e-03 -1.709680e-04 2.537850e-03)
5249          	(1.819496e-01 -3.104830e+02 9.001951e+02)	(1.776921e-01 -3.104829e+02 9.001926e+02)	(4.257541e-03 -1.720718e-04 2.537257e-03)
5250          	(1.818874e-01 -3.104831e+02 9.001951e+02)	(1.776292e-01 -3.104829e+02 9.001926e+02)	(4.258173e-03 -1.731095e-04 2.536727e-03)
5251          	(1.818202e-01 -3.104832e+02 9.001951e+02)	(1.775614e-01 -3.104830e+02 9.001926e+02)	(4.258789e-03 -1.741584e-04 2.536334e-03)
5252          	(1.817491e-01 -3.104833e+02 9.001951e+02)	(1.774897e-01 -3.104831e+02 9.001926e+02)	(4.259396e-03 -1.752279e-04 2.536092e-03)
5253          	(1.816743e-01 -3.104833e+02 9.001951e+02)	(1.774143e-01 -3.104832e+02 9.001926e+02)	(4.259985e-03 -1.763273e-04 2.536003e-03)
5254          	(1.815989e-01 -3.104834e+02 9.001951e+02)	(1.773383e-01 -3.104833e+02 9.001926e+02)	(4.260592e-03 -1.773870e-04 2.535999e-03)
5255          	(1.815245e-01 -3.104835e+02 9.001951e+02)	(1.772633e-01 -3.104833e+02 9.001926e+02)	(4.261183e-03 -1.785164e-04 2.536188e-03)
5256          	(1.814738e-01 -3.104836e+02 9.001951e+02)	(1.772119e-01 -3.104834e+02 9.001926e+02)	(4.261884e-03 -1.796194e-04 2.536450e-03)
5257          	(1.814041e-01 -3.104836e+02 9.001951e+02)	(1.771415e-01 -3.104835e+02 9.001926e+02)	(4.262542e-03 -1.807093e-04 2.536819e-03)
5258          	(1.813354e-01 -3.104837e+02 9.001952e+02)	(1.770722e-01 -3.104835e+02 9.001926e+02)	(4.263167e-03 -1.817978e-04 2.537300e-03)
5259          	(1.812691e-01 -3.104838e+02 9.001952e+02)	(1.770053e-01 -3.104836e+02 9.001926e+02)	(4.263762e-03 -1.828634e-04 2.537843e-03)
5260          	(1.812094e-01 -3.104839e+02 9.001952e+02)	(1.769450e-01 -3.104837e+02 9.001926e+02)	(4.264391e-03 -1.838661e-04 2.538419e-03)
5261          	(1.811654e-01 -3.104839e+02 9.001951e+02)	(1.769004e-01 -3.104837e+02 9.001926e+02)	(4.265019e-03 -1.849295e-04 2.539090e-03)
5262          	(1.811094e-01 -3.104840e+02 9.001952e+02)	(1.768438e-01 -3.104838e+02 9.001926e+02)	(4.265612e-03 -1.859501e-04 2.539788e-03)
5263          	(1.810564e-01 -3.104840e+02 9.001952e+02)	(1.767902e-01 -3.104838e+02 9.001926e+02)	(4.266157e-03 -1.869368e-04 2.540484e-03)
5264          	(1.810037e-01 -3.104841e+02 9.001952e+02)	(1.767370e-01 -3.104839e+02 9.001926e+02)	(4.266667e-03 -1.878904e-04 2.541181e-03)
5265          	(1.809768e-01 -3.104841e+02 9.001951e+02)	(1.767096e-01 -3.104839e+02 9.001926e+02)	(4.267205e-03 -1.888707e-04 2.541903e-03)
5266          	(1.809345e-01 -3.104841e+02 9.001952e+02)	(1.766668e-01 -3.104839e+02 9.001926e+02)	(4.267718e-03 -1.897550e-04 2.542572e-03)
5267          	(1.808962e-01 -3.104842e+02 9.001952e+02)	(1.766280e-01 -3.104840e+02 9.001926e+02)	(4.268146e-03 -1.906448e-04 2.543262e-03)
5268          	(1.808812e-01 -3.104841e+02 9.001951e+02)	(1.766126e-01 -3.104840e+02 9.001926e+02)	(4.268637e-03 -1.914897e-04 2.543892e-03)
5269          	(1.808534e-01 -3.104842e+02 9.001951e+02)	(1.765844e-01 -3.104840e+02 9.001926e+02)	(4.269029e-03 -1.922894e-04 2.544514e-03)
5270          	(1.808312e-01 -3.104842e+02 9.001951e+02)	(1.765618e-01 -3.104840e+02 9.001926e+02)	(4.269383e-03 -1.929867e-04 2.545064e-03)
5271          	(1.808382e-01 -3.104841e+02 9.001950e+02)	(1.765684e-01 -3.104840e+02 9.001925e+02)	(4.269781e-03 -1.936768e-04 2.545591e-03)
5272          	(1.808276e-01 -3.104841e+02 9.001950e+02)	(1.765575e-01 -3.104840e+02 9.001925e+02)	(4.270109e-03 -1.942891e-04 2.546083e-03)
5273          	(1.808211e-01 -3.104841e+02 9.001950e+02)	(1.765508e-01 -3.104839e+02 9.001924e+02)	(4.270364e-03 -1.948238e-04 2.546546e-03)
5274          	(1.808500e-01 -3.104841e+02 9.001949e+02)	(1.765793e-01 -3.104839e+02 9.001923e+02)	(4.270731e-03 -1.953006e-04 2.546949e-03)
5275          	(1.808528e-01 -3.104841e+02 9.001949e+02)	(1.765818e-01 -3.104839e+02 9.001923e+02)	(4.270998e-03 -1.957491e-04 2.547401e-03)
5276          	(1.808844e-01 -3.104840e+02 9.001948e+02)	(1.766131e-01 -3.104838e+02 9.001922e+02)	(4.271334e-03 -1.961019e-04 2.547785e-03)
5277          	(1.808921e-01 -3.104840e+02 9.001948e+02)	(1.766205e-01 -3.104838e+02 9.001922e+02)	(4.271587e-03 -1.963823e-04 2.548198e-03)
5278          	(1.809013e-01 -3.104839e+02 9.001948e+02)	(1.766295e-01 -3.104837e+02 9.001922e+02)	(4.271801e-03 -1.965754e-04 2.548601e-03)
5279          	(1.809376e-01 -3.104839e+02 9.001947e+02)	(1.766655e-01 -3.104837e+02 9.001921e+02)	(4.272080e-03 -1.967525e-04 2.549054e-03)
5280          	(1.809473e-01 -3.104838e+02 9.001947e+02)	(1.766750e-01 -3.104836e+02 9.001921e+02)	(4.272308e-03 -1.968329e-04 2.549529e-03)
5281          	(1.809551e-01 -3.104838e+02 9.001947e+02)	(1.766826e-01 -3.104836e+02 9.001921e+02)	(4.272490e-03 -1.968417e-04 2.550045e-03)
5282          	(1.809883e-01 -3.104837e+02 9.001946e+02)	(1.767155e-01 -3.104835e+02 9.001920e+02)	(4.272745e-03 -1.967958e-04 2.550576e-03)
5283          	(1.809942e-01 -3.104837e+02 9.001946e+02)	(1.767212e-01 -3.104835e+02 9.001921e+02)	(4.272948e-03 -1.966991e-04 2.551176e-03)
5284          	(1.809970e-01 -3.104837e+02 9.001946e+02)	(1.767239e-01 -3.104835e+02 9.001921e+02)	(4.273101e-03 -1.965397e-04 2.551801e-03)
5285          	(1.809993e-01 -3.104837e+02 9.001946e+02)	(1.767260e-01 -3.104835e+02 9.001921e+02)	(4.273212e-03 -1.963650e-04 2.552482e-03)
5286          	(1.810182e-01 -3.104837e+02 9.001946e+02)	(1.767448e-01 -3.104835e+02 9.001920e+02)	(4.273374e-03 -1.961726e-04 2.553190e-03)
5287          	(1.810150e-01 -3.104837e+02 9.001946e+02)	(1.767415e-01 -3.104835e+02 9.001921e+02)	(4.273459e-03 -1.959794e-04 2.553964e-03)
5288          	(1.810102e-01 -3.104837e+02 9.001946e+02)	(1.767368e-01 -3.104835e+02 9.001921e+02)	(4.273463e-03 -1.957379e-04 2.554761e-03)
5289          	(1.810029e-01 -3.104837e+02 9.001947e+02)	(1.767295e-01 -3.104835e+02 9.001921e+02)	(4.273395e-03 -1.954775e-04 2.555605e-03)
5290          	(1.809932e-01 -3.104837e+02 9.001947e+02)	(1.767200e-01 -3.104835e+02 9.001921e+02)	(4.273264e-03 -1.951597e-04 2.556461e-03)
5291          	(1.809818e-01 -3.104837e+02 9.001947e+02)	(1.767087e-01 -3.104835e+02 9.001922e+02)	(4.273062e-03 -1.948419e-04 2.557361e-03)
5292          	(1.809683e-01 -3.104837e+02 9.001947e+02)	(1.766955e-01 -3.104835e+02 9.001922e+02)	(4.272795e-03 -1.944758e-04 2.558282e-03)
5293          	(1.809731e-01 -3.104837e+02 9.001947e+02)	(1.767005e-01 -3.104835e+02 9.001921e+02)	(4.272548e-03 -1.941104e-04 2.559250e-03)
5294          	(1.809596e-01 -3.104837e+02 9.001947e+02)	(1.766874e-01 -3.104835e+02 9.001922e+02)	(4.272219e-03 -1.936770e-04 2.560257e-03)
5295          	(1.809457e-01 -3.104837e+02 9.001948e+02)	(1.766739e-01 -3.104835e+02 9.001922e+02)	(4.271831e-03 -1.932224e-04 2.561300e-03)
5296          	(1.809329e-01 -3.104837e+02 9.001948e+02)	(1.766615e-01 -3.104835e+02 9.001922e+02)	(4.271424e-03 -1.926821e-04 2.562340e-03)
5297          	(1.809198e-01 -3.104837e+02 9.001948e+02)	(1.766488e-01 -3.104835e+02 9.001923e+02)	(4.270967e-03 -1.921204e-04 2.563417e-03)
5298          	(1.809064e-01 -3.104837e+02 9.001949e+02)	(1.766359e-01 -3.104835e+02 9.001923e+02)	(4.270494e-03 -1.915100e-04 2.564516e-03)
5299          	(1.808932e-01 -3.104837e+02 9.001949e+02)	(1.766232e-01 -3.104835e+02 9.001923e+02)	(4.269982e-03 -1.909189e-04 2.565654e-03)
5300          	(1.808802e-01 -3.104837e+02 9.001949e+02)	(1.766107e-01 -3.104836e+02 9.001924e+02)	(4.269454e-03 -1.902900e-04 2.566780e-03)
5301          	(1.808675e-01 -3.104838e+02 9.001950e+02)	(1.765986e-01 -3.104836e+02 9.001924e+02)	(4.268896e-03 -1.896798e-04 2.567906e-03)
5302          	(1.808554e-01 -3.104838e+02 9.001950e+02)	(1.765870e-01 -3.104836e+02 9.001924e+02)	(4.268342e-03 -1.890110e-04 2.568964e-03)
5303          	(1.808439e-01 -3.104838e+02 9.001950e+02)	(1.765762e-01 -3.104836e+02 9.001924e+02)	(4.267735e-03 -1.883913e-04 2.570030e-03)
5304          	(1.808333e-01 -3.104838e+02 9.001950e+02)	(1.765661e-01 -3.104836e+02 9.001925e+02)	(4.267113e-03 -1.877616e-04 2.571047e-03)
5305          	(1.808237e-01 -3.104838e+02 9.001951e+02)	(1.765572e-01 -3.104836e+02 9.001925e+02)	(4.266456e-03 -1.871578e-04 2.572034e-03)
5306          	(1.808157e-01 -3.104838e+02 9.001951e+02)	(1.765499e-01 -3.104836e+02 9.001925e+02)	(4.265776e-03 -1.865343e-04 2.572960e-03)
5307          	(1.808094e-01 -3.104838e+02 9.001951e+02)	(1.765444e-01 -3.104836e+02 9.001925e+02)	(4.265053e-03 -1.859448e-04 2.573877e-03)
5308          	(1.808050e-01 -3.104838e+02 9.001951e+02)	(1.765407e-01 -3.104836e+02 9.001926e+02)	(4.264317e-03 -1.853274e-04 2.574726e-03)
5309          	(1.808007e-01 -3.104838e+02 9.001951e+02)	(1.765372e-01 -3.104836e+02 9.001926e+02)	(4.263557e-03 -1.846862e-04 2.575523e-03)
5310          	(1.807987e-01 -3.104838e+02 9.001952e+02)	(1.765359e-01 -3.104836e+02 9.001926e+02)	(4.262767e-03 -1.840206e-04 2.576283e-03)
5311          	(1.807991e-01 -3.104838e+02 9.001952e+02)	(1.765372e-01 -3.104836e+02 9.001926e+02)	(4.261953e-03 -1.833424e-04 2.577010e-03)
5312          	(1.808022e-01 -3.104838e+02 9.001952e+02)	(1.765411e-01 -3.104836e+02 9.001926e+02)	(4.261127e-03 -1.826069e-04 2.577678e-03)
5313          	(1.808081e-01 -3.104838e+02 9.001952e+02)	(1.765478e-01 -3.104836e+02 9.001927e+02)	(4.260278e-03 -1.818210e-04 2.578302e-03)
5314          	(1.808168e-01 -3.104838e+02 9.001952e+02)	(1.765573e-01 -3.104836e+02 9.001927e+02)	(4.259425e-03 -1.809641e-04 2.578872e-03)
5315          	(1.808281e-01 -3.104838e+02 9.001953e+02)	(1.765696e-01 -3.104836e+02 9.001927e+02)	(4.258535e-03 -1.800604e-04 2.579401e-03)
5316          	(1.808420e-01 -3.104837e+02 9.001953e+02)	(1.765843e-01 -3.104836e+02 9.001927e+02)	(4.257650e-03 -1.790827e-04 2.579880e-03)
5317          	(1.808607e-01 -3.104837e+02 9.001953e+02)	(1.766039e-01 -3.104835e+02 9.001927e+02)	(4.256758e-03 -1.780273e-04 2.580300e-03)
5318          	(1.808814e-01 -3.104837e+02 9.001953e+02)	(1.766256e-01 -3.104835e+02 9.001927e+02)	(4.255849e-03 -1.769196e-04 2.580706e-03)
5319          	(1.809029e-01 -3.104836e+02 9.001953e+02)	(1.766480e-01 -3.104835e+02 9.001927e+02)	(4.254929e-03 -1.757597e-04 2.581080e-03)
5320          	(1.809252e-01 -3.104836e+02 9.001953e+02)	(1.766712e-01 -3.104834e+02 9.001927e+02)	(4.254028e-03 -1.745154e-04 2.581399e-03)
5321          	(1.809480e-01 -3.104836e+02 9.001953e+02)	(1.766949e-01 -3.104834e+02 9.001928e+02)	(4.253128e-03 -1.732112e-04 2.581672e-03)
5322          	(1.809710e-01 -3.104836e+02 9.001954e+02)	(1.767188e-01 -3.104834e+02 9.001928e+02)	(4.252220e-03 -1.718923e-04 2.581969e-03)
5323          	(1.809941e-01 -3.104835e+02 9.001954e+02)	(1.767428e-01 -3.104834e+02 9.001928e+02)	(4.251341e-03 -1.705291e-04 2.582232e-03)
5324          	(1.810171e-01 -3.104835e+02 9.001954e+02)	(1.767666e-01 -3.104833e+02 9.001928e+02)	(4.250478e-03 -1.691501e-04 2.582490e-03)
5325          	(1.810399e-01 -3.104835e+02 9.001954e+02)	(1.767903e-01 -3.104833e+02 9.001928e+02)	(4.249645e-03 -1.677717e-04 2.582745e-03)
5326          	(1.810623e-01 -3.104834e+02 9.001954e+02)	(1.768134e-01 -3.104833e+02 9.001928e+02)	(4.248856e-03 -1.664010e-04 2.582997e-03)
5327          	(1.810845e-01 -3.104834e+02 9.001954e+02)	(1.768364e-01 -3.104832e+02 9.001928e+02)	(4.248106e-03 -1.650435e-04 2.583217e-03)
5328          	(1.811065e-01 -3.104834e+02 9.001954e+02)	(1.768591e-01 -3.104832e+02 9.001928e+02)	(4.247384e-03 -1.637563e-04 2.583460e-03)
5329          	(1.811286e-01 -3.104833e+02 9.001954e+02)	(1.768819e-01 -3.104832e+02 9.001928e+02)	(4.246701e-03 -1.625140e-04 2.583668e-03)
5330          	(1.811525e-01 -3.104833e+02 9.001954e+02)	(1.769064e-01 -3.104831e+02 9.001928e+02)	(4.246056e-03 -1.612988e-04 2.583831e-03)
5331          	(1.811775e-01 -3.104833e+02 9.001954e+02)	(1.769321e-01 -3.104831e+02 9.001928e+02)	(4.245444e-03 -1.601340e-04 2.583927e-03)
5332          	(1.812031e-01 -3.104832e+02 9.001954e+02)	(1.769582e-01 -3.104831e+02 9.001928e+02)	(4.244838e-03 -1.590550e-04 2.583991e-03)
5333          	(1.812291e-01 -3.104832e+02 9.001954e+02)	(1.769848e-01 -3.104831e+02 9.001928e+02)	(4.244242e-03 -1.579988e-04 2.583961e-03)
5334          	(1.812545e-01 -3.104832e+02 9.001954e+02)	(1.770109e-01 -3.104830e+02 9.001928e+02)	(4.243666e-03 -1.569950e-04 2.583858e-03)
5335          	(1.812795e-01 -3.104832e+02 9.001954e+02)	(1.770364e-01 -3.104830e+02 9.001928e+02)	(4.243094e-03 -1.560334e-04 2.583669e-03)
5336          	(1.813051e-01 -3.104831e+02 9.001954e+02)	(1.770626e-01 -3.104830e+02 9.001928e+02)	(4.242521e-03 -1.551240e-04 2.583417e-03)
5337          	(1.813313e-01 -3.104831e+02 9.001953e+02)	(1.770894e-01 -3.104829e+02 9.001928e+02)	(4.241941e-03 -1.542345e-04 2.583089e-03)
5338          	(1.813580e-01 -3.104831e+02 9.001953e+02)	(1.771166e-01 -3.104829e+02 9.001927e+02)	(4.241362e-03 -1.533625e-04 2.582677e-03)
5339          	(1.813849e-01 -3.104830e+02 9.001953e+02)	(1.771441e-01 -3.104829e+02 9.001927e+02)	(4.240746e-03 -1.525281e-04 2.582237e-03)
5340          	(1.814118e-01 -3.104830e+02 9.001953e+02)	(1.771716e-01 -3.104828e+02 9.001927e+02)	(4.240165e-03 -1.516431e-04 2.581687e-03)
5341          	(1.814383e-01 -3.104830e+02 9.001953e+02)	(1.771987e-01 -3.104828e+02 9.001927e+02)	(4.239528e-03 -1.508383e-04 2.581170e-03)
5342          	(1.814640e-01 -3.104829e+02 9.001952e+02)	(1.772251e-01 -3.104828e+02 9.001927e+02)	(4.238896e-03 -1.499880e-04 2.580568e-03)
5343          	(1.814886e-01 -3.104829e+02 9.001952e+02)	(1.772504e-01 -3.104827e+02 9.001926e+02)	(4.238255e-03 -1.491722e-04 2.579966e-03)
5344          	(1.815125e-01 -3.104829e+02 9.001952e+02)	(1.772749e-01 -3.104827e+02 9.001926e+02)	(4.237615e-03 -1.483300e-04 2.579325e-03)
5345          	(1.815346e-01 -3.104828e+02 9.001952e+02)	(1.772977e-01 -3.104827e+02 9.001926e+02)	(4.236948e-03 -1.475262e-04 2.578719e-03)
5346          	(1.815547e-01 -3.104828e+02 9.001952e+02)	(1.773184e-01 -3.104826e+02 9.001926e+02)	(4.236314e-03 -1.466696e-04 2.578051e-03)
5347          	(1.815725e-01 -3.104828e+02 9.001952e+02)	(1.773369e-01 -3.104826e+02 9.001926e+02)	(4.235643e-03 -1.458798e-04 2.577461e-03)
5348          	(1.815880e-01 -3.104827e+02 9.001952e+02)	(1.773530e-01 -3.104826e+02 9.001926e+02)	(4.235006e-03 -1.450592e-04 2.576835e-03)
5349          	(1.816012e-01 -3.104827e+02 9.001952e+02)	(1.773669e-01 -3.104826e+02 9.001926e+02)	(4.234350e-03 -1.442724e-04 2.576253e-03)
5350          	(1.816122e-01 -3.104827e+02 9.001952e+02)	(1.773784e-01 -3.104826e+02 9.001926e+02)	(4.233718e-03 -1.434901e-04 2.575682e-03)
5351          	(1.816210e-01 -3.104827e+02 9.001951e+02)	(1.773879e-01 -3.104826e+02 9.001926e+02)	(4.233078e-03 -1.427151e-04 2.575111e-03)
5352          	(1.816280e-01 -3.104827e+02 9.001951e+02)	(1.773956e-01 -3.104826e+02 9.001926e+02)	(4.232474e-03 -1.419106e-04 2.574515e-03)
5353          	(1.816336e-01 -3.104827e+02 9.001951e+02)	(1.774018e-01 -3.104825e+02 9.001926e+02)	(4.231837e-03 -1.412056e-04 2.573995e-03)
5354          	(1.816383e-01 -3.104827e+02 9.001951e+02)	(1.774071e-01 -3.104825e+02 9.001926e+02)	(4.231225e-03 -1.404750e-04 2.573437e-03)
5355          	(1.816425e-01 -3.104827e+02 9.001951e+02)	(1.774119e-01 -3.104825e+02 9.001926e+02)	(4.230600e-03 -1.397745e-04 2.572894e-03)
5356          	(1.816469e-01 -3.104827e+02 9.001951e+02)	(1.774169e-01 -3.104825e+02 9.001926e+02)	(4.230006e-03 -1.390908e-04 2.572319e-03)
5357          	(1.816518e-01 -3.104827e+02 9.001951e+02)	(1.774224e-01 -3.104825e+02 9.001926e+02)	(4.229393e-03 -1.384242e-04 2.571742e-03)
5358          	(1.816575e-01 -3.104827e+02 9.001951e+02)	(1.774287e-01 -3.104825e+02 9.001926e+02)	(4.228790e-03 -1.377656e-04 2.571149e-03)
5359          	(1.816645e-01 -3.104826e+02 9.001951e+02)	(1.774363e-01 -3.104825e+02 9.001925e+02)	(4.228220e-03 -1.371497e-04 2.570516e-03)
5360          	(1.816731e-01 -3.104826e+02 9.001951e+02)	(1.774455e-01 -3.104825e+02 9.001925e+02)	(4.227652e-03 -1.365438e-04 2.569868e-03)
5361          	(1.816838e-01 -3.104826e+02 9.001951e+02)	(1.774567e-01 -3.104825e+02 9.001925e+02)	(4.227095e-03 -1.359827e-04 2.569210e-03)
5362          	(1.816982e-01 -3.104826e+02 9.001951e+02)	(1.774716e-01 -3.104825e+02 9.001925e+02)	(4.226569e-03 -1.354154e-04 2.568502e-03)
5363          	(1.817150e-01 -3.104826e+02 9.001950e+02)	(1.774890e-01 -3.104824e+02 9.001925e+02)	(4.226059e-03 -1.348818e-04 2.567776e-03)
5364          	(1.817348e-01 -3.104825e+02 9.001950e+02)	(1.775092e-01 -3.104824e+02 9.001924e+02)	(4.225601e-03 -1.343526e-04 2.566995e-03)
5365          	(1.817579e-01 -3.104825e+02 9.001950e+02)	(1.775328e-01 -3.104824e+02 9.001924e+02)	(4.225162e-03 -1.338708e-04 2.566203e-03)
5366          	(1.817851e-01 -3.104825e+02 9.001950e+02)	(1.775603e-01 -3.104823e+02 9.001924e+02)	(4.224772e-03 -1.333950e-04 2.565369e-03)
5367          	(1.818196e-01 -3.104824e+02 9.001949e+02)	(1.775951e-01 -3.104823e+02 9.001924e+02)	(4.224464e-03 -1.329228e-04 2.564474e-03)
5368          	(1.818607e-01 -3.104824e+02 9.001949e+02)	(1.776365e-01 -3.104823e+02 9.001923e+02)	(4.224209e-03 -1.324894e-04 2.563570e-03)
5369          	(1.819075e-01 -3.104823e+02 9.001949e+02)	(1.776835e-01 -3.104822e+02 9.001923e+02)	(4.224022e-03 -1.320906e-04 2.562649e-03)
5370          	(1.819591e-01 -3.104823e+02 9.001949e+02)	(1.777352e-01 -3.104822e+02 9.001923e+02)	(4.223948e-03 -1.316879e-04 2.561680e-03)
5371          	(1.820173e-01 -3.104822e+02 9.001948e+02)	(1.777933e-01 -3.104821e+02 9.001923e+02)	(4.223962e-03 -1.313642e-04 2.560722e-03)
5372          	(1.820760e-01 -3.104822e+02 9.001948e+02)	(1.778520e-01 -3.104820e+02 9.001923e+02)	(4.224071e-03 -1.310851e-04 2.559768e-03)
5373          	(1.821331e-01 -3.104821e+02 9.001948e+02)	(1.779088e-01 -3.104820e+02 9.001923e+02)	(4.224285e-03 -1.308263e-04 2.558789e-03)
5374          	(1.821676e-01 -3.104821e+02 9.001949e+02)	(1.779431e-01 -3.104820e+02 9.001924e+02)	(4.224494e-03 -1.306312e-04 2.557850e-03)
5375          	(1.822045e-01 -3.104821e+02 9.001950e+02)	(1.779798e-01 -3.104820e+02 9.001924e+02)	(4.224747e-03 -1.304891e-04 2.556920e-03)
5376          	(1.822515e-01 -3.104821e+02 9.001950e+02)	(1.780264e-01 -3.104819e+02 9.001924e+02)	(4.225161e-03 -1.304310e-04 2.555995e-03)
5377          	(1.822924e-01 -3.104820e+02 9.001950e+02)	(1.780668e-01 -3.104819e+02 9.001924e+02)	(4.225668e-03 -1.305065e-04 2.555126e-03)
5378          	(1.823081e-01 -3.104821e+02 9.001951e+02)	(1.780819e-01 -3.104819e+02 9.001925e+02)	(4.226168e-03 -1.306391e-04 2.554272e-03)
5379          	(1.823342e-01 -3.104821e+02 9.001951e+02)	(1.781074e-01 -3.104819e+02 9.001925e+02)	(4.226792e-03 -1.308390e-04 2.553390e-03)
5380          	(1.823318e-01 -3.104821e+02 9.001952e+02)	(1.781045e-01 -3.104820e+02 9.001926e+02)	(4.227376e-03 -1.311647e-04 2.552598e-03)
5381          	(1.823440e-01 -3.104821e+02 9.001952e+02)	(1.781160e-01 -3.104820e+02 9.001926e+02)	(4.228049e-03 -1.315871e-04 2.551797e-03)
5382          	(1.823486e-01 -3.104821e+02 9.001952e+02)	(1.781198e-01 -3.104820e+02 9.001926e+02)	(4.228799e-03 -1.321067e-04 2.551009e-03)
5383          	(1.823191e-01 -3.104822e+02 9.001953e+02)	(1.780896e-01 -3.104821e+02 9.001927e+02)	(4.229458e-03 -1.326778e-04 2.550248e-03)
5384          	(1.823167e-01 -3.104822e+02 9.001953e+02)	(1.780865e-01 -3.104821e+02 9.001927e+02)	(4.230228e-03 -1.333282e-04 2.549465e-03)
5385          	(1.822881e-01 -3.104823e+02 9.001954e+02)	(1.780572e-01 -3.104822e+02 9.001928e+02)	(4.230958e-03 -1.340112e-04 2.548696e-03)
5386          	(1.822813e-01 -3.104823e+02 9.001953e+02)	(1.780496e-01 -3.104822e+02 9.001928e+02)	(4.231785e-03 -1.347819e-04 2.547933e-03)
5387          	(1.822767e-01 -3.104823e+02 9.001953e+02)	(1.780440e-01 -3.104822e+02 9.001928e+02)	(4.232695e-03 -1.356163e-04 2.547151e-03)
5388          	(1.822728e-01 -3.104824e+02 9.001953e+02)	(1.780391e-01 -3.104822e+02 9.001927e+02)	(4.233699e-03 -1.364570e-04 2.546325e-03)
5389          	(1.822410e-01 -3.104824e+02 9.001954e+02)	(1.780064e-01 -3.104823e+02 9.001928e+02)	(4.234616e-03 -1.373492e-04 2.545523e-03)
5390          	(1.822403e-01 -3.104824e+02 9.001954e+02)	(1.780047e-01 -3.104823e+02 9.001928e+02)	(4.235645e-03 -1.382714e-04 2.544672e-03)
5391          	(1.822237e-01 -3.104825e+02 9.001954e+02)	(1.779871e-01 -3.104823e+02 9.001929e+02)	(4.236662e-03 -1.392164e-04 2.543815e-03)
5392          	(1.822264e-01 -3.104825e+02 9.001954e+02)	(1.779886e-01 -3.104824e+02 9.001928e+02)	(4.237788e-03 -1.402057e-04 2.542943e-03)
5393          	(1.822314e-01 -3.104825e+02 9.001953e+02)	(1.779924e-01 -3.104824e+02 9.001928e+02)	(4.238989e-03 -1.412115e-04 2.542030e-03)
5394          	(1.822404e-01 -3.104825e+02 9.001953e+02)	(1.780001e-01 -3.104824e+02 9.001928e+02)	(4.240266e-03 -1.422386e-04 2.541083e-03)
5395          	(1.822370e-01 -3.104825e+02 9.001954e+02)	(1.779955e-01 -3.104824e+02 9.001928e+02)	(4.241497e-03 -1.432853e-04 2.540135e-03)
5396          	(1.822486e-01 -3.104825e+02 9.001953e+02)	(1.780058e-01 -3.104824e+02 9.001928e+02)	(4.242819e-03 -1.443424e-04 2.539136e-03)
5397          	(1.822578e-01 -3.104826e+02 9.001953e+02)	(1.780136e-01 -3.104824e+02 9.001928e+02)	(4.244176e-03 -1.454193e-04 2.538119e-03)
5398          	(1.822534e-01 -3.104826e+02 9.001954e+02)	(1.780079e-01 -3.104824e+02 9.001928e+02)	(4.245502e-03 -1.464918e-04 2.537075e-03)
5399          	(1.822671e-01 -3.104826e+02 9.001954e+02)	(1.780202e-01 -3.104824e+02 9.001928e+02)	(4.246888e-03 -1.475995e-04 2.536008e-03)
5400          	(1.822647e-01 -3.104826e+02 9.001954e+02)	(1.780164e-01 -3.104825e+02 9.001929e+02)	(4.248277e-03 -1.486989e-04 2.534900e-03)
5401          	(1.822738e-01 -3.104826e+02 9.001954e+02)	(1.780241e-01 -3.104825e+02 9.001929e+02)	(4.249693e-03 -1.498592e-04 2.533818e-03)
5402          	(1.822811e-01 -3.104826e+02 9.001954e+02)	(1.780300e-01 -3.104825e+02 9.001928e+02)	(4.251166e-03 -1.510251e-04 2.532699e-03)
5403          	(1.822853e-01 -3.104827e+02 9.001954e+02)	(1.780327e-01 -3.104825e+02 9.001928e+02)	(4.252648e-03 -1.522328e-04 2.531609e-03)
5404          	(1.822664e-01 -3.104827e+02 9.001954e+02)	(1.780124e-01 -3.104825e+02 9.001929e+02)	(4.254083e-03 -1.534224e-04 2.530510e-03)
5405          	(1.822617e-01 -3.104827e+02 9.001954e+02)	(1.780062e-01 -3.104826e+02 9.001929e+02)	(4.255512e-03 -1.546773e-04 2.529465e-03)
5406          	(1.822503e-01 -3.104827e+02 9.001954e+02)	(1.779933e-01 -3.104826e+02 9.001929e+02)	(4.256967e-03 -1.559145e-04 2.528405e-03)
5407          	(1.822348e-01 -3.104828e+02 9.001954e+02)	(1.779764e-01 -3.104826e+02 9.001929e+02)	(4.258402e-03 -1.571888e-04 2.527401e-03)
5408          	(1.822154e-01 -3.104828e+02 9.001954e+02)	(1.779556e-01 -3.104826e+02 9.001929e+02)	(4.259845e-03 -1.584643e-04 2.526405e-03)
5409          	(1.821923e-01 -3.104828e+02 9.001954e+02)	(1.779311e-01 -3.104827e+02 9.001929e+02)	(4.261254e-03 -1.597735e-04 2.525479e-03)
5410          	(1.821646e-01 -3.104829e+02 9.001954e+02)	(1.779020e-01 -3.104827e+02 9.001929e+02)	(4.262673e-03 -1.610720e-04 2.524568e-03)
5411          	(1.821322e-01 -3.104829e+02 9.001954e+02)	(1.778681e-01 -3.104828e+02 9.001929e+02)	(4.264043e-03 -1.624321e-04 2.523755e-03)
5412          	(1.820951e-01 -3.104830e+02 9.001954e+02)	(1.778297e-01 -3.104828e+02 9.001929e+02)	(4.265416e-03 -1.637840e-04 2.522980e-03)
5413          	(1.820517e-01 -3.104830e+02 9.001954e+02)	(1.777850e-01 -3.104829e+02 9.001929e+02)	(4.266737e-03 -1.651661e-04 2.522290e-03)
5414          	(1.819991e-01 -3.104831e+02 9.001954e+02)	(1.777310e-01 -3.104829e+02 9.001928e+02)	(4.268021e-03 -1.665306e-04 2.521640e-03)
5415          	(1.819526e-01 -3.104831e+02 9.001953e+02)	(1.776834e-01 -3.104830e+02 9.001928e+02)	(4.269267e-03 -1.678656e-04 2.521046e-03)
5416          	(1.819000e-01 -3.104832e+02 9.001953e+02)	(1.776295e-01 -3.104830e+02 9.001928e+02)	(4.270453e-03 -1.692111e-04 2.520532e-03)
5417          	(1.818491e-01 -3.104833e+02 9.001953e+02)	(1.775775e-01 -3.104831e+02 9.001928e+02)	(4.271560e-03 -1.705404e-04 2.520091e-03)
5418          	(1.818059e-01 -3.104833e+02 9.001953e+02)	(1.775332e-01 -3.104831e+02 9.001928e+02)	(4.272649e-03 -1.717630e-04 2.519623e-03)
5419          	(1.817590e-01 -3.104834e+02 9.001953e+02)	(1.774853e-01 -3.104832e+02 9.001928e+02)	(4.273670e-03 -1.729910e-04 2.519235e-03)
5420          	(1.817149e-01 -3.104834e+02 9.001952e+02)	(1.774402e-01 -3.104832e+02 9.001927e+02)	(4.274630e-03 -1.741826e-04 2.518880e-03)
5421          	(1.816857e-01 -3.104834e+02 9.001952e+02)	(1.774101e-01 -3.104833e+02 9.001927e+02)	(4.275605e-03 -1.753106e-04 2.518504e-03)
5422          	(1.816603e-01 -3.104834e+02 9.001951e+02)	(1.773837e-01 -3.104833e+02 9.001926e+02)	(4.276552e-03 -1.764464e-04 2.518185e-03)
5423          	(1.816343e-01 -3.104835e+02 9.001951e+02)	(1.773569e-01 -3.104833e+02 9.001926e+02)	(4.277443e-03 -1.775058e-04 2.517853e-03)
5424          	(1.816120e-01 -3.104835e+02 9.001951e+02)	(1.773337e-01 -3.104833e+02 9.001925e+02)	(4.278286e-03 -1.785186e-04 2.517525e-03)
5425          	(1.815935e-01 -3.104835e+02 9.001950e+02)	(1.773144e-01 -3.104833e+02 9.001925e+02)	(4.279090e-03 -1.795090e-04 2.517224e-03)
5426          	(1.815777e-01 -3.104835e+02 9.001950e+02)	(1.772978e-01 -3.104833e+02 9.001925e+02)	(4.279870e-03 -1.804780e-04 2.516925e-03)
5427          	(1.815775e-01 -3.104835e+02 9.001949e+02)	(1.772968e-01 -3.104833e+02 9.001924e+02)	(4.280715e-03 -1.814405e-04 2.516621e-03)
5428          	(1.815746e-01 -3.104835e+02 9.001949e+02)	(1.772930e-01 -3.104833e+02 9.001923e+02)	(4.281592e-03 -1.824330e-04 2.516354e-03)
5429          	(1.815596e-01 -3.104835e+02 9.001948e+02)	(1.772772e-01 -3.104833e+02 9.001923e+02)	(4.282407e-03 -1.834186e-04 2.516134e-03)
5430          	(1.815474e-01 -3.104835e+02 9.001948e+02)	(1.772642e-01 -3.104833e+02 9.001923e+02)	(4.283208e-03 -1.843962e-04 2.515946e-03)
5431          	(1.815471e-01 -3.104835e+02 9.001948e+02)	(1.772630e-01 -3.104833e+02 9.001922e+02)	(4.284064e-03 -1.853917e-04 2.515791e-03)
5432          	(1.815359e-01 -3.104835e+02 9.001947e+02)	(1.772510e-01 -3.104833e+02 9.001922e+02)	(4.284912e-03 -1.864007e-04 2.515696e-03)
5433          	(1.815239e-01 -3.104835e+02 9.001947e+02)	(1.772381e-01 -3.104833e+02 9.001922e+02)	(4.285770e-03 -1.874008e-04 2.515643e-03)
5434          	(1.815200e-01 -3.104835e+02 9.001947e+02)	(1.772333e-01 -3.104833e+02 9.001922e+02)	(4.286711e-03 -1.884651e-04 2.515659e-03)
5435          	(1.815026e-01 -3.104835e+02 9.001947e+02)	(1.772150e-01 -3.104833e+02 9.001922e+02)	(4.287638e-03 -1.895244e-04 2.515740e-03)
5436          	(1.814913e-01 -3.104835e+02 9.001946e+02)	(1.772026e-01 -3.104833e+02 9.001921e+02)	(4.288657e-03 -1.906213e-04 2.515876e-03)
5437          	(1.814663e-01 -3.104835e+02 9.001946e+02)	(1.771766e-01 -3.104833e+02 9.001921e+02)	(4.289635e-03 -1.917348e-04 2.516109e-03)
5438          	(1.814368e-01 -3.104835e+02 9.001946e+02)	(1.771461e-01 -3.104834e+02 9.001921e+02)	(4.290636e-03 -1.928303e-04 2.516383e-03)
5439          	(1.814224e-01 -3.104835e+02 9.001945e+02)	(1.771306e-01 -3.104833e+02 9.001920e+02)	(4.291739e-03 -1.939945e-04 2.516749e-03)
5440          	(1.813879e-01 -3.104836e+02 9.001945e+02)	(1.770950e-01 -3.104834e+02 9.001920e+02)	(4.292820e-03 -1.951547e-04 2.517180e-03)
5441          	(1.813646e-01 -3.104836e+02 9.001944e+02)	(1.770707e-01 -3.104834e+02 9.001919e+02)	(4.293956e-03 -1.963868e-04 2.517717e-03)
5442          	(1.813338e-01 -3.104836e+02 9.001944e+02)	(1.770387e-01 -3.104834e+02 9.001919e+02)	(4.295095e-03 -1.975584e-04 2.518254e-03)
5443          	(1.812999e-01 -3.104836e+02 9.001944e+02)	(1.770037e-01 -3.104834e+02 9.001919e+02)	(4.296182e-03 -1.987431e-04 2.518889e-03)
5444          	(1.812884e-01 -3.104836e+02 9.001943e+02)	(1.769910e-01 -3.104834e+02 9.001918e+02)	(4.297397e-03 -1.999531e-04 2.519544e-03)
5445          	(1.812628e-01 -3.104836e+02 9.001943e+02)	(1.769643e-01 -3.104834e+02 9.001918e+02)	(4.298547e-03 -2.011221e-04 2.520236e-03)
5446          	(1.812512e-01 -3.104836e+02 9.001942e+02)	(1.769514e-01 -3.104834e+02 9.001917e+02)	(4.299772e-03 -2.022545e-04 2.520931e-03)
5447          	(1.812334e-01 -3.104836e+02 9.001943e+02)	(1.769325e-01 -3.104834e+02 9.001917e+02)	(4.300897e-03 -2.033743e-04 2.521696e-03)
5448          	(1.812193e-01 -3.104836e+02 9.001943e+02)	(1.769174e-01 -3.104834e+02 9.001917e+02)	(4.301971e-03 -2.044084e-04 2.522463e-03)
5449          	(1.812316e-01 -3.104835e+02 9.001942e+02)	(1.769285e-01 -3.104833e+02 9.001916e+02)	(4.303076e-03 -2.054128e-04 2.523253e-03)
5450          	(1.812274e-01 -3.104835e+02 9.001942e+02)	(1.769233e-01 -3.104833e+02 9.001917e+02)	(4.304090e-03 -2.063279e-04 2.524053e-03)
5451          	(1.812279e-01 -3.104835e+02 9.001942e+02)	(1.769229e-01 -3.104833e+02 9.001916e+02)	(4.305011e-03 -2.071379e-04 2.524863e-03)
5452          	(1.812510e-01 -3.104835e+02 9.001941e+02)	(1.769451e-01 -3.104833e+02 9.001916e+02)	(4.305929e-03 -2.078498e-04 2.525659e-03)
5453          	(1.812577e-01 -3.104835e+02 9.001941e+02)	(1.769510e-01 -3.104833e+02 9.001916e+02)	(4.306701e-03 -2.084790e-04 2.526498e-03)
5454          	(1.812670e-01 -3.104834e+02 9.001941e+02)	(1.769596e-01 -3.104832e+02 9.001916e+02)	(4.307360e-03 -2.089719e-04 2.527333e-03)
5455          	(1.812923e-01 -3.104834e+02 9.001941e+02)	(1.769843e-01 -3.104832e+02 9.001915e+02)	(4.307953e-03 -2.093760e-04 2.528200e-03)
5456          	(1.813029e-01 -3.104834e+02 9.001941e+02)	(1.769945e-01 -3.104832e+02 9.001916e+02)	(4.308398e-03 -2.096471e-04 2.529077e-03)
5457          	(1.813123e-01 -3.104834e+02 9.001941e+02)	(1.770036e-01 -3.104831e+02 9.001916e+02)	(4.308688e-03 -2.097975e-04 2.529984e-03)
5458          	(1.813205e-01 -3.104833e+02 9.001941e+02)	(1.770116e-01 -3.104831e+02 9.001916e+02)	(4.308839e-03 -2.098118e-04 2.530912e-03)
5459          	(1.813401e-01 -3.104833e+02 9.001941e+02)	(1.770312e-01 -3.104831e+02 9.001916e+02)	(4.308895e-03 -2.097227e-04 2.531877e-03)
5460          	(1.813441e-01 -3.104833e+02 9.001941e+02)	(1.770353e-01 -3.104831e+02 9.001916e+02)	(4.308777e-03 -2.095392e-04 2.532912e-03)
5461          	(1.813451e-01 -3.104833e+02 9.001941e+02)	(1.770366e-01 -3.104831e+02 9.001916e+02)	(4.308497e-03 -2.092165e-04 2.533986e-03)
5462          	(1.813426e-01 -3.104833e+02 9.001942e+02)	(1.770346e-01 -3.104831e+02 9.001916e+02)	(4.308063e-03 -2.087848e-04 2.535111e-03)
5463          	(1.813378e-01 -3.104833e+02 9.001942e+02)	(1.770303e-01 -3.104831e+02 9.001917e+02)	(4.307495e-03 -2.082600e-04 2.536314e-03)
5464          	(1.813296e-01 -3.104833e+02 9.001942e+02)	(1.770228e-01 -3.104831e+02 9.001917e+02)	(4.306786e-03 -2.076364e-04 2.537578e-03)
5465          	(1.813169e-01 -3.104833e+02 9.001942e+02)	(1.770109e-01 -3.104831e+02 9.001917e+02)	(4.305959e-03 -2.069275e-04 2.538884e-03)
5466          	(1.813000e-01 -3.104833e+02 9.001943e+02)	(1.769950e-01 -3.104831e+02 9.001917e+02)	(4.305003e-03 -2.061582e-04 2.540261e-03)
5467          	(1.812785e-01 -3.104833e+02 9.001943e+02)	(1.769745e-01 -3.104831e+02 9.001918e+02)	(4.303961e-03 -2.053067e-04 2.541691e-03)
5468          	(1.812541e-01 -3.104833e+02 9.001944e+02)	(1.769513e-01 -3.104831e+02 9.001918e+02)	(4.302796e-03 -2.044432e-04 2.543196e-03)
5469          	(1.812263e-01 -3.104834e+02 9.001944e+02)	(1.769248e-01 -3.104832e+02 9.001919e+02)	(4.301564e-03 -2.034822e-04 2.544716e-03)
5470          	(1.811965e-01 -3.104834e+02 9.001945e+02)	(1.768962e-01 -3.104832e+02 9.001919e+02)	(4.300247e-03 -2.024767e-04 2.546276e-03)
5471          	(1.811636e-01 -3.104834e+02 9.001945e+02)	(1.768648e-01 -3.104832e+02 9.001920e+02)	(4.298839e-03 -2.014692e-04 2.547926e-03)
5472          	(1.811305e-01 -3.104835e+02 9.001946e+02)	(1.768332e-01 -3.104833e+02 9.001920e+02)	(4.297379e-03 -2.003882e-04 2.549556e-03)
5473          	(1.810981e-01 -3.104835e+02 9.001946e+02)	(1.768022e-01 -3.104833e+02 9.001921e+02)	(4.295862e-03 -1.992450e-04 2.551209e-03)
5474          	(1.810655e-01 -3.104835e+02 9.001947e+02)	(1.767713e-01 -3.104833e+02 9.001921e+02)	(4.294272e-03 -1.981061e-04 2.552913e-03)
5475          	(1.810334e-01 -3.104836e+02 9.001947e+02)	(1.767408e-01 -3.104834e+02 9.001922e+02)	(4.292638e-03 -1.969401e-04 2.554650e-03)
5476          	(1.810020e-01 -3.104836e+02 9.001948e+02)	(1.767110e-01 -3.104834e+02 9.001922e+02)	(4.290955e-03 -1.957519e-04 2.556396e-03)
5477          	(1.809715e-01 -3.104836e+02 9.001948e+02)	(1.766822e-01 -3.104834e+02 9.001923e+02)	(4.289233e-03 -1.945333e-04 2.558150e-03)
5478          	(1.809420e-01 -3.104837e+02 9.001949e+02)	(1.766545e-01 -3.104835e+02 9.001923e+02)	(4.287488e-03 -1.932847e-04 2.559881e-03)
5479          	(1.809136e-01 -3.104837e+02 9.001949e+02)	(1.766279e-01 -3.104835e+02 9.001924e+02)	(4.285699e-03 -1.920591e-04 2.561655e-03)
5480          	(1.808862e-01 -3.104837e+02 9.001950e+02)	(1.766024e-01 -3.104835e+02 9.001924e+02)	(4.283890e-03 -1.908295e-04 2.563401e-03)
5481          	(1.808600e-01 -3.104838e+02 9.001951e+02)	(1.765779e-01 -3.104836e+02 9.001925e+02)	(4.282065e-03 -1.895854e-04 2.565121e-03)
5482          	(1.808348e-01 -3.104838e+02 9.001951e+02)	(1.765545e-01 -3.104836e+02 9.001925e+02)	(4.280228e-03 -1.883382e-04 2.566799e-03)
5483          	(1.808091e-01 -3.104838e+02 9.001952e+02)	(1.765308e-01 -3.104836e+02 9.001926e+02)	(4.278357e-03 -1.871411e-04 2.568491e-03)
5484          	(1.807844e-01 -3.104838e+02 9.001952e+02)	(1.765079e-01 -3.104836e+02 9.001927e+02)	(4.276507e-03 -1.859161e-04 2.570094e-03)
5485          	(1.807607e-01 -3.104838e+02 9.001953e+02)	(1.764861e-01 -3.104837e+02 9.001927e+02)	(4.274639e-03 -1.847412e-04 2.571692e-03)
5486          	(1.807379e-01 -3.104839e+02 9.001953e+02)	(1.764651e-01 -3.104837e+02 9.001928e+02)	(4.272776e-03 -1.835828e-04 2.573237e-03)
5487          	(1.807158e-01 -3.104839e+02 9.001954e+02)	(1.764449e-01 -3.104837e+02 9.001928e+02)	(4.270914e-03 -1.824626e-04 2.574751e-03)
5488          	(1.806943e-01 -3.104839e+02 9.001954e+02)	(1.764252e-01 -3.104837e+02 9.001928e+02)	(4.269094e-03 -1.813160e-04 2.576164e-03)
5489          	(1.806733e-01 -3.104839e+02 9.001955e+02)	(1.764061e-01 -3.104838e+02 9.001929e+02)	(4.267271e-03 -1.802150e-04 2.577574e-03)
5490          	(1.806527e-01 -3.104840e+02 9.001955e+02)	(1.763873e-01 -3.104838e+02 9.001929e+02)	(4.265469e-03 -1.791073e-04 2.578917e-03)
5491          	(1.806326e-01 -3.104840e+02 9.001956e+02)	(1.763689e-01 -3.104838e+02 9.001930e+02)	(4.263672e-03 -1.780441e-04 2.580247e-03)
5492          	(1.806132e-01 -3.104840e+02 9.001956e+02)	(1.763512e-01 -3.104838e+02 9.001930e+02)	(4.261930e-03 -1.769401e-04 2.581508e-03)
5493          	(1.805947e-01 -3.104840e+02 9.001957e+02)	(1.763345e-01 -3.104838e+02 9.001931e+02)	(4.260193e-03 -1.758676e-04 2.582760e-03)
5494          	(1.805787e-01 -3.104840e+02 9.001957e+02)	(1.763202e-01 -3.104838e+02 9.001931e+02)	(4.258497e-03 -1.747546e-04 2.583947e-03)
5495          	(1.805646e-01 -3.104840e+02 9.001958e+02)	(1.763078e-01 -3.104839e+02 9.001932e+02)	(4.256794e-03 -1.736920e-04 2.585159e-03)
5496          	(1.805540e-01 -3.104840e+02 9.001958e+02)	(1.762989e-01 -3.104839e+02 9.001932e+02)	(4.255157e-03 -1.725416e-04 2.586270e-03)
5497          	(1.805455e-01 -3.104840e+02 9.001958e+02)	(1.762920e-01 -3.104839e+02 9.001933e+02)	(4.253495e-03 -1.714304e-04 2.587408e-03)
5498          	(1.805394e-01 -3.104840e+02 9.001959e+02)	(1.762875e-01 -3.104839e+02 9.001933e+02)	(4.251881e-03 -1.702637e-04 2.588461e-03)
5499          	(1.805359e-01 -3.104840e+02 9.001959e+02)	(1.762857e-01 -3.104839e+02 9.001933e+02)	(4.250261e-03 -1.690825e-04 2.589487e-03)
5500          	(1.805352e-01 -3.104840e+02 9.001959e+02)	(1.762865e-01 -3.104839e+02 9.001934e+02)	(4.248672e-03 -1.678599e-04 2.590435e-03)
5501          	(1.805376e-01 -3.104840e+02 9.001960e+02)	(1.762906e-01 -3.104839e+02 9.001934e+02)	(4.247056e-03 -1.667049e-04 2.591413e-03)
5502          	(1.805429e-01 -3.104840e+02 9.001960e+02)	(1.762974e-01 -3.104839e+02 9.001934e+02)	(4.245489e-03 -1.654742e-04 2.592278e-03)
5503          	(1.805339e-01 -3.104840e+02 9.001961e+02)	(1.762900e-01 -3.104839e+02 9.001935e+02)	(4.243833e-03 -1.642178e-04 2.593100e-03)
5504          	(1.805435e-01 -3.104840e+02 9.001961e+02)	(1.763013e-01 -3.104839e+02 9.001935e+02)	(4.242223e-03 -1.629870e-04 2.593870e-03)
5505          	(1.805552e-01 -3.104840e+02 9.001961e+02)	(1.763145e-01 -3.104839e+02 9.001935e+02)	(4.240675e-03 -1.617447e-04 2.594543e-03)
5506          	(1.805688e-01 -3.104840e+02 9.001961e+02)	(1.763296e-01 -3.104838e+02 9.001935e+02)	(4.239174e-03 -1.605043e-04 2.595122e-03)
5507          	(1.805839e-01 -3.104840e+02 9.001961e+02)	(1.763462e-01 -3.104838e+02 9.001935e+02)	(4.237683e-03 -1.593411e-04 2.595708e-03)
5508          	(1.806002e-01 -3.104840e+02 9.001961e+02)	(1.763639e-01 -3.104838e+02 9.001936e+02)	(4.236251e-03 -1.581523e-04 2.596161e-03)
5509          	(1.806173e-01 -3.104839e+02 9.001962e+02)	(1.763824e-01 -3.104838e+02 9.001936e+02)	(4.234858e-03 -1.570179e-04 2.596593e-03)
5510          	(1.806276e-01 -3.104839e+02 9.001962e+02)	(1.763942e-01 -3.104838e+02 9.001936e+02)	(4.233453e-03 -1.558914e-04 2.596961e-03)
5511          	(1.806555e-01 -3.104839e+02 9.001962e+02)	(1.764234e-01 -3.104838e+02 9.001936e+02)	(4.232132e-03 -1.548005e-04 2.597272e-03)
5512          	(1.806793e-01 -3.104839e+02 9.001962e+02)	(1.764484e-01 -3.104837e+02 9.001936e+02)	(4.230887e-03 -1.537440e-04 2.597535e-03)
5513          	(1.806966e-01 -3.104839e+02 9.001962e+02)	(1.764669e-01 -3.104837e+02 9.001936e+02)	(4.229699e-03 -1.527460e-04 2.597778e-03)
5514          	(1.807100e-01 -3.104838e+02 9.001962e+02)	(1.764815e-01 -3.104837e+02 9.001936e+02)	(4.228555e-03 -1.517715e-04 2.597978e-03)
5515          	(1.807201e-01 -3.104838e+02 9.001963e+02)	(1.764927e-01 -3.104837e+02 9.001937e+02)	(4.227454e-03 -1.508816e-04 2.598206e-03)
5516          	(1.807273e-01 -3.104838e+02 9.001963e+02)	(1.765009e-01 -3.104837e+02 9.001937e+02)	(4.226424e-03 -1.500009e-04 2.598378e-03)
5517          	(1.807322e-01 -3.104838e+02 9.001963e+02)	(1.765067e-01 -3.104837e+02 9.001937e+02)	(4.225457e-03 -1.491516e-04 2.598536e-03)
5518          	(1.807198e-01 -3.104838e+02 9.001963e+02)	(1.764954e-01 -3.104837e+02 9.001937e+02)	(4.224450e-03 -1.483128e-04 2.598697e-03)
5519          	(1.807224e-01 -3.104838e+02 9.001963e+02)	(1.764988e-01 -3.104837e+02 9.001937e+02)	(4.223535e-03 -1.475388e-04 2.598863e-03)
5520          	(1.807247e-01 -3.104838e+02 9.001963e+02)	(1.765020e-01 -3.104837e+02 9.001937e+02)	(4.222700e-03 -1.467639e-04 2.598985e-03)
5521          	(1.807277e-01 -3.104838e+02 9.001963e+02)	(1.765058e-01 -3.104837e+02 9.001937e+02)	(4.221923e-03 -1.460463e-04 2.599128e-03)
5522          	(1.807321e-01 -3.104838e+02 9.001963e+02)	(1.765109e-01 -3.104837e+02 9.001937e+02)	(4.221203e-03 -1.453152e-04 2.599200e-03)
5523          	(1.807385e-01 -3.104838e+02 9.001963e+02)	(1.765179e-01 -3.104837e+02 9.001937e+02)	(4.220545e-03 -1.445935e-04 2.599250e-03)
5524          	(1.807475e-01 -3.104838e+02 9.001963e+02)	(1.765276e-01 -3.104837e+02 9.001937e+02)	(4.219922e-03 -1.438923e-04 2.599270e-03)
5525          	(1.807626e-01 -3.104838e+02 9.001963e+02)	(1.765433e-01 -3.104837e+02 9.001937e+02)	(4.219349e-03 -1.432204e-04 2.599255e-03)
5526          	(1.807632e-01 -3.104838e+02 9.001964e+02)	(1.765445e-01 -3.104837e+02 9.001938e+02)	(4.218741e-03 -1.424766e-04 2.599143e-03)
5527          	(1.807802e-01 -3.104838e+02 9.001963e+02)	(1.765620e-01 -3.104837e+02 9.001937e+02)	(4.218184e-03 -1.417712e-04 2.599010e-03)
5528          	(1.808000e-01 -3.104838e+02 9.001963e+02)	(1.765823e-01 -3.104837e+02 9.001937e+02)	(4.217674e-03 -1.410619e-04 2.598795e-03)
5529          	(1.808249e-01 -3.104838e+02 9.001963e+02)	(1.766077e-01 -3.104836e+02 9.001937e+02)	(4.217218e-03 -1.403746e-04 2.598524e-03)
5530          	(1.808500e-01 -3.104838e+02 9.001963e+02)	(1.766333e-01 -3.104836e+02 9.001937e+02)	(4.216794e-03 -1.396542e-04 2.598148e-03)
5531          	(1.808769e-01 -3.104837e+02 9.001962e+02)	(1.766605e-01 -3.104836e+02 9.001936e+02)	(4.216390e-03 -1.389744e-04 2.597736e-03)
5532          	(1.809052e-01 -3.104837e+02 9.001962e+02)	(1.766891e-01 -3.104836e+02 9.001936e+02)	(4.216015e-03 -1.382753e-04 2.597212e-03)
5533          	(1.809342e-01 -3.104837e+02 9.001962e+02)	(1.767186e-01 -3.104835e+02 9.001936e+02)	(4.215656e-03 -1.376389e-04 2.596673e-03)
5534          	(1.809636e-01 -3.104837e+02 9.001961e+02)	(1.767483e-01 -3.104835e+02 9.001936e+02)	(4.215323e-03 -1.369945e-04 2.596022e-03)
5535          	(1.809926e-01 -3.104836e+02 9.001961e+02)	(1.767775e-01 -3.104835e+02 9.001935e+02)	(4.215025e-03 -1.363881e-04 2.595311e-03)
5536          	(1.810208e-01 -3.104836e+02 9.001961e+02)	(1.768060e-01 -3.104835e+02 9.001935e+02)	(4.214772e-03 -1.357952e-04 2.594517e-03)
5537          	(1.810481e-01 -3.104836e+02 9.001960e+02)	(1.768335e-01 -3.104834e+02 9.001935e+02)	(4.214549e-03 -1.352613e-04 2.593668e-03)
5538          	(1.810743e-01 -3.104836e+02 9.001960e+02)	(1.768599e-01 -3.104834e+02 9.001934e+02)	(4.214388e-03 -1.347306e-04 2.592713e-03)
5539          	(1.810993e-01 -3.104835e+02 9.001960e+02)	(1.768850e-01 -3.104834e+02 9.001934e+02)	(4.214273e-03 -1.342875e-04 2.591747e-03)
5540          	(1.811232e-01 -3.104835e+02 9.001960e+02)	(1.769090e-01 -3.104834e+02 9.001934e+02)	(4.214216e-03 -1.338910e-04 2.590723e-03)
5541          	(1.811474e-01 -3.104835e+02 9.001959e+02)	(1.769331e-01 -3.104834e+02 9.001933e+02)	(4.214233e-03 -1.335401e-04 2.589636e-03)
5542          	(1.811685e-01 -3.104835e+02 9.001959e+02)	(1.769542e-01 -3.104834e+02 9.001933e+02)	(4.214321e-03 -1.332275e-04 2.588501e-03)
5543          	(1.811896e-01 -3.104835e+02 9.001959e+02)	(1.769751e-01 -3.104833e+02 9.001933e+02)	(4.214472e-03 -1.329844e-04 2.587345e-03)
5544          	(1.812125e-01 -3.104835e+02 9.001958e+02)	(1.769978e-01 -3.104833e+02 9.001932e+02)	(4.214699e-03 -1.327894e-04 2.586140e-03)
5545          	(1.812363e-01 -3.104834e+02 9.001958e+02)	(1.770213e-01 -3.104833e+02 9.001932e+02)	(4.215014e-03 -1.326493e-04 2.584901e-03)
5546          	(1.812615e-01 -3.104834e+02 9.001958e+02)	(1.770461e-01 -3.104833e+02 9.001932e+02)	(4.215381e-03 -1.325934e-04 2.583651e-03)
5547          	(1.812886e-01 -3.104834e+02 9.001957e+02)	(1.770727e-01 -3.104833e+02 9.001932e+02)	(4.215858e-03 -1.325401e-04 2.582294e-03)
5548          	(1.813191e-01 -3.104834e+02 9.001957e+02)	(1.771027e-01 -3.104833e+02 9.001931e+02)	(4.216402e-03 -1.325667e-04 2.580910e-03)
5549          	(1.813513e-01 -3.104834e+02 9.001957e+02)	(1.771343e-01 -3.104832e+02 9.001931e+02)	(4.217012e-03 -1.326499e-04 2.579457e-03)
5550          	(1.813866e-01 -3.104833e+02 9.001956e+02)	(1.771689e-01 -3.104832e+02 9.001931e+02)	(4.217705e-03 -1.327506e-04 2.577886e-03)
5551          	(1.814259e-01 -3.104833e+02 9.001956e+02)	(1.772075e-01 -3.104832e+02 9.001930e+02)	(4.218458e-03 -1.329496e-04 2.576256e-03)
5552          	(1.814686e-01 -3.104833e+02 9.001955e+02)	(1.772494e-01 -3.104832e+02 9.001930e+02)	(4.219265e-03 -1.332199e-04 2.574548e-03)
5553          	(1.815159e-01 -3.104833e+02 9.001955e+02)	(1.772958e-01 -3.104831e+02 9.001929e+02)	(4.220142e-03 -1.335249e-04 2.572702e-03)
5554          	(1.815525e-01 -3.104832e+02 9.001955e+02)	(1.773315e-01 -3.104831e+02 9.001929e+02)	(4.220992e-03 -1.338549e-04 2.570735e-03)
5555          	(1.816037e-01 -3.104832e+02 9.001954e+02)	(1.773818e-01 -3.104831e+02 9.001928e+02)	(4.221884e-03 -1.343065e-04 2.568727e-03)
5556          	(1.816573e-01 -3.104831e+02 9.001953e+02)	(1.774345e-01 -3.104830e+02 9.001928e+02)	(4.222844e-03 -1.347705e-04 2.566593e-03)
5557          	(1.817151e-01 -3.104831e+02 9.001953e+02)	(1.774912e-01 -3.104830e+02 9.001927e+02)	(4.223849e-03 -1.352969e-04 2.564371e-03)
5558          	(1.817797e-01 -3.104830e+02 9.001952e+02)	(1.775548e-01 -3.104829e+02 9.001926e+02)	(4.224881e-03 -1.358694e-04 2.562071e-03)
5559          	(1.818281e-01 -3.104830e+02 9.001952e+02)	(1.776022e-01 -3.104829e+02 9.001926e+02)	(4.225888e-03 -1.364462e-04 2.559670e-03)
5560          	(1.818902e-01 -3.104830e+02 9.001951e+02)	(1.776633e-01 -3.104828e+02 9.001925e+02)	(4.226955e-03 -1.370530e-04 2.557211e-03)
5561          	(1.819517e-01 -3.104829e+02 9.001950e+02)	(1.777236e-01 -3.104828e+02 9.001924e+02)	(4.228058e-03 -1.377513e-04 2.554777e-03)
5562          	(1.820129e-01 -3.104828e+02 9.001949e+02)	(1.777837e-01 -3.104827e+02 9.001924e+02)	(4.229207e-03 -1.384666e-04 2.552324e-03)
5563          	(1.820738e-01 -3.104828e+02 9.001948e+02)	(1.778434e-01 -3.104827e+02 9.001923e+02)	(4.230402e-03 -1.392022e-04 2.549860e-03)
5564          	(1.821327e-01 -3.104827e+02 9.001948e+02)	(1.779010e-01 -3.104826e+02 9.001922e+02)	(4.231638e-03 -1.399705e-04 2.547424e-03)
5565          	(1.821885e-01 -3.104827e+02 9.001947e+02)	(1.779556e-01 -3.104825e+02 9.001921e+02)	(4.232919e-03 -1.407851e-04 2.545041e-03)
5566          	(1.822405e-01 -3.104826e+02 9.001946e+02)	(1.780063e-01 -3.104825e+02 9.001921e+02)	(4.234216e-03 -1.416255e-04 2.542719e-03)
5567          	(1.822876e-01 -3.104826e+02 9.001945e+02)	(1.780520e-01 -3.104825e+02 9.001920e+02)	(4.235554e-03 -1.425289e-04 2.540471e-03)
5568          	(1.823283e-01 -3.104826e+02 9.001945e+02)	(1.780914e-01 -3.104824e+02 9.001919e+02)	(4.236933e-03 -1.434529e-04 2.538286e-03)
5569          	(1.823630e-01 -3.104825e+02 9.001944e+02)	(1.781246e-01 -3.104824e+02 9.001919e+02)	(4.238325e-03 -1.444506e-04 2.536212e-03)
5570          	(1.823904e-01 -3.104825e+02 9.001944e+02)	(1.781506e-01 -3.104824e+02 9.001918e+02)	(4.239732e-03 -1.454898e-04 2.534221e-03)
5571          	(1.824123e-01 -3.104825e+02 9.001943e+02)	(1.781712e-01 -3.104824e+02 9.001918e+02)	(4.241169e-03 -1.465453e-04 2.532270e-03)
