# Moment      
# CofR        : (0.000000e+00 0.000000e+00 0.000000e+00)
#
# Time        	(total_x total_y total_z)	(pressure_x pressure_y pressure_z)	(viscous_x viscous_y viscous_z)
5001          	(2.347327e+02 -1.015627e+01 4.926745e+01)	(2.347320e+02 -1.015649e+01 4.926862e+01)	(6.833522e-04 2.230106e-04 -1.169332e-03)
5002          	(2.347327e+02 -1.015627e+01 4.926745e+01)	(2.347320e+02 -1.015649e+01 4.926862e+01)	(6.832456e-04 2.229080e-04 -1.168935e-03)
5003          	(2.347327e+02 -1.015627e+01 4.926745e+01)	(2.347320e+02 -1.015649e+01 4.926862e+01)	(6.831540e-04 2.228130e-04 -1.168527e-03)
5004          	(2.347327e+02 -1.015627e+01 4.926745e+01)	(2.347320e+02 -1.015649e+01 4.926862e+01)	(6.830313e-04 2.227138e-04 -1.168128e-03)
5005          	(2.347327e+02 -1.015627e+01 4.926746e+01)	(2.347320e+02 -1.015650e+01 4.926862e+01)	(6.829350e-04 2.226220e-04 -1.167706e-03)
5006          	(2.347327e+02 -1.015627e+01 4.926746e+01)	(2.347320e+02 -1.015650e+01 4.926863e+01)	(6.828109e-04 2.225262e-04 -1.167304e-03)
5007          	(2.347327e+02 -1.015628e+01 4.926747e+01)	(2.347320e+02 -1.015650e+01 4.926863e+01)	(6.827000e-04 2.224349e-04 -1.166895e-03)
5008          	(2.347327e+02 -1.015628e+01 4.926747e+01)	(2.347320e+02 -1.015650e+01 4.926864e+01)	(6.825813e-04 2.223434e-04 -1.166507e-03)
5009          	(2.347327e+02 -1.015628e+01 4.926748e+01)	(2.347320e+02 -1.015650e+01 4.926865e+01)	(6.824846e-04 2.222576e-04 -1.166115e-03)
5010          	(2.347327e+02 -1.015628e+01 4.926749e+01)	(2.347320e+02 -1.015650e+01 4.926866e+01)	(6.823652e-04 2.221687e-04 -1.165761e-03)
5011          	(2.347327e+02 -1.015628e+01 4.926750e+01)	(2.347320e+02 -1.015650e+01 4.926866e+01)	(6.822863e-04 2.220897e-04 -1.165404e-03)
5012          	(2.347327e+02 -1.015628e+01 4.926751e+01)	(2.347320e+02 -1.015650e+01 4.926867e+01)	(6.821936e-04 2.220102e-04 -1.165081e-03)
5013          	(2.347327e+02 -1.015628e+01 4.926752e+01)	(2.347320e+02 -1.015650e+01 4.926868e+01)	(6.821207e-04 2.219382e-04 -1.164772e-03)
5014          	(2.347327e+02 -1.015628e+01 4.926752e+01)	(2.347320e+02 -1.015650e+01 4.926869e+01)	(6.820365e-04 2.218698e-04 -1.164505e-03)
5015          	(2.347327e+02 -1.015628e+01 4.926753e+01)	(2.347320e+02 -1.015650e+01 4.926870e+01)	(6.819778e-04 2.218126e-04 -1.164251e-03)
5016          	(2.347327e+02 -1.015628e+01 4.926754e+01)	(2.347320e+02 -1.015650e+01 4.926870e+01)	(6.819035e-04 2.217589e-04 -1.164037e-03)
5017          	(2.347327e+02 -1.015628e+01 4.926755e+01)	(2.347320e+02 -1.015650e+01 4.926871e+01)	(6.818563e-04 2.217177e-04 -1.163827e-03)
5018          	(2.347327e+02 -1.015628e+01 4.926755e+01)	(2.347320e+02 -1.015651e+01 4.926872e+01)	(6.817841e-04 2.216789e-04 -1.163659e-03)
5019          	(2.347327e+02 -1.015628e+01 4.926756e+01)	(2.347320e+02 -1.015651e+01 4.926872e+01)	(6.817262e-04 2.216506e-04 -1.163497e-03)
5020          	(2.347327e+02 -1.015628e+01 4.926757e+01)	(2.347320e+02 -1.015651e+01 4.926874e+01)	(6.816632e-04 2.216248e-04 -1.163346e-03)
5021          	(2.347327e+02 -1.015628e+01 4.926759e+01)	(2.347320e+02 -1.015651e+01 4.926875e+01)	(6.816138e-04 2.216056e-04 -1.163190e-03)
5022          	(2.347327e+02 -1.015628e+01 4.926760e+01)	(2.347320e+02 -1.015651e+01 4.926876e+01)	(6.815519e-04 2.215886e-04 -1.163059e-03)
5023          	(2.347327e+02 -1.015628e+01 4.926761e+01)	(2.347320e+02 -1.015651e+01 4.926877e+01)	(6.814990e-04 2.215785e-04 -1.162947e-03)
5024          	(2.347327e+02 -1.015629e+01 4.926762e+01)	(2.347321e+02 -1.015651e+01 4.926878e+01)	(6.814294e-04 2.215690e-04 -1.162859e-03)
5025          	(2.347327e+02 -1.015629e+01 4.926762e+01)	(2.347321e+02 -1.015651e+01 4.926878e+01)	(6.813796e-04 2.215679e-04 -1.162787e-03)
5026          	(2.347327e+02 -1.015629e+01 4.926763e+01)	(2.347321e+02 -1.015651e+01 4.926879e+01)	(6.813193e-04 2.215664e-04 -1.162734e-03)
5027          	(2.347327e+02 -1.015629e+01 4.926763e+01)	(2.347321e+02 -1.015651e+01 4.926880e+01)	(6.812789e-04 2.215721e-04 -1.162699e-03)
5028          	(2.347328e+02 -1.015629e+01 4.926764e+01)	(2.347321e+02 -1.015651e+01 4.926881e+01)	(6.812258e-04 2.215759e-04 -1.162685e-03)
5029          	(2.347327e+02 -1.015629e+01 4.926764e+01)	(2.347321e+02 -1.015651e+01 4.926881e+01)	(6.811760e-04 2.215837e-04 -1.162709e-03)
5030          	(2.347328e+02 -1.015629e+01 4.926765e+01)	(2.347321e+02 -1.015651e+01 4.926882e+01)	(6.811122e-04 2.215892e-04 -1.162750e-03)
5031          	(2.347328e+02 -1.015629e+01 4.926765e+01)	(2.347321e+02 -1.015651e+01 4.926881e+01)	(6.810619e-04 2.216011e-04 -1.162826e-03)
5032          	(2.347328e+02 -1.015629e+01 4.926766e+01)	(2.347321e+02 -1.015651e+01 4.926882e+01)	(6.809937e-04 2.216106e-04 -1.162933e-03)
5033          	(2.347328e+02 -1.015629e+01 4.926765e+01)	(2.347321e+02 -1.015651e+01 4.926882e+01)	(6.809361e-04 2.216271e-04 -1.163071e-03)
5034          	(2.347328e+02 -1.015629e+01 4.926765e+01)	(2.347321e+02 -1.015651e+01 4.926881e+01)	(6.808643e-04 2.216466e-04 -1.163256e-03)
5035          	(2.347328e+02 -1.015629e+01 4.926765e+01)	(2.347321e+02 -1.015651e+01 4.926881e+01)	(6.807976e-04 2.216693e-04 -1.163443e-03)
5036          	(2.347328e+02 -1.015629e+01 4.926764e+01)	(2.347321e+02 -1.015651e+01 4.926881e+01)	(6.806957e-04 2.216923e-04 -1.163687e-03)
5037          	(2.347328e+02 -1.015629e+01 4.926764e+01)	(2.347321e+02 -1.015651e+01 4.926880e+01)	(6.806020e-04 2.217229e-04 -1.163931e-03)
5038          	(2.347328e+02 -1.015629e+01 4.926763e+01)	(2.347321e+02 -1.015651e+01 4.926880e+01)	(6.804854e-04 2.217570e-04 -1.164223e-03)
5039          	(2.347328e+02 -1.015629e+01 4.926762e+01)	(2.347321e+02 -1.015651e+01 4.926879e+01)	(6.803738e-04 2.218008e-04 -1.164528e-03)
5040          	(2.347328e+02 -1.015629e+01 4.926761e+01)	(2.347321e+02 -1.015651e+01 4.926877e+01)	(6.802171e-04 2.218453e-04 -1.164886e-03)
5041          	(2.347328e+02 -1.015629e+01 4.926761e+01)	(2.347321e+02 -1.015651e+01 4.926877e+01)	(6.800684e-04 2.218993e-04 -1.165223e-03)
5042          	(2.347328e+02 -1.015628e+01 4.926759e+01)	(2.347321e+02 -1.015650e+01 4.926876e+01)	(6.798797e-04 2.219544e-04 -1.165603e-03)
5043          	(2.347328e+02 -1.015628e+01 4.926759e+01)	(2.347321e+02 -1.015650e+01 4.926875e+01)	(6.796878e-04 2.220180e-04 -1.165976e-03)
5044          	(2.347328e+02 -1.015628e+01 4.926757e+01)	(2.347321e+02 -1.015650e+01 4.926874e+01)	(6.794575e-04 2.220844e-04 -1.166390e-03)
5045          	(2.347328e+02 -1.015627e+01 4.926756e+01)	(2.347321e+02 -1.015650e+01 4.926873e+01)	(6.792187e-04 2.221593e-04 -1.166817e-03)
5046          	(2.347328e+02 -1.015627e+01 4.926755e+01)	(2.347321e+02 -1.015649e+01 4.926872e+01)	(6.789411e-04 2.222346e-04 -1.167263e-03)
5047          	(2.347328e+02 -1.015627e+01 4.926754e+01)	(2.347321e+02 -1.015649e+01 4.926870e+01)	(6.786733e-04 2.223203e-04 -1.167711e-03)
5048          	(2.347327e+02 -1.015626e+01 4.926752e+01)	(2.347321e+02 -1.015649e+01 4.926869e+01)	(6.783533e-04 2.224045e-04 -1.168204e-03)
5049          	(2.347327e+02 -1.015626e+01 4.926751e+01)	(2.347321e+02 -1.015648e+01 4.926868e+01)	(6.780512e-04 2.224992e-04 -1.168687e-03)
5050          	(2.347327e+02 -1.015626e+01 4.926750e+01)	(2.347320e+02 -1.015648e+01 4.926867e+01)	(6.777181e-04 2.225948e-04 -1.169198e-03)
5051          	(2.347327e+02 -1.015625e+01 4.926749e+01)	(2.347320e+02 -1.015647e+01 4.926866e+01)	(6.774015e-04 2.226978e-04 -1.169699e-03)
5052          	(2.347327e+02 -1.015625e+01 4.926748e+01)	(2.347320e+02 -1.015647e+01 4.926865e+01)	(6.770427e-04 2.227967e-04 -1.170231e-03)
5053          	(2.347327e+02 -1.015624e+01 4.926747e+01)	(2.347320e+02 -1.015646e+01 4.926864e+01)	(6.767228e-04 2.229068e-04 -1.170742e-03)
5054          	(2.347327e+02 -1.015623e+01 4.926746e+01)	(2.347320e+02 -1.015646e+01 4.926863e+01)	(6.763771e-04 2.230137e-04 -1.171271e-03)
5055          	(2.347327e+02 -1.015623e+01 4.926746e+01)	(2.347320e+02 -1.015645e+01 4.926863e+01)	(6.760635e-04 2.231290e-04 -1.171781e-03)
5056          	(2.347327e+02 -1.015622e+01 4.926745e+01)	(2.347320e+02 -1.015645e+01 4.926862e+01)	(6.757338e-04 2.232421e-04 -1.172308e-03)
5057          	(2.347327e+02 -1.015622e+01 4.926745e+01)	(2.347320e+02 -1.015644e+01 4.926862e+01)	(6.754385e-04 2.233626e-04 -1.172813e-03)
5058          	(2.347327e+02 -1.015621e+01 4.926744e+01)	(2.347320e+02 -1.015643e+01 4.926862e+01)	(6.751402e-04 2.234825e-04 -1.173322e-03)
5059          	(2.347327e+02 -1.015620e+01 4.926744e+01)	(2.347320e+02 -1.015643e+01 4.926862e+01)	(6.748717e-04 2.236077e-04 -1.173811e-03)
5060          	(2.347327e+02 -1.015620e+01 4.926744e+01)	(2.347320e+02 -1.015642e+01 4.926862e+01)	(6.745937e-04 2.237291e-04 -1.174304e-03)
5061          	(2.347327e+02 -1.015619e+01 4.926744e+01)	(2.347320e+02 -1.015641e+01 4.926862e+01)	(6.743795e-04 2.238620e-04 -1.174757e-03)
5062          	(2.347327e+02 -1.015618e+01 4.926745e+01)	(2.347320e+02 -1.015641e+01 4.926862e+01)	(6.741321e-04 2.239859e-04 -1.175225e-03)
5063          	(2.347327e+02 -1.015618e+01 4.926745e+01)	(2.347320e+02 -1.015640e+01 4.926863e+01)	(6.739452e-04 2.241199e-04 -1.175647e-03)
5064          	(2.347327e+02 -1.015617e+01 4.926746e+01)	(2.347320e+02 -1.015639e+01 4.926863e+01)	(6.737369e-04 2.242470e-04 -1.176081e-03)
5065          	(2.347327e+02 -1.015616e+01 4.926746e+01)	(2.347320e+02 -1.015639e+01 4.926864e+01)	(6.735747e-04 2.243819e-04 -1.176476e-03)
5066          	(2.347327e+02 -1.015616e+01 4.926747e+01)	(2.347320e+02 -1.015638e+01 4.926865e+01)	(6.733947e-04 2.245106e-04 -1.176877e-03)
5067          	(2.347327e+02 -1.015615e+01 4.926748e+01)	(2.347320e+02 -1.015637e+01 4.926865e+01)	(6.732558e-04 2.246455e-04 -1.177240e-03)
5068          	(2.347327e+02 -1.015614e+01 4.926749e+01)	(2.347320e+02 -1.015637e+01 4.926866e+01)	(6.731000e-04 2.247752e-04 -1.177605e-03)
5069          	(2.347327e+02 -1.015614e+01 4.926749e+01)	(2.347320e+02 -1.015636e+01 4.926867e+01)	(6.729850e-04 2.249104e-04 -1.177935e-03)
5070          	(2.347327e+02 -1.015613e+01 4.926750e+01)	(2.347320e+02 -1.015635e+01 4.926868e+01)	(6.728367e-04 2.250361e-04 -1.178272e-03)
5071          	(2.347327e+02 -1.015612e+01 4.926751e+01)	(2.347320e+02 -1.015635e+01 4.926869e+01)	(6.727149e-04 2.251632e-04 -1.178577e-03)
5072          	(2.347326e+02 -1.015612e+01 4.926751e+01)	(2.347320e+02 -1.015634e+01 4.926869e+01)	(6.725648e-04 2.252819e-04 -1.178895e-03)
5073          	(2.347326e+02 -1.015611e+01 4.926752e+01)	(2.347320e+02 -1.015634e+01 4.926870e+01)	(6.724432e-04 2.254013e-04 -1.179177e-03)
5074          	(2.347326e+02 -1.015611e+01 4.926752e+01)	(2.347320e+02 -1.015633e+01 4.926870e+01)	(6.722871e-04 2.255096e-04 -1.179473e-03)
5075          	(2.347326e+02 -1.015610e+01 4.926752e+01)	(2.347320e+02 -1.015633e+01 4.926870e+01)	(6.721509e-04 2.256167e-04 -1.179742e-03)
5076          	(2.347326e+02 -1.015610e+01 4.926753e+01)	(2.347320e+02 -1.015632e+01 4.926871e+01)	(6.719773e-04 2.257113e-04 -1.180026e-03)
5077          	(2.347326e+02 -1.015610e+01 4.926752e+01)	(2.347319e+02 -1.015632e+01 4.926870e+01)	(6.718241e-04 2.258071e-04 -1.180301e-03)
5078          	(2.347326e+02 -1.015609e+01 4.926751e+01)	(2.347319e+02 -1.015632e+01 4.926870e+01)	(6.716387e-04 2.258889e-04 -1.180588e-03)
5079          	(2.347326e+02 -1.015609e+01 4.926751e+01)	(2.347319e+02 -1.015631e+01 4.926869e+01)	(6.714751e-04 2.259684e-04 -1.180851e-03)
5080          	(2.347326e+02 -1.015609e+01 4.926751e+01)	(2.347319e+02 -1.015631e+01 4.926869e+01)	(6.712853e-04 2.260353e-04 -1.181129e-03)
5081          	(2.347326e+02 -1.015608e+01 4.926750e+01)	(2.347319e+02 -1.015631e+01 4.926868e+01)	(6.711139e-04 2.260987e-04 -1.181395e-03)
5082          	(2.347326e+02 -1.015608e+01 4.926749e+01)	(2.347319e+02 -1.015631e+01 4.926867e+01)	(6.709240e-04 2.261511e-04 -1.181674e-03)
5083          	(2.347326e+02 -1.015608e+01 4.926748e+01)	(2.347319e+02 -1.015631e+01 4.926867e+01)	(6.707609e-04 2.262011e-04 -1.181941e-03)
5084          	(2.347326e+02 -1.015608e+01 4.926748e+01)	(2.347319e+02 -1.015630e+01 4.926866e+01)	(6.705808e-04 2.262407e-04 -1.182229e-03)
5085          	(2.347326e+02 -1.015608e+01 4.926747e+01)	(2.347319e+02 -1.015630e+01 4.926865e+01)	(6.704302e-04 2.262788e-04 -1.182506e-03)
5086          	(2.347326e+02 -1.015607e+01 4.926746e+01)	(2.347319e+02 -1.015630e+01 4.926864e+01)	(6.702803e-04 2.263103e-04 -1.182801e-03)
5087          	(2.347326e+02 -1.015607e+01 4.926745e+01)	(2.347319e+02 -1.015630e+01 4.926864e+01)	(6.701600e-04 2.263412e-04 -1.183091e-03)
5088          	(2.347326e+02 -1.015607e+01 4.926745e+01)	(2.347319e+02 -1.015630e+01 4.926863e+01)	(6.700304e-04 2.263646e-04 -1.183400e-03)
5089          	(2.347326e+02 -1.015607e+01 4.926744e+01)	(2.347319e+02 -1.015630e+01 4.926863e+01)	(6.699493e-04 2.263921e-04 -1.183697e-03)
5090          	(2.347326e+02 -1.015607e+01 4.926744e+01)	(2.347319e+02 -1.015630e+01 4.926863e+01)	(6.698716e-04 2.264157e-04 -1.184011e-03)
5091          	(2.347326e+02 -1.015607e+01 4.926744e+01)	(2.347319e+02 -1.015630e+01 4.926863e+01)	(6.698280e-04 2.264421e-04 -1.184318e-03)
5092          	(2.347326e+02 -1.015607e+01 4.926744e+01)	(2.347319e+02 -1.015629e+01 4.926863e+01)	(6.698005e-04 2.264682e-04 -1.184633e-03)
5093          	(2.347326e+02 -1.015607e+01 4.926744e+01)	(2.347319e+02 -1.015629e+01 4.926863e+01)	(6.698195e-04 2.265002e-04 -1.184931e-03)
5094          	(2.347326e+02 -1.015607e+01 4.926745e+01)	(2.347319e+02 -1.015629e+01 4.926863e+01)	(6.698442e-04 2.265303e-04 -1.185242e-03)
5095          	(2.347326e+02 -1.015607e+01 4.926746e+01)	(2.347319e+02 -1.015629e+01 4.926864e+01)	(6.699069e-04 2.265657e-04 -1.185542e-03)
5096          	(2.347326e+02 -1.015606e+01 4.926746e+01)	(2.347319e+02 -1.015629e+01 4.926865e+01)	(6.699861e-04 2.266016e-04 -1.185839e-03)
5097          	(2.347326e+02 -1.015606e+01 4.926747e+01)	(2.347319e+02 -1.015629e+01 4.926866e+01)	(6.700986e-04 2.266417e-04 -1.186124e-03)
5098          	(2.347326e+02 -1.015606e+01 4.926748e+01)	(2.347319e+02 -1.015629e+01 4.926867e+01)	(6.702149e-04 2.266798e-04 -1.186417e-03)
5099          	(2.347326e+02 -1.015606e+01 4.926749e+01)	(2.347319e+02 -1.015629e+01 4.926868e+01)	(6.703638e-04 2.267215e-04 -1.186692e-03)
5100          	(2.347326e+02 -1.015606e+01 4.926750e+01)	(2.347319e+02 -1.015629e+01 4.926869e+01)	(6.705188e-04 2.267607e-04 -1.186964e-03)
5101          	(2.347326e+02 -1.015606e+01 4.926751e+01)	(2.347319e+02 -1.015629e+01 4.926870e+01)	(6.706919e-04 2.267997e-04 -1.187218e-03)
5102          	(2.347326e+02 -1.015606e+01 4.926752e+01)	(2.347319e+02 -1.015629e+01 4.926871e+01)	(6.708683e-04 2.268346e-04 -1.187467e-03)
5103          	(2.347326e+02 -1.015606e+01 4.926753e+01)	(2.347319e+02 -1.015629e+01 4.926872e+01)	(6.710568e-04 2.268670e-04 -1.187695e-03)
5104          	(2.347326e+02 -1.015607e+01 4.926754e+01)	(2.347319e+02 -1.015629e+01 4.926872e+01)	(6.712388e-04 2.268921e-04 -1.187917e-03)
5105          	(2.347326e+02 -1.015607e+01 4.926754e+01)	(2.347319e+02 -1.015630e+01 4.926873e+01)	(6.714328e-04 2.269136e-04 -1.188107e-03)
5106          	(2.347326e+02 -1.015607e+01 4.926755e+01)	(2.347320e+02 -1.015630e+01 4.926874e+01)	(6.716132e-04 2.269252e-04 -1.188292e-03)
5107          	(2.347326e+02 -1.015607e+01 4.926755e+01)	(2.347320e+02 -1.015630e+01 4.926874e+01)	(6.718022e-04 2.269317e-04 -1.188446e-03)
5108          	(2.347326e+02 -1.015608e+01 4.926756e+01)	(2.347320e+02 -1.015630e+01 4.926875e+01)	(6.719755e-04 2.269272e-04 -1.188586e-03)
5109          	(2.347326e+02 -1.015608e+01 4.926756e+01)	(2.347320e+02 -1.015631e+01 4.926875e+01)	(6.721672e-04 2.269191e-04 -1.188686e-03)
5110          	(2.347326e+02 -1.015609e+01 4.926756e+01)	(2.347320e+02 -1.015631e+01 4.926875e+01)	(6.723438e-04 2.269000e-04 -1.188771e-03)
5111          	(2.347326e+02 -1.015609e+01 4.926756e+01)	(2.347320e+02 -1.015632e+01 4.926875e+01)	(6.725120e-04 2.268720e-04 -1.188826e-03)
5112          	(2.347327e+02 -1.015609e+01 4.926757e+01)	(2.347320e+02 -1.015632e+01 4.926876e+01)	(6.726821e-04 2.268362e-04 -1.188860e-03)
5113          	(2.347327e+02 -1.015610e+01 4.926757e+01)	(2.347320e+02 -1.015632e+01 4.926876e+01)	(6.728797e-04 2.267993e-04 -1.188847e-03)
5114          	(2.347327e+02 -1.015610e+01 4.926757e+01)	(2.347320e+02 -1.015633e+01 4.926876e+01)	(6.730703e-04 2.267543e-04 -1.188815e-03)
5115          	(2.347327e+02 -1.015611e+01 4.926757e+01)	(2.347320e+02 -1.015633e+01 4.926876e+01)	(6.732617e-04 2.267038e-04 -1.188757e-03)
5116          	(2.347327e+02 -1.015611e+01 4.926758e+01)	(2.347320e+02 -1.015634e+01 4.926877e+01)	(6.734582e-04 2.266489e-04 -1.188677e-03)
5117          	(2.347327e+02 -1.015611e+01 4.926758e+01)	(2.347320e+02 -1.015634e+01 4.926877e+01)	(6.736856e-04 2.265954e-04 -1.188558e-03)
5118          	(2.347327e+02 -1.015612e+01 4.926760e+01)	(2.347320e+02 -1.015634e+01 4.926879e+01)	(6.739221e-04 2.265356e-04 -1.188398e-03)
5119          	(2.347327e+02 -1.015612e+01 4.926761e+01)	(2.347320e+02 -1.015635e+01 4.926880e+01)	(6.741513e-04 2.264724e-04 -1.188239e-03)
5120          	(2.347327e+02 -1.015613e+01 4.926762e+01)	(2.347321e+02 -1.015635e+01 4.926880e+01)	(6.744185e-04 2.264140e-04 -1.188053e-03)
5121          	(2.347327e+02 -1.015613e+01 4.926763e+01)	(2.347321e+02 -1.015636e+01 4.926881e+01)	(6.746977e-04 2.263559e-04 -1.187860e-03)
5122          	(2.347328e+02 -1.015613e+01 4.926764e+01)	(2.347321e+02 -1.015636e+01 4.926882e+01)	(6.749854e-04 2.262965e-04 -1.187657e-03)
5123          	(2.347328e+02 -1.015614e+01 4.926765e+01)	(2.347321e+02 -1.015636e+01 4.926884e+01)	(6.753016e-04 2.262403e-04 -1.187439e-03)
5124          	(2.347328e+02 -1.015614e+01 4.926766e+01)	(2.347321e+02 -1.015637e+01 4.926885e+01)	(6.756223e-04 2.261824e-04 -1.187219e-03)
5125          	(2.347328e+02 -1.015615e+01 4.926768e+01)	(2.347321e+02 -1.015637e+01 4.926886e+01)	(6.759692e-04 2.261271e-04 -1.186985e-03)
5126          	(2.347328e+02 -1.015615e+01 4.926769e+01)	(2.347321e+02 -1.015638e+01 4.926888e+01)	(6.763114e-04 2.260680e-04 -1.186756e-03)
5127          	(2.347328e+02 -1.015615e+01 4.926771e+01)	(2.347321e+02 -1.015638e+01 4.926890e+01)	(6.766657e-04 2.260086e-04 -1.186517e-03)
5128          	(2.347328e+02 -1.015616e+01 4.926772e+01)	(2.347321e+02 -1.015639e+01 4.926891e+01)	(6.770335e-04 2.259483e-04 -1.186276e-03)
5129          	(2.347328e+02 -1.015616e+01 4.926774e+01)	(2.347322e+02 -1.015639e+01 4.926893e+01)	(6.774148e-04 2.258871e-04 -1.186026e-03)
5130          	(2.347328e+02 -1.015617e+01 4.926776e+01)	(2.347322e+02 -1.015639e+01 4.926894e+01)	(6.777800e-04 2.258193e-04 -1.185789e-03)
5131          	(2.347329e+02 -1.015617e+01 4.926777e+01)	(2.347322e+02 -1.015640e+01 4.926896e+01)	(6.781699e-04 2.257528e-04 -1.185536e-03)
5132          	(2.347329e+02 -1.015618e+01 4.926779e+01)	(2.347322e+02 -1.015640e+01 4.926897e+01)	(6.785561e-04 2.256804e-04 -1.185289e-03)
5133          	(2.347328e+02 -1.015618e+01 4.926779e+01)	(2.347322e+02 -1.015641e+01 4.926898e+01)	(6.789539e-04 2.256102e-04 -1.185054e-03)
5134          	(2.347329e+02 -1.015619e+01 4.926781e+01)	(2.347322e+02 -1.015641e+01 4.926899e+01)	(6.793270e-04 2.255300e-04 -1.184823e-03)
5135          	(2.347329e+02 -1.015619e+01 4.926782e+01)	(2.347322e+02 -1.015642e+01 4.926900e+01)	(6.797104e-04 2.254484e-04 -1.184572e-03)
5136          	(2.347328e+02 -1.015620e+01 4.926782e+01)	(2.347322e+02 -1.015642e+01 4.926900e+01)	(6.800986e-04 2.253673e-04 -1.184346e-03)
5137          	(2.347328e+02 -1.015620e+01 4.926783e+01)	(2.347322e+02 -1.015643e+01 4.926901e+01)	(6.804779e-04 2.252812e-04 -1.184105e-03)
5138          	(2.347328e+02 -1.015621e+01 4.926783e+01)	(2.347322e+02 -1.015643e+01 4.926902e+01)	(6.808374e-04 2.251881e-04 -1.183859e-03)
5139          	(2.347328e+02 -1.015621e+01 4.926783e+01)	(2.347321e+02 -1.015644e+01 4.926901e+01)	(6.812139e-04 2.250996e-04 -1.183626e-03)
5140          	(2.347328e+02 -1.015621e+01 4.926783e+01)	(2.347321e+02 -1.015644e+01 4.926901e+01)	(6.815566e-04 2.250025e-04 -1.183390e-03)
5141          	(2.347328e+02 -1.015622e+01 4.926783e+01)	(2.347321e+02 -1.015644e+01 4.926902e+01)	(6.819010e-04 2.249046e-04 -1.183135e-03)
5142          	(2.347328e+02 -1.015622e+01 4.926782e+01)	(2.347321e+02 -1.015645e+01 4.926900e+01)	(6.822223e-04 2.248051e-04 -1.182920e-03)
5143          	(2.347328e+02 -1.015623e+01 4.926782e+01)	(2.347321e+02 -1.015645e+01 4.926900e+01)	(6.825475e-04 2.247059e-04 -1.182672e-03)
5144          	(2.347328e+02 -1.015623e+01 4.926782e+01)	(2.347321e+02 -1.015645e+01 4.926900e+01)	(6.828468e-04 2.246007e-04 -1.182422e-03)
5145          	(2.347328e+02 -1.015623e+01 4.926780e+01)	(2.347321e+02 -1.015646e+01 4.926898e+01)	(6.831423e-04 2.244975e-04 -1.182190e-03)
5146          	(2.347328e+02 -1.015624e+01 4.926780e+01)	(2.347321e+02 -1.015646e+01 4.926898e+01)	(6.834147e-04 2.243899e-04 -1.181946e-03)
5147          	(2.347328e+02 -1.015624e+01 4.926780e+01)	(2.347321e+02 -1.015647e+01 4.926898e+01)	(6.836848e-04 2.242818e-04 -1.181685e-03)
5148          	(2.347328e+02 -1.015625e+01 4.926779e+01)	(2.347321e+02 -1.015647e+01 4.926897e+01)	(6.839336e-04 2.241694e-04 -1.181430e-03)
5149          	(2.347327e+02 -1.015625e+01 4.926777e+01)	(2.347321e+02 -1.015648e+01 4.926895e+01)	(6.841869e-04 2.240618e-04 -1.181187e-03)
5150          	(2.347327e+02 -1.015626e+01 4.926777e+01)	(2.347320e+02 -1.015648e+01 4.926895e+01)	(6.844126e-04 2.239483e-04 -1.180946e-03)
5151          	(2.347327e+02 -1.015626e+01 4.926776e+01)	(2.347321e+02 -1.015649e+01 4.926894e+01)	(6.846367e-04 2.238344e-04 -1.180690e-03)
5152          	(2.347327e+02 -1.015627e+01 4.926775e+01)	(2.347321e+02 -1.015649e+01 4.926893e+01)	(6.848402e-04 2.237157e-04 -1.180434e-03)
5153          	(2.347327e+02 -1.015627e+01 4.926774e+01)	(2.347320e+02 -1.015649e+01 4.926892e+01)	(6.850559e-04 2.235991e-04 -1.180158e-03)
5154          	(2.347327e+02 -1.015628e+01 4.926773e+01)	(2.347320e+02 -1.015650e+01 4.926891e+01)	(6.852357e-04 2.234743e-04 -1.179890e-03)
5155          	(2.347327e+02 -1.015628e+01 4.926772e+01)	(2.347320e+02 -1.015650e+01 4.926890e+01)	(6.854238e-04 2.233494e-04 -1.179597e-03)
5156          	(2.347327e+02 -1.015628e+01 4.926771e+01)	(2.347320e+02 -1.015651e+01 4.926889e+01)	(6.855863e-04 2.232187e-04 -1.179313e-03)
5157          	(2.347327e+02 -1.015629e+01 4.926770e+01)	(2.347320e+02 -1.015651e+01 4.926887e+01)	(6.857493e-04 2.230876e-04 -1.179004e-03)
5158          	(2.347327e+02 -1.015629e+01 4.926768e+01)	(2.347320e+02 -1.015652e+01 4.926886e+01)	(6.858885e-04 2.229504e-04 -1.178691e-03)
5159          	(2.347327e+02 -1.015630e+01 4.926767e+01)	(2.347320e+02 -1.015652e+01 4.926885e+01)	(6.860156e-04 2.228102e-04 -1.178361e-03)
5160          	(2.347327e+02 -1.015630e+01 4.926766e+01)	(2.347320e+02 -1.015653e+01 4.926883e+01)	(6.861079e-04 2.226621e-04 -1.178028e-03)
5161          	(2.347327e+02 -1.015631e+01 4.926764e+01)	(2.347320e+02 -1.015653e+01 4.926882e+01)	(6.861968e-04 2.225126e-04 -1.177671e-03)
5162          	(2.347327e+02 -1.015631e+01 4.926763e+01)	(2.347320e+02 -1.015654e+01 4.926881e+01)	(6.862527e-04 2.223554e-04 -1.177308e-03)
5163          	(2.347327e+02 -1.015632e+01 4.926762e+01)	(2.347320e+02 -1.015654e+01 4.926879e+01)	(6.863114e-04 2.221989e-04 -1.176912e-03)
5164          	(2.347327e+02 -1.015632e+01 4.926760e+01)	(2.347320e+02 -1.015654e+01 4.926878e+01)	(6.863404e-04 2.220366e-04 -1.176509e-03)
5165          	(2.347327e+02 -1.015633e+01 4.926759e+01)	(2.347320e+02 -1.015655e+01 4.926877e+01)	(6.863624e-04 2.218739e-04 -1.176082e-03)
5166          	(2.347327e+02 -1.015633e+01 4.926758e+01)	(2.347320e+02 -1.015655e+01 4.926875e+01)	(6.863379e-04 2.217028e-04 -1.175656e-03)
5167          	(2.347327e+02 -1.015633e+01 4.926757e+01)	(2.347320e+02 -1.015656e+01 4.926874e+01)	(6.863187e-04 2.215347e-04 -1.175196e-03)
5168          	(2.347327e+02 -1.015634e+01 4.926756e+01)	(2.347320e+02 -1.015656e+01 4.926873e+01)	(6.862816e-04 2.213642e-04 -1.174729e-03)
5169          	(2.347327e+02 -1.015634e+01 4.926755e+01)	(2.347320e+02 -1.015656e+01 4.926872e+01)	(6.862397e-04 2.211951e-04 -1.174238e-03)
5170          	(2.347327e+02 -1.015634e+01 4.926754e+01)	(2.347320e+02 -1.015656e+01 4.926871e+01)	(6.861625e-04 2.210216e-04 -1.173748e-03)
5171          	(2.347327e+02 -1.015635e+01 4.926753e+01)	(2.347320e+02 -1.015657e+01 4.926870e+01)	(6.860950e-04 2.208531e-04 -1.173231e-03)
5172          	(2.347327e+02 -1.015635e+01 4.926753e+01)	(2.347320e+02 -1.015657e+01 4.926870e+01)	(6.860073e-04 2.206842e-04 -1.172718e-03)
5173          	(2.347327e+02 -1.015635e+01 4.926752e+01)	(2.347320e+02 -1.015657e+01 4.926869e+01)	(6.859111e-04 2.205177e-04 -1.172190e-03)
5174          	(2.347327e+02 -1.015635e+01 4.926751e+01)	(2.347320e+02 -1.015657e+01 4.926869e+01)	(6.858112e-04 2.203538e-04 -1.171654e-03)
5175          	(2.347327e+02 -1.015635e+01 4.926751e+01)	(2.347320e+02 -1.015658e+01 4.926868e+01)	(6.857126e-04 2.201949e-04 -1.171109e-03)
5176          	(2.347327e+02 -1.015636e+01 4.926751e+01)	(2.347320e+02 -1.015658e+01 4.926868e+01)	(6.855997e-04 2.200372e-04 -1.170569e-03)
5177          	(2.347327e+02 -1.015636e+01 4.926751e+01)	(2.347320e+02 -1.015658e+01 4.926868e+01)	(6.855034e-04 2.198880e-04 -1.170014e-03)
5178          	(2.347327e+02 -1.015636e+01 4.926750e+01)	(2.347320e+02 -1.015658e+01 4.926867e+01)	(6.854014e-04 2.197425e-04 -1.169459e-03)
5179          	(2.347327e+02 -1.015636e+01 4.926750e+01)	(2.347320e+02 -1.015658e+01 4.926867e+01)	(6.852921e-04 2.196017e-04 -1.168909e-03)
5180          	(2.347327e+02 -1.015636e+01 4.926750e+01)	(2.347320e+02 -1.015658e+01 4.926867e+01)	(6.851802e-04 2.194646e-04 -1.168362e-03)
5181          	(2.347327e+02 -1.015636e+01 4.926751e+01)	(2.347320e+02 -1.015658e+01 4.926867e+01)	(6.850976e-04 2.193406e-04 -1.167804e-03)
5182          	(2.347327e+02 -1.015636e+01 4.926751e+01)	(2.347320e+02 -1.015658e+01 4.926868e+01)	(6.849979e-04 2.192190e-04 -1.167261e-03)
5183          	(2.347327e+02 -1.015636e+01 4.926751e+01)	(2.347320e+02 -1.015658e+01 4.926868e+01)	(6.849039e-04 2.191057e-04 -1.166723e-03)
5184          	(2.347327e+02 -1.015637e+01 4.926752e+01)	(2.347320e+02 -1.015658e+01 4.926869e+01)	(6.848271e-04 2.190013e-04 -1.166184e-03)
5185          	(2.347327e+02 -1.015637e+01 4.926753e+01)	(2.347320e+02 -1.015659e+01 4.926869e+01)	(6.847576e-04 2.189051e-04 -1.165660e-03)
5186          	(2.347327e+02 -1.015637e+01 4.926754e+01)	(2.347320e+02 -1.015659e+01 4.926870e+01)	(6.846910e-04 2.188148e-04 -1.165141e-03)
5187          	(2.347327e+02 -1.015637e+01 4.926755e+01)	(2.347320e+02 -1.015659e+01 4.926871e+01)	(6.846419e-04 2.187347e-04 -1.164626e-03)
5188          	(2.347327e+02 -1.015637e+01 4.926756e+01)	(2.347320e+02 -1.015659e+01 4.926872e+01)	(6.845847e-04 2.186580e-04 -1.164131e-03)
5189          	(2.347327e+02 -1.015637e+01 4.926757e+01)	(2.347320e+02 -1.015659e+01 4.926873e+01)	(6.845468e-04 2.185919e-04 -1.163643e-03)
5190          	(2.347327e+02 -1.015637e+01 4.926758e+01)	(2.347320e+02 -1.015659e+01 4.926875e+01)	(6.845089e-04 2.185312e-04 -1.163170e-03)
5191          	(2.347327e+02 -1.015637e+01 4.926760e+01)	(2.347320e+02 -1.015659e+01 4.926876e+01)	(6.844874e-04 2.184803e-04 -1.162708e-03)
5192          	(2.347327e+02 -1.015637e+01 4.926761e+01)	(2.347320e+02 -1.015658e+01 4.926877e+01)	(6.844611e-04 2.184342e-04 -1.162270e-03)
5193          	(2.347327e+02 -1.015637e+01 4.926763e+01)	(2.347320e+02 -1.015658e+01 4.926879e+01)	(6.844496e-04 2.183978e-04 -1.161844e-03)
5194          	(2.347327e+02 -1.015637e+01 4.926764e+01)	(2.347320e+02 -1.015658e+01 4.926880e+01)	(6.844479e-04 2.183697e-04 -1.161435e-03)
5195          	(2.347327e+02 -1.015636e+01 4.926766e+01)	(2.347320e+02 -1.015658e+01 4.926882e+01)	(6.844527e-04 2.183504e-04 -1.161049e-03)
5196          	(2.347327e+02 -1.015636e+01 4.926767e+01)	(2.347320e+02 -1.015658e+01 4.926883e+01)	(6.844488e-04 2.183378e-04 -1.160690e-03)
5197          	(2.347327e+02 -1.015636e+01 4.926768e+01)	(2.347320e+02 -1.015658e+01 4.926884e+01)	(6.844489e-04 2.183356e-04 -1.160358e-03)
5198          	(2.347327e+02 -1.015636e+01 4.926769e+01)	(2.347320e+02 -1.015658e+01 4.926885e+01)	(6.844312e-04 2.183401e-04 -1.160059e-03)
5199          	(2.347327e+02 -1.015636e+01 4.926769e+01)	(2.347320e+02 -1.015658e+01 4.926885e+01)	(6.844054e-04 2.183542e-04 -1.159787e-03)
5200          	(2.347327e+02 -1.015636e+01 4.926769e+01)	(2.347320e+02 -1.015658e+01 4.926885e+01)	(6.843561e-04 2.183749e-04 -1.159559e-03)
5201          	(2.347327e+02 -1.015636e+01 4.926769e+01)	(2.347320e+02 -1.015658e+01 4.926885e+01)	(6.842903e-04 2.184029e-04 -1.159358e-03)
5202          	(2.347327e+02 -1.015636e+01 4.926769e+01)	(2.347320e+02 -1.015658e+01 4.926885e+01)	(6.841956e-04 2.184350e-04 -1.159192e-03)
5203          	(2.347326e+02 -1.015636e+01 4.926768e+01)	(2.347320e+02 -1.015658e+01 4.926884e+01)	(6.840709e-04 2.184710e-04 -1.159059e-03)
5204          	(2.347326e+02 -1.015636e+01 4.926767e+01)	(2.347320e+02 -1.015658e+01 4.926883e+01)	(6.839153e-04 2.185102e-04 -1.158958e-03)
5205          	(2.347326e+02 -1.015636e+01 4.926766e+01)	(2.347320e+02 -1.015657e+01 4.926882e+01)	(6.837260e-04 2.185503e-04 -1.158865e-03)
5206          	(2.347326e+02 -1.015636e+01 4.926765e+01)	(2.347320e+02 -1.015657e+01 4.926880e+01)	(6.834837e-04 2.185885e-04 -1.158820e-03)
5207          	(2.347326e+02 -1.015635e+01 4.926764e+01)	(2.347320e+02 -1.015657e+01 4.926880e+01)	(6.832218e-04 2.186294e-04 -1.158774e-03)
5208          	(2.347327e+02 -1.015635e+01 4.926763e+01)	(2.347320e+02 -1.015657e+01 4.926879e+01)	(6.829248e-04 2.186702e-04 -1.158748e-03)
5209          	(2.347326e+02 -1.015635e+01 4.926761e+01)	(2.347320e+02 -1.015657e+01 4.926877e+01)	(6.825991e-04 2.187136e-04 -1.158763e-03)
5210          	(2.347326e+02 -1.015635e+01 4.926759e+01)	(2.347320e+02 -1.015657e+01 4.926875e+01)	(6.822388e-04 2.187577e-04 -1.158819e-03)
5211          	(2.347326e+02 -1.015634e+01 4.926758e+01)	(2.347320e+02 -1.015656e+01 4.926874e+01)	(6.818608e-04 2.188034e-04 -1.158874e-03)
5212          	(2.347326e+02 -1.015634e+01 4.926756e+01)	(2.347320e+02 -1.015656e+01 4.926872e+01)	(6.814613e-04 2.188519e-04 -1.158972e-03)
5213          	(2.347326e+02 -1.015634e+01 4.926755e+01)	(2.347320e+02 -1.015656e+01 4.926871e+01)	(6.810650e-04 2.189056e-04 -1.159058e-03)
5214          	(2.347326e+02 -1.015633e+01 4.926754e+01)	(2.347320e+02 -1.015655e+01 4.926870e+01)	(6.806519e-04 2.189605e-04 -1.159195e-03)
5215          	(2.347326e+02 -1.015633e+01 4.926753e+01)	(2.347320e+02 -1.015655e+01 4.926869e+01)	(6.802478e-04 2.190221e-04 -1.159340e-03)
5216          	(2.347326e+02 -1.015633e+01 4.926752e+01)	(2.347320e+02 -1.015654e+01 4.926868e+01)	(6.798564e-04 2.190908e-04 -1.159518e-03)
5217          	(2.347326e+02 -1.015632e+01 4.926751e+01)	(2.347319e+02 -1.015654e+01 4.926867e+01)	(6.794941e-04 2.191710e-04 -1.159722e-03)
5218          	(2.347326e+02 -1.015632e+01 4.926751e+01)	(2.347320e+02 -1.015653e+01 4.926867e+01)	(6.791208e-04 2.192526e-04 -1.159948e-03)
5219          	(2.347326e+02 -1.015631e+01 4.926751e+01)	(2.347320e+02 -1.015653e+01 4.926867e+01)	(6.787995e-04 2.193496e-04 -1.160189e-03)
5220          	(2.347326e+02 -1.015630e+01 4.926751e+01)	(2.347319e+02 -1.015652e+01 4.926867e+01)	(6.784847e-04 2.194533e-04 -1.160471e-03)
5221          	(2.347326e+02 -1.015630e+01 4.926751e+01)	(2.347320e+02 -1.015652e+01 4.926867e+01)	(6.781965e-04 2.195667e-04 -1.160752e-03)
5222          	(2.347326e+02 -1.015629e+01 4.926751e+01)	(2.347320e+02 -1.015651e+01 4.926867e+01)	(6.779226e-04 2.196888e-04 -1.161071e-03)
5223          	(2.347326e+02 -1.015629e+01 4.926751e+01)	(2.347320e+02 -1.015651e+01 4.926867e+01)	(6.776815e-04 2.198238e-04 -1.161409e-03)
5224          	(2.347327e+02 -1.015628e+01 4.926752e+01)	(2.347320e+02 -1.015650e+01 4.926868e+01)	(6.774384e-04 2.199619e-04 -1.161763e-03)
5225          	(2.347327e+02 -1.015627e+01 4.926752e+01)	(2.347320e+02 -1.015649e+01 4.926868e+01)	(6.772323e-04 2.201097e-04 -1.162124e-03)
5226          	(2.347327e+02 -1.015627e+01 4.926752e+01)	(2.347320e+02 -1.015649e+01 4.926868e+01)	(6.770074e-04 2.202591e-04 -1.162528e-03)
5227          	(2.347327e+02 -1.015626e+01 4.926753e+01)	(2.347320e+02 -1.015648e+01 4.926869e+01)	(6.768067e-04 2.204167e-04 -1.162919e-03)
5228          	(2.347327e+02 -1.015625e+01 4.926753e+01)	(2.347320e+02 -1.015647e+01 4.926869e+01)	(6.766075e-04 2.205759e-04 -1.163336e-03)
5229          	(2.347327e+02 -1.015625e+01 4.926753e+01)	(2.347320e+02 -1.015647e+01 4.926869e+01)	(6.764070e-04 2.207387e-04 -1.163774e-03)
5230          	(2.347327e+02 -1.015624e+01 4.926753e+01)	(2.347320e+02 -1.015646e+01 4.926870e+01)	(6.761832e-04 2.208968e-04 -1.164213e-03)
5231          	(2.347327e+02 -1.015624e+01 4.926753e+01)	(2.347320e+02 -1.015646e+01 4.926869e+01)	(6.759688e-04 2.210575e-04 -1.164661e-03)
5232          	(2.347327e+02 -1.015623e+01 4.926753e+01)	(2.347320e+02 -1.015645e+01 4.926869e+01)	(6.757219e-04 2.212100e-04 -1.165117e-03)
5233          	(2.347327e+02 -1.015622e+01 4.926752e+01)	(2.347320e+02 -1.015645e+01 4.926869e+01)	(6.754826e-04 2.213614e-04 -1.165576e-03)
5234          	(2.347327e+02 -1.015622e+01 4.926752e+01)	(2.347320e+02 -1.015644e+01 4.926868e+01)	(6.752237e-04 2.215052e-04 -1.166042e-03)
5235          	(2.347327e+02 -1.015622e+01 4.926751e+01)	(2.347320e+02 -1.015644e+01 4.926868e+01)	(6.749568e-04 2.216424e-04 -1.166499e-03)
5236          	(2.347327e+02 -1.015621e+01 4.926750e+01)	(2.347320e+02 -1.015643e+01 4.926867e+01)	(6.746675e-04 2.217686e-04 -1.166959e-03)
5237          	(2.347327e+02 -1.015621e+01 4.926749e+01)	(2.347320e+02 -1.015643e+01 4.926866e+01)	(6.743958e-04 2.218915e-04 -1.167389e-03)
5238          	(2.347326e+02 -1.015620e+01 4.926749e+01)	(2.347320e+02 -1.015643e+01 4.926866e+01)	(6.740911e-04 2.219996e-04 -1.167823e-03)
5239          	(2.347326e+02 -1.015620e+01 4.926748e+01)	(2.347320e+02 -1.015642e+01 4.926865e+01)	(6.737864e-04 2.221002e-04 -1.168238e-03)
5240          	(2.347326e+02 -1.015620e+01 4.926747e+01)	(2.347320e+02 -1.015642e+01 4.926864e+01)	(6.734834e-04 2.221918e-04 -1.168637e-03)
5241          	(2.347326e+02 -1.015619e+01 4.926747e+01)	(2.347319e+02 -1.015641e+01 4.926864e+01)	(6.731863e-04 2.222760e-04 -1.169014e-03)
5242          	(2.347326e+02 -1.015619e+01 4.926746e+01)	(2.347319e+02 -1.015641e+01 4.926863e+01)	(6.728754e-04 2.223478e-04 -1.169395e-03)
5243          	(2.347326e+02 -1.015618e+01 4.926746e+01)	(2.347319e+02 -1.015641e+01 4.926863e+01)	(6.725957e-04 2.224167e-04 -1.169741e-03)
5244          	(2.347326e+02 -1.015618e+01 4.926745e+01)	(2.347319e+02 -1.015640e+01 4.926862e+01)	(6.723150e-04 2.224756e-04 -1.170090e-03)
5245          	(2.347326e+02 -1.015618e+01 4.926745e+01)	(2.347319e+02 -1.015640e+01 4.926862e+01)	(6.720762e-04 2.225334e-04 -1.170415e-03)
5246          	(2.347326e+02 -1.015617e+01 4.926745e+01)	(2.347319e+02 -1.015640e+01 4.926862e+01)	(6.718440e-04 2.225834e-04 -1.170743e-03)
5247          	(2.347326e+02 -1.015617e+01 4.926746e+01)	(2.347319e+02 -1.015639e+01 4.926863e+01)	(6.716518e-04 2.226330e-04 -1.171048e-03)
5248          	(2.347326e+02 -1.015617e+01 4.926746e+01)	(2.347319e+02 -1.015639e+01 4.926863e+01)	(6.714733e-04 2.226773e-04 -1.171363e-03)
5249          	(2.347326e+02 -1.015617e+01 4.926747e+01)	(2.347319e+02 -1.015639e+01 4.926864e+01)	(6.713658e-04 2.227262e-04 -1.171646e-03)
5250          	(2.347326e+02 -1.015616e+01 4.926748e+01)	(2.347319e+02 -1.015639e+01 4.926866e+01)	(6.712734e-04 2.227698e-04 -1.171936e-03)
5251          	(2.347326e+02 -1.015616e+01 4.926750e+01)	(2.347319e+02 -1.015638e+01 4.926867e+01)	(6.712235e-04 2.228149e-04 -1.172218e-03)
5252          	(2.347326e+02 -1.015616e+01 4.926752e+01)	(2.347319e+02 -1.015638e+01 4.926869e+01)	(6.712212e-04 2.228623e-04 -1.172499e-03)
5253          	(2.347326e+02 -1.015615e+01 4.926754e+01)	(2.347320e+02 -1.015638e+01 4.926871e+01)	(6.712683e-04 2.229139e-04 -1.172768e-03)
5254          	(2.347326e+02 -1.015615e+01 4.926756e+01)	(2.347320e+02 -1.015638e+01 4.926873e+01)	(6.713400e-04 2.229650e-04 -1.173044e-03)
5255          	(2.347326e+02 -1.015615e+01 4.926758e+01)	(2.347320e+02 -1.015637e+01 4.926875e+01)	(6.714769e-04 2.230251e-04 -1.173303e-03)
5256          	(2.347326e+02 -1.015615e+01 4.926759e+01)	(2.347320e+02 -1.015637e+01 4.926876e+01)	(6.716363e-04 2.230901e-04 -1.173590e-03)
5257          	(2.347326e+02 -1.015615e+01 4.926761e+01)	(2.347320e+02 -1.015637e+01 4.926879e+01)	(6.718296e-04 2.231583e-04 -1.173859e-03)
5258          	(2.347327e+02 -1.015615e+01 4.926764e+01)	(2.347320e+02 -1.015637e+01 4.926881e+01)	(6.720596e-04 2.232303e-04 -1.174117e-03)
5259          	(2.347327e+02 -1.015614e+01 4.926766e+01)	(2.347320e+02 -1.015637e+01 4.926883e+01)	(6.723092e-04 2.233043e-04 -1.174362e-03)
5260          	(2.347327e+02 -1.015614e+01 4.926768e+01)	(2.347320e+02 -1.015637e+01 4.926885e+01)	(6.725676e-04 2.233791e-04 -1.174616e-03)
5261          	(2.347327e+02 -1.015614e+01 4.926769e+01)	(2.347320e+02 -1.015636e+01 4.926887e+01)	(6.728589e-04 2.234612e-04 -1.174859e-03)
5262          	(2.347327e+02 -1.015614e+01 4.926771e+01)	(2.347320e+02 -1.015636e+01 4.926889e+01)	(6.731571e-04 2.235419e-04 -1.175092e-03)
5263          	(2.347327e+02 -1.015614e+01 4.926773e+01)	(2.347320e+02 -1.015636e+01 4.926890e+01)	(6.734523e-04 2.236195e-04 -1.175314e-03)
5264          	(2.347327e+02 -1.015614e+01 4.926775e+01)	(2.347320e+02 -1.015636e+01 4.926892e+01)	(6.737453e-04 2.236939e-04 -1.175526e-03)
5265          	(2.347327e+02 -1.015614e+01 4.926775e+01)	(2.347320e+02 -1.015636e+01 4.926893e+01)	(6.740453e-04 2.237703e-04 -1.175736e-03)
5266          	(2.347327e+02 -1.015614e+01 4.926777e+01)	(2.347320e+02 -1.015636e+01 4.926894e+01)	(6.743225e-04 2.238383e-04 -1.175946e-03)
5267          	(2.347327e+02 -1.015614e+01 4.926778e+01)	(2.347320e+02 -1.015636e+01 4.926895e+01)	(6.746023e-04 2.239015e-04 -1.176129e-03)
5268          	(2.347327e+02 -1.015614e+01 4.926778e+01)	(2.347320e+02 -1.015636e+01 4.926895e+01)	(6.748564e-04 2.239578e-04 -1.176330e-03)
5269          	(2.347327e+02 -1.015614e+01 4.926778e+01)	(2.347320e+02 -1.015636e+01 4.926896e+01)	(6.751006e-04 2.240050e-04 -1.176501e-03)
5270          	(2.347327e+02 -1.015614e+01 4.926779e+01)	(2.347320e+02 -1.015636e+01 4.926896e+01)	(6.753103e-04 2.240374e-04 -1.176670e-03)
5271          	(2.347326e+02 -1.015614e+01 4.926778e+01)	(2.347320e+02 -1.015637e+01 4.926895e+01)	(6.755040e-04 2.240627e-04 -1.176841e-03)
5272          	(2.347326e+02 -1.015614e+01 4.926777e+01)	(2.347320e+02 -1.015637e+01 4.926895e+01)	(6.756754e-04 2.240743e-04 -1.176995e-03)
5273          	(2.347326e+02 -1.015614e+01 4.926777e+01)	(2.347320e+02 -1.015637e+01 4.926895e+01)	(6.758258e-04 2.240726e-04 -1.177128e-03)
5274          	(2.347326e+02 -1.015615e+01 4.926775e+01)	(2.347319e+02 -1.015637e+01 4.926893e+01)	(6.759433e-04 2.240583e-04 -1.177289e-03)
5275          	(2.347326e+02 -1.015615e+01 4.926774e+01)	(2.347319e+02 -1.015637e+01 4.926892e+01)	(6.760671e-04 2.240358e-04 -1.177412e-03)
5276          	(2.347326e+02 -1.015615e+01 4.926772e+01)	(2.347319e+02 -1.015638e+01 4.926890e+01)	(6.761538e-04 2.239976e-04 -1.177554e-03)
5277          	(2.347326e+02 -1.015616e+01 4.926771e+01)	(2.347319e+02 -1.015638e+01 4.926889e+01)	(6.762396e-04 2.239500e-04 -1.177666e-03)
5278          	(2.347326e+02 -1.015616e+01 4.926770e+01)	(2.347319e+02 -1.015638e+01 4.926888e+01)	(6.763103e-04 2.238899e-04 -1.177768e-03)
5279          	(2.347325e+02 -1.015616e+01 4.926768e+01)	(2.347318e+02 -1.015639e+01 4.926885e+01)	(6.763871e-04 2.238248e-04 -1.177873e-03)
5280          	(2.347325e+02 -1.015617e+01 4.926767e+01)	(2.347318e+02 -1.015639e+01 4.926884e+01)	(6.764605e-04 2.237496e-04 -1.177961e-03)
5281          	(2.347325e+02 -1.015617e+01 4.926766e+01)	(2.347318e+02 -1.015639e+01 4.926884e+01)	(6.765392e-04 2.236681e-04 -1.178030e-03)
5282          	(2.347325e+02 -1.015617e+01 4.926764e+01)	(2.347318e+02 -1.015640e+01 4.926882e+01)	(6.766142e-04 2.235813e-04 -1.178113e-03)
5283          	(2.347325e+02 -1.015618e+01 4.926763e+01)	(2.347318e+02 -1.015640e+01 4.926881e+01)	(6.767069e-04 2.234928e-04 -1.178173e-03)
5284          	(2.347325e+02 -1.015618e+01 4.926763e+01)	(2.347318e+02 -1.015640e+01 4.926881e+01)	(6.768034e-04 2.234000e-04 -1.178220e-03)
5285          	(2.347325e+02 -1.015618e+01 4.926762e+01)	(2.347318e+02 -1.015641e+01 4.926880e+01)	(6.769171e-04 2.233084e-04 -1.178249e-03)
5286          	(2.347325e+02 -1.015619e+01 4.926761e+01)	(2.347318e+02 -1.015641e+01 4.926879e+01)	(6.770390e-04 2.232190e-04 -1.178289e-03)
5287          	(2.347325e+02 -1.015619e+01 4.926761e+01)	(2.347318e+02 -1.015641e+01 4.926879e+01)	(6.771835e-04 2.231321e-04 -1.178303e-03)
5288          	(2.347325e+02 -1.015619e+01 4.926761e+01)	(2.347318e+02 -1.015642e+01 4.926879e+01)	(6.773353e-04 2.230445e-04 -1.178298e-03)
5289          	(2.347325e+02 -1.015620e+01 4.926762e+01)	(2.347318e+02 -1.015642e+01 4.926880e+01)	(6.775045e-04 2.229593e-04 -1.178272e-03)
5290          	(2.347325e+02 -1.015620e+01 4.926762e+01)	(2.347318e+02 -1.015642e+01 4.926880e+01)	(6.776801e-04 2.228764e-04 -1.178232e-03)
5291          	(2.347325e+02 -1.015620e+01 4.926763e+01)	(2.347318e+02 -1.015643e+01 4.926880e+01)	(6.778744e-04 2.227989e-04 -1.178167e-03)
5292          	(2.347325e+02 -1.015621e+01 4.926763e+01)	(2.347318e+02 -1.015643e+01 4.926881e+01)	(6.780793e-04 2.227250e-04 -1.178083e-03)
5293          	(2.347325e+02 -1.015621e+01 4.926763e+01)	(2.347318e+02 -1.015643e+01 4.926881e+01)	(6.783035e-04 2.226590e-04 -1.177995e-03)
5294          	(2.347325e+02 -1.015621e+01 4.926764e+01)	(2.347318e+02 -1.015643e+01 4.926882e+01)	(6.785424e-04 2.225959e-04 -1.177882e-03)
5295          	(2.347325e+02 -1.015621e+01 4.926765e+01)	(2.347318e+02 -1.015644e+01 4.926883e+01)	(6.787953e-04 2.225361e-04 -1.177749e-03)
5296          	(2.347325e+02 -1.015622e+01 4.926766e+01)	(2.347318e+02 -1.015644e+01 4.926884e+01)	(6.790465e-04 2.224755e-04 -1.177611e-03)
5297          	(2.347325e+02 -1.015622e+01 4.926767e+01)	(2.347318e+02 -1.015644e+01 4.926885e+01)	(6.793106e-04 2.224176e-04 -1.177451e-03)
5298          	(2.347325e+02 -1.015622e+01 4.926768e+01)	(2.347318e+02 -1.015645e+01 4.926885e+01)	(6.795811e-04 2.223601e-04 -1.177282e-03)
5299          	(2.347325e+02 -1.015623e+01 4.926769e+01)	(2.347318e+02 -1.015645e+01 4.926886e+01)	(6.798661e-04 2.223055e-04 -1.177093e-03)
5300          	(2.347325e+02 -1.015623e+01 4.926770e+01)	(2.347319e+02 -1.015645e+01 4.926887e+01)	(6.801457e-04 2.222493e-04 -1.176895e-03)
5301          	(2.347325e+02 -1.015623e+01 4.926771e+01)	(2.347319e+02 -1.015646e+01 4.926888e+01)	(6.804269e-04 2.221940e-04 -1.176680e-03)
5302          	(2.347325e+02 -1.015624e+01 4.926771e+01)	(2.347319e+02 -1.015646e+01 4.926889e+01)	(6.806831e-04 2.221334e-04 -1.176469e-03)
5303          	(2.347325e+02 -1.015624e+01 4.926772e+01)	(2.347319e+02 -1.015646e+01 4.926890e+01)	(6.809440e-04 2.220739e-04 -1.176233e-03)
5304          	(2.347326e+02 -1.015624e+01 4.926773e+01)	(2.347319e+02 -1.015647e+01 4.926891e+01)	(6.811881e-04 2.220112e-04 -1.175990e-03)
5305          	(2.347326e+02 -1.015625e+01 4.926774e+01)	(2.347319e+02 -1.015647e+01 4.926891e+01)	(6.814224e-04 2.219464e-04 -1.175733e-03)
5306          	(2.347326e+02 -1.015625e+01 4.926774e+01)	(2.347319e+02 -1.015647e+01 4.926892e+01)	(6.816361e-04 2.218775e-04 -1.175469e-03)
5307          	(2.347326e+02 -1.015626e+01 4.926774e+01)	(2.347319e+02 -1.015648e+01 4.926892e+01)	(6.818466e-04 2.218079e-04 -1.175185e-03)
5308          	(2.347326e+02 -1.015626e+01 4.926775e+01)	(2.347319e+02 -1.015648e+01 4.926892e+01)	(6.820340e-04 2.217340e-04 -1.174899e-03)
5309          	(2.347326e+02 -1.015626e+01 4.926775e+01)	(2.347319e+02 -1.015649e+01 4.926893e+01)	(6.822032e-04 2.216566e-04 -1.174604e-03)
5310          	(2.347326e+02 -1.015627e+01 4.926775e+01)	(2.347319e+02 -1.015649e+01 4.926893e+01)	(6.823594e-04 2.215768e-04 -1.174299e-03)
5311          	(2.347326e+02 -1.015627e+01 4.926775e+01)	(2.347319e+02 -1.015649e+01 4.926893e+01)	(6.825044e-04 2.214954e-04 -1.173985e-03)
5312          	(2.347326e+02 -1.015628e+01 4.926775e+01)	(2.347319e+02 -1.015650e+01 4.926892e+01)	(6.826289e-04 2.214114e-04 -1.173668e-03)
5313          	(2.347326e+02 -1.015628e+01 4.926775e+01)	(2.347319e+02 -1.015650e+01 4.926892e+01)	(6.827392e-04 2.213268e-04 -1.173344e-03)
5314          	(2.347326e+02 -1.015628e+01 4.926775e+01)	(2.347319e+02 -1.015650e+01 4.926892e+01)	(6.828319e-04 2.212416e-04 -1.173023e-03)
5315          	(2.347326e+02 -1.015629e+01 4.926774e+01)	(2.347319e+02 -1.015651e+01 4.926891e+01)	(6.829120e-04 2.211570e-04 -1.172689e-03)
5316          	(2.347326e+02 -1.015629e+01 4.926774e+01)	(2.347319e+02 -1.015651e+01 4.926891e+01)	(6.829774e-04 2.210736e-04 -1.172360e-03)
5317          	(2.347326e+02 -1.015629e+01 4.926773e+01)	(2.347319e+02 -1.015651e+01 4.926890e+01)	(6.830247e-04 2.209917e-04 -1.172032e-03)
5318          	(2.347326e+02 -1.015629e+01 4.926772e+01)	(2.347319e+02 -1.015651e+01 4.926890e+01)	(6.830714e-04 2.209155e-04 -1.171698e-03)
5319          	(2.347326e+02 -1.015630e+01 4.926772e+01)	(2.347319e+02 -1.015652e+01 4.926889e+01)	(6.831110e-04 2.208433e-04 -1.171362e-03)
5320          	(2.347326e+02 -1.015630e+01 4.926771e+01)	(2.347319e+02 -1.015652e+01 4.926888e+01)	(6.831351e-04 2.207742e-04 -1.171038e-03)
5321          	(2.347326e+02 -1.015630e+01 4.926770e+01)	(2.347319e+02 -1.015652e+01 4.926887e+01)	(6.831484e-04 2.207092e-04 -1.170718e-03)
5322          	(2.347326e+02 -1.015630e+01 4.926770e+01)	(2.347319e+02 -1.015652e+01 4.926887e+01)	(6.831760e-04 2.206541e-04 -1.170395e-03)
5323          	(2.347326e+02 -1.015630e+01 4.926769e+01)	(2.347319e+02 -1.015652e+01 4.926886e+01)	(6.831971e-04 2.206043e-04 -1.170086e-03)
5324          	(2.347326e+02 -1.015630e+01 4.926769e+01)	(2.347319e+02 -1.015652e+01 4.926886e+01)	(6.832233e-04 2.205633e-04 -1.169783e-03)
5325          	(2.347326e+02 -1.015630e+01 4.926768e+01)	(2.347319e+02 -1.015652e+01 4.926885e+01)	(6.832552e-04 2.205308e-04 -1.169490e-03)
5326          	(2.347326e+02 -1.015630e+01 4.926768e+01)	(2.347319e+02 -1.015652e+01 4.926885e+01)	(6.832927e-04 2.205067e-04 -1.169213e-03)
5327          	(2.347326e+02 -1.015630e+01 4.926767e+01)	(2.347319e+02 -1.015652e+01 4.926884e+01)	(6.833262e-04 2.204891e-04 -1.168949e-03)
5328          	(2.347326e+02 -1.015630e+01 4.926767e+01)	(2.347319e+02 -1.015652e+01 4.926884e+01)	(6.833746e-04 2.204812e-04 -1.168690e-03)
5329          	(2.347326e+02 -1.015630e+01 4.926767e+01)	(2.347319e+02 -1.015652e+01 4.926883e+01)	(6.834183e-04 2.204792e-04 -1.168443e-03)
5330          	(2.347326e+02 -1.015630e+01 4.926766e+01)	(2.347319e+02 -1.015652e+01 4.926883e+01)	(6.834524e-04 2.204817e-04 -1.168208e-03)
5331          	(2.347326e+02 -1.015630e+01 4.926766e+01)	(2.347319e+02 -1.015652e+01 4.926883e+01)	(6.834698e-04 2.204870e-04 -1.167982e-03)
5332          	(2.347326e+02 -1.015630e+01 4.926766e+01)	(2.347319e+02 -1.015652e+01 4.926882e+01)	(6.834827e-04 2.204971e-04 -1.167753e-03)
5333          	(2.347326e+02 -1.015630e+01 4.926765e+01)	(2.347319e+02 -1.015652e+01 4.926882e+01)	(6.834688e-04 2.205072e-04 -1.167527e-03)
5334          	(2.347326e+02 -1.015630e+01 4.926765e+01)	(2.347319e+02 -1.015652e+01 4.926882e+01)	(6.834347e-04 2.205176e-04 -1.167306e-03)
5335          	(2.347326e+02 -1.015630e+01 4.926764e+01)	(2.347319e+02 -1.015652e+01 4.926881e+01)	(6.833756e-04 2.205269e-04 -1.167086e-03)
5336          	(2.347326e+02 -1.015630e+01 4.926764e+01)	(2.347319e+02 -1.015652e+01 4.926881e+01)	(6.833002e-04 2.205374e-04 -1.166862e-03)
5337          	(2.347326e+02 -1.015630e+01 4.926763e+01)	(2.347319e+02 -1.015652e+01 4.926880e+01)	(6.832020e-04 2.205467e-04 -1.166637e-03)
5338          	(2.347326e+02 -1.015630e+01 4.926763e+01)	(2.347319e+02 -1.015652e+01 4.926880e+01)	(6.830780e-04 2.205539e-04 -1.166414e-03)
5339          	(2.347325e+02 -1.015630e+01 4.926762e+01)	(2.347319e+02 -1.015652e+01 4.926879e+01)	(6.829486e-04 2.205636e-04 -1.166177e-03)
5340          	(2.347325e+02 -1.015630e+01 4.926762e+01)	(2.347319e+02 -1.015652e+01 4.926878e+01)	(6.827831e-04 2.205693e-04 -1.165959e-03)
5341          	(2.347325e+02 -1.015630e+01 4.926761e+01)	(2.347318e+02 -1.015652e+01 4.926878e+01)	(6.826331e-04 2.205806e-04 -1.165720e-03)
5342          	(2.347325e+02 -1.015630e+01 4.926761e+01)	(2.347318e+02 -1.015652e+01 4.926877e+01)	(6.824548e-04 2.205883e-04 -1.165491e-03)
5343          	(2.347325e+02 -1.015630e+01 4.926760e+01)	(2.347318e+02 -1.015652e+01 4.926877e+01)	(6.822788e-04 2.205983e-04 -1.165261e-03)
5344          	(2.347325e+02 -1.015630e+01 4.926760e+01)	(2.347318e+02 -1.015652e+01 4.926876e+01)	(6.820907e-04 2.206080e-04 -1.165037e-03)
5345          	(2.347325e+02 -1.015630e+01 4.926759e+01)	(2.347318e+02 -1.015652e+01 4.926876e+01)	(6.819167e-04 2.206218e-04 -1.164806e-03)
5346          	(2.347325e+02 -1.015630e+01 4.926759e+01)	(2.347318e+02 -1.015652e+01 4.926875e+01)	(6.817205e-04 2.206319e-04 -1.164595e-03)
5347          	(2.347325e+02 -1.015630e+01 4.926759e+01)	(2.347318e+02 -1.015652e+01 4.926875e+01)	(6.815534e-04 2.206488e-04 -1.164369e-03)
5348          	(2.347325e+02 -1.015629e+01 4.926758e+01)	(2.347318e+02 -1.015652e+01 4.926875e+01)	(6.813732e-04 2.206633e-04 -1.164163e-03)
5349          	(2.347325e+02 -1.015629e+01 4.926758e+01)	(2.347318e+02 -1.015651e+01 4.926875e+01)	(6.812084e-04 2.206807e-04 -1.163951e-03)
5350          	(2.347325e+02 -1.015629e+01 4.926758e+01)	(2.347318e+02 -1.015651e+01 4.926875e+01)	(6.810472e-04 2.206983e-04 -1.163751e-03)
5351          	(2.347325e+02 -1.015629e+01 4.926758e+01)	(2.347318e+02 -1.015651e+01 4.926875e+01)	(6.808851e-04 2.207150e-04 -1.163551e-03)
5352          	(2.347325e+02 -1.015629e+01 4.926758e+01)	(2.347318e+02 -1.015651e+01 4.926875e+01)	(6.807131e-04 2.207287e-04 -1.163369e-03)
5353          	(2.347325e+02 -1.015629e+01 4.926759e+01)	(2.347318e+02 -1.015651e+01 4.926875e+01)	(6.805677e-04 2.207460e-04 -1.163171e-03)
5354          	(2.347325e+02 -1.015629e+01 4.926759e+01)	(2.347318e+02 -1.015651e+01 4.926875e+01)	(6.804066e-04 2.207582e-04 -1.162986e-03)
5355          	(2.347325e+02 -1.015628e+01 4.926759e+01)	(2.347318e+02 -1.015651e+01 4.926875e+01)	(6.802497e-04 2.207695e-04 -1.162795e-03)
5356          	(2.347325e+02 -1.015628e+01 4.926759e+01)	(2.347318e+02 -1.015651e+01 4.926875e+01)	(6.800796e-04 2.207757e-04 -1.162617e-03)
5357          	(2.347325e+02 -1.015628e+01 4.926759e+01)	(2.347318e+02 -1.015651e+01 4.926876e+01)	(6.799072e-04 2.207797e-04 -1.162431e-03)
5358          	(2.347325e+02 -1.015628e+01 4.926759e+01)	(2.347318e+02 -1.015651e+01 4.926876e+01)	(6.797268e-04 2.207792e-04 -1.162249e-03)
5359          	(2.347325e+02 -1.015629e+01 4.926759e+01)	(2.347318e+02 -1.015651e+01 4.926876e+01)	(6.795292e-04 2.207720e-04 -1.162077e-03)
5360          	(2.347325e+02 -1.015629e+01 4.926759e+01)	(2.347318e+02 -1.015651e+01 4.926875e+01)	(6.793238e-04 2.207604e-04 -1.161905e-03)
5361          	(2.347325e+02 -1.015629e+01 4.926759e+01)	(2.347318e+02 -1.015651e+01 4.926875e+01)	(6.791123e-04 2.207450e-04 -1.161733e-03)
5362          	(2.347325e+02 -1.015629e+01 4.926759e+01)	(2.347318e+02 -1.015651e+01 4.926875e+01)	(6.788795e-04 2.207218e-04 -1.161575e-03)
5363          	(2.347325e+02 -1.015629e+01 4.926758e+01)	(2.347318e+02 -1.015651e+01 4.926874e+01)	(6.786368e-04 2.206939e-04 -1.161418e-03)
5364          	(2.347325e+02 -1.015629e+01 4.926757e+01)	(2.347318e+02 -1.015651e+01 4.926873e+01)	(6.783717e-04 2.206587e-04 -1.161280e-03)
5365          	(2.347325e+02 -1.015629e+01 4.926756e+01)	(2.347318e+02 -1.015651e+01 4.926873e+01)	(6.781005e-04 2.206203e-04 -1.161145e-03)
5366          	(2.347324e+02 -1.015630e+01 4.926755e+01)	(2.347318e+02 -1.015652e+01 4.926872e+01)	(6.778112e-04 2.205764e-04 -1.161025e-03)
5367          	(2.347324e+02 -1.015630e+01 4.926754e+01)	(2.347318e+02 -1.015652e+01 4.926870e+01)	(6.774984e-04 2.205278e-04 -1.160931e-03)
5368          	(2.347324e+02 -1.015630e+01 4.926753e+01)	(2.347317e+02 -1.015652e+01 4.926869e+01)	(6.771811e-04 2.204789e-04 -1.160847e-03)
5369          	(2.347324e+02 -1.015630e+01 4.926751e+01)	(2.347317e+02 -1.015652e+01 4.926867e+01)	(6.768576e-04 2.204309e-04 -1.160780e-03)
5370          	(2.347324e+02 -1.015630e+01 4.926750e+01)	(2.347317e+02 -1.015652e+01 4.926866e+01)	(6.765170e-04 2.203825e-04 -1.160746e-03)
5371          	(2.347324e+02 -1.015630e+01 4.926748e+01)	(2.347317e+02 -1.015652e+01 4.926864e+01)	(6.761817e-04 2.203396e-04 -1.160728e-03)
5372          	(2.347324e+02 -1.015630e+01 4.926746e+01)	(2.347317e+02 -1.015652e+01 4.926862e+01)	(6.758511e-04 2.203032e-04 -1.160734e-03)
5373          	(2.347324e+02 -1.015630e+01 4.926745e+01)	(2.347317e+02 -1.015652e+01 4.926861e+01)	(6.755152e-04 2.202720e-04 -1.160769e-03)
5374          	(2.347324e+02 -1.015630e+01 4.926744e+01)	(2.347317e+02 -1.015652e+01 4.926860e+01)	(6.751977e-04 2.202480e-04 -1.160799e-03)
5375          	(2.347324e+02 -1.015630e+01 4.926744e+01)	(2.347317e+02 -1.015652e+01 4.926860e+01)	(6.748887e-04 2.202312e-04 -1.160840e-03)
5376          	(2.347324e+02 -1.015630e+01 4.926743e+01)	(2.347317e+02 -1.015652e+01 4.926859e+01)	(6.745887e-04 2.202249e-04 -1.160924e-03)
5377          	(2.347324e+02 -1.015630e+01 4.926742e+01)	(2.347318e+02 -1.015652e+01 4.926858e+01)	(6.743165e-04 2.202319e-04 -1.161028e-03)
5378          	(2.347325e+02 -1.015630e+01 4.926743e+01)	(2.347318e+02 -1.015652e+01 4.926859e+01)	(6.740569e-04 2.202466e-04 -1.161135e-03)
5379          	(2.347325e+02 -1.015630e+01 4.926742e+01)	(2.347318e+02 -1.015652e+01 4.926858e+01)	(6.737954e-04 2.202677e-04 -1.161280e-03)
5380          	(2.347325e+02 -1.015629e+01 4.926743e+01)	(2.347318e+02 -1.015651e+01 4.926860e+01)	(6.735745e-04 2.203018e-04 -1.161414e-03)
5381          	(2.347325e+02 -1.015629e+01 4.926744e+01)	(2.347318e+02 -1.015651e+01 4.926860e+01)	(6.733589e-04 2.203433e-04 -1.161576e-03)
5382          	(2.347325e+02 -1.015629e+01 4.926744e+01)	(2.347318e+02 -1.015651e+01 4.926860e+01)	(6.731565e-04 2.203938e-04 -1.161764e-03)
5383          	(2.347325e+02 -1.015629e+01 4.926746e+01)	(2.347318e+02 -1.015651e+01 4.926862e+01)	(6.729718e-04 2.204503e-04 -1.161932e-03)
5384          	(2.347325e+02 -1.015628e+01 4.926746e+01)	(2.347318e+02 -1.015650e+01 4.926863e+01)	(6.727858e-04 2.205112e-04 -1.162138e-03)
5385          	(2.347325e+02 -1.015628e+01 4.926748e+01)	(2.347319e+02 -1.015650e+01 4.926864e+01)	(6.726126e-04 2.205791e-04 -1.162340e-03)
5386          	(2.347325e+02 -1.015628e+01 4.926748e+01)	(2.347319e+02 -1.015650e+01 4.926865e+01)	(6.724469e-04 2.206523e-04 -1.162571e-03)
5387          	(2.347325e+02 -1.015627e+01 4.926749e+01)	(2.347319e+02 -1.015650e+01 4.926865e+01)	(6.722798e-04 2.207299e-04 -1.162828e-03)
5388          	(2.347325e+02 -1.015627e+01 4.926749e+01)	(2.347319e+02 -1.015649e+01 4.926865e+01)	(6.721018e-04 2.208096e-04 -1.163121e-03)
5389          	(2.347326e+02 -1.015627e+01 4.926750e+01)	(2.347319e+02 -1.015649e+01 4.926867e+01)	(6.719371e-04 2.208926e-04 -1.163397e-03)
5390          	(2.347326e+02 -1.015627e+01 4.926750e+01)	(2.347319e+02 -1.015649e+01 4.926867e+01)	(6.717593e-04 2.209774e-04 -1.163710e-03)
5391          	(2.347326e+02 -1.015626e+01 4.926751e+01)	(2.347319e+02 -1.015648e+01 4.926868e+01)	(6.715825e-04 2.210646e-04 -1.164024e-03)
5392          	(2.347326e+02 -1.015626e+01 4.926751e+01)	(2.347319e+02 -1.015648e+01 4.926867e+01)	(6.714029e-04 2.211544e-04 -1.164371e-03)
5393          	(2.347326e+02 -1.015626e+01 4.926751e+01)	(2.347319e+02 -1.015648e+01 4.926867e+01)	(6.712104e-04 2.212449e-04 -1.164741e-03)
5394          	(2.347326e+02 -1.015625e+01 4.926750e+01)	(2.347319e+02 -1.015647e+01 4.926867e+01)	(6.710089e-04 2.213374e-04 -1.165136e-03)
5395          	(2.347326e+02 -1.015625e+01 4.926750e+01)	(2.347319e+02 -1.015647e+01 4.926867e+01)	(6.708093e-04 2.214318e-04 -1.165521e-03)
5396          	(2.347326e+02 -1.015625e+01 4.926749e+01)	(2.347319e+02 -1.015647e+01 4.926866e+01)	(6.705925e-04 2.215255e-04 -1.165935e-03)
5397          	(2.347326e+02 -1.015624e+01 4.926749e+01)	(2.347319e+02 -1.015646e+01 4.926865e+01)	(6.703708e-04 2.216201e-04 -1.166360e-03)
5398          	(2.347326e+02 -1.015624e+01 4.926749e+01)	(2.347319e+02 -1.015646e+01 4.926866e+01)	(6.701408e-04 2.217137e-04 -1.166783e-03)
5399          	(2.347326e+02 -1.015623e+01 4.926748e+01)	(2.347319e+02 -1.015646e+01 4.926865e+01)	(6.699049e-04 2.218096e-04 -1.167222e-03)
5400          	(2.347326e+02 -1.015623e+01 4.926748e+01)	(2.347319e+02 -1.015645e+01 4.926865e+01)	(6.696556e-04 2.219031e-04 -1.167667e-03)
5401          	(2.347326e+02 -1.015623e+01 4.926748e+01)	(2.347319e+02 -1.015645e+01 4.926864e+01)	(6.694165e-04 2.220007e-04 -1.168114e-03)
5402          	(2.347326e+02 -1.015622e+01 4.926747e+01)	(2.347319e+02 -1.015644e+01 4.926864e+01)	(6.691652e-04 2.220966e-04 -1.168580e-03)
5403          	(2.347326e+02 -1.015622e+01 4.926747e+01)	(2.347319e+02 -1.015644e+01 4.926864e+01)	(6.689250e-04 2.221959e-04 -1.169046e-03)
5404          	(2.347326e+02 -1.015621e+01 4.926747e+01)	(2.347320e+02 -1.015643e+01 4.926864e+01)	(6.686814e-04 2.222918e-04 -1.169505e-03)
5405          	(2.347326e+02 -1.015621e+01 4.926747e+01)	(2.347320e+02 -1.015643e+01 4.926864e+01)	(6.684584e-04 2.223925e-04 -1.169958e-03)
5406          	(2.347326e+02 -1.015620e+01 4.926747e+01)	(2.347320e+02 -1.015643e+01 4.926864e+01)	(6.682296e-04 2.224909e-04 -1.170423e-03)
5407          	(2.347326e+02 -1.015620e+01 4.926747e+01)	(2.347320e+02 -1.015642e+01 4.926865e+01)	(6.680219e-04 2.225933e-04 -1.170882e-03)
5408          	(2.347326e+02 -1.015619e+01 4.926748e+01)	(2.347320e+02 -1.015642e+01 4.926865e+01)	(6.678176e-04 2.226958e-04 -1.171346e-03)
5409          	(2.347326e+02 -1.015619e+01 4.926748e+01)	(2.347320e+02 -1.015641e+01 4.926865e+01)	(6.676400e-04 2.228030e-04 -1.171800e-03)
5410          	(2.347327e+02 -1.015618e+01 4.926749e+01)	(2.347320e+02 -1.015641e+01 4.926866e+01)	(6.674683e-04 2.229108e-04 -1.172263e-03)
5411          	(2.347327e+02 -1.015618e+01 4.926750e+01)	(2.347320e+02 -1.015640e+01 4.926867e+01)	(6.673341e-04 2.230253e-04 -1.172709e-03)
5412          	(2.347327e+02 -1.015617e+01 4.926751e+01)	(2.347320e+02 -1.015640e+01 4.926868e+01)	(6.672140e-04 2.231415e-04 -1.173161e-03)
5413          	(2.347327e+02 -1.015617e+01 4.926752e+01)	(2.347320e+02 -1.015639e+01 4.926869e+01)	(6.671253e-04 2.232617e-04 -1.173599e-03)
5414          	(2.347327e+02 -1.015617e+01 4.926753e+01)	(2.347320e+02 -1.015639e+01 4.926870e+01)	(6.670504e-04 2.233810e-04 -1.174032e-03)
5415          	(2.347327e+02 -1.015616e+01 4.926754e+01)	(2.347320e+02 -1.015639e+01 4.926872e+01)	(6.669944e-04 2.235014e-04 -1.174456e-03)
5416          	(2.347327e+02 -1.015616e+01 4.926756e+01)	(2.347320e+02 -1.015638e+01 4.926873e+01)	(6.669648e-04 2.236223e-04 -1.174862e-03)
5417          	(2.347327e+02 -1.015615e+01 4.926757e+01)	(2.347320e+02 -1.015638e+01 4.926874e+01)	(6.669587e-04 2.237434e-04 -1.175242e-03)
5418          	(2.347327e+02 -1.015615e+01 4.926758e+01)	(2.347320e+02 -1.015637e+01 4.926875e+01)	(6.669375e-04 2.238566e-04 -1.175624e-03)
5419          	(2.347327e+02 -1.015615e+01 4.926759e+01)	(2.347320e+02 -1.015637e+01 4.926877e+01)	(6.669413e-04 2.239698e-04 -1.175980e-03)
5420          	(2.347327e+02 -1.015615e+01 4.926760e+01)	(2.347320e+02 -1.015637e+01 4.926878e+01)	(6.669517e-04 2.240782e-04 -1.176316e-03)
5421          	(2.347326e+02 -1.015614e+01 4.926760e+01)	(2.347320e+02 -1.015637e+01 4.926878e+01)	(6.669503e-04 2.241812e-04 -1.176655e-03)
5422          	(2.347326e+02 -1.015614e+01 4.926760e+01)	(2.347320e+02 -1.015636e+01 4.926878e+01)	(6.669643e-04 2.242834e-04 -1.176976e-03)
5423          	(2.347326e+02 -1.015614e+01 4.926761e+01)	(2.347320e+02 -1.015636e+01 4.926879e+01)	(6.669677e-04 2.243785e-04 -1.177282e-03)
5424          	(2.347326e+02 -1.015613e+01 4.926761e+01)	(2.347320e+02 -1.015636e+01 4.926879e+01)	(6.669676e-04 2.244689e-04 -1.177572e-03)
5425          	(2.347326e+02 -1.015613e+01 4.926761e+01)	(2.347320e+02 -1.015636e+01 4.926879e+01)	(6.669729e-04 2.245571e-04 -1.177847e-03)
5426          	(2.347326e+02 -1.015613e+01 4.926762e+01)	(2.347320e+02 -1.015635e+01 4.926879e+01)	(6.669754e-04 2.246420e-04 -1.178112e-03)
5427          	(2.347326e+02 -1.015613e+01 4.926761e+01)	(2.347319e+02 -1.015635e+01 4.926879e+01)	(6.669755e-04 2.247278e-04 -1.178392e-03)
5428          	(2.347326e+02 -1.015612e+01 4.926760e+01)	(2.347319e+02 -1.015635e+01 4.926878e+01)	(6.669868e-04 2.248156e-04 -1.178676e-03)
5429          	(2.347326e+02 -1.015612e+01 4.926761e+01)	(2.347319e+02 -1.015635e+01 4.926879e+01)	(6.670123e-04 2.249037e-04 -1.178941e-03)
5430          	(2.347326e+02 -1.015612e+01 4.926761e+01)	(2.347319e+02 -1.015634e+01 4.926879e+01)	(6.670468e-04 2.249917e-04 -1.179204e-03)
5431          	(2.347326e+02 -1.015612e+01 4.926760e+01)	(2.347319e+02 -1.015634e+01 4.926878e+01)	(6.670920e-04 2.250826e-04 -1.179480e-03)
5432          	(2.347326e+02 -1.015611e+01 4.926761e+01)	(2.347319e+02 -1.015634e+01 4.926879e+01)	(6.671558e-04 2.251752e-04 -1.179754e-03)
5433          	(2.347326e+02 -1.015611e+01 4.926761e+01)	(2.347319e+02 -1.015633e+01 4.926879e+01)	(6.672326e-04 2.252693e-04 -1.180033e-03)
5434          	(2.347326e+02 -1.015611e+01 4.926761e+01)	(2.347319e+02 -1.015633e+01 4.926879e+01)	(6.673332e-04 2.253684e-04 -1.180333e-03)
5435          	(2.347326e+02 -1.015610e+01 4.926761e+01)	(2.347319e+02 -1.015633e+01 4.926879e+01)	(6.674543e-04 2.254692e-04 -1.180628e-03)
5436          	(2.347325e+02 -1.015610e+01 4.926761e+01)	(2.347319e+02 -1.015633e+01 4.926879e+01)	(6.675940e-04 2.255730e-04 -1.180950e-03)
5437          	(2.347325e+02 -1.015610e+01 4.926762e+01)	(2.347319e+02 -1.015632e+01 4.926880e+01)	(6.677650e-04 2.256793e-04 -1.181257e-03)
5438          	(2.347325e+02 -1.015609e+01 4.926763e+01)	(2.347319e+02 -1.015632e+01 4.926881e+01)	(6.679469e-04 2.257837e-04 -1.181576e-03)
5439          	(2.347325e+02 -1.015609e+01 4.926763e+01)	(2.347319e+02 -1.015632e+01 4.926881e+01)	(6.681610e-04 2.258944e-04 -1.181917e-03)
5440          	(2.347325e+02 -1.015609e+01 4.926764e+01)	(2.347319e+02 -1.015631e+01 4.926882e+01)	(6.683923e-04 2.260016e-04 -1.182253e-03)
5441          	(2.347325e+02 -1.015609e+01 4.926764e+01)	(2.347318e+02 -1.015631e+01 4.926882e+01)	(6.686585e-04 2.261126e-04 -1.182596e-03)
5442          	(2.347325e+02 -1.015609e+01 4.926765e+01)	(2.347318e+02 -1.015631e+01 4.926883e+01)	(6.689173e-04 2.262147e-04 -1.182948e-03)
5443          	(2.347325e+02 -1.015608e+01 4.926766e+01)	(2.347318e+02 -1.015631e+01 4.926884e+01)	(6.692044e-04 2.263155e-04 -1.183279e-03)
5444          	(2.347325e+02 -1.015608e+01 4.926766e+01)	(2.347318e+02 -1.015631e+01 4.926884e+01)	(6.694927e-04 2.264119e-04 -1.183643e-03)
5445          	(2.347325e+02 -1.015608e+01 4.926766e+01)	(2.347318e+02 -1.015631e+01 4.926885e+01)	(6.697861e-04 2.265017e-04 -1.183988e-03)
5446          	(2.347325e+02 -1.015608e+01 4.926766e+01)	(2.347318e+02 -1.015631e+01 4.926885e+01)	(6.700717e-04 2.265825e-04 -1.184354e-03)
5447          	(2.347325e+02 -1.015608e+01 4.926767e+01)	(2.347318e+02 -1.015631e+01 4.926885e+01)	(6.703734e-04 2.266583e-04 -1.184687e-03)
5448          	(2.347325e+02 -1.015608e+01 4.926767e+01)	(2.347318e+02 -1.015631e+01 4.926885e+01)	(6.706658e-04 2.267235e-04 -1.185006e-03)
5449          	(2.347324e+02 -1.015608e+01 4.926766e+01)	(2.347318e+02 -1.015631e+01 4.926884e+01)	(6.709562e-04 2.267819e-04 -1.185328e-03)
5450          	(2.347324e+02 -1.015609e+01 4.926766e+01)	(2.347318e+02 -1.015631e+01 4.926884e+01)	(6.712402e-04 2.268293e-04 -1.185624e-03)
5451          	(2.347324e+02 -1.015609e+01 4.926765e+01)	(2.347318e+02 -1.015631e+01 4.926884e+01)	(6.715162e-04 2.268658e-04 -1.185895e-03)
5452          	(2.347324e+02 -1.015609e+01 4.926764e+01)	(2.347318e+02 -1.015632e+01 4.926883e+01)	(6.717760e-04 2.268910e-04 -1.186164e-03)
5453          	(2.347324e+02 -1.015609e+01 4.926763e+01)	(2.347318e+02 -1.015632e+01 4.926882e+01)	(6.720407e-04 2.269075e-04 -1.186388e-03)
5454          	(2.347324e+02 -1.015610e+01 4.926763e+01)	(2.347317e+02 -1.015632e+01 4.926881e+01)	(6.722914e-04 2.269104e-04 -1.186583e-03)
5455          	(2.347324e+02 -1.015610e+01 4.926761e+01)	(2.347317e+02 -1.015633e+01 4.926880e+01)	(6.725422e-04 2.269049e-04 -1.186754e-03)
5456          	(2.347324e+02 -1.015610e+01 4.926760e+01)	(2.347317e+02 -1.015633e+01 4.926879e+01)	(6.727857e-04 2.268873e-04 -1.186885e-03)
5457          	(2.347324e+02 -1.015611e+01 4.926760e+01)	(2.347317e+02 -1.015633e+01 4.926878e+01)	(6.730289e-04 2.268594e-04 -1.186972e-03)
5458          	(2.347324e+02 -1.015611e+01 4.926759e+01)	(2.347317e+02 -1.015634e+01 4.926878e+01)	(6.732677e-04 2.268196e-04 -1.187020e-03)
5459          	(2.347324e+02 -1.015611e+01 4.926757e+01)	(2.347317e+02 -1.015634e+01 4.926876e+01)	(6.735086e-04 2.267709e-04 -1.187037e-03)
5460          	(2.347324e+02 -1.015612e+01 4.926757e+01)	(2.347317e+02 -1.015635e+01 4.926875e+01)	(6.737631e-04 2.267135e-04 -1.187002e-03)
5461          	(2.347324e+02 -1.015612e+01 4.926756e+01)	(2.347317e+02 -1.015635e+01 4.926875e+01)	(6.740198e-04 2.266449e-04 -1.186922e-03)
5462          	(2.347324e+02 -1.015613e+01 4.926756e+01)	(2.347317e+02 -1.015636e+01 4.926874e+01)	(6.742832e-04 2.265660e-04 -1.186797e-03)
5463          	(2.347324e+02 -1.015613e+01 4.926755e+01)	(2.347317e+02 -1.015636e+01 4.926874e+01)	(6.745635e-04 2.264796e-04 -1.186631e-03)
5464          	(2.347324e+02 -1.015614e+01 4.926755e+01)	(2.347317e+02 -1.015637e+01 4.926873e+01)	(6.748540e-04 2.263833e-04 -1.186425e-03)
5465          	(2.347324e+02 -1.015615e+01 4.926755e+01)	(2.347317e+02 -1.015637e+01 4.926873e+01)	(6.751507e-04 2.262789e-04 -1.186184e-03)
5466          	(2.347324e+02 -1.015615e+01 4.926754e+01)	(2.347317e+02 -1.015638e+01 4.926873e+01)	(6.754633e-04 2.261676e-04 -1.185904e-03)
5467          	(2.347324e+02 -1.015616e+01 4.926755e+01)	(2.347317e+02 -1.015638e+01 4.926873e+01)	(6.757863e-04 2.260493e-04 -1.185602e-03)
5468          	(2.347324e+02 -1.015617e+01 4.926755e+01)	(2.347317e+02 -1.015639e+01 4.926873e+01)	(6.761285e-04 2.259257e-04 -1.185258e-03)
5469          	(2.347324e+02 -1.015617e+01 4.926755e+01)	(2.347318e+02 -1.015640e+01 4.926874e+01)	(6.764679e-04 2.257936e-04 -1.184899e-03)
5470          	(2.347324e+02 -1.015618e+01 4.926756e+01)	(2.347318e+02 -1.015640e+01 4.926874e+01)	(6.768143e-04 2.256550e-04 -1.184516e-03)
5471          	(2.347324e+02 -1.015619e+01 4.926756e+01)	(2.347318e+02 -1.015641e+01 4.926875e+01)	(6.771863e-04 2.255141e-04 -1.184101e-03)
5472          	(2.347325e+02 -1.015619e+01 4.926757e+01)	(2.347318e+02 -1.015642e+01 4.926875e+01)	(6.775448e-04 2.253642e-04 -1.183675e-03)
5473          	(2.347325e+02 -1.015620e+01 4.926758e+01)	(2.347318e+02 -1.015643e+01 4.926876e+01)	(6.779063e-04 2.252095e-04 -1.183235e-03)
5474          	(2.347325e+02 -1.015621e+01 4.926758e+01)	(2.347318e+02 -1.015643e+01 4.926877e+01)	(6.782815e-04 2.250530e-04 -1.182770e-03)
5475          	(2.347325e+02 -1.015622e+01 4.926759e+01)	(2.347318e+02 -1.015644e+01 4.926877e+01)	(6.786648e-04 2.248941e-04 -1.182291e-03)
5476          	(2.347325e+02 -1.015622e+01 4.926760e+01)	(2.347318e+02 -1.015645e+01 4.926878e+01)	(6.790483e-04 2.247323e-04 -1.181799e-03)
5477          	(2.347325e+02 -1.015623e+01 4.926761e+01)	(2.347318e+02 -1.015645e+01 4.926879e+01)	(6.794329e-04 2.245690e-04 -1.181294e-03)
5478          	(2.347325e+02 -1.015624e+01 4.926762e+01)	(2.347318e+02 -1.015646e+01 4.926880e+01)	(6.798070e-04 2.244017e-04 -1.180786e-03)
5479          	(2.347325e+02 -1.015624e+01 4.926762e+01)	(2.347318e+02 -1.015647e+01 4.926880e+01)	(6.801965e-04 2.242368e-04 -1.180260e-03)
5480          	(2.347325e+02 -1.015625e+01 4.926763e+01)	(2.347319e+02 -1.015648e+01 4.926881e+01)	(6.805755e-04 2.240697e-04 -1.179728e-03)
5481          	(2.347325e+02 -1.015626e+01 4.926764e+01)	(2.347319e+02 -1.015648e+01 4.926882e+01)	(6.809467e-04 2.239019e-04 -1.179191e-03)
5482          	(2.347326e+02 -1.015627e+01 4.926765e+01)	(2.347319e+02 -1.015649e+01 4.926883e+01)	(6.813042e-04 2.237328e-04 -1.178650e-03)
5483          	(2.347326e+02 -1.015627e+01 4.926766e+01)	(2.347319e+02 -1.015650e+01 4.926883e+01)	(6.816691e-04 2.235670e-04 -1.178093e-03)
5484          	(2.347326e+02 -1.015628e+01 4.926766e+01)	(2.347319e+02 -1.015650e+01 4.926884e+01)	(6.820047e-04 2.233974e-04 -1.177545e-03)
5485          	(2.347326e+02 -1.015629e+01 4.926767e+01)	(2.347319e+02 -1.015651e+01 4.926885e+01)	(6.823425e-04 2.232318e-04 -1.176984e-03)
5486          	(2.347326e+02 -1.015629e+01 4.926768e+01)	(2.347319e+02 -1.015652e+01 4.926886e+01)	(6.826646e-04 2.230658e-04 -1.176423e-03)
5487          	(2.347326e+02 -1.015630e+01 4.926769e+01)	(2.347319e+02 -1.015652e+01 4.926886e+01)	(6.829798e-04 2.229024e-04 -1.175856e-03)
5488          	(2.347326e+02 -1.015631e+01 4.926770e+01)	(2.347319e+02 -1.015653e+01 4.926887e+01)	(6.832619e-04 2.227353e-04 -1.175303e-03)
5489          	(2.347326e+02 -1.015631e+01 4.926771e+01)	(2.347319e+02 -1.015653e+01 4.926888e+01)	(6.835468e-04 2.225724e-04 -1.174741e-03)
5490          	(2.347326e+02 -1.015632e+01 4.926771e+01)	(2.347319e+02 -1.015654e+01 4.926889e+01)	(6.838102e-04 2.224083e-04 -1.174185e-03)
5491          	(2.347326e+02 -1.015632e+01 4.926772e+01)	(2.347320e+02 -1.015654e+01 4.926890e+01)	(6.840725e-04 2.222471e-04 -1.173623e-03)
5492          	(2.347326e+02 -1.015633e+01 4.926773e+01)	(2.347320e+02 -1.015655e+01 4.926890e+01)	(6.843113e-04 2.220836e-04 -1.173080e-03)
5493          	(2.347327e+02 -1.015633e+01 4.926774e+01)	(2.347320e+02 -1.015656e+01 4.926891e+01)	(6.845496e-04 2.219233e-04 -1.172531e-03)
5494          	(2.347327e+02 -1.015634e+01 4.926775e+01)	(2.347320e+02 -1.015656e+01 4.926892e+01)	(6.847661e-04 2.217612e-04 -1.171996e-03)
5495          	(2.347327e+02 -1.015634e+01 4.926775e+01)	(2.347320e+02 -1.015657e+01 4.926893e+01)	(6.849937e-04 2.216041e-04 -1.171450e-03)
5496          	(2.347327e+02 -1.015635e+01 4.926776e+01)	(2.347320e+02 -1.015657e+01 4.926893e+01)	(6.851859e-04 2.214428e-04 -1.170930e-03)
5497          	(2.347327e+02 -1.015636e+01 4.926777e+01)	(2.347320e+02 -1.015658e+01 4.926894e+01)	(6.853897e-04 2.212865e-04 -1.170394e-03)
5498          	(2.347327e+02 -1.015636e+01 4.926777e+01)	(2.347320e+02 -1.015658e+01 4.926894e+01)	(6.855642e-04 2.211265e-04 -1.169879e-03)
5499          	(2.347327e+02 -1.015637e+01 4.926778e+01)	(2.347320e+02 -1.015659e+01 4.926894e+01)	(6.857310e-04 2.209683e-04 -1.169359e-03)
5500          	(2.347327e+02 -1.015637e+01 4.926778e+01)	(2.347320e+02 -1.015659e+01 4.926895e+01)	(6.858715e-04 2.208070e-04 -1.168851e-03)
5501          	(2.347327e+02 -1.015638e+01 4.926778e+01)	(2.347320e+02 -1.015660e+01 4.926895e+01)	(6.860264e-04 2.206525e-04 -1.168327e-03)
5502          	(2.347327e+02 -1.015638e+01 4.926778e+01)	(2.347320e+02 -1.015660e+01 4.926895e+01)	(6.861433e-04 2.204939e-04 -1.167826e-03)
5503          	(2.347327e+02 -1.015639e+01 4.926779e+01)	(2.347320e+02 -1.015661e+01 4.926896e+01)	(6.862466e-04 2.203335e-04 -1.167302e-03)
5504          	(2.347327e+02 -1.015639e+01 4.926779e+01)	(2.347320e+02 -1.015661e+01 4.926896e+01)	(6.863368e-04 2.201762e-04 -1.166791e-03)
5505          	(2.347327e+02 -1.015640e+01 4.926779e+01)	(2.347320e+02 -1.015662e+01 4.926895e+01)	(6.863981e-04 2.200198e-04 -1.166299e-03)
5506          	(2.347327e+02 -1.015640e+01 4.926779e+01)	(2.347320e+02 -1.015662e+01 4.926895e+01)	(6.864312e-04 2.198631e-04 -1.165825e-03)
5507          	(2.347327e+02 -1.015641e+01 4.926778e+01)	(2.347320e+02 -1.015663e+01 4.926895e+01)	(6.864736e-04 2.197151e-04 -1.165346e-03)
5508          	(2.347327e+02 -1.015641e+01 4.926778e+01)	(2.347320e+02 -1.015663e+01 4.926895e+01)	(6.864737e-04 2.195643e-04 -1.164892e-03)
5509          	(2.347327e+02 -1.015642e+01 4.926778e+01)	(2.347320e+02 -1.015664e+01 4.926894e+01)	(6.864727e-04 2.194196e-04 -1.164447e-03)
5510          	(2.347327e+02 -1.015642e+01 4.926778e+01)	(2.347320e+02 -1.015664e+01 4.926894e+01)	(6.864534e-04 2.192751e-04 -1.164004e-03)
5511          	(2.347327e+02 -1.015642e+01 4.926778e+01)	(2.347320e+02 -1.015664e+01 4.926894e+01)	(6.864204e-04 2.191364e-04 -1.163585e-03)
5512          	(2.347327e+02 -1.015643e+01 4.926777e+01)	(2.347320e+02 -1.015665e+01 4.926893e+01)	(6.863760e-04 2.190018e-04 -1.163187e-03)
5513          	(2.347327e+02 -1.015643e+01 4.926777e+01)	(2.347320e+02 -1.015665e+01 4.926893e+01)	(6.863300e-04 2.188725e-04 -1.162806e-03)
5514          	(2.347327e+02 -1.015643e+01 4.926777e+01)	(2.347320e+02 -1.015665e+01 4.926893e+01)	(6.862741e-04 2.187462e-04 -1.162440e-03)
5515          	(2.347327e+02 -1.015643e+01 4.926777e+01)	(2.347320e+02 -1.015665e+01 4.926893e+01)	(6.862347e-04 2.186291e-04 -1.162085e-03)
5516          	(2.347327e+02 -1.015644e+01 4.926777e+01)	(2.347320e+02 -1.015665e+01 4.926893e+01)	(6.861789e-04 2.185126e-04 -1.161755e-03)
5517          	(2.347327e+02 -1.015644e+01 4.926777e+01)	(2.347320e+02 -1.015666e+01 4.926893e+01)	(6.861243e-04 2.184022e-04 -1.161447e-03)
5518          	(2.347327e+02 -1.015644e+01 4.926778e+01)	(2.347320e+02 -1.015666e+01 4.926894e+01)	(6.860756e-04 2.182961e-04 -1.161132e-03)
5519          	(2.347327e+02 -1.015644e+01 4.926778e+01)	(2.347320e+02 -1.015666e+01 4.926894e+01)	(6.860347e-04 2.181980e-04 -1.160843e-03)
5520          	(2.347327e+02 -1.015644e+01 4.926778e+01)	(2.347320e+02 -1.015666e+01 4.926894e+01)	(6.859841e-04 2.181042e-04 -1.160579e-03)
5521          	(2.347327e+02 -1.015644e+01 4.926779e+01)	(2.347320e+02 -1.015666e+01 4.926895e+01)	(6.859486e-04 2.180211e-04 -1.160329e-03)
5522          	(2.347327e+02 -1.015645e+01 4.926779e+01)	(2.347320e+02 -1.015666e+01 4.926895e+01)	(6.858943e-04 2.179408e-04 -1.160100e-03)
5523          	(2.347327e+02 -1.015645e+01 4.926779e+01)	(2.347320e+02 -1.015666e+01 4.926895e+01)	(6.858394e-04 2.178686e-04 -1.159888e-03)
5524          	(2.347327e+02 -1.015645e+01 4.926779e+01)	(2.347320e+02 -1.015667e+01 4.926895e+01)	(6.857818e-04 2.178033e-04 -1.159686e-03)
5525          	(2.347327e+02 -1.015645e+01 4.926779e+01)	(2.347320e+02 -1.015667e+01 4.926895e+01)	(6.857210e-04 2.177469e-04 -1.159497e-03)
5526          	(2.347327e+02 -1.015645e+01 4.926780e+01)	(2.347320e+02 -1.015667e+01 4.926896e+01)	(6.856332e-04 2.176916e-04 -1.159305e-03)
5527          	(2.347327e+02 -1.015645e+01 4.926780e+01)	(2.347320e+02 -1.015667e+01 4.926896e+01)	(6.855473e-04 2.176465e-04 -1.159122e-03)
5528          	(2.347327e+02 -1.015645e+01 4.926780e+01)	(2.347320e+02 -1.015667e+01 4.926896e+01)	(6.854414e-04 2.176066e-04 -1.158952e-03)
5529          	(2.347327e+02 -1.015645e+01 4.926780e+01)	(2.347320e+02 -1.015667e+01 4.926896e+01)	(6.853251e-04 2.175751e-04 -1.158793e-03)
5530          	(2.347327e+02 -1.015645e+01 4.926779e+01)	(2.347320e+02 -1.015666e+01 4.926895e+01)	(6.851807e-04 2.175474e-04 -1.158646e-03)
5531          	(2.347327e+02 -1.015645e+01 4.926779e+01)	(2.347320e+02 -1.015666e+01 4.926895e+01)	(6.850336e-04 2.175292e-04 -1.158497e-03)
5532          	(2.347327e+02 -1.015644e+01 4.926779e+01)	(2.347320e+02 -1.015666e+01 4.926895e+01)	(6.848559e-04 2.175143e-04 -1.158360e-03)
5533          	(2.347327e+02 -1.015644e+01 4.926779e+01)	(2.347320e+02 -1.015666e+01 4.926894e+01)	(6.846831e-04 2.175101e-04 -1.158220e-03)
5534          	(2.347327e+02 -1.015644e+01 4.926778e+01)	(2.347320e+02 -1.015666e+01 4.926894e+01)	(6.844797e-04 2.175092e-04 -1.158090e-03)
5535          	(2.347327e+02 -1.015644e+01 4.926778e+01)	(2.347320e+02 -1.015666e+01 4.926894e+01)	(6.842650e-04 2.175159e-04 -1.157966e-03)
5536          	(2.347327e+02 -1.015644e+01 4.926778e+01)	(2.347320e+02 -1.015665e+01 4.926894e+01)	(6.840303e-04 2.175277e-04 -1.157856e-03)
5537          	(2.347327e+02 -1.015643e+01 4.926778e+01)	(2.347320e+02 -1.015665e+01 4.926893e+01)	(6.837869e-04 2.175485e-04 -1.157751e-03)
5538          	(2.347326e+02 -1.015643e+01 4.926777e+01)	(2.347320e+02 -1.015665e+01 4.926893e+01)	(6.835156e-04 2.175731e-04 -1.157667e-03)
5539          	(2.347326e+02 -1.015642e+01 4.926777e+01)	(2.347320e+02 -1.015664e+01 4.926893e+01)	(6.832510e-04 2.176090e-04 -1.157589e-03)
5540          	(2.347326e+02 -1.015642e+01 4.926777e+01)	(2.347320e+02 -1.015664e+01 4.926893e+01)	(6.829753e-04 2.176522e-04 -1.157528e-03)
5541          	(2.347326e+02 -1.015641e+01 4.926777e+01)	(2.347319e+02 -1.015663e+01 4.926893e+01)	(6.826885e-04 2.177043e-04 -1.157489e-03)
5542          	(2.347326e+02 -1.015641e+01 4.926778e+01)	(2.347319e+02 -1.015663e+01 4.926893e+01)	(6.823939e-04 2.177640e-04 -1.157471e-03)
5543          	(2.347326e+02 -1.015640e+01 4.926778e+01)	(2.347319e+02 -1.015662e+01 4.926893e+01)	(6.821014e-04 2.178333e-04 -1.157470e-03)
5544          	(2.347326e+02 -1.015640e+01 4.926778e+01)	(2.347319e+02 -1.015662e+01 4.926893e+01)	(6.818008e-04 2.179103e-04 -1.157493e-03)
5545          	(2.347326e+02 -1.015639e+01 4.926778e+01)	(2.347319e+02 -1.015661e+01 4.926893e+01)	(6.814980e-04 2.179965e-04 -1.157545e-03)
5546          	(2.347326e+02 -1.015639e+01 4.926778e+01)	(2.347319e+02 -1.015661e+01 4.926893e+01)	(6.811998e-04 2.180920e-04 -1.157610e-03)
5547          	(2.347326e+02 -1.015638e+01 4.926777e+01)	(2.347319e+02 -1.015660e+01 4.926893e+01)	(6.808732e-04 2.181914e-04 -1.157715e-03)
5548          	(2.347326e+02 -1.015638e+01 4.926777e+01)	(2.347319e+02 -1.015659e+01 4.926893e+01)	(6.805463e-04 2.183001e-04 -1.157841e-03)
5549          	(2.347326e+02 -1.015637e+01 4.926776e+01)	(2.347319e+02 -1.015659e+01 4.926892e+01)	(6.802057e-04 2.184157e-04 -1.157990e-03)
5550          	(2.347326e+02 -1.015636e+01 4.926776e+01)	(2.347319e+02 -1.015658e+01 4.926891e+01)	(6.798324e-04 2.185341e-04 -1.158170e-03)
5551          	(2.347326e+02 -1.015636e+01 4.926775e+01)	(2.347319e+02 -1.015658e+01 4.926891e+01)	(6.794486e-04 2.186598e-04 -1.158370e-03)
5552          	(2.347326e+02 -1.015635e+01 4.926774e+01)	(2.347319e+02 -1.015657e+01 4.926889e+01)	(6.790477e-04 2.187909e-04 -1.158590e-03)
5553          	(2.347326e+02 -1.015635e+01 4.926772e+01)	(2.347319e+02 -1.015657e+01 4.926888e+01)	(6.786086e-04 2.189241e-04 -1.158839e-03)
5554          	(2.347326e+02 -1.015634e+01 4.926771e+01)	(2.347319e+02 -1.015656e+01 4.926887e+01)	(6.781355e-04 2.190566e-04 -1.159090e-03)
5555          	(2.347325e+02 -1.015633e+01 4.926770e+01)	(2.347319e+02 -1.015655e+01 4.926886e+01)	(6.776555e-04 2.191939e-04 -1.159352e-03)
5556          	(2.347325e+02 -1.015633e+01 4.926768e+01)	(2.347319e+02 -1.015655e+01 4.926884e+01)	(6.771376e-04 2.193294e-04 -1.159643e-03)
5557          	(2.347325e+02 -1.015632e+01 4.926766e+01)	(2.347318e+02 -1.015654e+01 4.926882e+01)	(6.765950e-04 2.194652e-04 -1.159949e-03)
5558          	(2.347325e+02 -1.015632e+01 4.926763e+01)	(2.347318e+02 -1.015654e+01 4.926879e+01)	(6.760313e-04 2.196030e-04 -1.160269e-03)
5559          	(2.347325e+02 -1.015631e+01 4.926761e+01)	(2.347318e+02 -1.015653e+01 4.926878e+01)	(6.754372e-04 2.197376e-04 -1.160592e-03)
5560          	(2.347325e+02 -1.015631e+01 4.926759e+01)	(2.347318e+02 -1.015653e+01 4.926875e+01)	(6.748262e-04 2.198724e-04 -1.160937e-03)
5561          	(2.347325e+02 -1.015630e+01 4.926757e+01)	(2.347318e+02 -1.015652e+01 4.926873e+01)	(6.742277e-04 2.200130e-04 -1.161289e-03)
5562          	(2.347324e+02 -1.015629e+01 4.926754e+01)	(2.347318e+02 -1.015651e+01 4.926870e+01)	(6.736244e-04 2.201548e-04 -1.161658e-03)
5563          	(2.347324e+02 -1.015629e+01 4.926752e+01)	(2.347317e+02 -1.015651e+01 4.926868e+01)	(6.730179e-04 2.202975e-04 -1.162044e-03)
5564          	(2.347324e+02 -1.015628e+01 4.926749e+01)	(2.347317e+02 -1.015650e+01 4.926865e+01)	(6.724224e-04 2.204434e-04 -1.162444e-03)
5565          	(2.347324e+02 -1.015628e+01 4.926747e+01)	(2.347317e+02 -1.015650e+01 4.926863e+01)	(6.718459e-04 2.205935e-04 -1.162859e-03)
5566          	(2.347324e+02 -1.015627e+01 4.926745e+01)	(2.347317e+02 -1.015649e+01 4.926861e+01)	(6.712911e-04 2.207483e-04 -1.163280e-03)
5567          	(2.347324e+02 -1.015626e+01 4.926743e+01)	(2.347317e+02 -1.015648e+01 4.926859e+01)	(6.707624e-04 2.209076e-04 -1.163715e-03)
5568          	(2.347323e+02 -1.015626e+01 4.926741e+01)	(2.347317e+02 -1.015648e+01 4.926857e+01)	(6.702553e-04 2.210696e-04 -1.164166e-03)
5569          	(2.347323e+02 -1.015625e+01 4.926739e+01)	(2.347317e+02 -1.015647e+01 4.926856e+01)	(6.697870e-04 2.212379e-04 -1.164620e-03)
5570          	(2.347323e+02 -1.015624e+01 4.926738e+01)	(2.347317e+02 -1.015646e+01 4.926854e+01)	(6.693475e-04 2.214092e-04 -1.165083e-03)
5571          	(2.347323e+02 -1.015624e+01 4.926737e+01)	(2.347316e+02 -1.015646e+01 4.926853e+01)	(6.689216e-04 2.215816e-04 -1.165559e-03)
