# Force       
# CofR        : (0.000000e+00 0.000000e+00 0.000000e+00)
#
# Time        	(total_x total_y total_z)	(pressure_x pressure_y pressure_z)	(viscous_x viscous_y viscous_z)
7001          	(-4.416820e+00 -1.356605e+00 2.927197e-01)	(-4.432785e+00 -1.361747e+00 2.837294e-01)	(1.596577e-02 5.142588e-03 8.990305e-03)
7002          	(-5.406332e+00 -1.742153e+00 2.505932e-01)	(-5.416536e+00 -1.746358e+00 2.412152e-01)	(1.020338e-02 4.204248e-03 9.377976e-03)
7003          	(-4.284395e+00 -1.366641e+00 1.854939e-01)	(-4.290472e+00 -1.369988e+00 1.754510e-01)	(6.076364e-03 3.346858e-03 1.004284e-02)
7004          	(-2.036015e+00 -5.590608e-01 1.427840e-01)	(-2.041212e+00 -5.619820e-01 1.326074e-01)	(5.196423e-03 2.921241e-03 1.017660e-02)
7005          	(3.918172e-01 3.382579e-01 1.231399e-01)	(3.845585e-01 3.351937e-01 1.135093e-01)	(7.258647e-03 3.064252e-03 9.630599e-03)
7006          	(2.226810e+00 1.030417e+00 1.229879e-01)	(2.215687e+00 1.026762e+00 1.144961e-01)	(1.112283e-02 3.654218e-03 8.491825e-03)
7007          	(3.179743e+00 1.398470e+00 1.329488e-01)	(3.164232e+00 1.394030e+00 1.258075e-01)	(1.551157e-02 4.439552e-03 7.141325e-03)
7008          	(3.270726e+00 1.454738e+00 1.514328e-01)	(3.251756e+00 1.449616e+00 1.454427e-01)	(1.897054e-02 5.122640e-03 5.990092e-03)
7009          	(2.792853e+00 1.303774e+00 1.773205e-01)	(2.771799e+00 1.298136e+00 1.720888e-01)	(2.105384e-02 5.638419e-03 5.231687e-03)
7010          	(1.927471e+00 1.021502e+00 2.005124e-01)	(1.906024e+00 1.015554e+00 1.955643e-01)	(2.144646e-02 5.948283e-03 4.948045e-03)
7011          	(1.176997e+00 7.328286e-01 2.180393e-01)	(1.156195e+00 7.268388e-01 2.130591e-01)	(2.080219e-02 5.989753e-03 4.980191e-03)
7012          	(5.497491e-01 5.029765e-01 2.242918e-01)	(5.302836e-01 4.970957e-01 2.190946e-01)	(1.946547e-02 5.880856e-03 5.197213e-03)
7013          	(2.745887e-01 3.706030e-01 2.197810e-01)	(2.564565e-01 3.649345e-01 2.143538e-01)	(1.813227e-02 5.668493e-03 5.427201e-03)
7014          	(2.634901e-01 3.494300e-01 2.049923e-01)	(2.463645e-01 3.439592e-01 1.994020e-01)	(1.712557e-02 5.470785e-03 5.590283e-03)
7015          	(4.441567e-01 3.865871e-01 1.848382e-01)	(4.274688e-01 3.812655e-01 1.792070e-01)	(1.668783e-02 5.321687e-03 5.631175e-03)
7016          	(7.025969e-01 4.635066e-01 1.611837e-01)	(6.857988e-01 4.582466e-01 1.556540e-01)	(1.679811e-02 5.259977e-03 5.529722e-03)
7017          	(9.417271e-01 5.433381e-01 1.418786e-01)	(9.244536e-01 5.380513e-01 1.365613e-01)	(1.727355e-02 5.286830e-03 5.317295e-03)
7018          	(1.109482e+00 6.099890e-01 1.300788e-01)	(1.091583e+00 6.046013e-01 1.250273e-01)	(1.789889e-02 5.387680e-03 5.051535e-03)
7019          	(1.122696e+00 6.406480e-01 1.263126e-01)	(1.104335e+00 6.350936e-01 1.215061e-01)	(1.836098e-02 5.554384e-03 4.806527e-03)
7020          	(1.124563e+00 6.447301e-01 1.278149e-01)	(1.105830e+00 6.390346e-01 1.232207e-01)	(1.873289e-02 5.695566e-03 4.594236e-03)
7021          	(1.068477e+00 6.346847e-01 1.323733e-01)	(1.049550e+00 6.288683e-01 1.279477e-01)	(1.892694e-02 5.816419e-03 4.425626e-03)
7022          	(1.000567e+00 6.109549e-01 1.368429e-01)	(9.815951e-01 6.050624e-01 1.325422e-01)	(1.897201e-02 5.892484e-03 4.300650e-03)
7023          	(9.366878e-01 5.838384e-01 1.385223e-01)	(9.177739e-01 5.779220e-01 1.343138e-01)	(1.891398e-02 5.916399e-03 4.208561e-03)
7024          	(8.898239e-01 5.563530e-01 1.358856e-01)	(8.710141e-01 5.504651e-01 1.317503e-01)	(1.880979e-02 5.887978e-03 4.135232e-03)
7025          	(8.886998e-01 5.443109e-01 1.285556e-01)	(8.699470e-01 5.384798e-01 1.244965e-01)	(1.875287e-02 5.831085e-03 4.059061e-03)
7026          	(8.782853e-01 5.345949e-01 1.184695e-01)	(8.595913e-01 5.288328e-01 1.144825e-01)	(1.869405e-02 5.762078e-03 3.986965e-03)
7027          	(8.685838e-01 5.288396e-01 1.084612e-01)	(8.499523e-01 5.231421e-01 1.045487e-01)	(1.863143e-02 5.697447e-03 3.912488e-03)
7028          	(8.656070e-01 5.276557e-01 1.002654e-01)	(8.470336e-01 5.220126e-01 9.642872e-02)	(1.857342e-02 5.643021e-03 3.836680e-03)
7029          	(8.521077e-01 5.249681e-01 9.503354e-02)	(8.336107e-01 5.193651e-01 9.127201e-02)	(1.849699e-02 5.603044e-03 3.761535e-03)
7030          	(8.667611e-01 5.264831e-01 9.331870e-02)	(8.482993e-01 5.209195e-01 8.963682e-02)	(1.846187e-02 5.563570e-03 3.681884e-03)
7031          	(8.592199e-01 5.242809e-01 9.816569e-02)	(8.408097e-01 5.187473e-01 9.455826e-02)	(1.841023e-02 5.533635e-03 3.607436e-03)
7032          	(8.473266e-01 5.156038e-01 1.068816e-01)	(8.289780e-01 5.101016e-01 1.033456e-01)	(1.834867e-02 5.502158e-03 3.536045e-03)
7033          	(8.288215e-01 5.046788e-01 1.186845e-01)	(8.105571e-01 4.992139e-01 1.152136e-01)	(1.826441e-02 5.464883e-03 3.470951e-03)
7034          	(8.058306e-01 4.923129e-01 1.326886e-01)	(7.876775e-01 4.868896e-01 1.292726e-01)	(1.815310e-02 5.423236e-03 3.415952e-03)
7035          	(7.699730e-01 4.793275e-01 1.473666e-01)	(7.519843e-01 4.739416e-01 1.439882e-01)	(1.798870e-02 5.385861e-03 3.378428e-03)
7036          	(7.384631e-01 4.630339e-01 1.643778e-01)	(7.206692e-01 4.576946e-01 1.610130e-01)	(1.779386e-02 5.339348e-03 3.364784e-03)
7037          	(7.332371e-01 4.565714e-01 1.765360e-01)	(7.156084e-01 4.512766e-01 1.731831e-01)	(1.762868e-02 5.294860e-03 3.352893e-03)
7038          	(7.248096e-01 4.492921e-01 1.893216e-01)	(7.073400e-01 4.440423e-01 1.859659e-01)	(1.746963e-02 5.249811e-03 3.355639e-03)
7039          	(7.146044e-01 4.416212e-01 2.034908e-01)	(6.972903e-01 4.364122e-01 2.001197e-01)	(1.731411e-02 5.208983e-03 3.371059e-03)
7040          	(6.975082e-01 4.308437e-01 2.207808e-01)	(6.803604e-01 4.256784e-01 2.173761e-01)	(1.714782e-02 5.165344e-03 3.404706e-03)
7041          	(6.761068e-01 4.175696e-01 2.410020e-01)	(6.591392e-01 4.124547e-01 2.375457e-01)	(1.696763e-02 5.114900e-03 3.456238e-03)
7042          	(6.541696e-01 4.035465e-01 2.622728e-01)	(6.373900e-01 3.984900e-01 2.587518e-01)	(1.677966e-02 5.056540e-03 3.520983e-03)
7043          	(6.261761e-01 3.896810e-01 2.807312e-01)	(6.096045e-01 3.846856e-01 2.771380e-01)	(1.657164e-02 4.995377e-03 3.593260e-03)
7044          	(6.018406e-01 3.761086e-01 2.981807e-01)	(5.854843e-01 3.711804e-01 2.945067e-01)	(1.635639e-02 4.928229e-03 3.674028e-03)
7045          	(6.006693e-01 3.734067e-01 3.080932e-01)	(5.844915e-01 3.685375e-01 3.043525e-01)	(1.617786e-02 4.869164e-03 3.740681e-03)
7046          	(6.021491e-01 3.731091e-01 3.149315e-01)	(5.861245e-01 3.682939e-01 3.111331e-01)	(1.602453e-02 4.815272e-03 3.798401e-03)
7047          	(6.049368e-01 3.739458e-01 3.205129e-01)	(5.890487e-01 3.691782e-01 3.166652e-01)	(1.588808e-02 4.767578e-03 3.847733e-03)
7048          	(6.089831e-01 3.755654e-01 3.258416e-01)	(5.932202e-01 3.708426e-01 3.219479e-01)	(1.576286e-02 4.722794e-03 3.893638e-03)
7049          	(6.139700e-01 3.777592e-01 3.310582e-01)	(5.983208e-01 3.730778e-01 3.271198e-01)	(1.564920e-02 4.681403e-03 3.938451e-03)
7050          	(6.199327e-01 3.805516e-01 3.359196e-01)	(6.043839e-01 3.759070e-01 3.319354e-01)	(1.554881e-02 4.644577e-03 3.984164e-03)
7051          	(6.266397e-01 3.838093e-01 3.399096e-01)	(6.111776e-01 3.791967e-01 3.358776e-01)	(1.546206e-02 4.612534e-03 4.032012e-03)
7052          	(6.339949e-01 3.874870e-01 3.424916e-01)	(6.186074e-01 3.829021e-01 3.384082e-01)	(1.538751e-02 4.584915e-03 4.083341e-03)
7053          	(6.472276e-01 3.936519e-01 3.432411e-01)	(6.318943e-01 3.890883e-01 3.391023e-01)	(1.533326e-02 4.563592e-03 4.138826e-03)
7054          	(6.610885e-01 4.007828e-01 3.411994e-01)	(6.457917e-01 3.962316e-01 3.370041e-01)	(1.529672e-02 4.551165e-03 4.195355e-03)
7055          	(6.642237e-01 4.038085e-01 3.373836e-01)	(6.489696e-01 3.992658e-01 3.331302e-01)	(1.525405e-02 4.542764e-03 4.253366e-03)
7056          	(6.756596e-01 4.091377e-01 3.304699e-01)	(6.604350e-01 4.046004e-01 3.261608e-01)	(1.522455e-02 4.537376e-03 4.309162e-03)
7057          	(6.793350e-01 4.116421e-01 3.243504e-01)	(6.641426e-01 4.071084e-01 3.199861e-01)	(1.519243e-02 4.533775e-03 4.364353e-03)
7058          	(6.839842e-01 4.143018e-01 3.174290e-01)	(6.688228e-01 4.097698e-01 3.130113e-01)	(1.516147e-02 4.532058e-03 4.417695e-03)
7059          	(6.919077e-01 4.180603e-01 3.088739e-01)	(6.767654e-01 4.135260e-01 3.044098e-01)	(1.514231e-02 4.534360e-03 4.464083e-03)
7060          	(6.987923e-01 4.216382e-01 2.999472e-01)	(6.836590e-01 4.170965e-01 2.954462e-01)	(1.513329e-02 4.541759e-03 4.500990e-03)
7061          	(7.066623e-01 4.257216e-01 2.900815e-01)	(6.915253e-01 4.211662e-01 2.855565e-01)	(1.513700e-02 4.555363e-03 4.525010e-03)
7062          	(7.175852e-01 4.309371e-01 2.793850e-01)	(7.024251e-01 4.263620e-01 2.748525e-01)	(1.516008e-02 4.575065e-03 4.532490e-03)
7063          	(7.278799e-01 4.358763e-01 2.689934e-01)	(7.126809e-01 4.312771e-01 2.644696e-01)	(1.519904e-02 4.599236e-03 4.523804e-03)
7064          	(7.370012e-01 4.404157e-01 2.595303e-01)	(7.217528e-01 4.357887e-01 2.550286e-01)	(1.524840e-02 4.627077e-03 4.501631e-03)
7065          	(7.437254e-01 4.438704e-01 2.514369e-01)	(7.284249e-01 4.392148e-01 2.469661e-01)	(1.530057e-02 4.655692e-03 4.470819e-03)
7066          	(7.477588e-01 4.461969e-01 2.447284e-01)	(7.324122e-01 4.415157e-01 2.402904e-01)	(1.534659e-02 4.681180e-03 4.438023e-03)
7067          	(7.511039e-01 4.479834e-01 2.391977e-01)	(7.357189e-01 4.432809e-01 2.347920e-01)	(1.538502e-02 4.702468e-03 4.405697e-03)
7068          	(7.522636e-01 4.487442e-01 2.349741e-01)	(7.368515e-01 4.440245e-01 2.305978e-01)	(1.541206e-02 4.719746e-03 4.376259e-03)
7069          	(7.519331e-01 4.487047e-01 2.319183e-01)	(7.365069e-01 4.439711e-01 2.275670e-01)	(1.542627e-02 4.733588e-03 4.351288e-03)
7070          	(7.499672e-01 4.478501e-01 2.298829e-01)	(7.345399e-01 4.431061e-01 2.255524e-01)	(1.542731e-02 4.744007e-03 4.330473e-03)
7071          	(7.473862e-01 4.465718e-01 2.286237e-01)	(7.319700e-01 4.418202e-01 2.243096e-01)	(1.541615e-02 4.751576e-03 4.314166e-03)
7072          	(7.437772e-01 4.448075e-01 2.279464e-01)	(7.283838e-01 4.400505e-01 2.236445e-01)	(1.539342e-02 4.757034e-03 4.301978e-03)
7073          	(7.398139e-01 4.428418e-01 2.276161e-01)	(7.244523e-01 4.380799e-01 2.233230e-01)	(1.536169e-02 4.761914e-03 4.293054e-03)
7074          	(7.357822e-01 4.408432e-01 2.274217e-01)	(7.204579e-01 4.360759e-01 2.231352e-01)	(1.532428e-02 4.767282e-03 4.286555e-03)
7075          	(7.319749e-01 4.389653e-01 2.271757e-01)	(7.166911e-01 4.341917e-01 2.228933e-01)	(1.528386e-02 4.773561e-03 4.282331e-03)
7076          	(7.285531e-01 4.372799e-01 2.267210e-01)	(7.133106e-01 4.324990e-01 2.224409e-01)	(1.524258e-02 4.780868e-03 4.280137e-03)
7077          	(7.257739e-01 4.359200e-01 2.259368e-01)	(7.105715e-01 4.311306e-01 2.216575e-01)	(1.520244e-02 4.789446e-03 4.279263e-03)
7078          	(7.236528e-01 4.348851e-01 2.247488e-01)	(7.084879e-01 4.300858e-01 2.204697e-01)	(1.516492e-02 4.799355e-03 4.279104e-03)
7079          	(7.222746e-01 4.342178e-01 2.231349e-01)	(7.071435e-01 4.294072e-01 2.188558e-01)	(1.513114e-02 4.810628e-03 4.279078e-03)
7080          	(7.216844e-01 4.339418e-01 2.211253e-01)	(7.065827e-01 4.291186e-01 2.168466e-01)	(1.510177e-02 4.823227e-03 4.278778e-03)
7081          	(7.218467e-01 4.340453e-01 2.187977e-01)	(7.067695e-01 4.292080e-01 2.145200e-01)	(1.507724e-02 4.837305e-03 4.277728e-03)
7082          	(7.226581e-01 4.344854e-01 2.162627e-01)	(7.076002e-01 4.296323e-01 2.119871e-01)	(1.505790e-02 4.853169e-03 4.275630e-03)
7083          	(7.240376e-01 4.352296e-01 2.136579e-01)	(7.089937e-01 4.303585e-01 2.093853e-01)	(1.504385e-02 4.871098e-03 4.272541e-03)
7084          	(7.255544e-01 4.361015e-01 2.111165e-01)	(7.105201e-01 4.312103e-01 2.068476e-01)	(1.503438e-02 4.891146e-03 4.268880e-03)
7085          	(7.275316e-01 4.372009e-01 2.088265e-01)	(7.125022e-01 4.322874e-01 2.045615e-01)	(1.502937e-02 4.913516e-03 4.265004e-03)
7086          	(7.292726e-01 4.382657e-01 2.068636e-01)	(7.142453e-01 4.333275e-01 2.026022e-01)	(1.502728e-02 4.938173e-03 4.261364e-03)
7087          	(7.308001e-01 4.392504e-01 2.053549e-01)	(7.157733e-01 4.342854e-01 2.010965e-01)	(1.502678e-02 4.965016e-03 4.258355e-03)
7088          	(7.341064e-01 4.407190e-01 2.042329e-01)	(7.190754e-01 4.357250e-01 1.999775e-01)	(1.503095e-02 4.993946e-03 4.255406e-03)
7089          	(7.365850e-01 4.418102e-01 2.037187e-01)	(7.215480e-01 4.367860e-01 1.994657e-01)	(1.503697e-02 5.024133e-03 4.253001e-03)
7090          	(7.379074e-01 4.424676e-01 2.037407e-01)	(7.228658e-01 4.374124e-01 1.994889e-01)	(1.504160e-02 5.055256e-03 4.251881e-03)
7091          	(7.371071e-01 4.423143e-01 2.041351e-01)	(7.220659e-01 4.372279e-01 1.998826e-01)	(1.504116e-02 5.086407e-03 4.252496e-03)
7092          	(7.355630e-01 4.417548e-01 2.047713e-01)	(7.205275e-01 4.366378e-01 2.005164e-01)	(1.503547e-02 5.116954e-03 4.254929e-03)
7093          	(7.340941e-01 4.409861e-01 2.055568e-01)	(7.190675e-01 4.358400e-01 2.012986e-01)	(1.502658e-02 5.146138e-03 4.258215e-03)
7094          	(7.313095e-01 4.397022e-01 2.061921e-01)	(7.162966e-01 4.345287e-01 2.019306e-01)	(1.501297e-02 5.173577e-03 4.261454e-03)
7095          	(7.280373e-01 4.381143e-01 2.066174e-01)	(7.130427e-01 4.329152e-01 2.023526e-01)	(1.499463e-02 5.199095e-03 4.264842e-03)
7096          	(7.243390e-01 4.363242e-01 2.067087e-01)	(7.093669e-01 4.311016e-01 2.024412e-01)	(1.497210e-02 5.222611e-03 4.267481e-03)
7097          	(7.206913e-01 4.344887e-01 2.063717e-01)	(7.057450e-01 4.292444e-01 2.021026e-01)	(1.494629e-02 5.244330e-03 4.269049e-03)
7098          	(7.181697e-01 4.327964e-01 2.055029e-01)	(7.032495e-01 4.275323e-01 2.012336e-01)	(1.492012e-02 5.264076e-03 4.269328e-03)
7099          	(7.161087e-01 4.314176e-01 2.041797e-01)	(7.012148e-01 4.261348e-01 1.999113e-01)	(1.489388e-02 5.282806e-03 4.268437e-03)
7100          	(7.141195e-01 4.303287e-01 2.025330e-01)	(6.992530e-01 4.250272e-01 1.982658e-01)	(1.486651e-02 5.301536e-03 4.267153e-03)
7101          	(7.127662e-01 4.295844e-01 2.004896e-01)	(6.979271e-01 4.242638e-01 1.962243e-01)	(1.483907e-02 5.320556e-03 4.265301e-03)
7102          	(7.122308e-01 4.292718e-01 1.981107e-01)	(6.974178e-01 4.239318e-01 1.938483e-01)	(1.481301e-02 5.339951e-03 4.262408e-03)
7103          	(7.122588e-01 4.292774e-01 1.954510e-01)	(6.974698e-01 4.239176e-01 1.911928e-01)	(1.478899e-02 5.359800e-03 4.258200e-03)
7104          	(7.127659e-01 4.295488e-01 1.926127e-01)	(6.979983e-01 4.241687e-01 1.883601e-01)	(1.476757e-02 5.380101e-03 4.252541e-03)
7105          	(7.136727e-01 4.300348e-01 1.897186e-01)	(6.989236e-01 4.246340e-01 1.854731e-01)	(1.474916e-02 5.400792e-03 4.245496e-03)
7106          	(7.148734e-01 4.306687e-01 1.868933e-01)	(7.001394e-01 4.252469e-01 1.826563e-01)	(1.473402e-02 5.421783e-03 4.237081e-03)
7107          	(7.162506e-01 4.313768e-01 1.842438e-01)	(7.015285e-01 4.259338e-01 1.800163e-01)	(1.472218e-02 5.442961e-03 4.227523e-03)
7108          	(7.176721e-01 4.320781e-01 1.818430e-01)	(7.029585e-01 4.266139e-01 1.776260e-01)	(1.471355e-02 5.464211e-03 4.217005e-03)
7109          	(7.190589e-01 4.327043e-01 1.797298e-01)	(7.043511e-01 4.272191e-01 1.755241e-01)	(1.470785e-02 5.485243e-03 4.205704e-03)
7110          	(7.202983e-01 4.331873e-01 1.779126e-01)	(7.055936e-01 4.276815e-01 1.737190e-01)	(1.470475e-02 5.505831e-03 4.193654e-03)
7111          	(7.214044e-01 4.334590e-01 1.763747e-01)	(7.067005e-01 4.279335e-01 1.721937e-01)	(1.470396e-02 5.525519e-03 4.180938e-03)
7112          	(7.226241e-01 4.337456e-01 1.750804e-01)	(7.079186e-01 4.282011e-01 1.709129e-01)	(1.470551e-02 5.544534e-03 4.167459e-03)
7113          	(7.227809e-01 4.336482e-01 1.740126e-01)	(7.080740e-01 4.280855e-01 1.698589e-01)	(1.470687e-02 5.562660e-03 4.153703e-03)
7114          	(7.225093e-01 4.333424e-01 1.730983e-01)	(7.078020e-01 4.277626e-01 1.689586e-01)	(1.470735e-02 5.579839e-03 4.139686e-03)
7115          	(7.218030e-01 4.328018e-01 1.722880e-01)	(7.070965e-01 4.272060e-01 1.681625e-01)	(1.470645e-02 5.595809e-03 4.125554e-03)
7116          	(7.206857e-01 4.320405e-01 1.715350e-01)	(7.059819e-01 4.264300e-01 1.674236e-01)	(1.470382e-02 5.610493e-03 4.111338e-03)
7117          	(7.192122e-01 4.310910e-01 1.707999e-01)	(7.045132e-01 4.254673e-01 1.667027e-01)	(1.469906e-02 5.623746e-03 4.097165e-03)
7118          	(7.174058e-01 4.299648e-01 1.700537e-01)	(7.027138e-01 4.243293e-01 1.659706e-01)	(1.469199e-02 5.635492e-03 4.083094e-03)
7119          	(7.154100e-01 4.287506e-01 1.692747e-01)	(7.007275e-01 4.231048e-01 1.652055e-01)	(1.468254e-02 5.645754e-03 4.069206e-03)
7120          	(7.133278e-01 4.275060e-01 1.684519e-01)	(6.986569e-01 4.218513e-01 1.643965e-01)	(1.467097e-02 5.654669e-03 4.055466e-03)
7121          	(7.110082e-01 4.261818e-01 1.675773e-01)	(6.963510e-01 4.205195e-01 1.635352e-01)	(1.465713e-02 5.662325e-03 4.042020e-03)
7122          	(7.088178e-01 4.249383e-01 1.666636e-01)	(6.941762e-01 4.192693e-01 1.626348e-01)	(1.464158e-02 5.669049e-03 4.028867e-03)
7123          	(7.068491e-01 4.238159e-01 1.657220e-01)	(6.922242e-01 4.181409e-01 1.617058e-01)	(1.462489e-02 5.675071e-03 4.016186e-03)
7124          	(7.057004e-01 4.229368e-01 1.647188e-01)	(6.910915e-01 4.172563e-01 1.607151e-01)	(1.460888e-02 5.680461e-03 4.003660e-03)
7125          	(7.048674e-01 4.222638e-01 1.637414e-01)	(6.902739e-01 4.165782e-01 1.597500e-01)	(1.459356e-02 5.685557e-03 3.991455e-03)
7126          	(7.039041e-01 4.217061e-01 1.628477e-01)	(6.893262e-01 4.160152e-01 1.588677e-01)	(1.457794e-02 5.690912e-03 3.979970e-03)
7127          	(7.031551e-01 4.212529e-01 1.619990e-01)	(6.885928e-01 4.155564e-01 1.580296e-01)	(1.456224e-02 5.696485e-03 3.969370e-03)
7128          	(7.030329e-01 4.209547e-01 1.611811e-01)	(6.884852e-01 4.152526e-01 1.572218e-01)	(1.454777e-02 5.702053e-03 3.959279e-03)
7129          	(7.025276e-01 4.206126e-01 1.604948e-01)	(6.879945e-01 4.149048e-01 1.565447e-01)	(1.453304e-02 5.707815e-03 3.950071e-03)
7130          	(7.020030e-01 4.202385e-01 1.599234e-01)	(6.874851e-01 4.145248e-01 1.559815e-01)	(1.451792e-02 5.713700e-03 3.941866e-03)
7131          	(7.018492e-01 4.198851e-01 1.594732e-01)	(6.873458e-01 4.141658e-01 1.555387e-01)	(1.450338e-02 5.719304e-03 3.934534e-03)
7132          	(7.012136e-01 4.194130e-01 1.592094e-01)	(6.867254e-01 4.136883e-01 1.552810e-01)	(1.448827e-02 5.724753e-03 3.928433e-03)
7133          	(7.003872e-01 4.188214e-01 1.591266e-01)	(6.859148e-01 4.130916e-01 1.552028e-01)	(1.447246e-02 5.729822e-03 3.923856e-03)
7134          	(6.992834e-01 4.180597e-01 1.592354e-01)	(6.848275e-01 4.123255e-01 1.553145e-01)	(1.445588e-02 5.734237e-03 3.920924e-03)
7135          	(6.979021e-01 4.171300e-01 1.595348e-01)	(6.834637e-01 4.113922e-01 1.556150e-01)	(1.443846e-02 5.737792e-03 3.919766e-03)
7136          	(6.962255e-01 4.160170e-01 1.600148e-01)	(6.818053e-01 4.102767e-01 1.560944e-01)	(1.442014e-02 5.740311e-03 3.920435e-03)
7137          	(6.942814e-01 4.147359e-01 1.606523e-01)	(6.798805e-01 4.089942e-01 1.567293e-01)	(1.440086e-02 5.741704e-03 3.922950e-03)
7138          	(6.920875e-01 4.132927e-01 1.614172e-01)	(6.777070e-01 4.075508e-01 1.574900e-01)	(1.438053e-02 5.741882e-03 3.927194e-03)
7139          	(6.897360e-01 4.117450e-01 1.622711e-01)	(6.753768e-01 4.060041e-01 1.583381e-01)	(1.435922e-02 5.740914e-03 3.932911e-03)
7140          	(6.872955e-01 4.101340e-01 1.631757e-01)	(6.729585e-01 4.043951e-01 1.592359e-01)	(1.433700e-02 5.738868e-03 3.939779e-03)
7141          	(6.848356e-01 4.085014e-01 1.640945e-01)	(6.705216e-01 4.027655e-01 1.601470e-01)	(1.431398e-02 5.735881e-03 3.947506e-03)
7142          	(6.828719e-01 4.069431e-01 1.650066e-01)	(6.685804e-01 4.012112e-01 1.610508e-01)	(1.429147e-02 5.731846e-03 3.955775e-03)
7143          	(6.807385e-01 4.055017e-01 1.658462e-01)	(6.664699e-01 3.997742e-01 1.618818e-01)	(1.426857e-02 5.727443e-03 3.964429e-03)
7144          	(6.787636e-01 4.041558e-01 1.666227e-01)	(6.645182e-01 3.984331e-01 1.626492e-01)	(1.424545e-02 5.722746e-03 3.973575e-03)
7145          	(6.770160e-01 4.029712e-01 1.673193e-01)	(6.627936e-01 3.972533e-01 1.633362e-01)	(1.422247e-02 5.717916e-03 3.983136e-03)
7146          	(6.754146e-01 4.018718e-01 1.679341e-01)	(6.612148e-01 3.961589e-01 1.639410e-01)	(1.419980e-02 5.712854e-03 3.993183e-03)
7147          	(6.739686e-01 4.008623e-01 1.684632e-01)	(6.597911e-01 3.951548e-01 1.644595e-01)	(1.417752e-02 5.707471e-03 4.003790e-03)
7148          	(6.726698e-01 3.999180e-01 1.689096e-01)	(6.585139e-01 3.942163e-01 1.648946e-01)	(1.415584e-02 5.701638e-03 4.015037e-03)
7149          	(6.715513e-01 3.990841e-01 1.692760e-01)	(6.574164e-01 3.933887e-01 1.652490e-01)	(1.413494e-02 5.695380e-03 4.026949e-03)
7150          	(6.706010e-01 3.983535e-01 1.695742e-01)	(6.564861e-01 3.926649e-01 1.655347e-01)	(1.411491e-02 5.688610e-03 4.039514e-03)
7151          	(6.697974e-01 3.977123e-01 1.698212e-01)	(6.557015e-01 3.920311e-01 1.657686e-01)	(1.409588e-02 5.681206e-03 4.052591e-03)
7152          	(6.691111e-01 3.971411e-01 1.700389e-01)	(6.550333e-01 3.914681e-01 1.659728e-01)	(1.407783e-02 5.673024e-03 4.066045e-03)
7153          	(6.689105e-01 3.967114e-01 1.702436e-01)	(6.548489e-01 3.910476e-01 1.661641e-01)	(1.406163e-02 5.663834e-03 4.079499e-03)
7154          	(6.684173e-01 3.962574e-01 1.704820e-01)	(6.543712e-01 3.906037e-01 1.663891e-01)	(1.404608e-02 5.653731e-03 4.092899e-03)
7155          	(6.679784e-01 3.958277e-01 1.707724e-01)	(6.539473e-01 3.901850e-01 1.666663e-01)	(1.403104e-02 5.642717e-03 4.106055e-03)
7156          	(6.675147e-01 3.953824e-01 1.711388e-01)	(6.534983e-01 3.897516e-01 1.670200e-01)	(1.401644e-02 5.630724e-03 4.118837e-03)
7157          	(6.669676e-01 3.948888e-01 1.715994e-01)	(6.529655e-01 3.892711e-01 1.674683e-01)	(1.400210e-02 5.617694e-03 4.131168e-03)
7158          	(6.663240e-01 3.943379e-01 1.721659e-01)	(6.523360e-01 3.887343e-01 1.680228e-01)	(1.398795e-02 5.603594e-03 4.143072e-03)
7159          	(6.655725e-01 3.937220e-01 1.728423e-01)	(6.515985e-01 3.881336e-01 1.686877e-01)	(1.397398e-02 5.588392e-03 4.154602e-03)
7160          	(6.647233e-01 3.930425e-01 1.736301e-01)	(6.507631e-01 3.874705e-01 1.694643e-01)	(1.396024e-02 5.572067e-03 4.165837e-03)
7161          	(6.637639e-01 3.922917e-01 1.745266e-01)	(6.498172e-01 3.867371e-01 1.703497e-01)	(1.394675e-02 5.554590e-03 4.176913e-03)
7162          	(6.627211e-01 3.914824e-01 1.755294e-01)	(6.487876e-01 3.859464e-01 1.713415e-01)	(1.393354e-02 5.535938e-03 4.187922e-03)
7163          	(6.619862e-01 3.906902e-01 1.766578e-01)	(6.480647e-01 3.851742e-01 1.724589e-01)	(1.392147e-02 5.515958e-03 4.198862e-03)
7164          	(6.609492e-01 3.898699e-01 1.778381e-01)	(6.470396e-01 3.843749e-01 1.736283e-01)	(1.390963e-02 5.495030e-03 4.209757e-03)
7165          	(6.598813e-01 3.890213e-01 1.791104e-01)	(6.459834e-01 3.835480e-01 1.748895e-01)	(1.389784e-02 5.473243e-03 4.220844e-03)
7166          	(6.588082e-01 3.881565e-01 1.804708e-01)	(6.449221e-01 3.827059e-01 1.762386e-01)	(1.388614e-02 5.450637e-03 4.232245e-03)
7167          	(6.577214e-01 3.872753e-01 1.819107e-01)	(6.438470e-01 3.818480e-01 1.776666e-01)	(1.387439e-02 5.427326e-03 4.244025e-03)
7168          	(6.566611e-01 3.863983e-01 1.834164e-01)	(6.427985e-01 3.809948e-01 1.791601e-01)	(1.386263e-02 5.403458e-03 4.256228e-03)
7169          	(6.556423e-01 3.855357e-01 1.849735e-01)	(6.417914e-01 3.801565e-01 1.807046e-01)	(1.385089e-02 5.379157e-03 4.268914e-03)
7170          	(6.546784e-01 3.846962e-01 1.865691e-01)	(6.408391e-01 3.793416e-01 1.822870e-01)	(1.383931e-02 5.354518e-03 4.282170e-03)
7171          	(6.537794e-01 3.838862e-01 1.881929e-01)	(6.399514e-01 3.785566e-01 1.838969e-01)	(1.382803e-02 5.329644e-03 4.296036e-03)
7172          	(6.529746e-01 3.831169e-01 1.898353e-01)	(6.391574e-01 3.778123e-01 1.855248e-01)	(1.381726e-02 5.304585e-03 4.310527e-03)
7173          	(6.522523e-01 3.823896e-01 1.914851e-01)	(6.384451e-01 3.771102e-01 1.871594e-01)	(1.380719e-02 5.279395e-03 4.325673e-03)
7174          	(6.516262e-01 3.817144e-01 1.931282e-01)	(6.378283e-01 3.764604e-01 1.887868e-01)	(1.379792e-02 5.254088e-03 4.341466e-03)
7175          	(6.511133e-01 3.811043e-01 1.947480e-01)	(6.373238e-01 3.758756e-01 1.903902e-01)	(1.378952e-02 5.228710e-03 4.357826e-03)
7176          	(6.507329e-01 3.805739e-01 1.963265e-01)	(6.369508e-01 3.753705e-01 1.919519e-01)	(1.378206e-02 5.203362e-03 4.374604e-03)
7177          	(6.505019e-01 3.801375e-01 1.978458e-01)	(6.367264e-01 3.749594e-01 1.934542e-01)	(1.377555e-02 5.178138e-03 4.391598e-03)
7178          	(6.504358e-01 3.798085e-01 1.992902e-01)	(6.366658e-01 3.746553e-01 1.948817e-01)	(1.377006e-02 5.153211e-03 4.408503e-03)
7179          	(6.516561e-01 3.798631e-01 2.007077e-01)	(6.378879e-01 3.747346e-01 1.962829e-01)	(1.376816e-02 5.128489e-03 4.424810e-03)
7180          	(6.519964e-01 3.798396e-01 2.019515e-01)	(6.382295e-01 3.747351e-01 1.975111e-01)	(1.376687e-02 5.104551e-03 4.440403e-03)
7181          	(6.525068e-01 3.799415e-01 2.031216e-01)	(6.387405e-01 3.748600e-01 1.986665e-01)	(1.376621e-02 5.081557e-03 4.455130e-03)
7182          	(6.531604e-01 3.801482e-01 2.042333e-01)	(6.393937e-01 3.750887e-01 1.997644e-01)	(1.376669e-02 5.059448e-03 4.468918e-03)
7183          	(6.539276e-01 3.804396e-01 2.052983e-01)	(6.401592e-01 3.754014e-01 2.008166e-01)	(1.376838e-02 5.038205e-03 4.481746e-03)
7184          	(6.557285e-01 3.810701e-01 2.063783e-01)	(6.419550e-01 3.760523e-01 2.018849e-01)	(1.377344e-02 5.017785e-03 4.493415e-03)
7185          	(6.566727e-01 3.815157e-01 2.073548e-01)	(6.428933e-01 3.765174e-01 2.028507e-01)	(1.377944e-02 4.998297e-03 4.504118e-03)
7186          	(6.576513e-01 3.820029e-01 2.083173e-01)	(6.438650e-01 3.770231e-01 2.038034e-01)	(1.378635e-02 4.979769e-03 4.513926e-03)
7187          	(6.586185e-01 3.825036e-01 2.092772e-01)	(6.448241e-01 3.775415e-01 2.047542e-01)	(1.379438e-02 4.962107e-03 4.522982e-03)
7188          	(6.595592e-01 3.830045e-01 2.102391e-01)	(6.457557e-01 3.780592e-01 2.057077e-01)	(1.380347e-02 4.945278e-03 4.531407e-03)
7189          	(6.610235e-01 3.836623e-01 2.112428e-01)	(6.472087e-01 3.787331e-01 2.067036e-01)	(1.381472e-02 4.929234e-03 4.539204e-03)
7190          	(6.618770e-01 3.841406e-01 2.121915e-01)	(6.480505e-01 3.792266e-01 2.076449e-01)	(1.382647e-02 4.913928e-03 4.546580e-03)
7191          	(6.626647e-01 3.845929e-01 2.131390e-01)	(6.488261e-01 3.796935e-01 2.085854e-01)	(1.383853e-02 4.899310e-03 4.553629e-03)
7192          	(6.633843e-01 3.850165e-01 2.140810e-01)	(6.495334e-01 3.801312e-01 2.095205e-01)	(1.385089e-02 4.885293e-03 4.560503e-03)
7193          	(6.640416e-01 3.854131e-01 2.150078e-01)	(6.501782e-01 3.805413e-01 2.104406e-01)	(1.386346e-02 4.871777e-03 4.567227e-03)
7194          	(6.646487e-01 3.857874e-01 2.159059e-01)	(6.507725e-01 3.809287e-01 2.113321e-01)	(1.387620e-02 4.858714e-03 4.573812e-03)
7195          	(6.652216e-01 3.861466e-01 2.167583e-01)	(6.513326e-01 3.813006e-01 2.121781e-01)	(1.388906e-02 4.846002e-03 4.580207e-03)
7196          	(6.657802e-01 3.865000e-01 2.175463e-01)	(6.518781e-01 3.816664e-01 2.129600e-01)	(1.390208e-02 4.833602e-03 4.586349e-03)
7197          	(6.676529e-01 3.872338e-01 2.182758e-01)	(6.537346e-01 3.824123e-01 2.136840e-01)	(1.391824e-02 4.821458e-03 4.591752e-03)
7198          	(6.682525e-01 3.876457e-01 2.188792e-01)	(6.543186e-01 3.828361e-01 2.142824e-01)	(1.393391e-02 4.809603e-03 4.596827e-03)
7199          	(6.688937e-01 3.880911e-01 2.193811e-01)	(6.549446e-01 3.832930e-01 2.147796e-01)	(1.394908e-02 4.798133e-03 4.601469e-03)
7200          	(6.695800e-01 3.885685e-01 2.197719e-01)	(6.556157e-01 3.837815e-01 2.151663e-01)	(1.396432e-02 4.786994e-03 4.605612e-03)
7201          	(6.703310e-01 3.890915e-01 2.200398e-01)	(6.563512e-01 3.843153e-01 2.154306e-01)	(1.397976e-02 4.776176e-03 4.609162e-03)
7202          	(6.719789e-01 3.898716e-01 2.201749e-01)	(6.579813e-01 3.851060e-01 2.155632e-01)	(1.399753e-02 4.765628e-03 4.611727e-03)
7203          	(6.728600e-01 3.904738e-01 2.201927e-01)	(6.588448e-01 3.857185e-01 2.155791e-01)	(1.401525e-02 4.755332e-03 4.613617e-03)
7204          	(6.737998e-01 3.911144e-01 2.200819e-01)	(6.597668e-01 3.863690e-01 2.154672e-01)	(1.403300e-02 4.745381e-03 4.614731e-03)
7205          	(6.747839e-01 3.917848e-01 2.198425e-01)	(6.607328e-01 3.870491e-01 2.152275e-01)	(1.405116e-02 4.735685e-03 4.614966e-03)
7206          	(6.758203e-01 3.924948e-01 2.194753e-01)	(6.617504e-01 3.877685e-01 2.148610e-01)	(1.406991e-02 4.726279e-03 4.614230e-03)
7207          	(6.768702e-01 3.932159e-01 2.189910e-01)	(6.627810e-01 3.884988e-01 2.143785e-01)	(1.408925e-02 4.717073e-03 4.612465e-03)
7208          	(6.779196e-01 3.939396e-01 2.184016e-01)	(6.638105e-01 3.892316e-01 2.137919e-01)	(1.410918e-02 4.708027e-03 4.609638e-03)
7209          	(6.789564e-01 3.946587e-01 2.177220e-01)	(6.648267e-01 3.899596e-01 2.131163e-01)	(1.412967e-02 4.699054e-03 4.605739e-03)
7210          	(6.800167e-01 3.953920e-01 2.169665e-01)	(6.658659e-01 3.907018e-01 2.123658e-01)	(1.415076e-02 4.690180e-03 4.600734e-03)
7211          	(6.810433e-01 3.961075e-01 2.161553e-01)	(6.668710e-01 3.914262e-01 2.115607e-01)	(1.417234e-02 4.681326e-03 4.594616e-03)
7212          	(6.820267e-01 3.967997e-01 2.153034e-01)	(6.678324e-01 3.921272e-01 2.107160e-01)	(1.419431e-02 4.672509e-03 4.587387e-03)
7213          	(6.830186e-01 3.974916e-01 2.144220e-01)	(6.688020e-01 3.928279e-01 2.098429e-01)	(1.421667e-02 4.663703e-03 4.579029e-03)
7214          	(6.842858e-01 3.982696e-01 2.135206e-01)	(6.700458e-01 3.936146e-01 2.089511e-01)	(1.423999e-02 4.654969e-03 4.569492e-03)
7215          	(6.850899e-01 3.988739e-01 2.126317e-01)	(6.708267e-01 3.942278e-01 2.080726e-01)	(1.426313e-02 4.646108e-03 4.559083e-03)
7216          	(6.857872e-01 3.994231e-01 2.117566e-01)	(6.715013e-01 3.947860e-01 2.072087e-01)	(1.428589e-02 4.637130e-03 4.547880e-03)
7217          	(6.863729e-01 3.999113e-01 2.109055e-01)	(6.720646e-01 3.952833e-01 2.063695e-01)	(1.430823e-02 4.627970e-03 4.535957e-03)
7218          	(6.868453e-01 4.003355e-01 2.100887e-01)	(6.725153e-01 3.957169e-01 2.055653e-01)	(1.433006e-02 4.618638e-03 4.523423e-03)
7219          	(6.871796e-01 4.006842e-01 2.093171e-01)	(6.728284e-01 3.960751e-01 2.048067e-01)	(1.435117e-02 4.609074e-03 4.510414e-03)
7220          	(6.874158e-01 4.009767e-01 2.085955e-01)	(6.730443e-01 3.963774e-01 2.040985e-01)	(1.437150e-02 4.599300e-03 4.497030e-03)
7221          	(6.875659e-01 4.012210e-01 2.079300e-01)	(6.731749e-01 3.966317e-01 2.034466e-01)	(1.439100e-02 4.589321e-03 4.483379e-03)
7222          	(6.876477e-01 4.014290e-01 2.073245e-01)	(6.732381e-01 3.968498e-01 2.028549e-01)	(1.440965e-02 4.579195e-03 4.469559e-03)
7223          	(6.876836e-01 4.016148e-01 2.067807e-01)	(6.732561e-01 3.970458e-01 2.023251e-01)	(1.442745e-02 4.568978e-03 4.455659e-03)
7224          	(6.876961e-01 4.017921e-01 2.063015e-01)	(6.732517e-01 3.972333e-01 2.018598e-01)	(1.444445e-02 4.558750e-03 4.441750e-03)
7225          	(6.877069e-01 4.019733e-01 2.058909e-01)	(6.732462e-01 3.974247e-01 2.014630e-01)	(1.446069e-02 4.548555e-03 4.427912e-03)
7226          	(6.877343e-01 4.021687e-01 2.055529e-01)	(6.732581e-01 3.976302e-01 2.011386e-01)	(1.447626e-02 4.538494e-03 4.414227e-03)
7227          	(6.877931e-01 4.023864e-01 2.052899e-01)	(6.733019e-01 3.978578e-01 2.008891e-01)	(1.449122e-02 4.528626e-03 4.400800e-03)
7228          	(6.878941e-01 4.026322e-01 2.051019e-01)	(6.733884e-01 3.981132e-01 2.007142e-01)	(1.450568e-02 4.519008e-03 4.387737e-03)
7229          	(6.880323e-01 4.029068e-01 2.049860e-01)	(6.735126e-01 3.983971e-01 2.006108e-01)	(1.451970e-02 4.509703e-03 4.375143e-03)
7230          	(6.882087e-01 4.032120e-01 2.049362e-01)	(6.736753e-01 3.987112e-01 2.005731e-01)	(1.453338e-02 4.500789e-03 4.363091e-03)
7231          	(6.884427e-01 4.035483e-01 2.049461e-01)	(6.738959e-01 3.990560e-01 2.005944e-01)	(1.454685e-02 4.492291e-03 4.351659e-03)
7232          	(6.887282e-01 4.039097e-01 2.050051e-01)	(6.741681e-01 3.994255e-01 2.006642e-01)	(1.456016e-02 4.484211e-03 4.340925e-03)
7233          	(6.890543e-01 4.042872e-01 2.050996e-01)	(6.744809e-01 3.998106e-01 2.007687e-01)	(1.457340e-02 4.476591e-03 4.330933e-03)
7234          	(6.894045e-01 4.046677e-01 2.052165e-01)	(6.748180e-01 4.001983e-01 2.008947e-01)	(1.458654e-02 4.469426e-03 4.321725e-03)
7235          	(6.897610e-01 4.050406e-01 2.053411e-01)	(6.751615e-01 4.005779e-01 2.010278e-01)	(1.459951e-02 4.462694e-03 4.313312e-03)
7236          	(6.901042e-01 4.053973e-01 2.054598e-01)	(6.754919e-01 4.009409e-01 2.011541e-01)	(1.461227e-02 4.456419e-03 4.305699e-03)
7237          	(6.904253e-01 4.057324e-01 2.055608e-01)	(6.758006e-01 4.012819e-01 2.012620e-01)	(1.462472e-02 4.450588e-03 4.298852e-03)
7238          	(6.907207e-01 4.060434e-01 2.056354e-01)	(6.760839e-01 4.015982e-01 2.013427e-01)	(1.463681e-02 4.445189e-03 4.292723e-03)
7239          	(6.910011e-01 4.063407e-01 2.056778e-01)	(6.763526e-01 4.019005e-01 2.013906e-01)	(1.464850e-02 4.440247e-03 4.287264e-03)
7240          	(6.916880e-01 4.067179e-01 2.056848e-01)	(6.770273e-01 4.022822e-01 2.014026e-01)	(1.466079e-02 4.435636e-03 4.282246e-03)
7241          	(6.919391e-01 4.069736e-01 2.056660e-01)	(6.772667e-01 4.025422e-01 2.013882e-01)	(1.467240e-02 4.431380e-03 4.277858e-03)
7242          	(6.921827e-01 4.072048e-01 2.056231e-01)	(6.774993e-01 4.027773e-01 2.013491e-01)	(1.468338e-02 4.427466e-03 4.274049e-03)
7243          	(6.924188e-01 4.074139e-01 2.055605e-01)	(6.777249e-01 4.029901e-01 2.012898e-01)	(1.469391e-02 4.423796e-03 4.270761e-03)
7244          	(6.926272e-01 4.075995e-01 2.054814e-01)	(6.779232e-01 4.031792e-01 2.012135e-01)	(1.470398e-02 4.420359e-03 4.267935e-03)
7245          	(6.927857e-01 4.077573e-01 2.053901e-01)	(6.780722e-01 4.033402e-01 2.011246e-01)	(1.471356e-02 4.417129e-03 4.265532e-03)
7246          	(6.929099e-01 4.078878e-01 2.052930e-01)	(6.781872e-01 4.034738e-01 2.010295e-01)	(1.472268e-02 4.414047e-03 4.263512e-03)
7247          	(6.929994e-01 4.079921e-01 2.051962e-01)	(6.782681e-01 4.035810e-01 2.009344e-01)	(1.473136e-02 4.411076e-03 4.261848e-03)
7248          	(6.930378e-01 4.080685e-01 2.051031e-01)	(6.782981e-01 4.036603e-01 2.008426e-01)	(1.473964e-02 4.408208e-03 4.260519e-03)
7249          	(6.930366e-01 4.081241e-01 2.050156e-01)	(6.782891e-01 4.037187e-01 2.007560e-01)	(1.474756e-02 4.405416e-03 4.259505e-03)
7250          	(6.932608e-01 4.082298e-01 2.049309e-01)	(6.785051e-01 4.038272e-01 2.006722e-01)	(1.475575e-02 4.402618e-03 4.258647e-03)
7251          	(6.932531e-01 4.082787e-01 2.048594e-01)	(6.784895e-01 4.038789e-01 2.006014e-01)	(1.476361e-02 4.399840e-03 4.258038e-03)
7252          	(6.932874e-01 4.083382e-01 2.047968e-01)	(6.785161e-01 4.039411e-01 2.005392e-01)	(1.477125e-02 4.397061e-03 4.257620e-03)
7253          	(6.933418e-01 4.084051e-01 2.047412e-01)	(6.785630e-01 4.040108e-01 2.004838e-01)	(1.477880e-02 4.394244e-03 4.257382e-03)
7254          	(6.933867e-01 4.084711e-01 2.046920e-01)	(6.786004e-01 4.040798e-01 2.004347e-01)	(1.478625e-02 4.391379e-03 4.257337e-03)
7255          	(6.934257e-01 4.085368e-01 2.046483e-01)	(6.786321e-01 4.041484e-01 2.003908e-01)	(1.479357e-02 4.388422e-03 4.257505e-03)
7256          	(6.934604e-01 4.086021e-01 2.046083e-01)	(6.786596e-01 4.042167e-01 2.003504e-01)	(1.480078e-02 4.385340e-03 4.257882e-03)
7257          	(6.934936e-01 4.086673e-01 2.045687e-01)	(6.786857e-01 4.042852e-01 2.003102e-01)	(1.480791e-02 4.382134e-03 4.258478e-03)
7258          	(6.935274e-01 4.087328e-01 2.045263e-01)	(6.787125e-01 4.043540e-01 2.002670e-01)	(1.481495e-02 4.378771e-03 4.259278e-03)
7259          	(6.935630e-01 4.087984e-01 2.044779e-01)	(6.787411e-01 4.044231e-01 2.002177e-01)	(1.482189e-02 4.375244e-03 4.260273e-03)
7260          	(6.936010e-01 4.088637e-01 2.044208e-01)	(6.787723e-01 4.044922e-01 2.001594e-01)	(1.482872e-02 4.371570e-03 4.261426e-03)
7261          	(6.939199e-01 4.090042e-01 2.043486e-01)	(6.790838e-01 4.046365e-01 2.000860e-01)	(1.483603e-02 4.367737e-03 4.262633e-03)
7262          	(6.940157e-01 4.090910e-01 2.042715e-01)	(6.791726e-01 4.047272e-01 2.000075e-01)	(1.484312e-02 4.363765e-03 4.263979e-03)
7263          	(6.941242e-01 4.091816e-01 2.041840e-01)	(6.792742e-01 4.048218e-01 1.999186e-01)	(1.484992e-02 4.359727e-03 4.265427e-03)
7264          	(6.942403e-01 4.092720e-01 2.040854e-01)	(6.793837e-01 4.049164e-01 1.998185e-01)	(1.485653e-02 4.355628e-03 4.266972e-03)
7265          	(6.943583e-01 4.093628e-01 2.039745e-01)	(6.794954e-01 4.050113e-01 1.997060e-01)	(1.486290e-02 4.351501e-03 4.268581e-03)
7266          	(6.944693e-01 4.094552e-01 2.038491e-01)	(6.796003e-01 4.051078e-01 1.995789e-01)	(1.486903e-02 4.347434e-03 4.270228e-03)
7267          	(6.945863e-01 4.095471e-01 2.037098e-01)	(6.797114e-01 4.052037e-01 1.994380e-01)	(1.487492e-02 4.343443e-03 4.271862e-03)
7268          	(6.947124e-01 4.096392e-01 2.035562e-01)	(6.798318e-01 4.052996e-01 1.992828e-01)	(1.488063e-02 4.339564e-03 4.273434e-03)
7269          	(6.948509e-01 4.097321e-01 2.033891e-01)	(6.799647e-01 4.053963e-01 1.991142e-01)	(1.488620e-02 4.335854e-03 4.274925e-03)
7270          	(6.950052e-01 4.098269e-01 2.032104e-01)	(6.801135e-01 4.054946e-01 1.989341e-01)	(1.489169e-02 4.332346e-03 4.276290e-03)
7271          	(6.951780e-01 4.099243e-01 2.030232e-01)	(6.802809e-01 4.055953e-01 1.987457e-01)	(1.489716e-02 4.329046e-03 4.277510e-03)
7272          	(6.953710e-01 4.100254e-01 2.028311e-01)	(6.804683e-01 4.056994e-01 1.985526e-01)	(1.490267e-02 4.325996e-03 4.278567e-03)
7273          	(6.955839e-01 4.101308e-01 2.026384e-01)	(6.806756e-01 4.058076e-01 1.983590e-01)	(1.490825e-02 4.323174e-03 4.279466e-03)
7274          	(6.958144e-01 4.102411e-01 2.024496e-01)	(6.809004e-01 4.059205e-01 1.981694e-01)	(1.491396e-02 4.320589e-03 4.280214e-03)
7275          	(6.960588e-01 4.103562e-01 2.022691e-01)	(6.811390e-01 4.060379e-01 1.979883e-01)	(1.491980e-02 4.318237e-03 4.280840e-03)
7276          	(6.967891e-01 4.106177e-01 2.020957e-01)	(6.818622e-01 4.063016e-01 1.978145e-01)	(1.492687e-02 4.316141e-03 4.281161e-03)
7277          	(6.970735e-01 4.107591e-01 2.019466e-01)	(6.821396e-01 4.064449e-01 1.976652e-01)	(1.493384e-02 4.314252e-03 4.281411e-03)
7278          	(6.973607e-01 4.109056e-01 2.018180e-01)	(6.824199e-01 4.065930e-01 1.975364e-01)	(1.494073e-02 4.312621e-03 4.281615e-03)
7279          	(6.976470e-01 4.110513e-01 2.017112e-01)	(6.826993e-01 4.067401e-01 1.974294e-01)	(1.494770e-02 4.311187e-03 4.281789e-03)
7280          	(6.979129e-01 4.111901e-01 2.016262e-01)	(6.829582e-01 4.068802e-01 1.973442e-01)	(1.495474e-02 4.309929e-03 4.281960e-03)
7281          	(6.981606e-01 4.113209e-01 2.015618e-01)	(6.831988e-01 4.070121e-01 1.972797e-01)	(1.496187e-02 4.308839e-03 4.282167e-03)
7282          	(6.983884e-01 4.114418e-01 2.015156e-01)	(6.834194e-01 4.071339e-01 1.972331e-01)	(1.496910e-02 4.307908e-03 4.282448e-03)
7283          	(6.986031e-01 4.115530e-01 2.014841e-01)	(6.836266e-01 4.072459e-01 1.972013e-01)	(1.497645e-02 4.307111e-03 4.282820e-03)
7284          	(6.988003e-01 4.116532e-01 2.014631e-01)	(6.838163e-01 4.073467e-01 1.971798e-01)	(1.498395e-02 4.306444e-03 4.283296e-03)
7285          	(6.989856e-01 4.117437e-01 2.014482e-01)	(6.839940e-01 4.074378e-01 1.971643e-01)	(1.499162e-02 4.305869e-03 4.283882e-03)
7286          	(6.991668e-01 4.118270e-01 2.014357e-01)	(6.841673e-01 4.075217e-01 1.971512e-01)	(1.499948e-02 4.305378e-03 4.284582e-03)
7287          	(6.993523e-01 4.119066e-01 2.014225e-01)	(6.843447e-01 4.076016e-01 1.971371e-01)	(1.500756e-02 4.304954e-03 4.285390e-03)
7288          	(6.995494e-01 4.119856e-01 2.014057e-01)	(6.845335e-01 4.076810e-01 1.971194e-01)	(1.501588e-02 4.304578e-03 4.286296e-03)
7289          	(6.997636e-01 4.120669e-01 2.013831e-01)	(6.847392e-01 4.077626e-01 1.970958e-01)	(1.502443e-02 4.304235e-03 4.287284e-03)
7290          	(6.999981e-01 4.121527e-01 2.013528e-01)	(6.849648e-01 4.078487e-01 1.970645e-01)	(1.503323e-02 4.303941e-03 4.288358e-03)
7291          	(7.002538e-01 4.122442e-01 2.013131e-01)	(6.852116e-01 4.079405e-01 1.970236e-01)	(1.504222e-02 4.303682e-03 4.289507e-03)
7292          	(7.005298e-01 4.123417e-01 2.012623e-01)	(6.854784e-01 4.080383e-01 1.969716e-01)	(1.505139e-02 4.303439e-03 4.290710e-03)
7293          	(7.008231e-01 4.124446e-01 2.011987e-01)	(6.857624e-01 4.081413e-01 1.969067e-01)	(1.506069e-02 4.303232e-03 4.291965e-03)
7294          	(7.011293e-01 4.125510e-01 2.011209e-01)	(6.860592e-01 4.082479e-01 1.968277e-01)	(1.507009e-02 4.303043e-03 4.293251e-03)
7295          	(7.014613e-01 4.126627e-01 2.010281e-01)	(6.863817e-01 4.083598e-01 1.967336e-01)	(1.507958e-02 4.302835e-03 4.294544e-03)
7296          	(7.017975e-01 4.127718e-01 2.009204e-01)	(6.867084e-01 4.084692e-01 1.966245e-01)	(1.508914e-02 4.302616e-03 4.295828e-03)
7297          	(7.021317e-01 4.128753e-01 2.007976e-01)	(6.870330e-01 4.085729e-01 1.965006e-01)	(1.509870e-02 4.302357e-03 4.297081e-03)
7298          	(7.024574e-01 4.129700e-01 2.006607e-01)	(6.873492e-01 4.086680e-01 1.963625e-01)	(1.510822e-02 4.302037e-03 4.298284e-03)
7299          	(7.027681e-01 4.130533e-01 2.005109e-01)	(6.876505e-01 4.087516e-01 1.962115e-01)	(1.511766e-02 4.301649e-03 4.299425e-03)
7300          	(7.030468e-01 4.131260e-01 2.003498e-01)	(6.879199e-01 4.088248e-01 1.960493e-01)	(1.512692e-02 4.301195e-03 4.300479e-03)
7301          	(7.033048e-01 4.131841e-01 2.001801e-01)	(6.881689e-01 4.088834e-01 1.958787e-01)	(1.513596e-02 4.300657e-03 4.301446e-03)
7302          	(7.035391e-01 4.132264e-01 2.000047e-01)	(6.883943e-01 4.089264e-01 1.957024e-01)	(1.514480e-02 4.300037e-03 4.302327e-03)
7303          	(7.037476e-01 4.132528e-01 1.998261e-01)	(6.885942e-01 4.089535e-01 1.955230e-01)	(1.515337e-02 4.299298e-03 4.303133e-03)
7304          	(7.039294e-01 4.132635e-01 1.996465e-01)	(6.887678e-01 4.089650e-01 1.953426e-01)	(1.516166e-02 4.298444e-03 4.303877e-03)
7305          	(7.040870e-01 4.132509e-01 1.994686e-01)	(6.889173e-01 4.089534e-01 1.951641e-01)	(1.516967e-02 4.297436e-03 4.304573e-03)
7306          	(7.042181e-01 4.132345e-01 1.992926e-01)	(6.890407e-01 4.089381e-01 1.949874e-01)	(1.517738e-02 4.296340e-03 4.305226e-03)
7307          	(7.043248e-01 4.132053e-01 1.991208e-01)	(6.891401e-01 4.089102e-01 1.948150e-01)	(1.518477e-02 4.295144e-03 4.305836e-03)
7308          	(7.044086e-01 4.131641e-01 1.989553e-01)	(6.892167e-01 4.088702e-01 1.946489e-01)	(1.519186e-02 4.293883e-03 4.306422e-03)
7309          	(7.044673e-01 4.130846e-01 1.987990e-01)	(6.892686e-01 4.087922e-01 1.944920e-01)	(1.519866e-02 4.292456e-03 4.307020e-03)
7310          	(7.045147e-01 4.130280e-01 1.986504e-01)	(6.893096e-01 4.087369e-01 1.943428e-01)	(1.520517e-02 4.291048e-03 4.307629e-03)
7311          	(7.048669e-01 4.130257e-01 1.984994e-01)	(6.896547e-01 4.087361e-01 1.941913e-01)	(1.521220e-02 4.289562e-03 4.308107e-03)
7312          	(7.049092e-01 4.129783e-01 1.983755e-01)	(6.896905e-01 4.086901e-01 1.940668e-01)	(1.521874e-02 4.288182e-03 4.308673e-03)
7313          	(7.049297e-01 4.129153e-01 1.982632e-01)	(6.897049e-01 4.086284e-01 1.939538e-01)	(1.522478e-02 4.286872e-03 4.309379e-03)
7314          	(7.049353e-01 4.128497e-01 1.981588e-01)	(6.897049e-01 4.085641e-01 1.938486e-01)	(1.523043e-02 4.285650e-03 4.310209e-03)
7315          	(7.049219e-01 4.127730e-01 1.980605e-01)	(6.896862e-01 4.084885e-01 1.937493e-01)	(1.523567e-02 4.284482e-03 4.311172e-03)
7316          	(7.048934e-01 4.126855e-01 1.979661e-01)	(6.896529e-01 4.084021e-01 1.936538e-01)	(1.524052e-02 4.283352e-03 4.312270e-03)
7317          	(7.048457e-01 4.125848e-01 1.978733e-01)	(6.896007e-01 4.083026e-01 1.935598e-01)	(1.524496e-02 4.282233e-03 4.313503e-03)
7318          	(7.047816e-01 4.124726e-01 1.977802e-01)	(6.895326e-01 4.081915e-01 1.934653e-01)	(1.524898e-02 4.281102e-03 4.314865e-03)
7319          	(7.047051e-01 4.123514e-01 1.976853e-01)	(6.894525e-01 4.080714e-01 1.933690e-01)	(1.525258e-02 4.279925e-03 4.316341e-03)
7320          	(7.046215e-01 4.122251e-01 1.975883e-01)	(6.893657e-01 4.079464e-01 1.932704e-01)	(1.525577e-02 4.278693e-03 4.317905e-03)
7321          	(7.045366e-01 4.120983e-01 1.974889e-01)	(6.892780e-01 4.078210e-01 1.931694e-01)	(1.525856e-02 4.277382e-03 4.319537e-03)
7322          	(7.044553e-01 4.119757e-01 1.973877e-01)	(6.891943e-01 4.076997e-01 1.930665e-01)	(1.526097e-02 4.276000e-03 4.321194e-03)
7323          	(7.043821e-01 4.118611e-01 1.972852e-01)	(6.891191e-01 4.075865e-01 1.929624e-01)	(1.526304e-02 4.274571e-03 4.322851e-03)
7324          	(7.043203e-01 4.117576e-01 1.971825e-01)	(6.890555e-01 4.074845e-01 1.928580e-01)	(1.526480e-02 4.273098e-03 4.324458e-03)
7325          	(7.042712e-01 4.116666e-01 1.970805e-01)	(6.890049e-01 4.073950e-01 1.927545e-01)	(1.526625e-02 4.271584e-03 4.325979e-03)
7326          	(7.042325e-01 4.115859e-01 1.969806e-01)	(6.889650e-01 4.073158e-01 1.926532e-01)	(1.526747e-02 4.270066e-03 4.327377e-03)
7327          	(7.042064e-01 4.115196e-01 1.968841e-01)	(6.889379e-01 4.072511e-01 1.925555e-01)	(1.526846e-02 4.268557e-03 4.328624e-03)
7328          	(7.041918e-01 4.114684e-01 1.967928e-01)	(6.889225e-01 4.072013e-01 1.924631e-01)	(1.526926e-02 4.267095e-03 4.329690e-03)
7329          	(7.038629e-01 4.113406e-01 1.967094e-01)	(6.885938e-01 4.070749e-01 1.923787e-01)	(1.526915e-02 4.265722e-03 4.330705e-03)
7330          	(7.035295e-01 4.112238e-01 1.966356e-01)	(6.882612e-01 4.069594e-01 1.923040e-01)	(1.526831e-02 4.264462e-03 4.331635e-03)
7331          	(7.034721e-01 4.111764e-01 1.965674e-01)	(6.882044e-01 4.069131e-01 1.922351e-01)	(1.526765e-02 4.263251e-03 4.332317e-03)
7332          	(7.032466e-01 4.111172e-01 1.965042e-01)	(6.879799e-01 4.068550e-01 1.921714e-01)	(1.526666e-02 4.262246e-03 4.332810e-03)
7333          	(7.032491e-01 4.111102e-01 1.964439e-01)	(6.879831e-01 4.068489e-01 1.921109e-01)	(1.526594e-02 4.261341e-03 4.332996e-03)
7334          	(7.032692e-01 4.111149e-01 1.963890e-01)	(6.880037e-01 4.068543e-01 1.920561e-01)	(1.526544e-02 4.260540e-03 4.332868e-03)
7335          	(7.034108e-01 4.111643e-01 1.963417e-01)	(6.881455e-01 4.069045e-01 1.920093e-01)	(1.526532e-02 4.259861e-03 4.332407e-03)
7336          	(7.035752e-01 4.112337e-01 1.963033e-01)	(6.883097e-01 4.069744e-01 1.919717e-01)	(1.526548e-02 4.259330e-03 4.331637e-03)
7337          	(7.037783e-01 4.113118e-01 1.962776e-01)	(6.885124e-01 4.070529e-01 1.919470e-01)	(1.526587e-02 4.258874e-03 4.330592e-03)
7338          	(7.035593e-01 4.113103e-01 1.962671e-01)	(6.882939e-01 4.070517e-01 1.919376e-01)	(1.526536e-02 4.258656e-03 4.329494e-03)
7339          	(7.035438e-01 4.113226e-01 1.962624e-01)	(6.882791e-01 4.070642e-01 1.919341e-01)	(1.526469e-02 4.258454e-03 4.328262e-03)
7340          	(7.035218e-01 4.113271e-01 1.962651e-01)	(6.882579e-01 4.070688e-01 1.919381e-01)	(1.526389e-02 4.258268e-03 4.326921e-03)
7341          	(7.033367e-01 4.113211e-01 1.962769e-01)	(6.880743e-01 4.070628e-01 1.919513e-01)	(1.526245e-02 4.258263e-03 4.325600e-03)
7342          	(7.032829e-01 4.112958e-01 1.962836e-01)	(6.880220e-01 4.070376e-01 1.919594e-01)	(1.526096e-02 4.258210e-03 4.324239e-03)
7343          	(7.029669e-01 4.112169e-01 1.962911e-01)	(6.877081e-01 4.069587e-01 1.919681e-01)	(1.525872e-02 4.258218e-03 4.322957e-03)
7344          	(7.027435e-01 4.111466e-01 1.962904e-01)	(6.874874e-01 4.068884e-01 1.919686e-01)	(1.525612e-02 4.258257e-03 4.321723e-03)
7345          	(7.026323e-01 4.110661e-01 1.962775e-01)	(6.873788e-01 4.068079e-01 1.919570e-01)	(1.525358e-02 4.258169e-03 4.320484e-03)
7346          	(7.025363e-01 4.109892e-01 1.962515e-01)	(6.872853e-01 4.067312e-01 1.919323e-01)	(1.525101e-02 4.258019e-03 4.319242e-03)
7347          	(7.024660e-01 4.109216e-01 1.962116e-01)	(6.872176e-01 4.066637e-01 1.918936e-01)	(1.524843e-02 4.257847e-03 4.317987e-03)
7348          	(7.024006e-01 4.108524e-01 1.961598e-01)	(6.871548e-01 4.065948e-01 1.918431e-01)	(1.524580e-02 4.257645e-03 4.316726e-03)
7349          	(7.023662e-01 4.107983e-01 1.960949e-01)	(6.871231e-01 4.065409e-01 1.917794e-01)	(1.524314e-02 4.257423e-03 4.315439e-03)
7350          	(7.023621e-01 4.107594e-01 1.960185e-01)	(6.871216e-01 4.065021e-01 1.917044e-01)	(1.524048e-02 4.257226e-03 4.314116e-03)
7351          	(7.023851e-01 4.107347e-01 1.959328e-01)	(6.871473e-01 4.064776e-01 1.916201e-01)	(1.523783e-02 4.257066e-03 4.312742e-03)
7352          	(7.024302e-01 4.107224e-01 1.958401e-01)	(6.871950e-01 4.064654e-01 1.915288e-01)	(1.523521e-02 4.256964e-03 4.311310e-03)
7353          	(7.026974e-01 4.107901e-01 1.957420e-01)	(6.874644e-01 4.065331e-01 1.914322e-01)	(1.523304e-02 4.256978e-03 4.309739e-03)
7354          	(7.027580e-01 4.107977e-01 1.956444e-01)	(6.875273e-01 4.065406e-01 1.913363e-01)	(1.523078e-02 4.257076e-03 4.308126e-03)
7355          	(7.028143e-01 4.108073e-01 1.955485e-01)	(6.875859e-01 4.065500e-01 1.912421e-01)	(1.522839e-02 4.257270e-03 4.306462e-03)
7356          	(7.028590e-01 4.108139e-01 1.954558e-01)	(6.876331e-01 4.065564e-01 1.911510e-01)	(1.522595e-02 4.257579e-03 4.304749e-03)
7357          	(7.028878e-01 4.108135e-01 1.953674e-01)	(6.876644e-01 4.065555e-01 1.910644e-01)	(1.522344e-02 4.257971e-03 4.302982e-03)
7358          	(7.025031e-01 4.106972e-01 1.952862e-01)	(6.872832e-01 4.064387e-01 1.909849e-01)	(1.521993e-02 4.258461e-03 4.301323e-03)
7359          	(7.024579e-01 4.106556e-01 1.952070e-01)	(6.872414e-01 4.063966e-01 1.909074e-01)	(1.521658e-02 4.259021e-03 4.299584e-03)
7360          	(7.021563e-01 4.105597e-01 1.951302e-01)	(6.869435e-01 4.063000e-01 1.908324e-01)	(1.521280e-02 4.259718e-03 4.297826e-03)
7361          	(7.020462e-01 4.104755e-01 1.950532e-01)	(6.868370e-01 4.062151e-01 1.907573e-01)	(1.520920e-02 4.260406e-03 4.295949e-03)
7362          	(7.019361e-01 4.103886e-01 1.949769e-01)	(6.867303e-01 4.061275e-01 1.906830e-01)	(1.520580e-02 4.261125e-03 4.293913e-03)
7363          	(7.018409e-01 4.103085e-01 1.949016e-01)	(6.866383e-01 4.060466e-01 1.906099e-01)	(1.520255e-02 4.261904e-03 4.291719e-03)
7364          	(7.017722e-01 4.102431e-01 1.948284e-01)	(6.865728e-01 4.059804e-01 1.905390e-01)	(1.519947e-02 4.262760e-03 4.289353e-03)
7365          	(7.017381e-01 4.101979e-01 1.947587e-01)	(6.865416e-01 4.059342e-01 1.904719e-01)	(1.519659e-02 4.263721e-03 4.286816e-03)
7366          	(7.017390e-01 4.101756e-01 1.946942e-01)	(6.865451e-01 4.059108e-01 1.904101e-01)	(1.519392e-02 4.264815e-03 4.284121e-03)
7367          	(7.017824e-01 4.101801e-01 1.946365e-01)	(6.865910e-01 4.059140e-01 1.903553e-01)	(1.519148e-02 4.266049e-03 4.281282e-03)
7368          	(7.019847e-01 4.102520e-01 1.945866e-01)	(6.867951e-01 4.059846e-01 1.903083e-01)	(1.518955e-02 4.267481e-03 4.278279e-03)
7369          	(7.022236e-01 4.103525e-01 1.945482e-01)	(6.870356e-01 4.060834e-01 1.902730e-01)	(1.518804e-02 4.269089e-03 4.275163e-03)
7370          	(7.020467e-01 4.103683e-01 1.945252e-01)	(6.868609e-01 4.060973e-01 1.902530e-01)	(1.518579e-02 4.270951e-03 4.272174e-03)
7371          	(7.020311e-01 4.103849e-01 1.945095e-01)	(6.868475e-01 4.061120e-01 1.902402e-01)	(1.518355e-02 4.272855e-03 4.269257e-03)
7372          	(7.019989e-01 4.104037e-01 1.944969e-01)	(6.868176e-01 4.061289e-01 1.902305e-01)	(1.518130e-02 4.274817e-03 4.266416e-03)
7373          	(7.019558e-01 4.104288e-01 1.944823e-01)	(6.867768e-01 4.061520e-01 1.902187e-01)	(1.517899e-02 4.276877e-03 4.263671e-03)
7374          	(7.019155e-01 4.104716e-01 1.944605e-01)	(6.867389e-01 4.061925e-01 1.901995e-01)	(1.517663e-02 4.279100e-03 4.261012e-03)
7375          	(7.018850e-01 4.105331e-01 1.944286e-01)	(6.867107e-01 4.062516e-01 1.901702e-01)	(1.517424e-02 4.281504e-03 4.258426e-03)
7376          	(7.018716e-01 4.106119e-01 1.943854e-01)	(6.866998e-01 4.063278e-01 1.901295e-01)	(1.517185e-02 4.284101e-03 4.255898e-03)
7377          	(7.018829e-01 4.107073e-01 1.943305e-01)	(6.867134e-01 4.064204e-01 1.900771e-01)	(1.516950e-02 4.286900e-03 4.253416e-03)
7378          	(7.019225e-01 4.108147e-01 1.942646e-01)	(6.867553e-01 4.065248e-01 1.900137e-01)	(1.516723e-02 4.289876e-03 4.250969e-03)
7379          	(7.019890e-01 4.109287e-01 1.941885e-01)	(6.868240e-01 4.066357e-01 1.899399e-01)	(1.516508e-02 4.292984e-03 4.248543e-03)
7380          	(7.020872e-01 4.110500e-01 1.941026e-01)	(6.869241e-01 4.067538e-01 1.898565e-01)	(1.516309e-02 4.296212e-03 4.246131e-03)
7381          	(7.022175e-01 4.111771e-01 1.940085e-01)	(6.870562e-01 4.068776e-01 1.897648e-01)	(1.516130e-02 4.299510e-03 4.243722e-03)
7382          	(7.023591e-01 4.112954e-01 1.939096e-01)	(6.871995e-01 4.069926e-01 1.896683e-01)	(1.515967e-02 4.302814e-03 4.241325e-03)
7383          	(7.025233e-01 4.114151e-01 1.938084e-01)	(6.873650e-01 4.071089e-01 1.895695e-01)	(1.515825e-02 4.306125e-03 4.238943e-03)
7384          	(7.026974e-01 4.115297e-01 1.937088e-01)	(6.875404e-01 4.072203e-01 1.894722e-01)	(1.515700e-02 4.309414e-03 4.236585e-03)
7385          	(7.028718e-01 4.116358e-01 1.936140e-01)	(6.877159e-01 4.073232e-01 1.893797e-01)	(1.515586e-02 4.312642e-03 4.234271e-03)
7386          	(7.030359e-01 4.117297e-01 1.935261e-01)	(6.878811e-01 4.074139e-01 1.892941e-01)	(1.515482e-02 4.315815e-03 4.232020e-03)
7387          	(7.031831e-01 4.118086e-01 1.934462e-01)	(6.880293e-01 4.074897e-01 1.892163e-01)	(1.515380e-02 4.318896e-03 4.229856e-03)
7388          	(7.033101e-01 4.118714e-01 1.933750e-01)	(6.881573e-01 4.075495e-01 1.891472e-01)	(1.515278e-02 4.321890e-03 4.227801e-03)
7389          	(7.034115e-01 4.119144e-01 1.933124e-01)	(6.882598e-01 4.075897e-01 1.890866e-01)	(1.515173e-02 4.324761e-03 4.225857e-03)
7390          	(7.034850e-01 4.119357e-01 1.932581e-01)	(6.883344e-01 4.076082e-01 1.890341e-01)	(1.515060e-02 4.327506e-03 4.224037e-03)
7391          	(7.035300e-01 4.119340e-01 1.932113e-01)	(6.883806e-01 4.076039e-01 1.889890e-01)	(1.514939e-02 4.330097e-03 4.222333e-03)
7392          	(7.036642e-01 4.119283e-01 1.931708e-01)	(6.885158e-01 4.075958e-01 1.889501e-01)	(1.514838e-02 4.332484e-03 4.220688e-03)
7393          	(7.037514e-01 4.118972e-01 1.931366e-01)	(6.886040e-01 4.075626e-01 1.889175e-01)	(1.514742e-02 4.334675e-03 4.219093e-03)
7394          	(7.034373e-01 4.117799e-01 1.931122e-01)	(6.882918e-01 4.074431e-01 1.888945e-01)	(1.514551e-02 4.336836e-03 4.217684e-03)
7395          	(7.030824e-01 4.116154e-01 1.930912e-01)	(6.879395e-01 4.072766e-01 1.888748e-01)	(1.514291e-02 4.338843e-03 4.216445e-03)
7396          	(7.029577e-01 4.114902e-01 1.930640e-01)	(6.878173e-01 4.071495e-01 1.888488e-01)	(1.514046e-02 4.340659e-03 4.215220e-03)
7397          	(7.027909e-01 4.113642e-01 1.930354e-01)	(6.876529e-01 4.070219e-01 1.888214e-01)	(1.513795e-02 4.342359e-03 4.214024e-03)
7398          	(7.026174e-01 4.112333e-01 1.930042e-01)	(6.874820e-01 4.068893e-01 1.887914e-01)	(1.513537e-02 4.343990e-03 4.212857e-03)
7399          	(7.024420e-01 4.110944e-01 1.929701e-01)	(6.873093e-01 4.067488e-01 1.887584e-01)	(1.513274e-02 4.345515e-03 4.211712e-03)
7400          	(7.022741e-01 4.109520e-01 1.929333e-01)	(6.871439e-01 4.066051e-01 1.887227e-01)	(1.513011e-02 4.346928e-03 4.210582e-03)
7401          	(7.021213e-01 4.108120e-01 1.928946e-01)	(6.869938e-01 4.064638e-01 1.886851e-01)	(1.512750e-02 4.348224e-03 4.209466e-03)
7402          	(7.019872e-01 4.106764e-01 1.928555e-01)	(6.868622e-01 4.063270e-01 1.886471e-01)	(1.512492e-02 4.349395e-03 4.208362e-03)
7403          	(7.018744e-01 4.105497e-01 1.928174e-01)	(6.867520e-01 4.061993e-01 1.886101e-01)	(1.512241e-02 4.350448e-03 4.207270e-03)
7404          	(7.017810e-01 4.104319e-01 1.927822e-01)	(6.866611e-01 4.060805e-01 1.885760e-01)	(1.511995e-02 4.351389e-03 4.206179e-03)
7405          	(7.017041e-01 4.103216e-01 1.927515e-01)	(6.865866e-01 4.059694e-01 1.885464e-01)	(1.511755e-02 4.352201e-03 4.205101e-03)
7406          	(7.016405e-01 4.102175e-01 1.927271e-01)	(6.865253e-01 4.058646e-01 1.885231e-01)	(1.511520e-02 4.352884e-03 4.204035e-03)
7407          	(7.013793e-01 4.100523e-01 1.927133e-01)	(6.862669e-01 4.056989e-01 1.885102e-01)	(1.511242e-02 4.353389e-03 4.203085e-03)
7408          	(7.012993e-01 4.099481e-01 1.927043e-01)	(6.861896e-01 4.055943e-01 1.885022e-01)	(1.510974e-02 4.353783e-03 4.202144e-03)
7409          	(7.012099e-01 4.098411e-01 1.927032e-01)	(6.861028e-01 4.054870e-01 1.885019e-01)	(1.510713e-02 4.354025e-03 4.201215e-03)
7410          	(7.011078e-01 4.097257e-01 1.927101e-01)	(6.860033e-01 4.053716e-01 1.885098e-01)	(1.510453e-02 4.354117e-03 4.200305e-03)
7411          	(7.009922e-01 4.095982e-01 1.927250e-01)	(6.858903e-01 4.052442e-01 1.885256e-01)	(1.510193e-02 4.354022e-03 4.199425e-03)
7412          	(7.008650e-01 4.094600e-01 1.927477e-01)	(6.857656e-01 4.051063e-01 1.885491e-01)	(1.509933e-02 4.353734e-03 4.198581e-03)
7413          	(7.007252e-01 4.093098e-01 1.927776e-01)	(6.856284e-01 4.049566e-01 1.885798e-01)	(1.509672e-02 4.353229e-03 4.197775e-03)
7414          	(7.005715e-01 4.091471e-01 1.928142e-01)	(6.854774e-01 4.047946e-01 1.886172e-01)	(1.509411e-02 4.352502e-03 4.197023e-03)
7415          	(7.004030e-01 4.089724e-01 1.928566e-01)	(6.853116e-01 4.046209e-01 1.886603e-01)	(1.509148e-02 4.351535e-03 4.196331e-03)
7416          	(7.002227e-01 4.087901e-01 1.929043e-01)	(6.851339e-01 4.044397e-01 1.887086e-01)	(1.508884e-02 4.350354e-03 4.195710e-03)
7417          	(7.000266e-01 4.085956e-01 1.929562e-01)	(6.849404e-01 4.042467e-01 1.887610e-01)	(1.508617e-02 4.348933e-03 4.195162e-03)
7418          	(6.998164e-01 4.083957e-01 1.930108e-01)	(6.847329e-01 4.040484e-01 1.888161e-01)	(1.508347e-02 4.347309e-03 4.194691e-03)
7419          	(6.995916e-01 4.081839e-01 1.930671e-01)	(6.845109e-01 4.038385e-01 1.888728e-01)	(1.508076e-02 4.345479e-03 4.194297e-03)
7420          	(6.993556e-01 4.079629e-01 1.931244e-01)	(6.842776e-01 4.036195e-01 1.889305e-01)	(1.507802e-02 4.343447e-03 4.193979e-03)
7421          	(6.991132e-01 4.077368e-01 1.931816e-01)	(6.840379e-01 4.033956e-01 1.889878e-01)	(1.507526e-02 4.341220e-03 4.193730e-03)
7422          	(6.988702e-01 4.075105e-01 1.932378e-01)	(6.837977e-01 4.031717e-01 1.890442e-01)	(1.507252e-02 4.338835e-03 4.193543e-03)
7423          	(6.986317e-01 4.072878e-01 1.932923e-01)	(6.835619e-01 4.029515e-01 1.890989e-01)	(1.506979e-02 4.336305e-03 4.193416e-03)
7424          	(6.984012e-01 4.070709e-01 1.933451e-01)	(6.833341e-01 4.027372e-01 1.891518e-01)	(1.506711e-02 4.333661e-03 4.193341e-03)
7425          	(6.981811e-01 4.068606e-01 1.933962e-01)	(6.831166e-01 4.025297e-01 1.892029e-01)	(1.506449e-02 4.330907e-03 4.193316e-03)
7426          	(6.979731e-01 4.066574e-01 1.934460e-01)	(6.829112e-01 4.023293e-01 1.892527e-01)	(1.506194e-02 4.328067e-03 4.193329e-03)
7427          	(6.977788e-01 4.064614e-01 1.934954e-01)	(6.827193e-01 4.021362e-01 1.893020e-01)	(1.505945e-02 4.325129e-03 4.193378e-03)
7428          	(6.975984e-01 4.062724e-01 1.935452e-01)	(6.825414e-01 4.019503e-01 1.893518e-01)	(1.505703e-02 4.322108e-03 4.193462e-03)
7429          	(6.974309e-01 4.060895e-01 1.935966e-01)	(6.823762e-01 4.017705e-01 1.894030e-01)	(1.505468e-02 4.318988e-03 4.193594e-03)
7430          	(6.969857e-01 4.058150e-01 1.936547e-01)	(6.819340e-01 4.014993e-01 1.894608e-01)	(1.505174e-02 4.315722e-03 4.193911e-03)
7431          	(6.968027e-01 4.056355e-01 1.937080e-01)	(6.817537e-01 4.013231e-01 1.895137e-01)	(1.504894e-02 4.312416e-03 4.194263e-03)
7432          	(6.966210e-01 4.054463e-01 1.937628e-01)	(6.815747e-01 4.011373e-01 1.895681e-01)	(1.504630e-02 4.308986e-03 4.194666e-03)
7433          	(6.964428e-01 4.052495e-01 1.938191e-01)	(6.813991e-01 4.009441e-01 1.896240e-01)	(1.504373e-02 4.305412e-03 4.195132e-03)
7434          	(6.962690e-01 4.050538e-01 1.938765e-01)	(6.812278e-01 4.007521e-01 1.896809e-01)	(1.504124e-02 4.301724e-03 4.195641e-03)
7435          	(6.961008e-01 4.048562e-01 1.939350e-01)	(6.810620e-01 4.005583e-01 1.897388e-01)	(1.503879e-02 4.297883e-03 4.196191e-03)
7436          	(6.959416e-01 4.046485e-01 1.939952e-01)	(6.809052e-01 4.003546e-01 1.897984e-01)	(1.503643e-02 4.293872e-03 4.196774e-03)
7437          	(6.957912e-01 4.044335e-01 1.940568e-01)	(6.807570e-01 4.001438e-01 1.898594e-01)	(1.503417e-02 4.289652e-03 4.197389e-03)
7438          	(6.956448e-01 4.042217e-01 1.941193e-01)	(6.806128e-01 3.999364e-01 1.899213e-01)	(1.503201e-02 4.285259e-03 4.198024e-03)
7439          	(6.954996e-01 4.040127e-01 1.941826e-01)	(6.804697e-01 3.997320e-01 1.899839e-01)	(1.502992e-02 4.280705e-03 4.198696e-03)
7440          	(6.953509e-01 4.038154e-01 1.942460e-01)	(6.803230e-01 3.995393e-01 1.900466e-01)	(1.502790e-02 4.276049e-03 4.199392e-03)
7441          	(6.951978e-01 4.036180e-01 1.943100e-01)	(6.801718e-01 3.993467e-01 1.901099e-01)	(1.502591e-02 4.271254e-03 4.200135e-03)
7442          	(6.950397e-01 4.034207e-01 1.943741e-01)	(6.800157e-01 3.991543e-01 1.901731e-01)	(1.502398e-02 4.266332e-03 4.200933e-03)
7443          	(6.948767e-01 4.032240e-01 1.944375e-01)	(6.798546e-01 3.989627e-01 1.902357e-01)	(1.502209e-02 4.261273e-03 4.201791e-03)
7444          	(6.947067e-01 4.030258e-01 1.944996e-01)	(6.796864e-01 3.987697e-01 1.902969e-01)	(1.502026e-02 4.256083e-03 4.202700e-03)
7445          	(6.945325e-01 4.028291e-01 1.945591e-01)	(6.795140e-01 3.985783e-01 1.903555e-01)	(1.501845e-02 4.250764e-03 4.203673e-03)
7446          	(6.943556e-01 4.026408e-01 1.946149e-01)	(6.793389e-01 3.983955e-01 1.904102e-01)	(1.501670e-02 4.245367e-03 4.204692e-03)
7447          	(6.941792e-01 4.024558e-01 1.946661e-01)	(6.791642e-01 3.982159e-01 1.904603e-01)	(1.501499e-02 4.239875e-03 4.205753e-03)
7448          	(6.940033e-01 4.022729e-01 1.947119e-01)	(6.789900e-01 3.980386e-01 1.905050e-01)	(1.501334e-02 4.234313e-03 4.206847e-03)
7449          	(6.938293e-01 4.020928e-01 1.947516e-01)	(6.788176e-01 3.978641e-01 1.905437e-01)	(1.501176e-02 4.228682e-03 4.207968e-03)
7450          	(6.936555e-01 4.019091e-01 1.947854e-01)	(6.786452e-01 3.976861e-01 1.905763e-01)	(1.501026e-02 4.222959e-03 4.209107e-03)
7451          	(6.934827e-01 4.017260e-01 1.948125e-01)	(6.784738e-01 3.975089e-01 1.906022e-01)	(1.500883e-02 4.217147e-03 4.210264e-03)
7452          	(6.933096e-01 4.015423e-01 1.948327e-01)	(6.783021e-01 3.973310e-01 1.906213e-01)	(1.500750e-02 4.211267e-03 4.211432e-03)
7453          	(6.931352e-01 4.013571e-01 1.948456e-01)	(6.781290e-01 3.971518e-01 1.906330e-01)	(1.500623e-02 4.205294e-03 4.212610e-03)
7454          	(6.929595e-01 4.011705e-01 1.948507e-01)	(6.779545e-01 3.969713e-01 1.906369e-01)	(1.500505e-02 4.199259e-03 4.213805e-03)
7455          	(6.927844e-01 4.009849e-01 1.948471e-01)	(6.777805e-01 3.967917e-01 1.906321e-01)	(1.500393e-02 4.193154e-03 4.215011e-03)
7456          	(6.926138e-01 4.008038e-01 1.948339e-01)	(6.776109e-01 3.966168e-01 1.906177e-01)	(1.500290e-02 4.187010e-03 4.216219e-03)
7457          	(6.924525e-01 4.006319e-01 1.948107e-01)	(6.774506e-01 3.964511e-01 1.905933e-01)	(1.500194e-02 4.180845e-03 4.217435e-03)
7458          	(6.923056e-01 4.004736e-01 1.947776e-01)	(6.773045e-01 3.962989e-01 1.905590e-01)	(1.500109e-02 4.174703e-03 4.218643e-03)
7459          	(6.921767e-01 4.003316e-01 1.947355e-01)	(6.771763e-01 3.961630e-01 1.905157e-01)	(1.500035e-02 4.168615e-03 4.219845e-03)
7460          	(6.920670e-01 4.002069e-01 1.946856e-01)	(6.770673e-01 3.960443e-01 1.904646e-01)	(1.499975e-02 4.162618e-03 4.221034e-03)
7461          	(6.919776e-01 4.001003e-01 1.946292e-01)	(6.769783e-01 3.959435e-01 1.904070e-01)	(1.499930e-02 4.156735e-03 4.222206e-03)
7462          	(6.919039e-01 4.000061e-01 1.945677e-01)	(6.769049e-01 3.958551e-01 1.903443e-01)	(1.499901e-02 4.150980e-03 4.223357e-03)
7463          	(6.918438e-01 3.999219e-01 1.945022e-01)	(6.768449e-01 3.957766e-01 1.902777e-01)	(1.499888e-02 4.145348e-03 4.224498e-03)
7464          	(6.917947e-01 3.998452e-01 1.944336e-01)	(6.767958e-01 3.957053e-01 1.902080e-01)	(1.499893e-02 4.139852e-03 4.225620e-03)
7465          	(6.917540e-01 3.997730e-01 1.943626e-01)	(6.767549e-01 3.956385e-01 1.901358e-01)	(1.499914e-02 4.134455e-03 4.226732e-03)
7466          	(6.917133e-01 3.997017e-01 1.942897e-01)	(6.767137e-01 3.955726e-01 1.900619e-01)	(1.499951e-02 4.129166e-03 4.227837e-03)
7467          	(6.916758e-01 3.996295e-01 1.942153e-01)	(6.766758e-01 3.955055e-01 1.899863e-01)	(1.500004e-02 4.123957e-03 4.228939e-03)
7468          	(6.916497e-01 3.995543e-01 1.941394e-01)	(6.766489e-01 3.954355e-01 1.899094e-01)	(1.500075e-02 4.118814e-03 4.230028e-03)
7469          	(6.916398e-01 3.994736e-01 1.940625e-01)	(6.766381e-01 3.953599e-01 1.898313e-01)	(1.500165e-02 4.113696e-03 4.231103e-03)
7470          	(6.916335e-01 3.993832e-01 1.939847e-01)	(6.766307e-01 3.952746e-01 1.897526e-01)	(1.500275e-02 4.108582e-03 4.232161e-03)
7471          	(6.916345e-01 3.992808e-01 1.939066e-01)	(6.766304e-01 3.951773e-01 1.896734e-01)	(1.500404e-02 4.103439e-03 4.233210e-03)
7472          	(6.916329e-01 3.991585e-01 1.938285e-01)	(6.766274e-01 3.950602e-01 1.895942e-01)	(1.500551e-02 4.098218e-03 4.234246e-03)
7473          	(6.916246e-01 3.990121e-01 1.937508e-01)	(6.766175e-01 3.949192e-01 1.895155e-01)	(1.500712e-02 4.092873e-03 4.235281e-03)
7474          	(6.916035e-01 3.988310e-01 1.936746e-01)	(6.765946e-01 3.947436e-01 1.894382e-01)	(1.500888e-02 4.087334e-03 4.236325e-03)
7475          	(6.915541e-01 3.986184e-01 1.935997e-01)	(6.765434e-01 3.945368e-01 1.893623e-01)	(1.501071e-02 4.081567e-03 4.237391e-03)
7476          	(6.914729e-01 3.983795e-01 1.935264e-01)	(6.764604e-01 3.943039e-01 1.892879e-01)	(1.501257e-02 4.075594e-03 4.238485e-03)
7477          	(6.913611e-01 3.981242e-01 1.934547e-01)	(6.763467e-01 3.940548e-01 1.892151e-01)	(1.501436e-02 4.069418e-03 4.239619e-03)
7478          	(6.912231e-01 3.978631e-01 1.933849e-01)	(6.762070e-01 3.938000e-01 1.891441e-01)	(1.501605e-02 4.063111e-03 4.240796e-03)
7479          	(6.910554e-01 3.975896e-01 1.933179e-01)	(6.760378e-01 3.935329e-01 1.890759e-01)	(1.501762e-02 4.056678e-03 4.242036e-03)
7480          	(6.903660e-01 3.971774e-01 1.932549e-01)	(6.753481e-01 3.931272e-01 1.890114e-01)	(1.501786e-02 4.050198e-03 4.243559e-03)
7481          	(6.901521e-01 3.969116e-01 1.931867e-01)	(6.751339e-01 3.928679e-01 1.889416e-01)	(1.501823e-02 4.043732e-03 4.245093e-03)
7482          	(6.899212e-01 3.966432e-01 1.931164e-01)	(6.749025e-01 3.926059e-01 1.888697e-01)	(1.501876e-02 4.037260e-03 4.246617e-03)
7483          	(6.896825e-01 3.963755e-01 1.930443e-01)	(6.746632e-01 3.923447e-01 1.887961e-01)	(1.501928e-02 4.030795e-03 4.248159e-03)
7484          	(6.894438e-01 3.961021e-01 1.929724e-01)	(6.744240e-01 3.920778e-01 1.887227e-01)	(1.501981e-02 4.024295e-03 4.249711e-03)
7485          	(6.888625e-01 3.957126e-01 1.929023e-01)	(6.738429e-01 3.916949e-01 1.886509e-01)	(1.501955e-02 4.017679e-03 4.251426e-03)
7486          	(6.886490e-01 3.954669e-01 1.928308e-01)	(6.736295e-01 3.914558e-01 1.885777e-01)	(1.501953e-02 4.011131e-03 4.253089e-03)
7487          	(6.884736e-01 3.952342e-01 1.927596e-01)	(6.734538e-01 3.912296e-01 1.885049e-01)	(1.501980e-02 4.004590e-03 4.254672e-03)
7488          	(6.884604e-01 3.950722e-01 1.926875e-01)	(6.734399e-01 3.910740e-01 1.884314e-01)	(1.502054e-02 3.998152e-03 4.256124e-03)
7489          	(6.884862e-01 3.949572e-01 1.926202e-01)	(6.734646e-01 3.909654e-01 1.883627e-01)	(1.502162e-02 3.991876e-03 4.257466e-03)
7490          	(6.883885e-01 3.948330e-01 1.925604e-01)	(6.733659e-01 3.908472e-01 1.883016e-01)	(1.502260e-02 3.985790e-03 4.258768e-03)
7491          	(6.883075e-01 3.947192e-01 1.925079e-01)	(6.732839e-01 3.907394e-01 1.882479e-01)	(1.502355e-02 3.979842e-03 4.260042e-03)
7492          	(6.882355e-01 3.946069e-01 1.924629e-01)	(6.732110e-01 3.906329e-01 1.882016e-01)	(1.502451e-02 3.973980e-03 4.261302e-03)
7493          	(6.879439e-01 3.944162e-01 1.924269e-01)	(6.729189e-01 3.904481e-01 1.881643e-01)	(1.502500e-02 3.968099e-03 4.262665e-03)
7494          	(6.878442e-01 3.942766e-01 1.923929e-01)	(6.728186e-01 3.903144e-01 1.881288e-01)	(1.502561e-02 3.962213e-03 4.264025e-03)
7495          	(6.877368e-01 3.941244e-01 1.923609e-01)	(6.727104e-01 3.901682e-01 1.880955e-01)	(1.502633e-02 3.956255e-03 4.265367e-03)
7496          	(6.876226e-01 3.939660e-01 1.923293e-01)	(6.725955e-01 3.900158e-01 1.880626e-01)	(1.502713e-02 3.950244e-03 4.266702e-03)
7497          	(6.875094e-01 3.938014e-01 1.922972e-01)	(6.724815e-01 3.898572e-01 1.880292e-01)	(1.502798e-02 3.944150e-03 4.268017e-03)
7498          	(6.873998e-01 3.936349e-01 1.922639e-01)	(6.723709e-01 3.896969e-01 1.879946e-01)	(1.502892e-02 3.937987e-03 4.269297e-03)
7499          	(6.872946e-01 3.934709e-01 1.922292e-01)	(6.722647e-01 3.895391e-01 1.879586e-01)	(1.502994e-02 3.931767e-03 4.270529e-03)
7500          	(6.871937e-01 3.933127e-01 1.921934e-01)	(6.721627e-01 3.893872e-01 1.879217e-01)	(1.503104e-02 3.925525e-03 4.271705e-03)
7501          	(6.870957e-01 3.931623e-01 1.921570e-01)	(6.720635e-01 3.892431e-01 1.878841e-01)	(1.503221e-02 3.919274e-03 4.272830e-03)
7502          	(6.869984e-01 3.930209e-01 1.921207e-01)	(6.719649e-01 3.891079e-01 1.878467e-01)	(1.503343e-02 3.913037e-03 4.273909e-03)
7503          	(6.868999e-01 3.928888e-01 1.920849e-01)	(6.718652e-01 3.889819e-01 1.878099e-01)	(1.503467e-02 3.906840e-03 4.274944e-03)
7504          	(6.867989e-01 3.927657e-01 1.920500e-01)	(6.717630e-01 3.888650e-01 1.877741e-01)	(1.503594e-02 3.900705e-03 4.275930e-03)
7505          	(6.866950e-01 3.926515e-01 1.920159e-01)	(6.716578e-01 3.887569e-01 1.877390e-01)	(1.503718e-02 3.894638e-03 4.276875e-03)
7506          	(6.865890e-01 3.925461e-01 1.919825e-01)	(6.715505e-01 3.886574e-01 1.877047e-01)	(1.503843e-02 3.888677e-03 4.277772e-03)
7507          	(6.864825e-01 3.924497e-01 1.919493e-01)	(6.714428e-01 3.885669e-01 1.876707e-01)	(1.503966e-02 3.882824e-03 4.278621e-03)
7508          	(6.863783e-01 3.923627e-01 1.919159e-01)	(6.713374e-01 3.884856e-01 1.876365e-01)	(1.504092e-02 3.877123e-03 4.279413e-03)
7509          	(6.862806e-01 3.922855e-01 1.918813e-01)	(6.712384e-01 3.884139e-01 1.876012e-01)	(1.504223e-02 3.871584e-03 4.280139e-03)
7510          	(6.861927e-01 3.922195e-01 1.918447e-01)	(6.711491e-01 3.883533e-01 1.875639e-01)	(1.504363e-02 3.866228e-03 4.280792e-03)
7511          	(6.861181e-01 3.921653e-01 1.918055e-01)	(6.710730e-01 3.883042e-01 1.875241e-01)	(1.504514e-02 3.861060e-03 4.281367e-03)
7512          	(6.864543e-01 3.921970e-01 1.917644e-01)	(6.714065e-01 3.883411e-01 1.874827e-01)	(1.504779e-02 3.855933e-03 4.281704e-03)
7513          	(6.864326e-01 3.921951e-01 1.917208e-01)	(6.713823e-01 3.883440e-01 1.874388e-01)	(1.505035e-02 3.851090e-03 4.281977e-03)
7514          	(6.864228e-01 3.922061e-01 1.916780e-01)	(6.713699e-01 3.883596e-01 1.873958e-01)	(1.505281e-02 3.846502e-03 4.282196e-03)
7515          	(6.864171e-01 3.922229e-01 1.916369e-01)	(6.713618e-01 3.883808e-01 1.873545e-01)	(1.505532e-02 3.842121e-03 4.282362e-03)
7516          	(6.864108e-01 3.922405e-01 1.915982e-01)	(6.713529e-01 3.884025e-01 1.873157e-01)	(1.505789e-02 3.837922e-03 4.282483e-03)
7517          	(6.864563e-01 3.922602e-01 1.915625e-01)	(6.713956e-01 3.884264e-01 1.872799e-01)	(1.506068e-02 3.833818e-03 4.282546e-03)
7518          	(6.865082e-01 3.922853e-01 1.915299e-01)	(6.714445e-01 3.884555e-01 1.872473e-01)	(1.506367e-02 3.829833e-03 4.282565e-03)
7519          	(6.865639e-01 3.923164e-01 1.915010e-01)	(6.714971e-01 3.884904e-01 1.872184e-01)	(1.506681e-02 3.825966e-03 4.282570e-03)
7520          	(6.866179e-01 3.923527e-01 1.914764e-01)	(6.715478e-01 3.885305e-01 1.871939e-01)	(1.507010e-02 3.822225e-03 4.282576e-03)
7521          	(6.866133e-01 3.923843e-01 1.914562e-01)	(6.715400e-01 3.885657e-01 1.871735e-01)	(1.507336e-02 3.818643e-03 4.282634e-03)
7522          	(6.866130e-01 3.924190e-01 1.914413e-01)	(6.715364e-01 3.886038e-01 1.871586e-01)	(1.507664e-02 3.815195e-03 4.282752e-03)
7523          	(6.866162e-01 3.924560e-01 1.914322e-01)	(6.715362e-01 3.886442e-01 1.871492e-01)	(1.507998e-02 3.811869e-03 4.282946e-03)
7524          	(6.866277e-01 3.924966e-01 1.914290e-01)	(6.715442e-01 3.886879e-01 1.871458e-01)	(1.508341e-02 3.808651e-03 4.283219e-03)
7525          	(6.866413e-01 3.925392e-01 1.914323e-01)	(6.715544e-01 3.887337e-01 1.871487e-01)	(1.508692e-02 3.805521e-03 4.283591e-03)
7526          	(6.866579e-01 3.925839e-01 1.914423e-01)	(6.715675e-01 3.887814e-01 1.871582e-01)	(1.509049e-02 3.802460e-03 4.284069e-03)
7527          	(6.866770e-01 3.926301e-01 1.914592e-01)	(6.715829e-01 3.888306e-01 1.871745e-01)	(1.509410e-02 3.799455e-03 4.284670e-03)
7528          	(6.867718e-01 3.926932e-01 1.914841e-01)	(6.716738e-01 3.888967e-01 1.871987e-01)	(1.509794e-02 3.796466e-03 4.285373e-03)
7529          	(6.867877e-01 3.927419e-01 1.915138e-01)	(6.716860e-01 3.889484e-01 1.872275e-01)	(1.510171e-02 3.793505e-03 4.286234e-03)
7530          	(6.867994e-01 3.927897e-01 1.915499e-01)	(6.716940e-01 3.889991e-01 1.872626e-01)	(1.510540e-02 3.790566e-03 4.287265e-03)
7531          	(6.868707e-01 3.928499e-01 1.915937e-01)	(6.717616e-01 3.890623e-01 1.873052e-01)	(1.510916e-02 3.787612e-03 4.288457e-03)
7532          	(6.869381e-01 3.929103e-01 1.916425e-01)	(6.718251e-01 3.891257e-01 1.873527e-01)	(1.511293e-02 3.784641e-03 4.289821e-03)
7533          	(6.867770e-01 3.929182e-01 1.917034e-01)	(6.716609e-01 3.891365e-01 1.874119e-01)	(1.511608e-02 3.781710e-03 4.291489e-03)
7534          	(6.865919e-01 3.929116e-01 1.917608e-01)	(6.714732e-01 3.891328e-01 1.874674e-01)	(1.511872e-02 3.778781e-03 4.293434e-03)
7535          	(6.865621e-01 3.929272e-01 1.918019e-01)	(6.714407e-01 3.891514e-01 1.875064e-01)	(1.512138e-02 3.775753e-03 4.295506e-03)
7536          	(6.865265e-01 3.929418e-01 1.918384e-01)	(6.714025e-01 3.891692e-01 1.875407e-01)	(1.512400e-02 3.772676e-03 4.297674e-03)
7537          	(6.864969e-01 3.929632e-01 1.918682e-01)	(6.713704e-01 3.891936e-01 1.875683e-01)	(1.512652e-02 3.769593e-03 4.299937e-03)
7538          	(6.866037e-01 3.930324e-01 1.918925e-01)	(6.714745e-01 3.892659e-01 1.875903e-01)	(1.512919e-02 3.766542e-03 4.302216e-03)
7539          	(6.863199e-01 3.930417e-01 1.919081e-01)	(6.711890e-01 3.892779e-01 1.876034e-01)	(1.513098e-02 3.763729e-03 4.304658e-03)
7540          	(6.862980e-01 3.930735e-01 1.919017e-01)	(6.711652e-01 3.893126e-01 1.875946e-01)	(1.513276e-02 3.760867e-03 4.307071e-03)
7541          	(6.862987e-01 3.931172e-01 1.918800e-01)	(6.711640e-01 3.893592e-01 1.875706e-01)	(1.513462e-02 3.758004e-03 4.309378e-03)
7542          	(6.864131e-01 3.931960e-01 1.918436e-01)	(6.712764e-01 3.894408e-01 1.875321e-01)	(1.513669e-02 3.755170e-03 4.311528e-03)
7543          	(6.863160e-01 3.932669e-01 1.917900e-01)	(6.711777e-01 3.895143e-01 1.874764e-01)	(1.513831e-02 3.752571e-03 4.313583e-03)
7544          	(6.863511e-01 3.933419e-01 1.917236e-01)	(6.712111e-01 3.895919e-01 1.874081e-01)	(1.513995e-02 3.750004e-03 4.315460e-03)
7545          	(6.864043e-01 3.934304e-01 1.916429e-01)	(6.712626e-01 3.896829e-01 1.873258e-01)	(1.514165e-02 3.747506e-03 4.317107e-03)
7546          	(6.864765e-01 3.935334e-01 1.915496e-01)	(6.713331e-01 3.897883e-01 1.872311e-01)	(1.514337e-02 3.745124e-03 4.318518e-03)
7547          	(6.865691e-01 3.936519e-01 1.914457e-01)	(6.714240e-01 3.899090e-01 1.871260e-01)	(1.514511e-02 3.742874e-03 4.319680e-03)
7548          	(6.866109e-01 3.937525e-01 1.913356e-01)	(6.714641e-01 3.900118e-01 1.870149e-01)	(1.514675e-02 3.740738e-03 4.320628e-03)
7549          	(6.866684e-01 3.938633e-01 1.912202e-01)	(6.715201e-01 3.901246e-01 1.868989e-01)	(1.514831e-02 3.738723e-03 4.321364e-03)
7550          	(6.867402e-01 3.939817e-01 1.911027e-01)	(6.715903e-01 3.902449e-01 1.867808e-01)	(1.514984e-02 3.736845e-03 4.321882e-03)
7551          	(6.868228e-01 3.941049e-01 1.909852e-01)	(6.716714e-01 3.903698e-01 1.866630e-01)	(1.515137e-02 3.735109e-03 4.322200e-03)
7552          	(6.869123e-01 3.942305e-01 1.908697e-01)	(6.717594e-01 3.904970e-01 1.865474e-01)	(1.515289e-02 3.733518e-03 4.322322e-03)
7553          	(6.870045e-01 3.943564e-01 1.907571e-01)	(6.718501e-01 3.906244e-01 1.864348e-01)	(1.515440e-02 3.732063e-03 4.322262e-03)
7554          	(6.870962e-01 3.944816e-01 1.906477e-01)	(6.719403e-01 3.907509e-01 1.863256e-01)	(1.515589e-02 3.730746e-03 4.322025e-03)
7555          	(6.871850e-01 3.946059e-01 1.905412e-01)	(6.720277e-01 3.908763e-01 1.862196e-01)	(1.515735e-02 3.729560e-03 4.321622e-03)
7556          	(6.872702e-01 3.947297e-01 1.904375e-01)	(6.721114e-01 3.910012e-01 1.861165e-01)	(1.515876e-02 3.728510e-03 4.321050e-03)
7557          	(6.874037e-01 3.948843e-01 1.903347e-01)	(6.722435e-01 3.911567e-01 1.860144e-01)	(1.516023e-02 3.727673e-03 4.320283e-03)
7558          	(6.877636e-01 3.951001e-01 1.902329e-01)	(6.726013e-01 3.913731e-01 1.859136e-01)	(1.516226e-02 3.727001e-03 4.319229e-03)
7559          	(6.878553e-01 3.952412e-01 1.901411e-01)	(6.726912e-01 3.915147e-01 1.858230e-01)	(1.516406e-02 3.726491e-03 4.318049e-03)
7560          	(6.879353e-01 3.953781e-01 1.900544e-01)	(6.727697e-01 3.916520e-01 1.857377e-01)	(1.516565e-02 3.726158e-03 4.316749e-03)
7561          	(6.880055e-01 3.955101e-01 1.899724e-01)	(6.728384e-01 3.917841e-01 1.856570e-01)	(1.516710e-02 3.725973e-03 4.315337e-03)
7562          	(6.880793e-01 3.956439e-01 1.898945e-01)	(6.729108e-01 3.919179e-01 1.855807e-01)	(1.516846e-02 3.725940e-03 4.313809e-03)
7563          	(6.881514e-01 3.957736e-01 1.898215e-01)	(6.729817e-01 3.920475e-01 1.855093e-01)	(1.516975e-02 3.726055e-03 4.312183e-03)
7564          	(6.882271e-01 3.959011e-01 1.897543e-01)	(6.730561e-01 3.921748e-01 1.854438e-01)	(1.517101e-02 3.726305e-03 4.310475e-03)
7565          	(6.883110e-01 3.960288e-01 1.896941e-01)	(6.731388e-01 3.923021e-01 1.853854e-01)	(1.517226e-02 3.726684e-03 4.308702e-03)
7566          	(6.884057e-01 3.961580e-01 1.896429e-01)	(6.732321e-01 3.924308e-01 1.853361e-01)	(1.517356e-02 3.727195e-03 4.306883e-03)
7567          	(6.886153e-01 3.963015e-01 1.896041e-01)	(6.734402e-01 3.925737e-01 1.852990e-01)	(1.517516e-02 3.727752e-03 4.305013e-03)
7568          	(6.887128e-01 3.964341e-01 1.895791e-01)	(6.735360e-01 3.927057e-01 1.852759e-01)	(1.517671e-02 3.728459e-03 4.303171e-03)
7569          	(6.887990e-01 3.965611e-01 1.895712e-01)	(6.736208e-01 3.928318e-01 1.852698e-01)	(1.517817e-02 3.729286e-03 4.301394e-03)
7570          	(6.888816e-01 3.966855e-01 1.895826e-01)	(6.737020e-01 3.929553e-01 1.852829e-01)	(1.517959e-02 3.730218e-03 4.299712e-03)
7571          	(6.889575e-01 3.968049e-01 1.896152e-01)	(6.737765e-01 3.930737e-01 1.853170e-01)	(1.518095e-02 3.731233e-03 4.298154e-03)
7572          	(6.890233e-01 3.969170e-01 1.896704e-01)	(6.738410e-01 3.931847e-01 1.853737e-01)	(1.518227e-02 3.732321e-03 4.296747e-03)
7573          	(6.890762e-01 3.970199e-01 1.897493e-01)	(6.738927e-01 3.932864e-01 1.854538e-01)	(1.518353e-02 3.733452e-03 4.295528e-03)
7574          	(6.891140e-01 3.971121e-01 1.898524e-01)	(6.739292e-01 3.933775e-01 1.855579e-01)	(1.518472e-02 3.734594e-03 4.294517e-03)
7575          	(6.891348e-01 3.971927e-01 1.899792e-01)	(6.739490e-01 3.934570e-01 1.856855e-01)	(1.518584e-02 3.735738e-03 4.293743e-03)
7576          	(6.891380e-01 3.972614e-01 1.901286e-01)	(6.739511e-01 3.935246e-01 1.858354e-01)	(1.518687e-02 3.736853e-03 4.293216e-03)
7577          	(6.891234e-01 3.973185e-01 1.902992e-01)	(6.739356e-01 3.935806e-01 1.860062e-01)	(1.518783e-02 3.737928e-03 4.292948e-03)
7578          	(6.890918e-01 3.973647e-01 1.904891e-01)	(6.739031e-01 3.936257e-01 1.861962e-01)	(1.518869e-02 3.738951e-03 4.292938e-03)
7579          	(6.890445e-01 3.974013e-01 1.906967e-01)	(6.738550e-01 3.936613e-01 1.864035e-01)	(1.518946e-02 3.739917e-03 4.293192e-03)
7580          	(6.889832e-01 3.974297e-01 1.909203e-01)	(6.737931e-01 3.936889e-01 1.866266e-01)	(1.519015e-02 3.740816e-03 4.293695e-03)
7581          	(6.889100e-01 3.974515e-01 1.911584e-01)	(6.737193e-01 3.937099e-01 1.868639e-01)	(1.519075e-02 3.741649e-03 4.294444e-03)
7582          	(6.888271e-01 3.974684e-01 1.914093e-01)	(6.736358e-01 3.937260e-01 1.871139e-01)	(1.519127e-02 3.742416e-03 4.295422e-03)
7583          	(6.887363e-01 3.974817e-01 1.916714e-01)	(6.735446e-01 3.937386e-01 1.873747e-01)	(1.519170e-02 3.743124e-03 4.296619e-03)
7584          	(6.886474e-01 3.974970e-01 1.919432e-01)	(6.734553e-01 3.937532e-01 1.876452e-01)	(1.519210e-02 3.743806e-03 4.298014e-03)
7585          	(6.883477e-01 3.974836e-01 1.922515e-01)	(6.731558e-01 3.937390e-01 1.879517e-01)	(1.519188e-02 3.744592e-03 4.299737e-03)
7586          	(6.882226e-01 3.974666e-01 1.925209e-01)	(6.730308e-01 3.937214e-01 1.882193e-01)	(1.519172e-02 3.745216e-03 4.301587e-03)
