# Moment      
# CofR        : (0.000000e+00 0.000000e+00 0.000000e+00)
#
# Time        	(total_x total_y total_z)	(pressure_x pressure_y pressure_z)	(viscous_x viscous_y viscous_z)
7001          	(4.695576e-02 -1.137345e-01 -4.981403e-02)	(4.703429e-02 -1.137579e-01 -4.908041e-02)	(-7.853083e-05 2.340802e-05 -7.336255e-04)
7002          	(5.501302e-02 -1.417890e-01 -4.262840e-02)	(5.507758e-02 -1.416709e-01 -4.182847e-02)	(-6.455867e-05 -1.181348e-04 -7.999307e-04)
7003          	(4.198515e-02 -1.131638e-01 -3.456134e-02)	(4.204139e-02 -1.129265e-01 -3.370679e-02)	(-5.623764e-05 -2.372546e-04 -8.545432e-04)
7004          	(1.762994e-02 -5.391547e-02 -2.850595e-02)	(1.769007e-02 -5.366004e-02 -2.765250e-02)	(-6.013077e-05 -2.554285e-04 -8.534486e-04)
7005          	(-8.145415e-03 1.077363e-02 -2.653103e-02)	(-8.070244e-03 1.094875e-02 -2.574275e-02)	(-7.517108e-05 -1.751213e-04 -7.882734e-04)
7006          	(-2.732434e-02 6.008605e-02 -2.887302e-02)	(-2.723006e-02 6.010788e-02 -2.818436e-02)	(-9.427538e-05 -2.183395e-05 -6.886593e-04)
7007          	(-3.682221e-02 8.612674e-02 -3.372863e-02)	(-3.670628e-02 8.597271e-02 -3.313985e-02)	(-1.159352e-04 1.540301e-04 -5.887842e-04)
7008          	(-3.727981e-02 8.923954e-02 -3.948128e-02)	(-3.715017e-02 8.894609e-02 -3.896387e-02)	(-1.296335e-04 2.934452e-04 -5.174089e-04)
7009          	(-3.179144e-02 7.717754e-02 -4.534903e-02)	(-3.165424e-02 7.679901e-02 -4.486901e-02)	(-1.371971e-04 3.785329e-04 -4.800195e-04)
7010          	(-2.245331e-02 5.480748e-02 -4.959214e-02)	(-2.231480e-02 5.441019e-02 -4.911429e-02)	(-1.385064e-04 3.972912e-04 -4.778489e-04)
7011          	(-1.377843e-02 3.504374e-02 -4.982359e-02)	(-1.364407e-02 3.467022e-02 -4.932619e-02)	(-1.343519e-04 3.735155e-04 -4.973996e-04)
7012          	(-7.094849e-03 1.836859e-02 -4.911794e-02)	(-6.964961e-03 1.804544e-02 -4.858831e-02)	(-1.298881e-04 3.231503e-04 -5.296305e-04)
7013          	(-3.887188e-03 1.071381e-02 -4.630478e-02)	(-3.761932e-03 1.044118e-02 -4.574395e-02)	(-1.252558e-04 2.726319e-04 -5.608324e-04)
7014          	(-3.934196e-03 1.004864e-02 -4.373638e-02)	(-3.811306e-03 9.813225e-03 -4.315297e-02)	(-1.228907e-04 2.354143e-04 -5.834136e-04)
7015          	(-5.789209e-03 1.443436e-02 -4.150027e-02)	(-5.665942e-03 1.421383e-02 -4.090658e-02)	(-1.232667e-04 2.205345e-04 -5.936866e-04)
7016          	(-8.817216e-03 2.086984e-02 -4.027604e-02)	(-8.691245e-03 2.064211e-02 -3.968570e-02)	(-1.259711e-04 2.277349e-04 -5.903341e-04)
7017          	(-1.175765e-02 2.688422e-02 -4.016033e-02)	(-1.162781e-02 2.663441e-02 -3.958281e-02)	(-1.298433e-04 2.498160e-04 -5.775197e-04)
7018          	(-1.405392e-02 3.113915e-02 -4.112279e-02)	(-1.391904e-02 3.086147e-02 -4.055923e-02)	(-1.348760e-04 2.776776e-04 -5.635661e-04)
7019          	(-1.505810e-02 3.140398e-02 -4.385360e-02)	(-1.491643e-02 3.110527e-02 -4.329679e-02)	(-1.416695e-04 2.987154e-04 -5.568097e-04)
7020          	(-1.511467e-02 3.149278e-02 -4.420854e-02)	(-1.496742e-02 3.117763e-02 -4.365511e-02)	(-1.472501e-04 3.151569e-04 -5.534320e-04)
7021          	(-1.469538e-02 3.006921e-02 -4.463832e-02)	(-1.454345e-02 2.974436e-02 -4.408422e-02)	(-1.519312e-04 3.248455e-04 -5.541067e-04)
7022          	(-1.388109e-02 2.833875e-02 -4.432738e-02)	(-1.372599e-02 2.801045e-02 -4.377013e-02)	(-1.551019e-04 3.283023e-04 -5.572509e-04)
7023          	(-1.304566e-02 2.667489e-02 -4.382388e-02)	(-1.288914e-02 2.634735e-02 -4.326307e-02)	(-1.565170e-04 3.275382e-04 -5.608111e-04)
7024          	(-1.231884e-02 2.540102e-02 -4.304429e-02)	(-1.216243e-02 2.507639e-02 -4.248061e-02)	(-1.564035e-04 3.246396e-04 -5.636776e-04)
7025          	(-1.213226e-02 2.529131e-02 -4.192950e-02)	(-1.197646e-02 2.496811e-02 -4.136445e-02)	(-1.557995e-04 3.231962e-04 -5.650462e-04)
7026          	(-1.206935e-02 2.489544e-02 -4.145086e-02)	(-1.191493e-02 2.457364e-02 -4.088461e-02)	(-1.544173e-04 3.217952e-04 -5.662460e-04)
7027          	(-1.217969e-02 2.448038e-02 -4.133865e-02)	(-1.202706e-02 2.415994e-02 -4.077089e-02)	(-1.526285e-04 3.204368e-04 -5.677572e-04)
7028          	(-1.248922e-02 2.420319e-02 -4.153958e-02)	(-1.233845e-02 2.388374e-02 -4.097105e-02)	(-1.507731e-04 3.194457e-04 -5.685273e-04)
7029          	(-1.278020e-02 2.362914e-02 -4.226043e-02)	(-1.263092e-02 2.331120e-02 -4.169074e-02)	(-1.492861e-04 3.179398e-04 -5.696889e-04)
7030          	(-1.309201e-02 2.386909e-02 -4.231519e-02)	(-1.294468e-02 2.355087e-02 -4.174640e-02)	(-1.473380e-04 3.182274e-04 -5.687967e-04)
7031          	(-1.311022e-02 2.362153e-02 -4.235918e-02)	(-1.296556e-02 2.330272e-02 -4.179195e-02)	(-1.446534e-04 3.188062e-04 -5.672281e-04)
7032          	(-1.281112e-02 2.333878e-02 -4.191927e-02)	(-1.266974e-02 2.301928e-02 -4.135418e-02)	(-1.413794e-04 3.194948e-04 -5.650908e-04)
7033          	(-1.232176e-02 2.295222e-02 -4.155638e-02)	(-1.218430e-02 2.263247e-02 -4.099342e-02)	(-1.374591e-04 3.197568e-04 -5.629646e-04)
7034          	(-1.167485e-02 2.251291e-02 -4.128118e-02)	(-1.154167e-02 2.219362e-02 -4.071988e-02)	(-1.331864e-04 3.192842e-04 -5.613034e-04)
7035          	(-1.099520e-02 2.173505e-02 -4.197979e-02)	(-1.086587e-02 2.141823e-02 -4.141770e-02)	(-1.293261e-04 3.168145e-04 -5.620917e-04)
7036          	(-1.008356e-02 2.115643e-02 -4.177574e-02)	(-9.958204e-03 2.084350e-02 -4.121260e-02)	(-1.253574e-04 3.129283e-04 -5.631409e-04)
7037          	(-9.507890e-03 2.124720e-02 -4.110762e-02)	(-9.386187e-03 2.093706e-02 -4.054468e-02)	(-1.217035e-04 3.101400e-04 -5.629389e-04)
7038          	(-8.895170e-03 2.126012e-02 -4.041899e-02)	(-8.777080e-03 2.095271e-02 -3.985695e-02)	(-1.180899e-04 3.074115e-04 -5.620389e-04)
7039          	(-8.245896e-03 2.123996e-02 -3.973647e-02)	(-8.131163e-03 2.093535e-02 -3.917596e-02)	(-1.147329e-04 3.046164e-04 -5.605159e-04)
7040          	(-7.448650e-03 2.107040e-02 -3.895861e-02)	(-7.337569e-03 2.076909e-02 -3.840013e-02)	(-1.110813e-04 3.013048e-04 -5.584746e-04)
7041          	(-6.534429e-03 2.081282e-02 -3.813667e-02)	(-6.427539e-03 2.051538e-02 -3.758049e-02)	(-1.068908e-04 2.974355e-04 -5.561799e-04)
7042          	(-5.603372e-03 2.053858e-02 -3.732839e-02)	(-5.501212e-03 2.024527e-02 -3.677468e-02)	(-1.021593e-04 2.933049e-04 -5.537101e-04)
7043          	(-4.780900e-03 2.004034e-02 -3.688879e-02)	(-4.683734e-03 1.975184e-02 -3.633720e-02)	(-9.716526e-05 2.885043e-04 -5.515923e-04)
7044          	(-4.001966e-03 1.962008e-02 -3.627764e-02)	(-3.910157e-03 1.933668e-02 -3.572859e-02)	(-9.180899e-05 2.834018e-04 -5.490543e-04)
7045          	(-3.675695e-03 1.973395e-02 -3.568989e-02)	(-3.588611e-03 1.945432e-02 -3.514435e-02)	(-8.708369e-05 2.796306e-04 -5.455336e-04)
7046          	(-3.509883e-03 1.986458e-02 -3.540236e-02)	(-3.426833e-03 1.958801e-02 -3.486046e-02)	(-8.305001e-05 2.765744e-04 -5.419031e-04)
7047          	(-3.424279e-03 2.000205e-02 -3.524004e-02)	(-3.344580e-03 1.972823e-02 -3.470186e-02)	(-7.969881e-05 2.738226e-04 -5.381880e-04)
7048          	(-3.389689e-03 2.015617e-02 -3.509861e-02)	(-3.312866e-03 1.988511e-02 -3.456416e-02)	(-7.682308e-05 2.710599e-04 -5.344503e-04)
7049          	(-3.404505e-03 2.031603e-02 -3.493534e-02)	(-3.330031e-03 2.004776e-02 -3.440447e-02)	(-7.447460e-05 2.682689e-04 -5.308675e-04)
7050          	(-3.483056e-03 2.047469e-02 -3.474396e-02)	(-3.410432e-03 2.020914e-02 -3.421661e-02)	(-7.262468e-05 2.655526e-04 -5.273528e-04)
7051          	(-3.634425e-03 2.061858e-02 -3.452505e-02)	(-3.563235e-03 2.035563e-02 -3.400125e-02)	(-7.118946e-05 2.629534e-04 -5.237993e-04)
7052          	(-3.866371e-03 2.073983e-02 -3.427566e-02)	(-3.796356e-03 2.047940e-02 -3.375566e-02)	(-7.001583e-05 2.604312e-04 -5.200039e-04)
7053          	(-4.286956e-03 2.094945e-02 -3.398992e-02)	(-4.217700e-03 2.069132e-02 -3.347408e-02)	(-6.925597e-05 2.581351e-04 -5.158404e-04)
7054          	(-4.821266e-03 2.112527e-02 -3.361405e-02)	(-4.752139e-03 2.086934e-02 -3.310273e-02)	(-6.912669e-05 2.559282e-04 -5.113205e-04)
7055          	(-5.192936e-03 2.104107e-02 -3.331218e-02)	(-5.123642e-03 2.078795e-02 -3.280529e-02)	(-6.929414e-05 2.531116e-04 -5.068964e-04)
7056          	(-5.701594e-03 2.113760e-02 -3.268197e-02)	(-5.631766e-03 2.088731e-02 -3.218027e-02)	(-6.982725e-05 2.502886e-04 -5.017004e-04)
7057          	(-6.032796e-03 2.108282e-02 -3.243621e-02)	(-5.962159e-03 2.083576e-02 -3.193925e-02)	(-7.063777e-05 2.470553e-04 -4.969544e-04)
7058          	(-6.369284e-03 2.105353e-02 -3.217920e-02)	(-6.297629e-03 2.080993e-02 -3.168658e-02)	(-7.165484e-05 2.436047e-04 -4.926145e-04)
7059          	(-6.776941e-03 2.108873e-02 -3.181981e-02)	(-6.703984e-03 2.084833e-02 -3.133134e-02)	(-7.295708e-05 2.404076e-04 -4.884753e-04)
7060          	(-7.178048e-03 2.109700e-02 -3.145002e-02)	(-7.103637e-03 2.085937e-02 -3.096560e-02)	(-7.441072e-05 2.376272e-04 -4.844168e-04)
7061          	(-7.620037e-03 2.111644e-02 -3.101344e-02)	(-7.544129e-03 2.088089e-02 -3.053330e-02)	(-7.590817e-05 2.355531e-04 -4.801416e-04)
7062          	(-8.127528e-03 2.119861e-02 -3.049659e-02)	(-8.049994e-03 2.096412e-02 -3.002116e-02)	(-7.753366e-05 2.344907e-04 -4.754309e-04)
7063          	(-8.635287e-03 2.125987e-02 -2.996142e-02)	(-8.556004e-03 2.102550e-02 -2.949120e-02)	(-7.928297e-05 2.343652e-04 -4.702213e-04)
7064          	(-9.126063e-03 2.129348e-02 -2.946552e-02)	(-9.044966e-03 2.105848e-02 -2.900102e-02)	(-8.109676e-05 2.350087e-04 -4.644964e-04)
7065          	(-9.569816e-03 2.127296e-02 -2.902129e-02)	(-9.486788e-03 2.103695e-02 -2.856274e-02)	(-8.302783e-05 2.360152e-04 -4.585509e-04)
7066          	(-9.968781e-03 2.118817e-02 -2.863972e-02)	(-9.883315e-03 2.095154e-02 -2.818659e-02)	(-8.546561e-05 2.366257e-04 -4.531291e-04)
7067          	(-1.035357e-02 2.108461e-02 -2.829301e-02)	(-1.026485e-02 2.084807e-02 -2.784455e-02)	(-8.871969e-05 2.365465e-04 -4.484575e-04)
7068          	(-1.069278e-02 2.093237e-02 -2.801229e-02)	(-1.060008e-02 2.069670e-02 -2.756770e-02)	(-9.270301e-05 2.356660e-04 -4.445886e-04)
7069          	(-1.098484e-02 2.075456e-02 -2.777716e-02)	(-1.088777e-02 2.052047e-02 -2.733565e-02)	(-9.707445e-05 2.340923e-04 -4.415167e-04)
7070          	(-1.121212e-02 2.055722e-02 -2.757879e-02)	(-1.111052e-02 2.032528e-02 -2.713952e-02)	(-1.016004e-04 2.319413e-04 -4.392676e-04)
7071          	(-1.137784e-02 2.037209e-02 -2.740358e-02)	(-1.127185e-02 2.014270e-02 -2.696586e-02)	(-1.059899e-04 2.293858e-04 -4.377198e-04)
7072          	(-1.146188e-02 2.019867e-02 -2.724090e-02)	(-1.135189e-02 1.997208e-02 -2.680431e-02)	(-1.099964e-04 2.265907e-04 -4.365831e-04)
7073          	(-1.146714e-02 2.005796e-02 -2.707860e-02)	(-1.135365e-02 1.983420e-02 -2.664318e-02)	(-1.134922e-04 2.237551e-04 -4.354187e-04)
7074          	(-1.139672e-02 1.995853e-02 -2.690695e-02)	(-1.128034e-02 1.973744e-02 -2.647307e-02)	(-1.163743e-04 2.210953e-04 -4.338825e-04)
7075          	(-1.125996e-02 1.990534e-02 -2.671795e-02)	(-1.114141e-02 1.968658e-02 -2.628609e-02)	(-1.185483e-04 2.187620e-04 -4.318612e-04)
7076          	(-1.106846e-02 1.989715e-02 -2.650256e-02)	(-1.094852e-02 1.968028e-02 -2.607316e-02)	(-1.199377e-04 2.168724e-04 -4.293959e-04)
7077          	(-1.084019e-02 1.993265e-02 -2.626127e-02)	(-1.071964e-02 1.971714e-02 -2.583472e-02)	(-1.205525e-04 2.155093e-04 -4.265431e-04)
7078          	(-1.059130e-02 2.000294e-02 -2.598978e-02)	(-1.047088e-02 1.978822e-02 -2.556645e-02)	(-1.204231e-04 2.147153e-04 -4.233300e-04)
7079          	(-1.033998e-02 2.010048e-02 -2.569298e-02)	(-1.022033e-02 1.988600e-02 -2.527312e-02)	(-1.196474e-04 2.144834e-04 -4.198665e-04)
7080          	(-1.010197e-02 2.021779e-02 -2.537989e-02)	(-9.983608e-03 2.000303e-02 -2.496360e-02)	(-1.183650e-04 2.147597e-04 -4.162933e-04)
7081          	(-9.888841e-03 2.034706e-02 -2.506019e-02)	(-9.772085e-03 2.013159e-02 -2.464743e-02)	(-1.167560e-04 2.154700e-04 -4.127607e-04)
7082          	(-9.707202e-03 2.048103e-02 -2.474139e-02)	(-9.592230e-03 2.026448e-02 -2.433206e-02)	(-1.149722e-04 2.165567e-04 -4.093263e-04)
7083          	(-9.561097e-03 2.061468e-02 -2.443762e-02)	(-9.447970e-03 2.039671e-02 -2.403159e-02)	(-1.131265e-04 2.179675e-04 -4.060300e-04)
7084          	(-9.446502e-03 2.073593e-02 -2.413972e-02)	(-9.335215e-03 2.051630e-02 -2.373683e-02)	(-1.112863e-04 2.196342e-04 -4.028900e-04)
7085          	(-9.370067e-03 2.085123e-02 -2.389526e-02)	(-9.260518e-03 2.062974e-02 -2.349525e-02)	(-1.095487e-04 2.214958e-04 -4.000048e-04)
7086          	(-9.319647e-03 2.094467e-02 -2.367108e-02)	(-9.211676e-03 2.072122e-02 -2.327369e-02)	(-1.079715e-04 2.234546e-04 -3.973913e-04)
7087          	(-9.294903e-03 2.101632e-02 -2.349172e-02)	(-9.188296e-03 2.079090e-02 -2.309663e-02)	(-1.066067e-04 2.254193e-04 -3.950888e-04)
7088          	(-9.302668e-03 2.112486e-02 -2.329064e-02)	(-9.197205e-03 2.089736e-02 -2.289766e-02)	(-1.054635e-04 2.274985e-04 -3.929818e-04)
7089          	(-9.329737e-03 2.119408e-02 -2.316524e-02)	(-9.225134e-03 2.096454e-02 -2.277403e-02)	(-1.046035e-04 2.295408e-04 -3.912147e-04)
7090          	(-9.372226e-03 2.121641e-02 -2.310002e-02)	(-9.268163e-03 2.098504e-02 -2.271014e-02)	(-1.040633e-04 2.313685e-04 -3.898872e-04)
7091          	(-9.417420e-03 2.116717e-02 -2.309864e-02)	(-9.313543e-03 2.093437e-02 -2.270954e-02)	(-1.038770e-04 2.328049e-04 -3.891052e-04)
7092          	(-9.471034e-03 2.108659e-02 -2.310959e-02)	(-9.366995e-03 2.085277e-02 -2.272080e-02)	(-1.040397e-04 2.338214e-04 -3.887978e-04)
7093          	(-9.538122e-03 2.099698e-02 -2.309158e-02)	(-9.433574e-03 2.076248e-02 -2.270276e-02)	(-1.045481e-04 2.345010e-04 -3.888179e-04)
7094          	(-9.602600e-03 2.086528e-02 -2.310326e-02)	(-9.497193e-03 2.063049e-02 -2.271407e-02)	(-1.054068e-04 2.347939e-04 -3.891903e-04)
7095          	(-9.671341e-03 2.071315e-02 -2.310423e-02)	(-9.564749e-03 2.047848e-02 -2.271445e-02)	(-1.065917e-04 2.346733e-04 -3.897789e-04)
7096          	(-9.745246e-03 2.054334e-02 -2.307511e-02)	(-9.637199e-03 2.030913e-02 -2.268462e-02)	(-1.080468e-04 2.342011e-04 -3.904839e-04)
7097          	(-9.825413e-03 2.037051e-02 -2.303626e-02)	(-9.715720e-03 2.013706e-02 -2.264501e-02)	(-1.096929e-04 2.334516e-04 -3.912448e-04)
7098          	(-9.917476e-03 2.022341e-02 -2.296014e-02)	(-9.806097e-03 1.999081e-02 -2.256821e-02)	(-1.113788e-04 2.325953e-04 -3.919277e-04)
7099          	(-1.001528e-02 2.009028e-02 -2.289687e-02)	(-9.902257e-03 1.985857e-02 -2.250433e-02)	(-1.130206e-04 2.317045e-04 -3.925418e-04)
7100          	(-1.011164e-02 1.996436e-02 -2.287113e-02)	(-9.997067e-03 1.973360e-02 -2.247803e-02)	(-1.145744e-04 2.307636e-04 -3.931009e-04)
7101          	(-1.020938e-02 1.986013e-02 -2.283816e-02)	(-1.009336e-02 1.963030e-02 -2.244460e-02)	(-1.160158e-04 2.298303e-04 -3.935605e-04)
7102          	(-1.030468e-02 1.978609e-02 -2.278959e-02)	(-1.018733e-02 1.955712e-02 -2.239570e-02)	(-1.173495e-04 2.289722e-04 -3.938951e-04)
7103          	(-1.038860e-02 1.973879e-02 -2.271994e-02)	(-1.027003e-02 1.951056e-02 -2.232585e-02)	(-1.185748e-04 2.282277e-04 -3.940924e-04)
7104          	(-1.045282e-02 1.971994e-02 -2.262640e-02)	(-1.033314e-02 1.949231e-02 -2.223228e-02)	(-1.196791e-04 2.276329e-04 -3.941215e-04)
7105          	(-1.048999e-02 1.973086e-02 -2.250657e-02)	(-1.036934e-02 1.950364e-02 -2.211259e-02)	(-1.206496e-04 2.272197e-04 -3.939797e-04)
7106          	(-1.049465e-02 1.977082e-02 -2.236119e-02)	(-1.037319e-02 1.954380e-02 -2.196755e-02)	(-1.214631e-04 2.270198e-04 -3.936393e-04)
7107          	(-1.046392e-02 1.983717e-02 -2.219574e-02)	(-1.034182e-02 1.961012e-02 -2.180261e-02)	(-1.221002e-04 2.270517e-04 -3.931304e-04)
7108          	(-1.039709e-02 1.992550e-02 -2.201576e-02)	(-1.027455e-02 1.969817e-02 -2.162330e-02)	(-1.225387e-04 2.273288e-04 -3.924560e-04)
7109          	(-1.029546e-02 2.003186e-02 -2.183011e-02)	(-1.017269e-02 1.980401e-02 -2.143842e-02)	(-1.227696e-04 2.278486e-04 -3.916822e-04)
7110          	(-1.016167e-02 2.015063e-02 -2.164690e-02)	(-1.003888e-02 1.992202e-02 -2.125606e-02)	(-1.227891e-04 2.286027e-04 -3.908380e-04)
7111          	(-9.999119e-03 2.027915e-02 -2.146901e-02)	(-9.876521e-03 2.004958e-02 -2.107903e-02)	(-1.225984e-04 2.295749e-04 -3.899860e-04)
7112          	(-9.820526e-03 2.042029e-02 -2.131577e-02)	(-9.698318e-03 2.018952e-02 -2.092662e-02)	(-1.222076e-04 2.307669e-04 -3.891499e-04)
7113          	(-9.624315e-03 2.053694e-02 -2.119249e-02)	(-9.502676e-03 2.030487e-02 -2.080408e-02)	(-1.216386e-04 2.320651e-04 -3.884161e-04)
7114          	(-9.417713e-03 2.064478e-02 -2.109941e-02)	(-9.296822e-03 2.041134e-02 -2.071165e-02)	(-1.208906e-04 2.334341e-04 -3.877638e-04)
7115          	(-9.203414e-03 2.074166e-02 -2.104102e-02)	(-9.083438e-03 2.050682e-02 -2.065375e-02)	(-1.199762e-04 2.348425e-04 -3.872647e-04)
7116          	(-8.984266e-03 2.082680e-02 -2.101794e-02)	(-8.865373e-03 2.059052e-02 -2.063105e-02)	(-1.188925e-04 2.362716e-04 -3.868899e-04)
7117          	(-8.762456e-03 2.090090e-02 -2.102684e-02)	(-8.644812e-03 2.066320e-02 -2.064015e-02)	(-1.176435e-04 2.376972e-04 -3.866867e-04)
7118          	(-8.538611e-03 2.096441e-02 -2.106459e-02)	(-8.422395e-03 2.072529e-02 -2.067794e-02)	(-1.162166e-04 2.391132e-04 -3.866440e-04)
7119          	(-8.314858e-03 2.102135e-02 -2.112410e-02)	(-8.200240e-03 2.078084e-02 -2.073732e-02)	(-1.146187e-04 2.405111e-04 -3.867742e-04)
7120          	(-8.091582e-03 2.107518e-02 -2.119907e-02)	(-7.978735e-03 2.083327e-02 -2.081202e-02)	(-1.128467e-04 2.419040e-04 -3.870479e-04)
7121          	(-7.864717e-03 2.112340e-02 -2.128089e-02)	(-7.753812e-03 2.088012e-02 -2.089343e-02)	(-1.109055e-04 2.432843e-04 -3.874652e-04)
7122          	(-7.639196e-03 2.117557e-02 -2.136662e-02)	(-7.530390e-03 2.093090e-02 -2.097865e-02)	(-1.088056e-04 2.446719e-04 -3.879700e-04)
7123          	(-7.414885e-03 2.123490e-02 -2.145161e-02)	(-7.308323e-03 2.098882e-02 -2.106306e-02)	(-1.065626e-04 2.460853e-04 -3.885475e-04)
7124          	(-7.185711e-03 2.132298e-02 -2.152467e-02)	(-7.081547e-03 2.107537e-02 -2.113556e-02)	(-1.041638e-04 2.476060e-04 -3.891164e-04)
7125          	(-6.961529e-03 2.141993e-02 -2.159267e-02)	(-6.859881e-03 2.117070e-02 -2.120298e-02)	(-1.016474e-04 2.492253e-04 -3.896876e-04)
7126          	(-6.745872e-03 2.151024e-02 -2.165788e-02)	(-6.646822e-03 2.125935e-02 -2.126765e-02)	(-9.905018e-05 2.508912e-04 -3.902306e-04)
7127          	(-6.525421e-03 2.161074e-02 -2.171455e-02)	(-6.429059e-03 2.135812e-02 -2.132382e-02)	(-9.636191e-05 2.526181e-04 -3.907298e-04)
7128          	(-6.292018e-03 2.173809e-02 -2.175934e-02)	(-6.198490e-03 2.148360e-02 -2.136823e-02)	(-9.352877e-05 2.544935e-04 -3.911103e-04)
7129          	(-6.058048e-03 2.185476e-02 -2.179885e-02)	(-5.967465e-03 2.159831e-02 -2.140747e-02)	(-9.058324e-05 2.564507e-04 -3.913821e-04)
7130          	(-5.812621e-03 2.197704e-02 -2.183086e-02)	(-5.725115e-03 2.171855e-02 -2.143934e-02)	(-8.750626e-05 2.584919e-04 -3.915192e-04)
7131          	(-5.550143e-03 2.211954e-02 -2.185247e-02)	(-5.465885e-03 2.185886e-02 -2.146097e-02)	(-8.425858e-05 2.606780e-04 -3.914997e-04)
7132          	(-5.284208e-03 2.224920e-02 -2.187297e-02)	(-5.203340e-03 2.198625e-02 -2.148162e-02)	(-8.086886e-05 2.629492e-04 -3.913490e-04)
7133          	(-5.005210e-03 2.237939e-02 -2.189000e-02)	(-4.927881e-03 2.211409e-02 -2.149891e-02)	(-7.732858e-05 2.652927e-04 -3.910833e-04)
7134          	(-4.712428e-03 2.250740e-02 -2.190505e-02)	(-4.638807e-03 2.223969e-02 -2.151431e-02)	(-7.362074e-05 2.677096e-04 -3.907443e-04)
7135          	(-4.408393e-03 2.263180e-02 -2.192062e-02)	(-4.338649e-03 2.236162e-02 -2.153027e-02)	(-6.974469e-05 2.701872e-04 -3.903579e-04)
7136          	(-4.095753e-03 2.275034e-02 -2.194034e-02)	(-4.030036e-03 2.247763e-02 -2.155038e-02)	(-6.571686e-05 2.727054e-04 -3.899635e-04)
7137          	(-3.779135e-03 2.286131e-02 -2.196768e-02)	(-3.717569e-03 2.258607e-02 -2.157808e-02)	(-6.156608e-05 2.752380e-04 -3.896061e-04)
7138          	(-3.463403e-03 2.296248e-02 -2.200622e-02)	(-3.406075e-03 2.268473e-02 -2.161690e-02)	(-5.732722e-05 2.777567e-04 -3.893167e-04)
7139          	(-3.155356e-03 2.305332e-02 -2.205891e-02)	(-3.102307e-03 2.277308e-02 -2.166977e-02)	(-5.304910e-05 2.802362e-04 -3.891361e-04)
7140          	(-2.860806e-03 2.313295e-02 -2.212865e-02)	(-2.812028e-03 2.285030e-02 -2.173955e-02)	(-4.877807e-05 2.826543e-04 -3.890962e-04)
7141          	(-2.584982e-03 2.320090e-02 -2.221811e-02)	(-2.540421e-03 2.291591e-02 -2.182888e-02)	(-4.456036e-05 2.849903e-04 -3.892314e-04)
7142          	(-2.326170e-03 2.327358e-02 -2.232570e-02)	(-2.285750e-03 2.298631e-02 -2.193618e-02)	(-4.041910e-05 2.872735e-04 -3.895210e-04)
7143          	(-2.106561e-03 2.332085e-02 -2.245650e-02)	(-2.070120e-03 2.303142e-02 -2.206648e-02)	(-3.644124e-05 2.894310e-04 -3.900184e-04)
7144          	(-1.915424e-03 2.335742e-02 -2.261309e-02)	(-1.882760e-03 2.306599e-02 -2.222237e-02)	(-3.266407e-05 2.914337e-04 -3.907244e-04)
7145          	(-1.754631e-03 2.338509e-02 -2.279907e-02)	(-1.725512e-03 2.309182e-02 -2.240742e-02)	(-2.911948e-05 2.932762e-04 -3.916572e-04)
7146          	(-1.621091e-03 2.340227e-02 -2.301391e-02)	(-1.595259e-03 2.310733e-02 -2.262110e-02)	(-2.583192e-05 2.949407e-04 -3.928104e-04)
7147          	(-1.513803e-03 2.340986e-02 -2.325607e-02)	(-1.490989e-03 2.311344e-02 -2.286189e-02)	(-2.281405e-05 2.964138e-04 -3.941834e-04)
7148          	(-1.430252e-03 2.340868e-02 -2.351973e-02)	(-1.410184e-03 2.311098e-02 -2.312398e-02)	(-2.006804e-05 2.976944e-04 -3.957517e-04)
7149          	(-1.369359e-03 2.340096e-02 -2.380172e-02)	(-1.351768e-03 2.310217e-02 -2.340423e-02)	(-1.759119e-05 2.987887e-04 -3.974883e-04)
7150          	(-1.328037e-03 2.338806e-02 -2.409706e-02)	(-1.312671e-03 2.308835e-02 -2.369769e-02)	(-1.536600e-05 2.997099e-04 -3.993700e-04)
7151          	(-1.302805e-03 2.337118e-02 -2.440143e-02)	(-1.289439e-03 2.307070e-02 -2.400005e-02)	(-1.336579e-05 3.004804e-04 -4.013798e-04)
7152          	(-1.290093e-03 2.335130e-02 -2.471121e-02)	(-1.278530e-03 2.305018e-02 -2.430771e-02)	(-1.156346e-05 3.011192e-04 -4.035035e-04)
7153          	(-1.289130e-03 2.333994e-02 -2.502890e-02)	(-1.279205e-03 2.303825e-02 -2.462320e-02)	(-9.924997e-06 3.016848e-04 -4.057040e-04)
7154          	(-1.291813e-03 2.331818e-02 -2.533743e-02)	(-1.283410e-03 2.301601e-02 -2.492947e-02)	(-8.403018e-06 3.021726e-04 -4.079674e-04)
7155          	(-1.297915e-03 2.329629e-02 -2.565026e-02)	(-1.290947e-03 2.299369e-02 -2.523998e-02)	(-6.967626e-06 3.026006e-04 -4.102812e-04)
7156          	(-1.304682e-03 2.327309e-02 -2.596599e-02)	(-1.299080e-03 2.297011e-02 -2.555336e-02)	(-5.602025e-06 3.029839e-04 -4.126299e-04)
7157          	(-1.309700e-03 2.324791e-02 -2.628340e-02)	(-1.305399e-03 2.294459e-02 -2.586839e-02)	(-4.300726e-06 3.033231e-04 -4.150079e-04)
7158          	(-1.311547e-03 2.322106e-02 -2.659815e-02)	(-1.308486e-03 2.291744e-02 -2.618074e-02)	(-3.060341e-06 3.036180e-04 -4.174075e-04)
7159          	(-1.309217e-03 2.319270e-02 -2.690768e-02)	(-1.307340e-03 2.288883e-02 -2.648785e-02)	(-1.876820e-06 3.038703e-04 -4.198296e-04)
7160          	(-1.302684e-03 2.316313e-02 -2.720693e-02)	(-1.301933e-03 2.285905e-02 -2.678466e-02)	(-7.511538e-07 3.040795e-04 -4.222656e-04)
7161          	(-1.292224e-03 2.313175e-02 -2.749729e-02)	(-1.292537e-03 2.282751e-02 -2.707257e-02)	(3.126768e-07 3.042408e-04 -4.247205e-04)
7162          	(-1.279265e-03 2.309864e-02 -2.778081e-02)	(-1.280573e-03 2.279429e-02 -2.735361e-02)	(1.308297e-06 3.043491e-04 -4.272016e-04)
7163          	(-1.268107e-03 2.307307e-02 -2.806271e-02)	(-1.270332e-03 2.276865e-02 -2.763299e-02)	(2.225481e-06 3.044271e-04 -4.297205e-04)
7164          	(-1.255978e-03 2.303948e-02 -2.833560e-02)	(-1.259037e-03 2.273503e-02 -2.790329e-02)	(3.059383e-06 3.044478e-04 -4.323076e-04)
7165          	(-1.245763e-03 2.300349e-02 -2.860428e-02)	(-1.249572e-03 2.269909e-02 -2.816929e-02)	(3.808820e-06 3.043971e-04 -4.349858e-04)
7166          	(-1.238630e-03 2.296532e-02 -2.887158e-02)	(-1.243107e-03 2.266104e-02 -2.843382e-02)	(4.476403e-06 3.042773e-04 -4.377570e-04)
7167          	(-1.235192e-03 2.292437e-02 -2.913824e-02)	(-1.240253e-03 2.262029e-02 -2.869760e-02)	(5.061040e-06 3.040844e-04 -4.406409e-04)
7168          	(-1.236174e-03 2.288164e-02 -2.940318e-02)	(-1.241738e-03 2.257782e-02 -2.895955e-02)	(5.563796e-06 3.038210e-04 -4.436297e-04)
7169          	(-1.242071e-03 2.283740e-02 -2.966506e-02)	(-1.248055e-03 2.253391e-02 -2.921834e-02)	(5.983225e-06 3.034878e-04 -4.467147e-04)
7170          	(-1.253472e-03 2.279181e-02 -2.992244e-02)	(-1.259797e-03 2.248872e-02 -2.947256e-02)	(6.325864e-06 3.030913e-04 -4.498820e-04)
7171          	(-1.271300e-03 2.274470e-02 -3.017476e-02)	(-1.277890e-03 2.244207e-02 -2.972163e-02)	(6.590462e-06 3.026354e-04 -4.531211e-04)
7172          	(-1.296840e-03 2.269630e-02 -3.042098e-02)	(-1.303616e-03 2.239417e-02 -2.996457e-02)	(6.775507e-06 3.021263e-04 -4.564069e-04)
7173          	(-1.331186e-03 2.264568e-02 -3.066235e-02)	(-1.338062e-03 2.234411e-02 -3.020262e-02)	(6.876050e-06 3.015668e-04 -4.597228e-04)
7174          	(-1.375799e-03 2.259252e-02 -3.089881e-02)	(-1.382685e-03 2.229156e-02 -3.043576e-02)	(6.886469e-06 3.009577e-04 -4.630499e-04)
7175          	(-1.432171e-03 2.253663e-02 -3.113031e-02)	(-1.438976e-03 2.223633e-02 -3.066395e-02)	(6.804618e-06 3.003030e-04 -4.663613e-04)
7176          	(-1.501487e-03 2.247807e-02 -3.135630e-02)	(-1.508112e-03 2.217847e-02 -3.088667e-02)	(6.625044e-06 2.996069e-04 -4.696359e-04)
7177          	(-1.584362e-03 2.241719e-02 -3.157672e-02)	(-1.590706e-03 2.211831e-02 -3.110387e-02)	(6.343694e-06 2.988745e-04 -4.728532e-04)
7178          	(-1.680660e-03 2.235468e-02 -3.179136e-02)	(-1.686621e-03 2.205656e-02 -3.131536e-02)	(5.961018e-06 2.981186e-04 -4.759926e-04)
7179          	(-1.804545e-03 2.231699e-02 -3.200321e-02)	(-1.810002e-03 2.201956e-02 -3.152421e-02)	(5.456480e-06 2.974282e-04 -4.790002e-04)
7180          	(-1.922010e-03 2.225805e-02 -3.220175e-02)	(-1.926888e-03 2.196131e-02 -3.171983e-02)	(4.878263e-06 2.967399e-04 -4.819144e-04)
7181          	(-2.048853e-03 2.220024e-02 -3.239629e-02)	(-2.053088e-03 2.190419e-02 -3.191152e-02)	(4.235162e-06 2.960527e-04 -4.847639e-04)
7182          	(-2.183153e-03 2.214365e-02 -3.258780e-02)	(-2.186688e-03 2.184826e-02 -3.210027e-02)	(3.534988e-06 2.953953e-04 -4.875376e-04)
7183          	(-2.322224e-03 2.208871e-02 -3.277626e-02)	(-2.325015e-03 2.179394e-02 -3.228602e-02)	(2.791170e-06 2.947769e-04 -4.902441e-04)
7184          	(-2.478052e-03 2.205734e-02 -3.297314e-02)	(-2.480038e-03 2.176307e-02 -3.248026e-02)	(1.985917e-06 2.942662e-04 -4.928726e-04)
7185          	(-2.614760e-03 2.201100e-02 -3.314301e-02)	(-2.615935e-03 2.171719e-02 -3.264757e-02)	(1.175020e-06 2.938064e-04 -4.954320e-04)
7186          	(-2.748552e-03 2.196792e-02 -3.330290e-02)	(-2.748909e-03 2.167454e-02 -3.280494e-02)	(3.569706e-07 2.933839e-04 -4.979588e-04)
7187          	(-2.878259e-03 2.192712e-02 -3.345100e-02)	(-2.877787e-03 2.163411e-02 -3.295057e-02)	(-4.723398e-07 2.930045e-04 -5.004297e-04)
7188          	(-3.003244e-03 2.188832e-02 -3.358356e-02)	(-3.001923e-03 2.159566e-02 -3.308072e-02)	(-1.321088e-06 2.926578e-04 -5.028411e-04)
7189          	(-3.132262e-03 2.186380e-02 -3.370054e-02)	(-3.130054e-03 2.157142e-02 -3.319539e-02)	(-2.208006e-06 2.923709e-04 -5.051500e-04)
7190          	(-3.245105e-03 2.182931e-02 -3.379100e-02)	(-3.241991e-03 2.153722e-02 -3.328363e-02)	(-3.113934e-06 2.920900e-04 -5.073698e-04)
7191          	(-3.353480e-03 2.179520e-02 -3.385978e-02)	(-3.349433e-03 2.150341e-02 -3.335028e-02)	(-4.047154e-06 2.917937e-04 -5.094971e-04)
7192          	(-3.458202e-03 2.176090e-02 -3.390683e-02)	(-3.453197e-03 2.146942e-02 -3.339531e-02)	(-5.005173e-06 2.914822e-04 -5.115207e-04)
7193          	(-3.559874e-03 2.172624e-02 -3.393255e-02)	(-3.553887e-03 2.143509e-02 -3.341914e-02)	(-5.986577e-06 2.911493e-04 -5.134094e-04)
7194          	(-3.658750e-03 2.169146e-02 -3.393769e-02)	(-3.651768e-03 2.140066e-02 -3.342254e-02)	(-6.981841e-06 2.907968e-04 -5.151550e-04)
7195          	(-3.754877e-03 2.165709e-02 -3.392361e-02)	(-3.746897e-03 2.136666e-02 -3.340686e-02)	(-7.980384e-06 2.904279e-04 -5.167450e-04)
7196          	(-3.848268e-03 2.162380e-02 -3.389216e-02)	(-3.839294e-03 2.133375e-02 -3.337400e-02)	(-8.973536e-06 2.900483e-04 -5.181649e-04)
7197          	(-3.952879e-03 2.162545e-02 -3.383851e-02)	(-3.942915e-03 2.133568e-02 -3.331916e-02)	(-9.964088e-06 2.897691e-04 -5.193450e-04)
7198          	(-4.040415e-03 2.159754e-02 -3.378840e-02)	(-4.029488e-03 2.130806e-02 -3.326802e-02)	(-1.092703e-05 2.894725e-04 -5.203818e-04)
7199          	(-4.126742e-03 2.157194e-02 -3.372956e-02)	(-4.114876e-03 2.128279e-02 -3.320829e-02)	(-1.186599e-05 2.891443e-04 -5.212788e-04)
7200          	(-4.212740e-03 2.154822e-02 -3.366357e-02)	(-4.199958e-03 2.125940e-02 -3.314155e-02)	(-1.278215e-05 2.888140e-04 -5.220214e-04)
7201          	(-4.299419e-03 2.152654e-02 -3.358846e-02)	(-4.285741e-03 2.123806e-02 -3.306586e-02)	(-1.367802e-05 2.884863e-04 -5.225970e-04)
7202          	(-4.395536e-03 2.152765e-02 -3.349341e-02)	(-4.380978e-03 2.123941e-02 -3.297047e-02)	(-1.455726e-05 2.882380e-04 -5.229337e-04)
7203          	(-4.482987e-03 2.151026e-02 -3.342324e-02)	(-4.467561e-03 2.122228e-02 -3.290008e-02)	(-1.542527e-05 2.879804e-04 -5.231579e-04)
7204          	(-4.571718e-03 2.149430e-02 -3.335264e-02)	(-4.555425e-03 2.120659e-02 -3.282936e-02)	(-1.629218e-05 2.877035e-04 -5.232754e-04)
7205          	(-4.661631e-03 2.147929e-02 -3.328108e-02)	(-4.644468e-03 2.119187e-02 -3.275781e-02)	(-1.716298e-05 2.874255e-04 -5.232658e-04)
7206          	(-4.752705e-03 2.146563e-02 -3.320614e-02)	(-4.734662e-03 2.117848e-02 -3.268301e-02)	(-1.804346e-05 2.871507e-04 -5.231293e-04)
7207          	(-4.843552e-03 2.145264e-02 -3.313043e-02)	(-4.824618e-03 2.116576e-02 -3.260756e-02)	(-1.893390e-05 2.868790e-04 -5.228702e-04)
7208          	(-4.933023e-03 2.144045e-02 -3.305411e-02)	(-4.913190e-03 2.115384e-02 -3.253161e-02)	(-1.983373e-05 2.866100e-04 -5.224960e-04)
7209          	(-5.019946e-03 2.142931e-02 -3.297721e-02)	(-4.999204e-03 2.114297e-02 -3.245519e-02)	(-2.074223e-05 2.863426e-04 -5.220166e-04)
7210          	(-5.103824e-03 2.142078e-02 -3.289752e-02)	(-5.082164e-03 2.113470e-02 -3.237608e-02)	(-2.165963e-05 2.860805e-04 -5.214403e-04)
7211          	(-5.182743e-03 2.141392e-02 -3.281684e-02)	(-5.160157e-03 2.112810e-02 -3.229607e-02)	(-2.258635e-05 2.858195e-04 -5.207706e-04)
7212          	(-5.255614e-03 2.140901e-02 -3.273426e-02)	(-5.232092e-03 2.112345e-02 -3.221423e-02)	(-2.352186e-05 2.855582e-04 -5.200276e-04)
7213          	(-5.322255e-03 2.140792e-02 -3.264717e-02)	(-5.297789e-03 2.112262e-02 -3.212797e-02)	(-2.446586e-05 2.852992e-04 -5.192051e-04)
7214          	(-5.384452e-03 2.141817e-02 -3.255905e-02)	(-5.359038e-03 2.113311e-02 -3.204075e-02)	(-2.541455e-05 2.850689e-04 -5.183048e-04)
7215          	(-5.433389e-03 2.142087e-02 -3.246330e-02)	(-5.407036e-03 2.113604e-02 -3.194595e-02)	(-2.635332e-05 2.848282e-04 -5.173469e-04)
7216          	(-5.472262e-03 2.142561e-02 -3.236205e-02)	(-5.444988e-03 2.114104e-02 -3.184571e-02)	(-2.727351e-05 2.845724e-04 -5.163319e-04)
7217          	(-5.500266e-03 2.143266e-02 -3.225505e-02)	(-5.472096e-03 2.114835e-02 -3.173979e-02)	(-2.816997e-05 2.843071e-04 -5.152616e-04)
7218          	(-5.516789e-03 2.144227e-02 -3.214260e-02)	(-5.487759e-03 2.115823e-02 -3.162846e-02)	(-2.903024e-05 2.840369e-04 -5.141388e-04)
7219          	(-5.521006e-03 2.145407e-02 -3.202698e-02)	(-5.491161e-03 2.117031e-02 -3.151402e-02)	(-2.984479e-05 2.837601e-04 -5.129688e-04)
7220          	(-5.512838e-03 2.146949e-02 -3.190654e-02)	(-5.482238e-03 2.118600e-02 -3.139480e-02)	(-3.060027e-05 2.834839e-04 -5.117436e-04)
7221          	(-5.491835e-03 2.148923e-02 -3.178196e-02)	(-5.460548e-03 2.120602e-02 -3.127149e-02)	(-3.128653e-05 2.832148e-04 -5.104614e-04)
7222          	(-5.457602e-03 2.151420e-02 -3.165381e-02)	(-5.425716e-03 2.123123e-02 -3.114470e-02)	(-3.188672e-05 2.829640e-04 -5.091138e-04)
7223          	(-5.409920e-03 2.154533e-02 -3.152267e-02)	(-5.377532e-03 2.126259e-02 -3.101497e-02)	(-3.238793e-05 2.827416e-04 -5.076964e-04)
7224          	(-5.349100e-03 2.158330e-02 -3.138955e-02)	(-5.316321e-03 2.130074e-02 -3.088333e-02)	(-3.277943e-05 2.825596e-04 -5.062168e-04)
7225          	(-5.276251e-03 2.162821e-02 -3.125577e-02)	(-5.243196e-03 2.134579e-02 -3.075111e-02)	(-3.305499e-05 2.824257e-04 -5.046648e-04)
7226          	(-5.193150e-03 2.167973e-02 -3.112249e-02)	(-5.159942e-03 2.139738e-02 -3.061945e-02)	(-3.320814e-05 2.823497e-04 -5.030399e-04)
7227          	(-5.102033e-03 2.173707e-02 -3.099063e-02)	(-5.068789e-03 2.145474e-02 -3.048928e-02)	(-3.324456e-05 2.823339e-04 -5.013467e-04)
7228          	(-5.005237e-03 2.179928e-02 -3.086090e-02)	(-4.972071e-03 2.151689e-02 -3.036132e-02)	(-3.316579e-05 2.823821e-04 -4.995824e-04)
7229          	(-4.904981e-03 2.186494e-02 -3.073446e-02)	(-4.872002e-03 2.158245e-02 -3.023671e-02)	(-3.297922e-05 2.824932e-04 -4.977481e-04)
7230          	(-4.803418e-03 2.193288e-02 -3.061139e-02)	(-4.770723e-03 2.165021e-02 -3.011554e-02)	(-3.269474e-05 2.826667e-04 -4.958538e-04)
7231          	(-4.702720e-03 2.200237e-02 -3.049319e-02)	(-4.670397e-03 2.171947e-02 -2.999929e-02)	(-3.232379e-05 2.829009e-04 -4.939050e-04)
7232          	(-4.604778e-03 2.207205e-02 -3.038153e-02)	(-4.572898e-03 2.178886e-02 -2.988961e-02)	(-3.188020e-05 2.831889e-04 -4.919164e-04)
7233          	(-4.511100e-03 2.214064e-02 -3.027803e-02)	(-4.479724e-03 2.185711e-02 -2.978812e-02)	(-3.137635e-05 2.835265e-04 -4.899098e-04)
7234          	(-4.423019e-03 2.220669e-02 -3.018459e-02)	(-4.392196e-03 2.192279e-02 -2.969668e-02)	(-3.082253e-05 2.839060e-04 -4.879096e-04)
7235          	(-4.341521e-03 2.226901e-02 -3.010178e-02)	(-4.311293e-03 2.198469e-02 -2.961584e-02)	(-3.022871e-05 2.843183e-04 -4.859342e-04)
7236          	(-4.267121e-03 2.232662e-02 -3.002899e-02)	(-4.237518e-03 2.204186e-02 -2.954498e-02)	(-2.960314e-05 2.847565e-04 -4.840073e-04)
7237          	(-4.199804e-03 2.237921e-02 -2.996534e-02)	(-4.170850e-03 2.209400e-02 -2.948321e-02)	(-2.895358e-05 2.852114e-04 -4.821355e-04)
7238          	(-4.139339e-03 2.242679e-02 -2.990962e-02)	(-4.111054e-03 2.214111e-02 -2.942928e-02)	(-2.828521e-05 2.856778e-04 -4.803387e-04)
7239          	(-4.085798e-03 2.246974e-02 -2.986069e-02)	(-4.058194e-03 2.218359e-02 -2.938207e-02)	(-2.760400e-05 2.861507e-04 -4.786239e-04)
7240          	(-4.039961e-03 2.252049e-02 -2.980541e-02)	(-4.013059e-03 2.223382e-02 -2.932846e-02)	(-2.690288e-05 2.866703e-04 -4.769480e-04)
7241          	(-3.999971e-03 2.255419e-02 -2.976760e-02)	(-3.973763e-03 2.226702e-02 -2.929223e-02)	(-2.620716e-05 2.871716e-04 -4.753695e-04)
7242          	(-3.966001e-03 2.258383e-02 -2.973282e-02)	(-3.940476e-03 2.229619e-02 -2.925892e-02)	(-2.552482e-05 2.876454e-04 -4.738975e-04)
7243          	(-3.937762e-03 2.260961e-02 -2.970028e-02)	(-3.912899e-03 2.232152e-02 -2.922778e-02)	(-2.486298e-05 2.880939e-04 -4.725083e-04)
7244          	(-3.914509e-03 2.263139e-02 -2.967090e-02)	(-3.890281e-03 2.234288e-02 -2.919970e-02)	(-2.422830e-05 2.885115e-04 -4.712043e-04)
7245          	(-3.895537e-03 2.264891e-02 -2.964590e-02)	(-3.871908e-03 2.236002e-02 -2.917591e-02)	(-2.362902e-05 2.888894e-04 -4.699910e-04)
7246          	(-3.880587e-03 2.266274e-02 -2.962351e-02)	(-3.857515e-03 2.237351e-02 -2.915465e-02)	(-2.307117e-05 2.892229e-04 -4.688644e-04)
7247          	(-3.869536e-03 2.267296e-02 -2.960384e-02)	(-3.846975e-03 2.238346e-02 -2.913602e-02)	(-2.256025e-05 2.895077e-04 -4.678185e-04)
7248          	(-3.861903e-03 2.267938e-02 -2.958715e-02)	(-3.839802e-03 2.238964e-02 -2.912029e-02)	(-2.210098e-05 2.897409e-04 -4.668549e-04)
7249          	(-3.857437e-03 2.268257e-02 -2.957281e-02)	(-3.835743e-03 2.239265e-02 -2.910684e-02)	(-2.169403e-05 2.899211e-04 -4.659673e-04)
7250          	(-3.857437e-03 2.269004e-02 -2.955630e-02)	(-3.836102e-03 2.239997e-02 -2.909117e-02)	(-2.133588e-05 2.900740e-04 -4.651286e-04)
7251          	(-3.858918e-03 2.268950e-02 -2.954621e-02)	(-3.837892e-03 2.239932e-02 -2.908186e-02)	(-2.102550e-05 2.901767e-04 -4.643523e-04)
7252          	(-3.863419e-03 2.268849e-02 -2.953863e-02)	(-3.842659e-03 2.239826e-02 -2.907499e-02)	(-2.075973e-05 2.902332e-04 -4.636340e-04)
7253          	(-3.870846e-03 2.268644e-02 -2.953299e-02)	(-3.850309e-03 2.239619e-02 -2.907003e-02)	(-2.053790e-05 2.902492e-04 -4.629620e-04)
7254          	(-3.881091e-03 2.268248e-02 -2.952970e-02)	(-3.860732e-03 2.239226e-02 -2.906736e-02)	(-2.035881e-05 2.902242e-04 -4.623411e-04)
7255          	(-3.894349e-03 2.267661e-02 -2.952841e-02)	(-3.874127e-03 2.238645e-02 -2.906665e-02)	(-2.022203e-05 2.901565e-04 -4.617606e-04)
7256          	(-3.910688e-03 2.266882e-02 -2.952888e-02)	(-3.890561e-03 2.237877e-02 -2.906767e-02)	(-2.012725e-05 2.900464e-04 -4.612118e-04)
7257          	(-3.930047e-03 2.265923e-02 -2.953088e-02)	(-3.909975e-03 2.236933e-02 -2.907019e-02)	(-2.007122e-05 2.898970e-04 -4.606943e-04)
7258          	(-3.952326e-03 2.264796e-02 -2.953445e-02)	(-3.932270e-03 2.235826e-02 -2.907424e-02)	(-2.005567e-05 2.897078e-04 -4.602016e-04)
7259          	(-3.977447e-03 2.263509e-02 -2.953979e-02)	(-3.957365e-03 2.234562e-02 -2.908006e-02)	(-2.008247e-05 2.894780e-04 -4.597261e-04)
7260          	(-4.005412e-03 2.262064e-02 -2.954728e-02)	(-3.985259e-03 2.233143e-02 -2.908801e-02)	(-2.015235e-05 2.892092e-04 -4.592713e-04)
7261          	(-4.039709e-03 2.261128e-02 -2.954987e-02)	(-4.019440e-03 2.232236e-02 -2.909107e-02)	(-2.026928e-05 2.889235e-04 -4.588075e-04)
7262          	(-4.073310e-03 2.259546e-02 -2.956246e-02)	(-4.052881e-03 2.230686e-02 -2.910410e-02)	(-2.042905e-05 2.885979e-04 -4.583623e-04)
7263          	(-4.109952e-03 2.257827e-02 -2.957815e-02)	(-4.089317e-03 2.229004e-02 -2.912021e-02)	(-2.063534e-05 2.882296e-04 -4.579437e-04)
7264          	(-4.149439e-03 2.255965e-02 -2.959683e-02)	(-4.128545e-03 2.227183e-02 -2.913928e-02)	(-2.089414e-05 2.878210e-04 -4.575493e-04)
7265          	(-4.191396e-03 2.253965e-02 -2.961916e-02)	(-4.170185e-03 2.225228e-02 -2.916198e-02)	(-2.121127e-05 2.873700e-04 -4.571826e-04)
7266          	(-4.235284e-03 2.251837e-02 -2.964550e-02)	(-4.213695e-03 2.223149e-02 -2.918864e-02)	(-2.158865e-05 2.868787e-04 -4.568585e-04)
7267          	(-4.280158e-03 2.249668e-02 -2.967497e-02)	(-4.258135e-03 2.221033e-02 -2.921839e-02)	(-2.202333e-05 2.863522e-04 -4.565779e-04)
7268          	(-4.325159e-03 2.247517e-02 -2.970687e-02)	(-4.302646e-03 2.218938e-02 -2.925053e-02)	(-2.251292e-05 2.857961e-04 -4.563449e-04)
7269          	(-4.369569e-03 2.245436e-02 -2.974035e-02)	(-4.346521e-03 2.216914e-02 -2.928419e-02)	(-2.304764e-05 2.852204e-04 -4.561607e-04)
7270          	(-4.412793e-03 2.243470e-02 -2.977439e-02)	(-4.389172e-03 2.215007e-02 -2.931837e-02)	(-2.362107e-05 2.846337e-04 -4.560226e-04)
7271          	(-4.454331e-03 2.241657e-02 -2.980789e-02)	(-4.430108e-03 2.213252e-02 -2.935198e-02)	(-2.422272e-05 2.840446e-04 -4.559176e-04)
7272          	(-4.493750e-03 2.240027e-02 -2.983981e-02)	(-4.468909e-03 2.211681e-02 -2.938396e-02)	(-2.484143e-05 2.834645e-04 -4.558501e-04)
7273          	(-4.530715e-03 2.238601e-02 -2.986907e-02)	(-4.505247e-03 2.210311e-02 -2.941326e-02)	(-2.546844e-05 2.828995e-04 -4.558067e-04)
7274          	(-4.565030e-03 2.237384e-02 -2.989484e-02)	(-4.538930e-03 2.209149e-02 -2.943906e-02)	(-2.609980e-05 2.823539e-04 -4.557807e-04)
7275          	(-4.596657e-03 2.236370e-02 -2.991641e-02)	(-4.569927e-03 2.208187e-02 -2.946065e-02)	(-2.672946e-05 2.818315e-04 -4.557609e-04)
7276          	(-4.630790e-03 2.236754e-02 -2.993173e-02)	(-4.603432e-03 2.208616e-02 -2.947602e-02)	(-2.735829e-05 2.813758e-04 -4.557133e-04)
7277          	(-4.656885e-03 2.236212e-02 -2.994246e-02)	(-4.628910e-03 2.208117e-02 -2.948681e-02)	(-2.797529e-05 2.809414e-04 -4.556460e-04)
7278          	(-4.680399e-03 2.235835e-02 -2.994801e-02)	(-4.651818e-03 2.207783e-02 -2.949245e-02)	(-2.858117e-05 2.805237e-04 -4.555569e-04)
7279          	(-4.701269e-03 2.235609e-02 -2.994790e-02)	(-4.672095e-03 2.207595e-02 -2.949247e-02)	(-2.917339e-05 2.801318e-04 -4.554287e-04)
7280          	(-4.719366e-03 2.235478e-02 -2.994270e-02)	(-4.689617e-03 2.207501e-02 -2.948745e-02)	(-2.974875e-05 2.797660e-04 -4.552476e-04)
7281          	(-4.734769e-03 2.235442e-02 -2.993222e-02)	(-4.704465e-03 2.207499e-02 -2.947722e-02)	(-3.030432e-05 2.794269e-04 -4.550053e-04)
7282          	(-4.747553e-03 2.235489e-02 -2.991662e-02)	(-4.716717e-03 2.207577e-02 -2.946193e-02)	(-3.083639e-05 2.791156e-04 -4.546888e-04)
7283          	(-4.757940e-03 2.235624e-02 -2.989580e-02)	(-4.726595e-03 2.207741e-02 -2.944152e-02)	(-3.134512e-05 2.788313e-04 -4.542860e-04)
7284          	(-4.766155e-03 2.235822e-02 -2.987084e-02)	(-4.734325e-03 2.207964e-02 -2.941704e-02)	(-3.182971e-05 2.785745e-04 -4.537950e-04)
7285          	(-4.772653e-03 2.236072e-02 -2.984239e-02)	(-4.740364e-03 2.208237e-02 -2.938918e-02)	(-3.228886e-05 2.783449e-04 -4.532068e-04)
7286          	(-4.778036e-03 2.236365e-02 -2.981109e-02)	(-4.745315e-03 2.208550e-02 -2.935857e-02)	(-3.272093e-05 2.781435e-04 -4.525210e-04)
7287          	(-4.782967e-03 2.236690e-02 -2.977748e-02)	(-4.749841e-03 2.208892e-02 -2.932574e-02)	(-3.312587e-05 2.779708e-04 -4.517389e-04)
7288          	(-4.788051e-03 2.237037e-02 -2.974207e-02)	(-4.754547e-03 2.209254e-02 -2.929121e-02)	(-3.350386e-05 2.778267e-04 -4.508614e-04)
7289          	(-4.793804e-03 2.237396e-02 -2.970546e-02)	(-4.759947e-03 2.209625e-02 -2.925557e-02)	(-3.385741e-05 2.777093e-04 -4.498903e-04)
7290          	(-4.800629e-03 2.237755e-02 -2.966838e-02)	(-4.766441e-03 2.209994e-02 -2.921954e-02)	(-3.418784e-05 2.776177e-04 -4.488364e-04)
7291          	(-4.808747e-03 2.238107e-02 -2.963156e-02)	(-4.774247e-03 2.210352e-02 -2.918385e-02)	(-3.449959e-05 2.775478e-04 -4.477062e-04)
7292          	(-4.818174e-03 2.238448e-02 -2.959577e-02)	(-4.783374e-03 2.210698e-02 -2.914926e-02)	(-3.479929e-05 2.774944e-04 -4.465072e-04)
7293          	(-4.828767e-03 2.238776e-02 -2.956174e-02)	(-4.793679e-03 2.211030e-02 -2.911649e-02)	(-3.508839e-05 2.774552e-04 -4.452551e-04)
7294          	(-4.840298e-03 2.239091e-02 -2.953014e-02)	(-4.804925e-03 2.211349e-02 -2.908618e-02)	(-3.537248e-05 2.774256e-04 -4.439630e-04)
7295          	(-4.852664e-03 2.239437e-02 -2.950075e-02)	(-4.817010e-03 2.211696e-02 -2.905812e-02)	(-3.565457e-05 2.774028e-04 -4.426359e-04)
7296          	(-4.865336e-03 2.239772e-02 -2.947465e-02)	(-4.829399e-03 2.212033e-02 -2.903336e-02)	(-3.593665e-05 2.773848e-04 -4.412941e-04)
7297          	(-4.877940e-03 2.240097e-02 -2.945198e-02)	(-4.841718e-03 2.212360e-02 -2.901203e-02)	(-3.622229e-05 2.773666e-04 -4.399478e-04)
7298          	(-4.890106e-03 2.240411e-02 -2.943272e-02)	(-4.853591e-03 2.212677e-02 -2.899410e-02)	(-3.651437e-05 2.773452e-04 -4.386124e-04)
7299          	(-4.901521e-03 2.240711e-02 -2.941672e-02)	(-4.864707e-03 2.212979e-02 -2.897942e-02)	(-3.681381e-05 2.773182e-04 -4.373010e-04)
7300          	(-4.911947e-03 2.240965e-02 -2.940367e-02)	(-4.874823e-03 2.213236e-02 -2.896764e-02)	(-3.712430e-05 2.772815e-04 -4.360228e-04)
7301          	(-4.921275e-03 2.241203e-02 -2.939285e-02)	(-4.883830e-03 2.213480e-02 -2.895806e-02)	(-3.744461e-05 2.772345e-04 -4.347841e-04)
7302          	(-4.929363e-03 2.241425e-02 -2.938385e-02)	(-4.891586e-03 2.213708e-02 -2.895025e-02)	(-3.777727e-05 2.771761e-04 -4.336014e-04)
7303          	(-4.936069e-03 2.241633e-02 -2.937625e-02)	(-4.897948e-03 2.213922e-02 -2.894378e-02)	(-3.812184e-05 2.771044e-04 -4.324726e-04)
7304          	(-4.941253e-03 2.241832e-02 -2.936965e-02)	(-4.902775e-03 2.214130e-02 -2.893825e-02)	(-3.847779e-05 2.770192e-04 -4.314050e-04)
7305          	(-4.944663e-03 2.242032e-02 -2.936467e-02)	(-4.905820e-03 2.214340e-02 -2.893427e-02)	(-3.884351e-05 2.769204e-04 -4.304043e-04)
7306          	(-4.946582e-03 2.242241e-02 -2.935871e-02)	(-4.907365e-03 2.214560e-02 -2.892924e-02)	(-3.921657e-05 2.768102e-04 -4.294653e-04)
7307          	(-4.946816e-03 2.242462e-02 -2.935248e-02)	(-4.907222e-03 2.214793e-02 -2.892390e-02)	(-3.959433e-05 2.766893e-04 -4.285819e-04)
7308          	(-4.945416e-03 2.242697e-02 -2.934562e-02)	(-4.905441e-03 2.215041e-02 -2.891786e-02)	(-3.997522e-05 2.765597e-04 -4.277535e-04)
7309          	(-4.941854e-03 2.242929e-02 -2.934046e-02)	(-4.901498e-03 2.215287e-02 -2.891348e-02)	(-4.035563e-05 2.764205e-04 -4.269753e-04)
7310          	(-4.937754e-03 2.243198e-02 -2.933125e-02)	(-4.897014e-03 2.215570e-02 -2.890501e-02)	(-4.073985e-05 2.762733e-04 -4.262310e-04)
7311          	(-4.933801e-03 2.244366e-02 -2.931381e-02)	(-4.892686e-03 2.216751e-02 -2.888833e-02)	(-4.111502e-05 2.761551e-04 -4.254823e-04)
7312          	(-4.928323e-03 2.244716e-02 -2.930350e-02)	(-4.886827e-03 2.217114e-02 -2.887873e-02)	(-4.149614e-05 2.760224e-04 -4.247684e-04)
7313          	(-4.921586e-03 2.245055e-02 -2.929273e-02)	(-4.879701e-03 2.217468e-02 -2.886865e-02)	(-4.188433e-05 2.758683e-04 -4.240808e-04)
7314          	(-4.913889e-03 2.245405e-02 -2.928054e-02)	(-4.871612e-03 2.217835e-02 -2.885713e-02)	(-4.227637e-05 2.757016e-04 -4.234153e-04)
7315          	(-4.905055e-03 2.245751e-02 -2.926746e-02)	(-4.862388e-03 2.218199e-02 -2.884470e-02)	(-4.266707e-05 2.755236e-04 -4.227635e-04)
7316          	(-4.895215e-03 2.246098e-02 -2.925387e-02)	(-4.852161e-03 2.218565e-02 -2.883175e-02)	(-4.305419e-05 2.753347e-04 -4.221245e-04)
7317          	(-4.884439e-03 2.246427e-02 -2.923981e-02)	(-4.841006e-03 2.218913e-02 -2.881831e-02)	(-4.343353e-05 2.751360e-04 -4.215005e-04)
7318          	(-4.872943e-03 2.246734e-02 -2.922552e-02)	(-4.829143e-03 2.219241e-02 -2.880462e-02)	(-4.379994e-05 2.749292e-04 -4.208955e-04)
7319          	(-4.860998e-03 2.247019e-02 -2.921129e-02)	(-4.816849e-03 2.219547e-02 -2.879098e-02)	(-4.414859e-05 2.747160e-04 -4.203079e-04)
7320          	(-4.848891e-03 2.247286e-02 -2.919743e-02)	(-4.804414e-03 2.219836e-02 -2.877768e-02)	(-4.447708e-05 2.744988e-04 -4.197471e-04)
7321          	(-4.836879e-03 2.247542e-02 -2.918422e-02)	(-4.792098e-03 2.220114e-02 -2.876500e-02)	(-4.478144e-05 2.742799e-04 -4.192137e-04)
7322          	(-4.825144e-03 2.247799e-02 -2.917202e-02)	(-4.780082e-03 2.220393e-02 -2.875330e-02)	(-4.506128e-05 2.740618e-04 -4.187153e-04)
7323          	(-4.813758e-03 2.248070e-02 -2.916109e-02)	(-4.768444e-03 2.220685e-02 -2.874283e-02)	(-4.531365e-05 2.738484e-04 -4.182581e-04)
7324          	(-4.802705e-03 2.248370e-02 -2.915162e-02)	(-4.757166e-03 2.221006e-02 -2.873378e-02)	(-4.553899e-05 2.736419e-04 -4.178455e-04)
7325          	(-4.791887e-03 2.248710e-02 -2.914373e-02)	(-4.746150e-03 2.221366e-02 -2.872626e-02)	(-4.573683e-05 2.734438e-04 -4.174730e-04)
7326          	(-4.781053e-03 2.249096e-02 -2.913752e-02)	(-4.735145e-03 2.221770e-02 -2.872036e-02)	(-4.590839e-05 2.732579e-04 -4.171529e-04)
7327          	(-4.770185e-03 2.249540e-02 -2.913305e-02)	(-4.724132e-03 2.222232e-02 -2.871617e-02)	(-4.605304e-05 2.730856e-04 -4.168772e-04)
7328          	(-4.759171e-03 2.250048e-02 -2.913086e-02)	(-4.712997e-03 2.222755e-02 -2.871421e-02)	(-4.617366e-05 2.729283e-04 -4.166459e-04)
7329          	(-4.744845e-03 2.249779e-02 -2.913623e-02)	(-4.698572e-03 2.222503e-02 -2.871974e-02)	(-4.627312e-05 2.727567e-04 -4.164885e-04)
7330          	(-4.730797e-03 2.249499e-02 -2.914468e-02)	(-4.684440e-03 2.222241e-02 -2.872829e-02)	(-4.635716e-05 2.725744e-04 -4.163883e-04)
7331          	(-4.719027e-03 2.249941e-02 -2.914565e-02)	(-4.672606e-03 2.222699e-02 -2.872935e-02)	(-4.642088e-05 2.724213e-04 -4.162983e-04)
7332          	(-4.705827e-03 2.249995e-02 -2.915214e-02)	(-4.659358e-03 2.222767e-02 -2.873590e-02)	(-4.646861e-05 2.722793e-04 -4.162393e-04)
7333          	(-4.694210e-03 2.250656e-02 -2.915294e-02)	(-4.647713e-03 2.223439e-02 -2.873676e-02)	(-4.649782e-05 2.721689e-04 -4.161769e-04)
7334          	(-4.682597e-03 2.251383e-02 -2.915464e-02)	(-4.636088e-03 2.224174e-02 -2.873853e-02)	(-4.650925e-05 2.720906e-04 -4.161144e-04)
7335          	(-4.672293e-03 2.252434e-02 -2.915669e-02)	(-4.625788e-03 2.225229e-02 -2.874064e-02)	(-4.650489e-05 2.720477e-04 -4.160509e-04)
7336          	(-4.662826e-03 2.253531e-02 -2.916074e-02)	(-4.616340e-03 2.226327e-02 -2.874475e-02)	(-4.648602e-05 2.720362e-04 -4.159905e-04)
7337          	(-4.654300e-03 2.254693e-02 -2.916667e-02)	(-4.607849e-03 2.227487e-02 -2.875074e-02)	(-4.645059e-05 2.720523e-04 -4.159335e-04)
7338          	(-4.644133e-03 2.254685e-02 -2.918290e-02)	(-4.597725e-03 2.227480e-02 -2.876697e-02)	(-4.640839e-05 2.720488e-04 -4.159269e-04)
7339          	(-4.636313e-03 2.255113e-02 -2.919178e-02)	(-4.589963e-03 2.227908e-02 -2.877585e-02)	(-4.634991e-05 2.720526e-04 -4.159260e-04)
7340          	(-4.629718e-03 2.255441e-02 -2.920111e-02)	(-4.583443e-03 2.228234e-02 -2.878518e-02)	(-4.627452e-05 2.720695e-04 -4.159274e-04)
7341          	(-4.624481e-03 2.255234e-02 -2.922677e-02)	(-4.578287e-03 2.228027e-02 -2.881080e-02)	(-4.619426e-05 2.720723e-04 -4.159725e-04)
7342          	(-4.620237e-03 2.255294e-02 -2.923385e-02)	(-4.574142e-03 2.228085e-02 -2.881785e-02)	(-4.609500e-05 2.720859e-04 -4.160020e-04)
7343          	(-4.616225e-03 2.254549e-02 -2.924579e-02)	(-4.570240e-03 2.227340e-02 -2.882975e-02)	(-4.598438e-05 2.720828e-04 -4.160381e-04)
7344          	(-4.614354e-03 2.253943e-02 -2.925660e-02)	(-4.568489e-03 2.226736e-02 -2.884052e-02)	(-4.586475e-05 2.720734e-04 -4.160750e-04)
7345          	(-4.613873e-03 2.253545e-02 -2.926273e-02)	(-4.568142e-03 2.226337e-02 -2.884664e-02)	(-4.573110e-05 2.720744e-04 -4.160904e-04)
7346          	(-4.615505e-03 2.253071e-02 -2.926927e-02)	(-4.569917e-03 2.225863e-02 -2.885319e-02)	(-4.558819e-05 2.720818e-04 -4.160888e-04)
7347          	(-4.619464e-03 2.252547e-02 -2.927611e-02)	(-4.574023e-03 2.225338e-02 -2.886003e-02)	(-4.544180e-05 2.720925e-04 -4.160781e-04)
7348          	(-4.625483e-03 2.251915e-02 -2.928249e-02)	(-4.580188e-03 2.224704e-02 -2.886643e-02)	(-4.529473e-05 2.721034e-04 -4.160613e-04)
7349          	(-4.633859e-03 2.251254e-02 -2.928886e-02)	(-4.588707e-03 2.224043e-02 -2.887283e-02)	(-4.515213e-05 2.721124e-04 -4.160352e-04)
7350          	(-4.644434e-03 2.250573e-02 -2.929527e-02)	(-4.599416e-03 2.223361e-02 -2.887926e-02)	(-4.501764e-05 2.721198e-04 -4.160072e-04)
7351          	(-4.656961e-03 2.249874e-02 -2.930180e-02)	(-4.612066e-03 2.222661e-02 -2.888582e-02)	(-4.489551e-05 2.721243e-04 -4.159805e-04)
7352          	(-4.671114e-03 2.249160e-02 -2.930855e-02)	(-4.626325e-03 2.221948e-02 -2.889259e-02)	(-4.478921e-05 2.721240e-04 -4.159573e-04)
7353          	(-4.688839e-03 2.248966e-02 -2.931976e-02)	(-4.644134e-03 2.221752e-02 -2.890382e-02)	(-4.470530e-05 2.721339e-04 -4.159434e-04)
7354          	(-4.704934e-03 2.248214e-02 -2.932621e-02)	(-4.660292e-03 2.221001e-02 -2.891028e-02)	(-4.464257e-05 2.721322e-04 -4.159374e-04)
7355          	(-4.721335e-03 2.247436e-02 -2.933238e-02)	(-4.676732e-03 2.220225e-02 -2.891644e-02)	(-4.460267e-05 2.721149e-04 -4.159381e-04)
7356          	(-4.737646e-03 2.246628e-02 -2.933799e-02)	(-4.693056e-03 2.219420e-02 -2.892203e-02)	(-4.458946e-05 2.720844e-04 -4.159541e-04)
7357          	(-4.753537e-03 2.245790e-02 -2.934255e-02)	(-4.708934e-03 2.218586e-02 -2.892658e-02)	(-4.460319e-05 2.720393e-04 -4.159765e-04)
7358          	(-4.766605e-03 2.243817e-02 -2.935503e-02)	(-4.721954e-03 2.216623e-02 -2.893898e-02)	(-4.465089e-05 2.719390e-04 -4.160435e-04)
7359          	(-4.780006e-03 2.242858e-02 -2.935529e-02)	(-4.735280e-03 2.215675e-02 -2.893919e-02)	(-4.472543e-05 2.718305e-04 -4.161059e-04)
7360          	(-4.791771e-03 2.241217e-02 -2.936166e-02)	(-4.746941e-03 2.214047e-02 -2.894548e-02)	(-4.483002e-05 2.716949e-04 -4.161871e-04)
7361          	(-4.802212e-03 2.240187e-02 -2.935428e-02)	(-4.757258e-03 2.213032e-02 -2.893804e-02)	(-4.495444e-05 2.715554e-04 -4.162430e-04)
7362          	(-4.811870e-03 2.239199e-02 -2.934355e-02)	(-4.766773e-03 2.212058e-02 -2.892727e-02)	(-4.509697e-05 2.714177e-04 -4.162763e-04)
7363          	(-4.821191e-03 2.238282e-02 -2.933015e-02)	(-4.775933e-03 2.211154e-02 -2.891387e-02)	(-4.525825e-05 2.712789e-04 -4.162885e-04)
7364          	(-4.830604e-03 2.237455e-02 -2.931495e-02)	(-4.785166e-03 2.210341e-02 -2.889867e-02)	(-4.543783e-05 2.711407e-04 -4.162788e-04)
7365          	(-4.840463e-03 2.236727e-02 -2.929885e-02)	(-4.794829e-03 2.209627e-02 -2.888260e-02)	(-4.563435e-05 2.710053e-04 -4.162501e-04)
7366          	(-4.851033e-03 2.236089e-02 -2.928300e-02)	(-4.805187e-03 2.209002e-02 -2.886679e-02)	(-4.584647e-05 2.708740e-04 -4.162052e-04)
7367          	(-4.862594e-03 2.235551e-02 -2.926780e-02)	(-4.816521e-03 2.208476e-02 -2.885165e-02)	(-4.607314e-05 2.707478e-04 -4.161437e-04)
7368          	(-4.876500e-03 2.235413e-02 -2.925085e-02)	(-4.830188e-03 2.208349e-02 -2.883478e-02)	(-4.631183e-05 2.706395e-04 -4.160627e-04)
7369          	(-4.891605e-03 2.235349e-02 -2.923709e-02)	(-4.845045e-03 2.208294e-02 -2.882112e-02)	(-4.656050e-05 2.705455e-04 -4.159639e-04)
7370          	(-4.904939e-03 2.234131e-02 -2.923710e-02)	(-4.858116e-03 2.207089e-02 -2.882121e-02)	(-4.682249e-05 2.704180e-04 -4.158933e-04)
7371          	(-4.917967e-03 2.233368e-02 -2.922551e-02)	(-4.870885e-03 2.206339e-02 -2.880969e-02)	(-4.708283e-05 2.702855e-04 -4.158141e-04)
7372          	(-4.931463e-03 2.232536e-02 -2.921499e-02)	(-4.884125e-03 2.205520e-02 -2.879927e-02)	(-4.733750e-05 2.701552e-04 -4.157192e-04)
7373          	(-4.945618e-03 2.231645e-02 -2.920557e-02)	(-4.898031e-03 2.204643e-02 -2.878996e-02)	(-4.758678e-05 2.700230e-04 -4.156110e-04)
7374          	(-4.960755e-03 2.230733e-02 -2.919757e-02)	(-4.912924e-03 2.203744e-02 -2.878208e-02)	(-4.783137e-05 2.698909e-04 -4.154963e-04)
7375          	(-4.976787e-03 2.229824e-02 -2.919114e-02)	(-4.928717e-03 2.202848e-02 -2.877577e-02)	(-4.807011e-05 2.697602e-04 -4.153728e-04)
7376          	(-4.993472e-03 2.228951e-02 -2.918571e-02)	(-4.945169e-03 2.201988e-02 -2.877047e-02)	(-4.830274e-05 2.696330e-04 -4.152420e-04)
7377          	(-5.010555e-03 2.228147e-02 -2.918104e-02)	(-4.962027e-03 2.201196e-02 -2.876593e-02)	(-4.852764e-05 2.695118e-04 -4.151066e-04)
7378          	(-5.027767e-03 2.227430e-02 -2.917616e-02)	(-4.979024e-03 2.200490e-02 -2.876120e-02)	(-4.874275e-05 2.693992e-04 -4.149648e-04)
7379          	(-5.044972e-03 2.226797e-02 -2.916983e-02)	(-4.996024e-03 2.199867e-02 -2.875501e-02)	(-4.894719e-05 2.692963e-04 -4.148136e-04)
7380          	(-5.062253e-03 2.226255e-02 -2.916122e-02)	(-5.013113e-03 2.199335e-02 -2.874656e-02)	(-4.913987e-05 2.692055e-04 -4.146559e-04)
7381          	(-5.079597e-03 2.225806e-02 -2.914979e-02)	(-5.030277e-03 2.198893e-02 -2.873530e-02)	(-4.932035e-05 2.691272e-04 -4.144853e-04)
7382          	(-5.096460e-03 2.225402e-02 -2.913461e-02)	(-5.046974e-03 2.198495e-02 -2.872031e-02)	(-4.948654e-05 2.690608e-04 -4.143000e-04)
7383          	(-5.112934e-03 2.225082e-02 -2.911761e-02)	(-5.063293e-03 2.198182e-02 -2.870351e-02)	(-4.964026e-05 2.690059e-04 -4.141095e-04)
7384          	(-5.128558e-03 2.224831e-02 -2.909984e-02)	(-5.078776e-03 2.197935e-02 -2.868592e-02)	(-4.978219e-05 2.689612e-04 -4.139160e-04)
7385          	(-5.143023e-03 2.224634e-02 -2.908246e-02)	(-5.093110e-03 2.197742e-02 -2.866874e-02)	(-4.991294e-05 2.689235e-04 -4.137217e-04)
7386          	(-5.156145e-03 2.224467e-02 -2.906597e-02)	(-5.106109e-03 2.197578e-02 -2.865244e-02)	(-5.003586e-05 2.688904e-04 -4.135379e-04)
7387          	(-5.167867e-03 2.224312e-02 -2.905032e-02)	(-5.117716e-03 2.197426e-02 -2.863696e-02)	(-5.015091e-05 2.688585e-04 -4.133640e-04)
7388          	(-5.178199e-03 2.224158e-02 -2.903546e-02)	(-5.127939e-03 2.197275e-02 -2.862225e-02)	(-5.026060e-05 2.688260e-04 -4.132039e-04)
7389          	(-5.187075e-03 2.223987e-02 -2.902078e-02)	(-5.136710e-03 2.197108e-02 -2.860772e-02)	(-5.036501e-05 2.687901e-04 -4.130590e-04)
7390          	(-5.194488e-03 2.223791e-02 -2.900595e-02)	(-5.144023e-03 2.196916e-02 -2.859302e-02)	(-5.046502e-05 2.687503e-04 -4.129234e-04)
7391          	(-5.200452e-03 2.223566e-02 -2.899055e-02)	(-5.149892e-03 2.196695e-02 -2.857775e-02)	(-5.056007e-05 2.687053e-04 -4.127987e-04)
7392          	(-5.205709e-03 2.223616e-02 -2.897520e-02)	(-5.155057e-03 2.196750e-02 -2.856252e-02)	(-5.065207e-05 2.686650e-04 -4.126815e-04)
7393          	(-5.209539e-03 2.223583e-02 -2.895830e-02)	(-5.158797e-03 2.196720e-02 -2.854573e-02)	(-5.074170e-05 2.686252e-04 -4.125648e-04)
7394          	(-5.210626e-03 2.222488e-02 -2.895018e-02)	(-5.159785e-03 2.195634e-02 -2.853769e-02)	(-5.084050e-05 2.685428e-04 -4.124850e-04)
7395          	(-5.209677e-03 2.221327e-02 -2.893500e-02)	(-5.158736e-03 2.194484e-02 -2.852258e-02)	(-5.094103e-05 2.684286e-04 -4.124194e-04)
7396          	(-5.208908e-03 2.220838e-02 -2.891001e-02)	(-5.157873e-03 2.194005e-02 -2.849768e-02)	(-5.103561e-05 2.683220e-04 -4.123290e-04)
7397          	(-5.207748e-03 2.220257e-02 -2.888768e-02)	(-5.156623e-03 2.193435e-02 -2.847546e-02)	(-5.112494e-05 2.682182e-04 -4.122227e-04)
7398          	(-5.206145e-03 2.219676e-02 -2.886485e-02)	(-5.154934e-03 2.192864e-02 -2.845274e-02)	(-5.121068e-05 2.681142e-04 -4.121122e-04)
7399          	(-5.204072e-03 2.219104e-02 -2.884073e-02)	(-5.152782e-03 2.192303e-02 -2.842874e-02)	(-5.129008e-05 2.680123e-04 -4.119946e-04)
7400          	(-5.201731e-03 2.218564e-02 -2.881598e-02)	(-5.150368e-03 2.191772e-02 -2.840411e-02)	(-5.136291e-05 2.679140e-04 -4.118698e-04)
7401          	(-5.199327e-03 2.218071e-02 -2.879147e-02)	(-5.147900e-03 2.191289e-02 -2.837973e-02)	(-5.142722e-05 2.678217e-04 -4.117395e-04)
7402          	(-5.196919e-03 2.217636e-02 -2.876791e-02)	(-5.145435e-03 2.190863e-02 -2.835631e-02)	(-5.148379e-05 2.677354e-04 -4.116012e-04)
7403          	(-5.194538e-03 2.217272e-02 -2.874572e-02)	(-5.143006e-03 2.190506e-02 -2.833426e-02)	(-5.153287e-05 2.676566e-04 -4.114632e-04)
7404          	(-5.192066e-03 2.216979e-02 -2.872498e-02)	(-5.140488e-03 2.190221e-02 -2.831366e-02)	(-5.157766e-05 2.675831e-04 -4.113223e-04)
7405          	(-5.189298e-03 2.216760e-02 -2.870552e-02)	(-5.137682e-03 2.190009e-02 -2.829434e-02)	(-5.161533e-05 2.675163e-04 -4.111768e-04)
7406          	(-5.185999e-03 2.216618e-02 -2.868706e-02)	(-5.134352e-03 2.189872e-02 -2.827604e-02)	(-5.164672e-05 2.674559e-04 -4.110294e-04)
7407          	(-5.180222e-03 2.215989e-02 -2.867624e-02)	(-5.128548e-03 2.189251e-02 -2.826534e-02)	(-5.167356e-05 2.673801e-04 -4.109031e-04)
7408          	(-5.175138e-03 2.215905e-02 -2.865978e-02)	(-5.123440e-03 2.189174e-02 -2.824901e-02)	(-5.169721e-05 2.673096e-04 -4.107686e-04)
7409          	(-5.168746e-03 2.215867e-02 -2.864288e-02)	(-5.117032e-03 2.189143e-02 -2.823226e-02)	(-5.171398e-05 2.672474e-04 -4.106198e-04)
7410          	(-5.160727e-03 2.215877e-02 -2.862457e-02)	(-5.109002e-03 2.189158e-02 -2.821411e-02)	(-5.172470e-05 2.671885e-04 -4.104603e-04)
7411          	(-5.150910e-03 2.215934e-02 -2.860387e-02)	(-5.099185e-03 2.189221e-02 -2.819359e-02)	(-5.172566e-05 2.671338e-04 -4.102871e-04)
7412          	(-5.139381e-03 2.216043e-02 -2.858088e-02)	(-5.087665e-03 2.189334e-02 -2.817078e-02)	(-5.171645e-05 2.670829e-04 -4.101021e-04)
7413          	(-5.126239e-03 2.216192e-02 -2.855579e-02)	(-5.074542e-03 2.189488e-02 -2.814589e-02)	(-5.169645e-05 2.670353e-04 -4.099020e-04)
7414          	(-5.111663e-03 2.216367e-02 -2.852915e-02)	(-5.059998e-03 2.189667e-02 -2.811946e-02)	(-5.166468e-05 2.669910e-04 -4.096928e-04)
7415          	(-5.095911e-03 2.216551e-02 -2.850178e-02)	(-5.044289e-03 2.189856e-02 -2.809231e-02)	(-5.162217e-05 2.669483e-04 -4.094739e-04)
7416          	(-5.079300e-03 2.216741e-02 -2.847464e-02)	(-5.027729e-03 2.190050e-02 -2.806539e-02)	(-5.157115e-05 2.669061e-04 -4.092531e-04)
7417          	(-5.061857e-03 2.216917e-02 -2.844774e-02)	(-5.010344e-03 2.190230e-02 -2.803872e-02)	(-5.151283e-05 2.668623e-04 -4.090250e-04)
7418          	(-5.043878e-03 2.217077e-02 -2.842155e-02)	(-4.992429e-03 2.190395e-02 -2.801275e-02)	(-5.144903e-05 2.668164e-04 -4.087950e-04)
7419          	(-5.025350e-03 2.217211e-02 -2.839582e-02)	(-4.973969e-03 2.190534e-02 -2.798725e-02)	(-5.138084e-05 2.667675e-04 -4.085626e-04)
7420          	(-5.006482e-03 2.217320e-02 -2.837072e-02)	(-4.955173e-03 2.190648e-02 -2.796240e-02)	(-5.130952e-05 2.667147e-04 -4.083253e-04)
7421          	(-4.987548e-03 2.217407e-02 -2.834648e-02)	(-4.936311e-03 2.190741e-02 -2.793840e-02)	(-5.123663e-05 2.666575e-04 -4.080804e-04)
7422          	(-4.968834e-03 2.217479e-02 -2.832326e-02)	(-4.917670e-03 2.190820e-02 -2.791543e-02)	(-5.116411e-05 2.665963e-04 -4.078319e-04)
7423          	(-4.950574e-03 2.217543e-02 -2.830105e-02)	(-4.899482e-03 2.190890e-02 -2.789348e-02)	(-5.109185e-05 2.665321e-04 -4.075762e-04)
7424          	(-4.932901e-03 2.217604e-02 -2.827964e-02)	(-4.881879e-03 2.190957e-02 -2.787232e-02)	(-5.102165e-05 2.664653e-04 -4.073160e-04)
7425          	(-4.915898e-03 2.217664e-02 -2.825872e-02)	(-4.864945e-03 2.191024e-02 -2.785167e-02)	(-5.095306e-05 2.663965e-04 -4.070479e-04)
7426          	(-4.899654e-03 2.217724e-02 -2.823809e-02)	(-4.848767e-03 2.191091e-02 -2.783131e-02)	(-5.088756e-05 2.663262e-04 -4.067744e-04)
7427          	(-4.884260e-03 2.217783e-02 -2.821767e-02)	(-4.833435e-03 2.191157e-02 -2.781118e-02)	(-5.082476e-05 2.662540e-04 -4.064896e-04)
7428          	(-4.869779e-03 2.217838e-02 -2.819749e-02)	(-4.819014e-03 2.191220e-02 -2.779129e-02)	(-5.076471e-05 2.661807e-04 -4.061992e-04)
7429          	(-4.856216e-03 2.217884e-02 -2.817752e-02)	(-4.805510e-03 2.191273e-02 -2.777162e-02)	(-5.070575e-05 2.661064e-04 -4.059000e-04)
7430          	(-4.840457e-03 2.217163e-02 -2.816073e-02)	(-4.789810e-03 2.190563e-02 -2.775512e-02)	(-5.064683e-05 2.660044e-04 -4.056140e-04)
7431          	(-4.828798e-03 2.217061e-02 -2.814282e-02)	(-4.778207e-03 2.190471e-02 -2.773750e-02)	(-5.059141e-05 2.659024e-04 -4.053219e-04)
7432          	(-4.817602e-03 2.216922e-02 -2.812407e-02)	(-4.767067e-03 2.190342e-02 -2.771905e-02)	(-5.053533e-05 2.658055e-04 -4.050227e-04)
7433          	(-4.806854e-03 2.216754e-02 -2.810474e-02)	(-4.756378e-03 2.190183e-02 -2.770002e-02)	(-5.047553e-05 2.657089e-04 -4.047156e-04)
7434          	(-4.796725e-03 2.216564e-02 -2.808518e-02)	(-4.746308e-03 2.190003e-02 -2.768077e-02)	(-5.041722e-05 2.656109e-04 -4.044096e-04)
7435          	(-4.787103e-03 2.216356e-02 -2.806484e-02)	(-4.736746e-03 2.189805e-02 -2.766074e-02)	(-5.035753e-05 2.655117e-04 -4.040970e-04)
7436          	(-4.777795e-03 2.216139e-02 -2.804315e-02)	(-4.727498e-03 2.189598e-02 -2.763936e-02)	(-5.029655e-05 2.654125e-04 -4.037872e-04)
7437          	(-4.768885e-03 2.215912e-02 -2.802085e-02)	(-4.718652e-03 2.189380e-02 -2.761737e-02)	(-5.023332e-05 2.653131e-04 -4.034773e-04)
7438          	(-4.760655e-03 2.215660e-02 -2.799886e-02)	(-4.710483e-03 2.189139e-02 -2.759569e-02)	(-5.017216e-05 2.652123e-04 -4.031772e-04)
7439          	(-4.753107e-03 2.215377e-02 -2.797749e-02)	(-4.702997e-03 2.188866e-02 -2.757461e-02)	(-5.011030e-05 2.651102e-04 -4.028863e-04)
7440          	(-4.746492e-03 2.215049e-02 -2.795765e-02)	(-4.696440e-03 2.188548e-02 -2.755504e-02)	(-5.005235e-05 2.650053e-04 -4.026145e-04)
7441          	(-4.740528e-03 2.214671e-02 -2.793891e-02)	(-4.690533e-03 2.188181e-02 -2.753656e-02)	(-4.999468e-05 2.648976e-04 -4.023549e-04)
7442          	(-4.735224e-03 2.214241e-02 -2.792136e-02)	(-4.685286e-03 2.187763e-02 -2.751925e-02)	(-4.993794e-05 2.647868e-04 -4.021109e-04)
7443          	(-4.730571e-03 2.213761e-02 -2.790492e-02)	(-4.680690e-03 2.187294e-02 -2.750304e-02)	(-4.988081e-05 2.646729e-04 -4.018801e-04)
7444          	(-4.726505e-03 2.213226e-02 -2.788935e-02)	(-4.676680e-03 2.186771e-02 -2.748769e-02)	(-4.982482e-05 2.645559e-04 -4.016656e-04)
7445          	(-4.723084e-03 2.212645e-02 -2.787431e-02)	(-4.673319e-03 2.186201e-02 -2.747285e-02)	(-4.976516e-05 2.644369e-04 -4.014578e-04)
7446          	(-4.720496e-03 2.212021e-02 -2.786011e-02)	(-4.670791e-03 2.185589e-02 -2.745885e-02)	(-4.970487e-05 2.643164e-04 -4.012634e-04)
7447          	(-4.718606e-03 2.211362e-02 -2.784569e-02)	(-4.668964e-03 2.184943e-02 -2.744462e-02)	(-4.964111e-05 2.641954e-04 -4.010723e-04)
7448          	(-4.717418e-03 2.210668e-02 -2.783090e-02)	(-4.667845e-03 2.184261e-02 -2.743002e-02)	(-4.957302e-05 2.640759e-04 -4.008873e-04)
7449          	(-4.716979e-03 2.209940e-02 -2.781562e-02)	(-4.667481e-03 2.183544e-02 -2.741492e-02)	(-4.949832e-05 2.639588e-04 -4.007019e-04)
7450          	(-4.717178e-03 2.209170e-02 -2.779921e-02)	(-4.667762e-03 2.182785e-02 -2.739869e-02)	(-4.941575e-05 2.638453e-04 -4.005140e-04)
7451          	(-4.718169e-03 2.208357e-02 -2.778205e-02)	(-4.668846e-03 2.181984e-02 -2.738173e-02)	(-4.932301e-05 2.637364e-04 -4.003191e-04)
7452          	(-4.719971e-03 2.207496e-02 -2.776417e-02)	(-4.670751e-03 2.181133e-02 -2.736405e-02)	(-4.922074e-05 2.636329e-04 -4.001232e-04)
7453          	(-4.722614e-03 2.206580e-02 -2.774567e-02)	(-4.673506e-03 2.180227e-02 -2.734576e-02)	(-4.910739e-05 2.635343e-04 -3.999171e-04)
7454          	(-4.726131e-03 2.205608e-02 -2.772685e-02)	(-4.677149e-03 2.179264e-02 -2.732715e-02)	(-4.898182e-05 2.634418e-04 -3.997077e-04)
7455          	(-4.730578e-03 2.204585e-02 -2.770817e-02)	(-4.681732e-03 2.178250e-02 -2.730868e-02)	(-4.884544e-05 2.633545e-04 -3.994929e-04)
7456          	(-4.736002e-03 2.203525e-02 -2.769018e-02)	(-4.687300e-03 2.177198e-02 -2.729090e-02)	(-4.870133e-05 2.632722e-04 -3.992782e-04)
7457          	(-4.742413e-03 2.202447e-02 -2.767340e-02)	(-4.693865e-03 2.176127e-02 -2.727434e-02)	(-4.854790e-05 2.631953e-04 -3.990579e-04)
7458          	(-4.749773e-03 2.201374e-02 -2.765821e-02)	(-4.701383e-03 2.175062e-02 -2.725937e-02)	(-4.838989e-05 2.631240e-04 -3.988406e-04)
7459          	(-4.757981e-03 2.200327e-02 -2.764466e-02)	(-4.709753e-03 2.174021e-02 -2.724603e-02)	(-4.822763e-05 2.630586e-04 -3.986234e-04)
7460          	(-4.766906e-03 2.199316e-02 -2.763249e-02)	(-4.718843e-03 2.173016e-02 -2.723408e-02)	(-4.806297e-05 2.630001e-04 -3.984089e-04)
7461          	(-4.776431e-03 2.198354e-02 -2.762120e-02)	(-4.728535e-03 2.172060e-02 -2.722301e-02)	(-4.789660e-05 2.629490e-04 -3.981951e-04)
7462          	(-4.786313e-03 2.197434e-02 -2.761013e-02)	(-4.738583e-03 2.171143e-02 -2.721214e-02)	(-4.773005e-05 2.629055e-04 -3.979828e-04)
7463          	(-4.796386e-03 2.196555e-02 -2.759866e-02)	(-4.748825e-03 2.170268e-02 -2.720089e-02)	(-4.756034e-05 2.628707e-04 -3.977665e-04)
7464          	(-4.806494e-03 2.195715e-02 -2.758632e-02)	(-4.759104e-03 2.169430e-02 -2.718877e-02)	(-4.739008e-05 2.628445e-04 -3.975533e-04)
7465          	(-4.816490e-03 2.194911e-02 -2.757271e-02)	(-4.769274e-03 2.168629e-02 -2.717538e-02)	(-4.721655e-05 2.628267e-04 -3.973307e-04)
7466          	(-4.826211e-03 2.194125e-02 -2.755765e-02)	(-4.779171e-03 2.167843e-02 -2.716054e-02)	(-4.703990e-05 2.628176e-04 -3.971057e-04)
7467          	(-4.835571e-03 2.193367e-02 -2.754098e-02)	(-4.788712e-03 2.167086e-02 -2.714410e-02)	(-4.685925e-05 2.628167e-04 -3.968740e-04)
7468          	(-4.844484e-03 2.192661e-02 -2.752224e-02)	(-4.797809e-03 2.166379e-02 -2.712561e-02)	(-4.667522e-05 2.628252e-04 -3.966377e-04)
7469          	(-4.852844e-03 2.192022e-02 -2.750073e-02)	(-4.806360e-03 2.165738e-02 -2.710434e-02)	(-4.648462e-05 2.628440e-04 -3.963864e-04)
7470          	(-4.860509e-03 2.191418e-02 -2.747693e-02)	(-4.814220e-03 2.165131e-02 -2.708080e-02)	(-4.628876e-05 2.628727e-04 -3.961263e-04)
7471          	(-4.867408e-03 2.190860e-02 -2.745067e-02)	(-4.821324e-03 2.164569e-02 -2.705482e-02)	(-4.608457e-05 2.629112e-04 -3.958515e-04)
7472          	(-4.873329e-03 2.190320e-02 -2.742168e-02)	(-4.827456e-03 2.164024e-02 -2.702611e-02)	(-4.587317e-05 2.629583e-04 -3.955650e-04)
7473          	(-4.878151e-03 2.189787e-02 -2.739026e-02)	(-4.832499e-03 2.163486e-02 -2.699500e-02)	(-4.565188e-05 2.630128e-04 -3.952645e-04)
7474          	(-4.881602e-03 2.189245e-02 -2.735555e-02)	(-4.836182e-03 2.162938e-02 -2.696059e-02)	(-4.541974e-05 2.630739e-04 -3.949524e-04)
7475          	(-4.883744e-03 2.188654e-02 -2.731928e-02)	(-4.838568e-03 2.162340e-02 -2.692466e-02)	(-4.517581e-05 2.631382e-04 -3.946276e-04)
7476          	(-4.884725e-03 2.188002e-02 -2.728252e-02)	(-4.839801e-03 2.161681e-02 -2.688822e-02)	(-4.492329e-05 2.632030e-04 -3.943021e-04)
7477          	(-4.884839e-03 2.187291e-02 -2.724639e-02)	(-4.840176e-03 2.160964e-02 -2.685242e-02)	(-4.466275e-05 2.632649e-04 -3.939688e-04)
7478          	(-4.884406e-03 2.186532e-02 -2.721171e-02)	(-4.840008e-03 2.160200e-02 -2.681808e-02)	(-4.439876e-05 2.633219e-04 -3.936362e-04)
7479          	(-4.883326e-03 2.185711e-02 -2.717778e-02)	(-4.839196e-03 2.159373e-02 -2.678448e-02)	(-4.413066e-05 2.633731e-04 -3.933041e-04)
7480          	(-4.878427e-03 2.183483e-02 -2.715384e-02)	(-4.834559e-03 2.157146e-02 -2.676082e-02)	(-4.386724e-05 2.633674e-04 -3.930131e-04)
7481          	(-4.876867e-03 2.182575e-02 -2.712198e-02)	(-4.833260e-03 2.156239e-02 -2.672927e-02)	(-4.360671e-05 2.633634e-04 -3.927074e-04)
7482          	(-4.874975e-03 2.181637e-02 -2.708933e-02)	(-4.831632e-03 2.155300e-02 -2.669694e-02)	(-4.334339e-05 2.633712e-04 -3.923850e-04)
7483          	(-4.872844e-03 2.180692e-02 -2.705531e-02)	(-4.829766e-03 2.154354e-02 -2.666327e-02)	(-4.307790e-05 2.633800e-04 -3.920470e-04)
7484          	(-4.870305e-03 2.179762e-02 -2.701830e-02)	(-4.827496e-03 2.153423e-02 -2.662661e-02)	(-4.280920e-05 2.633904e-04 -3.916906e-04)
7485          	(-4.864658e-03 2.177905e-02 -2.698499e-02)	(-4.822122e-03 2.151568e-02 -2.659365e-02)	(-4.253599e-05 2.633695e-04 -3.913415e-04)
7486          	(-4.862402e-03 2.177069e-02 -2.694710e-02)	(-4.820137e-03 2.150733e-02 -2.655613e-02)	(-4.226484e-05 2.633574e-04 -3.909688e-04)
7487          	(-4.860473e-03 2.176338e-02 -2.690799e-02)	(-4.818486e-03 2.150002e-02 -2.651741e-02)	(-4.198760e-05 2.633646e-04 -3.905710e-04)
7488          	(-4.860668e-03 2.176034e-02 -2.687329e-02)	(-4.818955e-03 2.149695e-02 -2.648312e-02)	(-4.171288e-05 2.633926e-04 -3.901653e-04)
7489          	(-4.862367e-03 2.175822e-02 -2.684268e-02)	(-4.820925e-03 2.149478e-02 -2.645292e-02)	(-4.144266e-05 2.634368e-04 -3.897562e-04)
7490          	(-4.863845e-03 2.175275e-02 -2.681433e-02)	(-4.822664e-03 2.148927e-02 -2.642498e-02)	(-4.118117e-05 2.634773e-04 -3.893555e-04)
7491          	(-4.865902e-03 2.174756e-02 -2.678749e-02)	(-4.824975e-03 2.148404e-02 -2.639852e-02)	(-4.092721e-05 2.635147e-04 -3.889635e-04)
7492          	(-4.868260e-03 2.174246e-02 -2.676152e-02)	(-4.827580e-03 2.147891e-02 -2.637294e-02)	(-4.067959e-05 2.635520e-04 -3.885818e-04)
7493          	(-4.868838e-03 2.173123e-02 -2.673555e-02)	(-4.828403e-03 2.146767e-02 -2.634733e-02)	(-4.043533e-05 2.635679e-04 -3.882140e-04)
7494          	(-4.870702e-03 2.172524e-02 -2.671089e-02)	(-4.830504e-03 2.146166e-02 -2.632303e-02)	(-4.019756e-05 2.635833e-04 -3.878534e-04)
7495          	(-4.872278e-03 2.171902e-02 -2.668562e-02)	(-4.832317e-03 2.145541e-02 -2.629813e-02)	(-3.996111e-05 2.636026e-04 -3.874890e-04)
7496          	(-4.873692e-03 2.171260e-02 -2.666016e-02)	(-4.833965e-03 2.144898e-02 -2.627303e-02)	(-3.972703e-05 2.636218e-04 -3.871293e-04)
7497          	(-4.874978e-03 2.170620e-02 -2.663308e-02)	(-4.835484e-03 2.144256e-02 -2.624632e-02)	(-3.949423e-05 2.636405e-04 -3.867620e-04)
7498          	(-4.876304e-03 2.169983e-02 -2.660443e-02)	(-4.837040e-03 2.143617e-02 -2.621804e-02)	(-3.926357e-05 2.636602e-04 -3.863899e-04)
7499          	(-4.877865e-03 2.169349e-02 -2.657455e-02)	(-4.838829e-03 2.142981e-02 -2.618855e-02)	(-3.903552e-05 2.636806e-04 -3.860090e-04)
7500          	(-4.879835e-03 2.168713e-02 -2.654389e-02)	(-4.841023e-03 2.142342e-02 -2.615827e-02)	(-3.881188e-05 2.637023e-04 -3.856255e-04)
7501          	(-4.882351e-03 2.168064e-02 -2.651293e-02)	(-4.843759e-03 2.141692e-02 -2.612769e-02)	(-3.859227e-05 2.637247e-04 -3.852362e-04)
7502          	(-4.885501e-03 2.167396e-02 -2.648214e-02)	(-4.847122e-03 2.141021e-02 -2.609730e-02)	(-3.837842e-05 2.637469e-04 -3.848452e-04)
7503          	(-4.889330e-03 2.166699e-02 -2.645193e-02)	(-4.851159e-03 2.140322e-02 -2.606747e-02)	(-3.817098e-05 2.637677e-04 -3.844538e-04)
7504          	(-4.893835e-03 2.165971e-02 -2.642260e-02)	(-4.855862e-03 2.139592e-02 -2.603853e-02)	(-3.797342e-05 2.637856e-04 -3.840663e-04)
7505          	(-4.898979e-03 2.165212e-02 -2.639436e-02)	(-4.861195e-03 2.138832e-02 -2.601069e-02)	(-3.778486e-05 2.637991e-04 -3.836770e-04)
7506          	(-4.904698e-03 2.164428e-02 -2.636734e-02)	(-4.867090e-03 2.138047e-02 -2.598404e-02)	(-3.760880e-05 2.638082e-04 -3.832964e-04)
7507          	(-4.910917e-03 2.163628e-02 -2.634157e-02)	(-4.873472e-03 2.137247e-02 -2.595865e-02)	(-3.744533e-05 2.638121e-04 -3.829187e-04)
7508          	(-4.917555e-03 2.162825e-02 -2.631704e-02)	(-4.880257e-03 2.136443e-02 -2.593448e-02)	(-3.729737e-05 2.638120e-04 -3.825540e-04)
7509          	(-4.924538e-03 2.162034e-02 -2.629352e-02)	(-4.887374e-03 2.135653e-02 -2.591132e-02)	(-3.716449e-05 2.638090e-04 -3.822000e-04)
7510          	(-4.931849e-03 2.161270e-02 -2.627110e-02)	(-4.894802e-03 2.134889e-02 -2.588924e-02)	(-3.704724e-05 2.638054e-04 -3.818623e-04)
7511          	(-4.939457e-03 2.160542e-02 -2.624962e-02)	(-4.902512e-03 2.134162e-02 -2.586808e-02)	(-3.694426e-05 2.638031e-04 -3.815405e-04)
7512          	(-4.949678e-03 2.160909e-02 -2.622552e-02)	(-4.912827e-03 2.134524e-02 -2.584430e-02)	(-3.685046e-05 2.638417e-04 -3.812192e-04)
7513          	(-4.958424e-03 2.160342e-02 -2.620627e-02)	(-4.921653e-03 2.133954e-02 -2.582536e-02)	(-3.677066e-05 2.638776e-04 -3.809167e-04)
7514          	(-4.967439e-03 2.159811e-02 -2.618767e-02)	(-4.930733e-03 2.133421e-02 -2.580703e-02)	(-3.670596e-05 2.639052e-04 -3.806386e-04)
7515          	(-4.976545e-03 2.159296e-02 -2.616940e-02)	(-4.939891e-03 2.132903e-02 -2.578902e-02)	(-3.665416e-05 2.639317e-04 -3.803786e-04)
7516          	(-4.985588e-03 2.158784e-02 -2.615118e-02)	(-4.948972e-03 2.132389e-02 -2.577103e-02)	(-3.661560e-05 2.639576e-04 -3.801402e-04)
7517          	(-4.994570e-03 2.158420e-02 -2.612719e-02)	(-4.957985e-03 2.132021e-02 -2.574729e-02)	(-3.658506e-05 2.639891e-04 -3.799019e-04)
7518          	(-5.003530e-03 2.158082e-02 -2.610438e-02)	(-4.966966e-03 2.131680e-02 -2.572470e-02)	(-3.656415e-05 2.640258e-04 -3.796769e-04)
7519          	(-5.012467e-03 2.157766e-02 -2.608294e-02)	(-4.975914e-03 2.131360e-02 -2.570348e-02)	(-3.655215e-05 2.640651e-04 -3.794644e-04)
7520          	(-5.021344e-03 2.157457e-02 -2.606281e-02)	(-4.984794e-03 2.131046e-02 -2.568354e-02)	(-3.655068e-05 2.641053e-04 -3.792685e-04)
7521          	(-5.029820e-03 2.157005e-02 -2.604641e-02)	(-4.993261e-03 2.130591e-02 -2.566731e-02)	(-3.655892e-05 2.641406e-04 -3.790970e-04)
7522          	(-5.038154e-03 2.156578e-02 -2.602931e-02)	(-5.001577e-03 2.130161e-02 -2.565037e-02)	(-3.657616e-05 2.641725e-04 -3.789439e-04)
7523          	(-5.046306e-03 2.156174e-02 -2.601090e-02)	(-5.009707e-03 2.129754e-02 -2.563210e-02)	(-3.659902e-05 2.642039e-04 -3.788033e-04)
7524          	(-5.054284e-03 2.155808e-02 -2.599062e-02)	(-5.017657e-03 2.129385e-02 -2.561195e-02)	(-3.662681e-05 2.642362e-04 -3.786710e-04)
7525          	(-5.062039e-03 2.155464e-02 -2.596849e-02)	(-5.025383e-03 2.129037e-02 -2.558996e-02)	(-3.665519e-05 2.642704e-04 -3.785387e-04)
7526          	(-5.069561e-03 2.155145e-02 -2.594439e-02)	(-5.032878e-03 2.128714e-02 -2.556598e-02)	(-3.668324e-05 2.643062e-04 -3.784043e-04)
7527          	(-5.076848e-03 2.154848e-02 -2.591844e-02)	(-5.040141e-03 2.128413e-02 -2.554018e-02)	(-3.670750e-05 2.643445e-04 -3.782645e-04)
7528          	(-5.084416e-03 2.154765e-02 -2.588808e-02)	(-5.047690e-03 2.128326e-02 -2.550997e-02)	(-3.672586e-05 2.643925e-04 -3.781123e-04)
7529          	(-5.091323e-03 2.154485e-02 -2.586051e-02)	(-5.054586e-03 2.128041e-02 -2.548256e-02)	(-3.673668e-05 2.644398e-04 -3.779546e-04)
7530          	(-5.098090e-03 2.154200e-02 -2.583267e-02)	(-5.061351e-03 2.127751e-02 -2.545487e-02)	(-3.673955e-05 2.644847e-04 -3.777973e-04)
7531          	(-5.105216e-03 2.154074e-02 -2.580104e-02)	(-5.068486e-03 2.127620e-02 -2.542342e-02)	(-3.673075e-05 2.645353e-04 -3.776286e-04)
7532          	(-5.112357e-03 2.153936e-02 -2.577127e-02)	(-5.075645e-03 2.127478e-02 -2.539382e-02)	(-3.671189e-05 2.645883e-04 -3.774557e-04)
7533          	(-5.118436e-03 2.153160e-02 -2.575035e-02)	(-5.081749e-03 2.126699e-02 -2.537304e-02)	(-3.668754e-05 2.646163e-04 -3.773081e-04)
7534          	(-5.124110e-03 2.152319e-02 -2.572872e-02)	(-5.087453e-03 2.125857e-02 -2.535154e-02)	(-3.665754e-05 2.646215e-04 -3.771736e-04)
7535          	(-5.130000e-03 2.151918e-02 -2.569988e-02)	(-5.093391e-03 2.125455e-02 -2.532286e-02)	(-3.660873e-05 2.646334e-04 -3.770167e-04)
7536          	(-5.135924e-03 2.151499e-02 -2.567166e-02)	(-5.099380e-03 2.125034e-02 -2.529481e-02)	(-3.654437e-05 2.646504e-04 -3.768492e-04)
7537          	(-5.142180e-03 2.151086e-02 -2.564438e-02)	(-5.105710e-03 2.124620e-02 -2.526771e-02)	(-3.646921e-05 2.646669e-04 -3.766726e-04)
7538          	(-5.150244e-03 2.151012e-02 -2.562421e-02)	(-5.113853e-03 2.124543e-02 -2.524771e-02)	(-3.639136e-05 2.646902e-04 -3.765005e-04)
7539          	(-5.156998e-03 2.149865e-02 -2.560931e-02)	(-5.120678e-03 2.123397e-02 -2.523295e-02)	(-3.632045e-05 2.646785e-04 -3.763591e-04)
7540          	(-5.163941e-03 2.149449e-02 -2.558363e-02)	(-5.127700e-03 2.122982e-02 -2.520743e-02)	(-3.624095e-05 2.646683e-04 -3.761955e-04)
7541          	(-5.171422e-03 2.149081e-02 -2.555818e-02)	(-5.135271e-03 2.122614e-02 -2.518217e-02)	(-3.615102e-05 2.646699e-04 -3.760145e-04)
7542          	(-5.180406e-03 2.148989e-02 -2.553744e-02)	(-5.144344e-03 2.122521e-02 -2.516161e-02)	(-3.606216e-05 2.646812e-04 -3.758281e-04)
7543          	(-5.189631e-03 2.148300e-02 -2.551873e-02)	(-5.153647e-03 2.121832e-02 -2.514308e-02)	(-3.598367e-05 2.646765e-04 -3.756478e-04)
7544          	(-5.198805e-03 2.147976e-02 -2.549177e-02)	(-5.162898e-03 2.121509e-02 -2.511633e-02)	(-3.590668e-05 2.646735e-04 -3.754443e-04)
7545          	(-5.208710e-03 2.147681e-02 -2.546428e-02)	(-5.172880e-03 2.121214e-02 -2.508906e-02)	(-3.583087e-05 2.646780e-04 -3.752197e-04)
7546          	(-5.219406e-03 2.147415e-02 -2.543652e-02)	(-5.183643e-03 2.120947e-02 -2.506154e-02)	(-3.576331e-05 2.646854e-04 -3.749806e-04)
7547          	(-5.230883e-03 2.147184e-02 -2.540899e-02)	(-5.195177e-03 2.120714e-02 -2.503426e-02)	(-3.570616e-05 2.646945e-04 -3.747261e-04)
7548          	(-5.242105e-03 2.146803e-02 -2.538450e-02)	(-5.206444e-03 2.120333e-02 -2.501003e-02)	(-3.566097e-05 2.646995e-04 -3.744734e-04)
7549          	(-5.253710e-03 2.146458e-02 -2.535983e-02)	(-5.218082e-03 2.119988e-02 -2.498562e-02)	(-3.562751e-05 2.647008e-04 -3.742107e-04)
7550          	(-5.265458e-03 2.146155e-02 -2.533510e-02)	(-5.229851e-03 2.119685e-02 -2.496116e-02)	(-3.560670e-05 2.647015e-04 -3.739413e-04)
7551          	(-5.277130e-03 2.145895e-02 -2.531032e-02)	(-5.241533e-03 2.119425e-02 -2.493666e-02)	(-3.559646e-05 2.647028e-04 -3.736626e-04)
7552          	(-5.288558e-03 2.145671e-02 -2.528552e-02)	(-5.252961e-03 2.119201e-02 -2.491214e-02)	(-3.559735e-05 2.647051e-04 -3.733766e-04)
7553          	(-5.299644e-03 2.145475e-02 -2.526068e-02)	(-5.264036e-03 2.119005e-02 -2.488760e-02)	(-3.560754e-05 2.647081e-04 -3.730799e-04)
7554          	(-5.310340e-03 2.145300e-02 -2.523580e-02)	(-5.274712e-03 2.118829e-02 -2.486303e-02)	(-3.562832e-05 2.647111e-04 -3.727754e-04)
7555          	(-5.320658e-03 2.145138e-02 -2.521091e-02)	(-5.284999e-03 2.118667e-02 -2.483845e-02)	(-3.565874e-05 2.647136e-04 -3.724606e-04)
7556          	(-5.330628e-03 2.144985e-02 -2.518605e-02)	(-5.294927e-03 2.118514e-02 -2.481392e-02)	(-3.570037e-05 2.647145e-04 -3.721378e-04)
7557          	(-5.341094e-03 2.144984e-02 -2.516022e-02)	(-5.305338e-03 2.118512e-02 -2.478842e-02)	(-3.575537e-05 2.647183e-04 -3.718024e-04)
7558          	(-5.353059e-03 2.145603e-02 -2.513415e-02)	(-5.317235e-03 2.119129e-02 -2.476271e-02)	(-3.582364e-05 2.647448e-04 -3.714488e-04)
7559          	(-5.362421e-03 2.145533e-02 -2.511049e-02)	(-5.326515e-03 2.119056e-02 -2.473940e-02)	(-3.590584e-05 2.647618e-04 -3.710919e-04)
7560          	(-5.371315e-03 2.145451e-02 -2.508733e-02)	(-5.335314e-03 2.118974e-02 -2.471659e-02)	(-3.600113e-05 2.647677e-04 -3.707412e-04)
7561          	(-5.379683e-03 2.145365e-02 -2.506446e-02)	(-5.343574e-03 2.118889e-02 -2.469407e-02)	(-3.610864e-05 2.647672e-04 -3.703871e-04)
7562          	(-5.387625e-03 2.145318e-02 -2.504137e-02)	(-5.351396e-03 2.118841e-02 -2.467134e-02)	(-3.622926e-05 2.647617e-04 -3.700280e-04)
7563          	(-5.394870e-03 2.145299e-02 -2.501830e-02)	(-5.358510e-03 2.118824e-02 -2.464864e-02)	(-3.636055e-05 2.647534e-04 -3.696649e-04)
7564          	(-5.401341e-03 2.145332e-02 -2.499514e-02)	(-5.364841e-03 2.118858e-02 -2.462584e-02)	(-3.650049e-05 2.647442e-04 -3.692975e-04)
7565          	(-5.406966e-03 2.145437e-02 -2.497179e-02)	(-5.370320e-03 2.118963e-02 -2.460287e-02)	(-3.664647e-05 2.647357e-04 -3.689212e-04)
7566          	(-5.411652e-03 2.145627e-02 -2.494815e-02)	(-5.374855e-03 2.119154e-02 -2.457961e-02)	(-3.679679e-05 2.647306e-04 -3.685403e-04)
7567          	(-5.415675e-03 2.146189e-02 -2.492338e-02)	(-5.378730e-03 2.119715e-02 -2.455523e-02)	(-3.694512e-05 2.647404e-04 -3.681457e-04)
7568          	(-5.418142e-03 2.146521e-02 -2.489909e-02)	(-5.381049e-03 2.120045e-02 -2.453134e-02)	(-3.709312e-05 2.647524e-04 -3.677466e-04)
7569          	(-5.419135e-03 2.146898e-02 -2.487446e-02)	(-5.381900e-03 2.120422e-02 -2.450712e-02)	(-3.723461e-05 2.647658e-04 -3.673402e-04)
7570          	(-5.418606e-03 2.147350e-02 -2.484871e-02)	(-5.381238e-03 2.120872e-02 -2.448178e-02)	(-3.736878e-05 2.647838e-04 -3.669301e-04)
7571          	(-5.416387e-03 2.147873e-02 -2.482167e-02)	(-5.378895e-03 2.121393e-02 -2.445516e-02)	(-3.749196e-05 2.648066e-04 -3.665103e-04)
7572          	(-5.412324e-03 2.148464e-02 -2.479322e-02)	(-5.374721e-03 2.121981e-02 -2.442714e-02)	(-3.760322e-05 2.648348e-04 -3.660867e-04)
7573          	(-5.406295e-03 2.149119e-02 -2.476332e-02)	(-5.368598e-03 2.122632e-02 -2.439766e-02)	(-3.769754e-05 2.648693e-04 -3.656551e-04)
7574          	(-5.398226e-03 2.149834e-02 -2.473199e-02)	(-5.360452e-03 2.123343e-02 -2.436678e-02)	(-3.777365e-05 2.649093e-04 -3.652141e-04)
7575          	(-5.388106e-03 2.150604e-02 -2.469937e-02)	(-5.350277e-03 2.124108e-02 -2.433460e-02)	(-3.782839e-05 2.649560e-04 -3.647678e-04)
7576          	(-5.375987e-03 2.151422e-02 -2.466562e-02)	(-5.338125e-03 2.124921e-02 -2.430131e-02)	(-3.786145e-05 2.650084e-04 -3.643148e-04)
7577          	(-5.361956e-03 2.152284e-02 -2.463091e-02)	(-5.324084e-03 2.125777e-02 -2.426705e-02)	(-3.787159e-05 2.650667e-04 -3.638568e-04)
7578          	(-5.346133e-03 2.153185e-02 -2.459539e-02)	(-5.308274e-03 2.126672e-02 -2.423199e-02)	(-3.785872e-05 2.651305e-04 -3.633950e-04)
7579          	(-5.328666e-03 2.154124e-02 -2.455923e-02)	(-5.290845e-03 2.127604e-02 -2.419630e-02)	(-3.782165e-05 2.652005e-04 -3.629310e-04)
7580          	(-5.309740e-03 2.155097e-02 -2.452264e-02)	(-5.271978e-03 2.128569e-02 -2.416018e-02)	(-3.776212e-05 2.652759e-04 -3.624663e-04)
7581          	(-5.289563e-03 2.156099e-02 -2.448587e-02)	(-5.251883e-03 2.129563e-02 -2.412387e-02)	(-3.767918e-05 2.653573e-04 -3.620012e-04)
7582          	(-5.268364e-03 2.157125e-02 -2.444920e-02)	(-5.230789e-03 2.130580e-02 -2.408766e-02)	(-3.757504e-05 2.654445e-04 -3.615400e-04)
7583          	(-5.246381e-03 2.158169e-02 -2.441292e-02)	(-5.208931e-03 2.131616e-02 -2.405184e-02)	(-3.744946e-05 2.655374e-04 -3.610807e-04)
7584          	(-5.223925e-03 2.159249e-02 -2.437666e-02)	(-5.186620e-03 2.132686e-02 -2.401603e-02)	(-3.730466e-05 2.656373e-04 -3.606297e-04)
7585          	(-5.198259e-03 2.159900e-02 -2.434263e-02)	(-5.161116e-03 2.133327e-02 -2.398243e-02)	(-3.714334e-05 2.657232e-04 -3.601959e-04)
7586          	(-5.176115e-03 2.160812e-02 -2.431018e-02)	(-5.139147e-03 2.134231e-02 -2.395041e-02)	(-3.696757e-05 2.658145e-04 -3.597695e-04)
