# Force       
# CofR        : (0.000000e+00 0.000000e+00 0.000000e+00)
#
# Time        	(total_x total_y total_z)	(pressure_x pressure_y pressure_z)	(viscous_x viscous_y viscous_z)
1             	(2.474508e+00 7.227596e+00 -4.697725e+02)	(2.437044e+00 7.227859e+00 -4.697725e+02)	(3.746415e-02 -2.633213e-04 3.765739e-05)
2             	(2.333514e+00 7.125842e+00 -4.697747e+02)	(2.304217e+00 7.129441e+00 -4.697747e+02)	(2.929703e-02 -3.598461e-03 -1.300111e-05)
3             	(1.572423e+00 5.215458e+00 -4.697908e+02)	(1.548870e+00 5.221244e+00 -4.697907e+02)	(2.355293e-02 -5.786023e-03 -4.425592e-05)
4             	(4.245861e-01 2.590745e+00 -4.698350e+02)	(4.045154e-01 2.597518e+00 -4.698349e+02)	(2.007068e-02 -6.773492e-03 -5.234394e-05)
5             	(-5.582510e-01 1.617587e-02 -4.699323e+02)	(-5.770324e-01 2.253455e-02 -4.699323e+02)	(1.878147e-02 -6.358684e-03 -9.984744e-06)
6             	(-1.034953e+00 -1.777555e+00 -4.700381e+02)	(-1.054316e+00 -1.772419e+00 -4.700381e+02)	(1.936253e-02 -5.135792e-03 1.217656e-05)
7             	(-1.072969e+00 -2.516986e+00 -4.701026e+02)	(-1.093898e+00 -2.513375e+00 -4.701027e+02)	(2.092945e-02 -3.611160e-03 3.975200e-05)
8             	(-8.399367e-01 -2.431145e+00 -4.700997e+02)	(-8.616326e-01 -2.428977e+00 -4.700998e+02)	(2.169591e-02 -2.168366e-03 4.723501e-05)
9             	(-3.716429e-01 -1.654574e+00 -4.700944e+02)	(-3.925216e-01 -1.653573e+00 -4.700945e+02)	(2.087866e-02 -1.001838e-03 8.187821e-05)
10            	(9.753828e-02 -6.153068e-01 -4.700834e+02)	(7.879296e-02 -6.148064e-01 -4.700835e+02)	(1.874532e-02 -5.004350e-04 1.134096e-04)
11            	(4.090992e-01 3.562118e-01 -4.700669e+02)	(3.928628e-01 3.566403e-01 -4.700670e+02)	(1.623638e-02 -4.285449e-04 1.109588e-04)
12            	(5.336640e-01 9.712599e-01 -4.700376e+02)	(5.198008e-01 9.719079e-01 -4.700377e+02)	(1.386319e-02 -6.480294e-04 8.982939e-05)
13            	(5.043706e-01 1.192809e+00 -4.700056e+02)	(4.923389e-01 1.193799e+00 -4.700057e+02)	(1.203163e-02 -9.897897e-04 4.777276e-05)
14            	(3.924461e-01 1.137833e+00 -4.700073e+02)	(3.815637e-01 1.139191e+00 -4.700072e+02)	(1.088231e-02 -1.357628e-03 -6.115466e-06)
15            	(2.212440e-01 8.335357e-01 -4.699799e+02)	(2.108898e-01 8.351380e-01 -4.699799e+02)	(1.035424e-02 -1.602317e-03 -3.186438e-05)
16            	(6.779312e-02 4.581210e-01 -4.699612e+02)	(5.755832e-02 4.597446e-01 -4.699612e+02)	(1.023480e-02 -1.623610e-03 -3.000512e-05)
17            	(-1.875604e-02 1.799656e-01 -4.699534e+02)	(-2.910795e-02 1.814466e-01 -4.699533e+02)	(1.035190e-02 -1.480968e-03 -1.418275e-05)
18            	(-5.180389e-02 -5.459735e-03 -4.699539e+02)	(-6.230498e-02 -4.222475e-03 -4.699539e+02)	(1.050109e-02 -1.237260e-03 4.349236e-06)
19            	(-4.180342e-02 -9.681082e-02 -4.699525e+02)	(-5.233374e-02 -9.585470e-02 -4.699525e+02)	(1.053032e-02 -9.561193e-04 2.310646e-05)
20            	(-4.863170e-03 -7.893728e-02 -4.699512e+02)	(-1.522511e-02 -7.825039e-02 -4.699513e+02)	(1.036194e-02 -6.868977e-04 3.963265e-05)
21            	(4.852963e-02 2.064701e-02 -4.699504e+02)	(3.849570e-02 2.113643e-02 -4.699504e+02)	(1.003393e-02 -4.894221e-04 4.785065e-05)
22            	(9.122471e-02 1.331568e-01 -4.699593e+02)	(8.165097e-02 1.335462e-01 -4.699594e+02)	(9.573736e-03 -3.894184e-04 4.663380e-05)
23            	(1.194350e-01 2.342392e-01 -4.699663e+02)	(1.103389e-01 2.346040e-01 -4.699664e+02)	(9.096133e-03 -3.647516e-04 3.807137e-05)
24            	(1.322757e-01 3.093145e-01 -4.699731e+02)	(1.236108e-01 3.096953e-01 -4.699731e+02)	(8.664929e-03 -3.807178e-04 2.409372e-05)
25            	(1.356247e-01 3.582649e-01 -4.699753e+02)	(1.273089e-01 3.586785e-01 -4.699753e+02)	(8.315797e-03 -4.136422e-04 9.904213e-06)
26            	(1.258886e-01 3.600739e-01 -4.699763e+02)	(1.178498e-01 3.605166e-01 -4.699763e+02)	(8.038865e-03 -4.426460e-04 -3.734129e-06)
27            	(1.152054e-01 3.486723e-01 -4.699778e+02)	(1.073786e-01 3.491320e-01 -4.699778e+02)	(7.826750e-03 -4.596468e-04 -1.477329e-05)
28            	(1.036242e-01 3.224995e-01 -4.699825e+02)	(9.596556e-02 3.229587e-01 -4.699825e+02)	(7.658671e-03 -4.591984e-04 -2.227515e-05)
29            	(9.446572e-02 2.875037e-01 -4.699839e+02)	(8.694924e-02 2.879488e-01 -4.699839e+02)	(7.516477e-03 -4.451304e-04 -2.659697e-05)
30            	(8.862729e-02 2.539226e-01 -4.699850e+02)	(8.124720e-02 2.543473e-01 -4.699850e+02)	(7.380093e-03 -4.247824e-04 -2.889837e-05)
31            	(8.614236e-02 2.278244e-01 -4.699856e+02)	(7.890346e-02 2.282291e-01 -4.699856e+02)	(7.238902e-03 -4.046947e-04 -3.064220e-05)
32            	(8.537185e-02 2.111801e-01 -4.699860e+02)	(7.828380e-02 2.115688e-01 -4.699859e+02)	(7.088046e-03 -3.887396e-04 -3.293580e-05)
33            	(8.519642e-02 2.027151e-01 -4.699861e+02)	(7.826703e-02 2.030933e-01 -4.699861e+02)	(6.929392e-03 -3.782621e-04 -3.660222e-05)
34            	(8.522414e-02 2.002368e-01 -4.699862e+02)	(7.845400e-02 2.006104e-01 -4.699861e+02)	(6.770137e-03 -3.736206e-04 -4.163039e-05)
35            	(8.476294e-02 1.993926e-01 -4.699861e+02)	(7.814760e-02 1.997672e-01 -4.699861e+02)	(6.615339e-03 -3.745331e-04 -4.792692e-05)
36            	(8.418947e-02 2.007383e-01 -4.699861e+02)	(7.772099e-02 2.011175e-01 -4.699860e+02)	(6.468479e-03 -3.792366e-04 -5.485728e-05)
37            	(8.379044e-02 2.036276e-01 -4.699860e+02)	(7.745811e-02 2.040129e-01 -4.699859e+02)	(6.332332e-03 -3.852901e-04 -6.174182e-05)
38            	(8.382908e-02 2.081218e-01 -4.699859e+02)	(7.762162e-02 2.085129e-01 -4.699859e+02)	(6.207459e-03 -3.911546e-04 -6.832407e-05)
39            	(8.450373e-02 2.143120e-01 -4.699859e+02)	(7.841053e-02 2.147074e-01 -4.699859e+02)	(6.093204e-03 -3.954839e-04 -7.420055e-05)
40            	(8.528079e-02 2.216894e-01 -4.699894e+02)	(7.929557e-02 2.220861e-01 -4.699893e+02)	(5.985223e-03 -3.967099e-04 -7.883950e-05)
41            	(8.661424e-02 2.286659e-01 -4.699930e+02)	(8.073122e-02 2.290608e-01 -4.699929e+02)	(5.883020e-03 -3.948934e-04 -8.189191e-05)
42            	(8.835662e-02 2.355569e-01 -4.699963e+02)	(8.257109e-02 2.359469e-01 -4.699962e+02)	(5.785533e-03 -3.900669e-04 -8.363222e-05)
43            	(9.051544e-02 2.428183e-01 -4.699968e+02)	(8.482186e-02 2.432012e-01 -4.699967e+02)	(5.693580e-03 -3.829324e-04 -8.434796e-05)
44            	(9.166556e-02 2.484666e-01 -4.700002e+02)	(8.606295e-02 2.488391e-01 -4.700001e+02)	(5.602606e-03 -3.724552e-04 -8.425644e-05)
45            	(9.251406e-02 2.531743e-01 -4.700030e+02)	(8.699983e-02 2.535332e-01 -4.700029e+02)	(5.514234e-03 -3.588682e-04 -8.399042e-05)
46            	(9.293915e-02 2.561779e-01 -4.700049e+02)	(8.751024e-02 2.565208e-01 -4.700048e+02)	(5.428908e-03 -3.428814e-04 -8.404646e-05)
47            	(9.294417e-02 2.576310e-01 -4.700063e+02)	(8.759705e-02 2.579559e-01 -4.700062e+02)	(5.347125e-03 -3.249120e-04 -8.477086e-05)
48            	(9.265459e-02 2.581771e-01 -4.700075e+02)	(8.738530e-02 2.584824e-01 -4.700074e+02)	(5.269287e-03 -3.052697e-04 -8.625701e-05)
49            	(9.224339e-02 2.584323e-01 -4.700085e+02)	(8.704771e-02 2.587166e-01 -4.700085e+02)	(5.195687e-03 -2.843273e-04 -8.818350e-05)
50            	(9.182526e-02 2.587628e-01 -4.700095e+02)	(8.669913e-02 2.590253e-01 -4.700094e+02)	(5.126129e-03 -2.624407e-04 -9.005607e-05)
51            	(9.149401e-02 2.595030e-01 -4.700102e+02)	(8.643411e-02 2.597427e-01 -4.700101e+02)	(5.059896e-03 -2.396940e-04 -9.131687e-05)
52            	(9.136662e-02 2.605611e-01 -4.700102e+02)	(8.636946e-02 2.607775e-01 -4.700101e+02)	(4.997161e-03 -2.163964e-04 -9.142297e-05)
53            	(9.134154e-02 2.620319e-01 -4.700101e+02)	(8.640433e-02 2.622246e-01 -4.700100e+02)	(4.937211e-03 -1.927204e-04 -8.975576e-05)
54            	(9.139896e-02 2.644867e-01 -4.700106e+02)	(8.651987e-02 2.646555e-01 -4.700106e+02)	(4.879095e-03 -1.687462e-04 -8.584956e-05)
55            	(9.161702e-02 2.678057e-01 -4.700111e+02)	(8.679465e-02 2.679507e-01 -4.700110e+02)	(4.822376e-03 -1.450101e-04 -7.985683e-05)
56            	(9.202729e-02 2.716187e-01 -4.700110e+02)	(8.726027e-02 2.717410e-01 -4.700109e+02)	(4.767021e-03 -1.222770e-04 -7.226120e-05)
57            	(9.250539e-02 2.756808e-01 -4.700108e+02)	(8.779280e-02 2.757818e-01 -4.700107e+02)	(4.712589e-03 -1.009726e-04 -6.354805e-05)
58            	(9.304530e-02 2.798625e-01 -4.700106e+02)	(8.838629e-02 2.799440e-01 -4.700105e+02)	(4.659015e-03 -8.150283e-05 -5.414932e-05)
59            	(9.361611e-02 2.839087e-01 -4.700104e+02)	(8.900996e-02 2.839727e-01 -4.700104e+02)	(4.606149e-03 -6.400594e-05 -4.458627e-05)
60            	(9.418332e-02 2.875771e-01 -4.700103e+02)	(8.962951e-02 2.876254e-01 -4.700103e+02)	(4.553811e-03 -4.834295e-05 -3.533112e-05)
61            	(9.469096e-02 2.905238e-01 -4.700102e+02)	(9.018883e-02 2.905583e-01 -4.700102e+02)	(4.502129e-03 -3.452453e-05 -2.682539e-05)
62            	(9.513996e-02 2.928446e-01 -4.700101e+02)	(9.068894e-02 2.928671e-01 -4.700101e+02)	(4.451019e-03 -2.251528e-05 -1.942810e-05)
63            	(9.550540e-02 2.945075e-01 -4.700101e+02)	(9.110491e-02 2.945198e-01 -4.700101e+02)	(4.400491e-03 -1.239401e-05 -1.339674e-05)
64            	(9.576562e-02 2.955023e-01 -4.700101e+02)	(9.141522e-02 2.955066e-01 -4.700101e+02)	(4.350407e-03 -4.261897e-06 -8.899713e-06)
65            	(9.584979e-02 2.954712e-01 -4.700101e+02)	(9.154927e-02 2.954695e-01 -4.700101e+02)	(4.300527e-03 1.676082e-06 -5.982629e-06)
66            	(9.586104e-02 2.950925e-01 -4.700101e+02)	(9.161006e-02 2.950873e-01 -4.700101e+02)	(4.250979e-03 5.227987e-06 -4.492558e-06)
67            	(9.580745e-02 2.944210e-01 -4.700101e+02)	(9.160551e-02 2.944147e-01 -4.700101e+02)	(4.201939e-03 6.289960e-06 -4.222797e-06)
68            	(9.569454e-02 2.934752e-01 -4.700102e+02)	(9.154120e-02 2.934703e-01 -4.700102e+02)	(4.153337e-03 4.891986e-06 -5.121336e-06)
69            	(9.552582e-02 2.922759e-01 -4.700102e+02)	(9.142106e-02 2.922746e-01 -4.700102e+02)	(4.104759e-03 1.276010e-06 -7.012501e-06)
70            	(9.521132e-02 2.904332e-01 -4.700103e+02)	(9.115502e-02 2.904374e-01 -4.700103e+02)	(4.056295e-03 -4.216066e-06 -9.522402e-06)
71            	(9.463468e-02 2.880442e-01 -4.700108e+02)	(9.062685e-02 2.880552e-01 -4.700107e+02)	(4.007832e-03 -1.103845e-05 -1.225594e-05)
72            	(9.425802e-02 2.860281e-01 -4.700108e+02)	(9.029687e-02 2.860470e-01 -4.700108e+02)	(3.961151e-03 -1.887898e-05 -1.494558e-05)
73            	(9.388886e-02 2.841714e-01 -4.700109e+02)	(8.997227e-02 2.841985e-01 -4.700109e+02)	(3.916594e-03 -2.710439e-05 -1.724685e-05)
74            	(9.354946e-02 2.826107e-01 -4.700109e+02)	(8.967505e-02 2.826457e-01 -4.700109e+02)	(3.874412e-03 -3.500786e-05 -1.895439e-05)
75            	(9.326603e-02 2.814941e-01 -4.700109e+02)	(8.943162e-02 2.815358e-01 -4.700109e+02)	(3.834402e-03 -4.177904e-05 -2.003096e-05)
76            	(9.304281e-02 2.808231e-01 -4.700110e+02)	(8.924648e-02 2.808700e-01 -4.700109e+02)	(3.796330e-03 -4.691648e-05 -2.056606e-05)
77            	(9.287985e-02 2.805670e-01 -4.700110e+02)	(8.911991e-02 2.806172e-01 -4.700110e+02)	(3.759934e-03 -5.024600e-05 -2.057096e-05)
78            	(9.279151e-02 2.807340e-01 -4.700110e+02)	(8.906659e-02 2.807858e-01 -4.700110e+02)	(3.724924e-03 -5.184289e-05 -1.996294e-05)
79            	(9.278994e-02 2.813549e-01 -4.700111e+02)	(8.909884e-02 2.814068e-01 -4.700111e+02)	(3.691100e-03 -5.192316e-05 -1.880140e-05)
80            	(9.294347e-02 2.827559e-01 -4.700112e+02)	(8.928504e-02 2.828065e-01 -4.700112e+02)	(3.658432e-03 -5.059240e-05 -1.742972e-05)
81            	(9.319041e-02 2.845144e-01 -4.700113e+02)	(8.956349e-02 2.845623e-01 -4.700113e+02)	(3.626921e-03 -4.790867e-05 -1.631206e-05)
82            	(9.352759e-02 2.866016e-01 -4.700114e+02)	(8.993115e-02 2.866453e-01 -4.700114e+02)	(3.596435e-03 -4.374535e-05 -1.586431e-05)
83            	(9.392603e-02 2.888608e-01 -4.700115e+02)	(9.035891e-02 2.888991e-01 -4.700115e+02)	(3.567124e-03 -3.824069e-05 -1.614232e-05)
84            	(9.434731e-02 2.911072e-01 -4.700116e+02)	(9.080857e-02 2.911388e-01 -4.700115e+02)	(3.538744e-03 -3.157235e-05 -1.711540e-05)
85            	(9.477160e-02 2.932609e-01 -4.700116e+02)	(9.126043e-02 2.932849e-01 -4.700116e+02)	(3.511173e-03 -2.394558e-05 -1.859686e-05)
86            	(9.517375e-02 2.952163e-01 -4.700116e+02)	(9.168959e-02 2.952320e-01 -4.700116e+02)	(3.484157e-03 -1.565059e-05 -2.033055e-05)
87            	(9.554515e-02 2.969518e-01 -4.700116e+02)	(9.208770e-02 2.969588e-01 -4.700116e+02)	(3.457446e-03 -6.947294e-06 -2.201654e-05)
88            	(9.588088e-02 2.984539e-01 -4.700115e+02)	(9.244981e-02 2.984521e-01 -4.700115e+02)	(3.431068e-03 1.820517e-06 -2.338873e-05)
89            	(9.618354e-02 2.997457e-01 -4.700114e+02)	(9.277846e-02 2.997354e-01 -4.700114e+02)	(3.405080e-03 1.031608e-05 -2.418207e-05)
90            	(9.647195e-02 3.009259e-01 -4.700113e+02)	(9.309254e-02 3.009076e-01 -4.700112e+02)	(3.379412e-03 1.833159e-05 -2.414612e-05)
91            	(9.683693e-02 3.019584e-01 -4.700107e+02)	(9.348207e-02 3.019327e-01 -4.700106e+02)	(3.354859e-03 2.566954e-05 -2.296994e-05)
92            	(9.709945e-02 3.027629e-01 -4.700101e+02)	(9.376819e-02 3.027305e-01 -4.700101e+02)	(3.331259e-03 3.237555e-05 -2.042026e-05)
93            	(9.722729e-02 3.031692e-01 -4.700099e+02)	(9.391869e-02 3.031307e-01 -4.700099e+02)	(3.308602e-03 3.851708e-05 -1.645558e-05)
94            	(9.734027e-02 3.035561e-01 -4.700097e+02)	(9.405321e-02 3.035118e-01 -4.700097e+02)	(3.287056e-03 4.422611e-05 -1.110047e-05)
95            	(9.743860e-02 3.039649e-01 -4.700095e+02)	(9.417221e-02 3.039152e-01 -4.700095e+02)	(3.266397e-03 4.974015e-05 -4.622319e-06)
96            	(9.752046e-02 3.044163e-01 -4.700093e+02)	(9.427396e-02 3.043611e-01 -4.700093e+02)	(3.246502e-03 5.515827e-05 2.511026e-06)
97            	(9.760057e-02 3.049674e-01 -4.700091e+02)	(9.437333e-02 3.049069e-01 -4.700091e+02)	(3.227238e-03 6.049774e-05 9.704640e-06)
98            	(9.768603e-02 3.056268e-01 -4.700090e+02)	(9.447775e-02 3.055611e-01 -4.700090e+02)	(3.208277e-03 6.569085e-05 1.644025e-05)
99            	(9.778256e-02 3.063923e-01 -4.700088e+02)	(9.459319e-02 3.063217e-01 -4.700088e+02)	(3.189368e-03 7.058162e-05 2.247084e-05)
100           	(9.786186e-02 3.071025e-01 -4.700084e+02)	(9.469167e-02 3.070274e-01 -4.700084e+02)	(3.170197e-03 7.507546e-05 2.777627e-05)
101           	(9.799421e-02 3.079486e-01 -4.700078e+02)	(9.484359e-02 3.078696e-01 -4.700079e+02)	(3.150622e-03 7.906549e-05 3.247901e-05)
102           	(9.815077e-02 3.088825e-01 -4.700078e+02)	(9.502017e-02 3.088000e-01 -4.700078e+02)	(3.130601e-03 8.252034e-05 3.668125e-05)
103           	(9.830519e-02 3.097680e-01 -4.700077e+02)	(9.519527e-02 3.096827e-01 -4.700077e+02)	(3.109912e-03 8.539768e-05 4.047158e-05)
104           	(9.845447e-02 3.105847e-01 -4.700076e+02)	(9.536596e-02 3.104970e-01 -4.700077e+02)	(3.088503e-03 8.766176e-05 4.390010e-05)
105           	(9.859704e-02 3.113201e-01 -4.700076e+02)	(9.553067e-02 3.112309e-01 -4.700076e+02)	(3.066376e-03 8.929779e-05 4.697670e-05)
106           	(9.873192e-02 3.119665e-01 -4.700075e+02)	(9.568844e-02 3.118762e-01 -4.700076e+02)	(3.043478e-03 9.025086e-05 4.977572e-05)
107           	(9.885764e-02 3.125273e-01 -4.700075e+02)	(9.583781e-02 3.124369e-01 -4.700076e+02)	(3.019828e-03 9.041224e-05 5.231286e-05)
108           	(9.922337e-02 3.137726e-01 -4.700071e+02)	(9.622716e-02 3.136830e-01 -4.700071e+02)	(2.996207e-03 8.963228e-05 5.447320e-05)
109           	(9.929961e-02 3.140760e-01 -4.700071e+02)	(9.632753e-02 3.139879e-01 -4.700072e+02)	(2.972078e-03 8.805642e-05 5.611790e-05)
110           	(9.935028e-02 3.142850e-01 -4.700072e+02)	(9.640249e-02 3.141992e-01 -4.700073e+02)	(2.947783e-03 8.580722e-05 5.709190e-05)
111           	(9.937661e-02 3.144325e-01 -4.700073e+02)	(9.645311e-02 3.143495e-01 -4.700073e+02)	(2.923503e-03 8.301024e-05 5.730979e-05)
112           	(9.938247e-02 3.145631e-01 -4.700074e+02)	(9.648309e-02 3.144832e-01 -4.700075e+02)	(2.899380e-03 7.985870e-05 5.661143e-05)
113           	(9.937567e-02 3.147195e-01 -4.700075e+02)	(9.650018e-02 3.146429e-01 -4.700076e+02)	(2.875486e-03 7.660011e-05 5.490400e-05)
114           	(9.936100e-02 3.149487e-01 -4.700077e+02)	(9.650925e-02 3.148752e-01 -4.700077e+02)	(2.851756e-03 7.343452e-05 5.231466e-05)
115           	(9.935795e-02 3.153748e-01 -4.700078e+02)	(9.652982e-02 3.153043e-01 -4.700079e+02)	(2.828129e-03 7.057818e-05 4.907284e-05)
116           	(9.935783e-02 3.159203e-01 -4.700079e+02)	(9.655308e-02 3.158522e-01 -4.700080e+02)	(2.804744e-03 6.812708e-05 4.541417e-05)
117           	(9.936482e-02 3.165917e-01 -4.700080e+02)	(9.658320e-02 3.165255e-01 -4.700081e+02)	(2.781614e-03 6.622870e-05 4.162649e-05)
118           	(9.937791e-02 3.173606e-01 -4.700081e+02)	(9.661913e-02 3.172957e-01 -4.700081e+02)	(2.758786e-03 6.493702e-05 3.800270e-05)
119           	(9.939584e-02 3.181870e-01 -4.700082e+02)	(9.665956e-02 3.181227e-01 -4.700082e+02)	(2.736279e-03 6.431157e-05 3.470605e-05)
120           	(9.941726e-02 3.190361e-01 -4.700082e+02)	(9.670308e-02 3.189717e-01 -4.700083e+02)	(2.714179e-03 6.435063e-05 3.187936e-05)
121           	(9.944105e-02 3.198769e-01 -4.700082e+02)	(9.674838e-02 3.198119e-01 -4.700083e+02)	(2.692671e-03 6.497639e-05 2.965876e-05)
122           	(9.946863e-02 3.207043e-01 -4.700083e+02)	(9.679680e-02 3.206381e-01 -4.700083e+02)	(2.671828e-03 6.614319e-05 2.799685e-05)
123           	(9.948845e-02 3.214399e-01 -4.700083e+02)	(9.683668e-02 3.213722e-01 -4.700083e+02)	(2.651769e-03 6.778636e-05 2.681607e-05)
124           	(9.952398e-02 3.222127e-01 -4.700083e+02)	(9.689153e-02 3.221429e-01 -4.700083e+02)	(2.632447e-03 6.986514e-05 2.604484e-05)
125           	(9.957768e-02 3.230316e-01 -4.700083e+02)	(9.696384e-02 3.229593e-01 -4.700083e+02)	(2.613835e-03 7.233599e-05 2.559362e-05)
126           	(9.965112e-02 3.238997e-01 -4.700083e+02)	(9.705524e-02 3.238246e-01 -4.700083e+02)	(2.595887e-03 7.519182e-05 2.539038e-05)
127           	(9.976120e-02 3.249114e-01 -4.700083e+02)	(9.718259e-02 3.248330e-01 -4.700083e+02)	(2.578607e-03 7.841572e-05 2.539210e-05)
128           	(9.989304e-02 3.259743e-01 -4.700083e+02)	(9.733100e-02 3.258924e-01 -4.700083e+02)	(2.562038e-03 8.194748e-05 2.552092e-05)
129           	(1.000477e-01 3.270873e-01 -4.700083e+02)	(9.750171e-02 3.270015e-01 -4.700084e+02)	(2.545977e-03 8.574303e-05 2.576834e-05)
130           	(1.002260e-01 3.282473e-01 -4.700083e+02)	(9.769576e-02 3.281575e-01 -4.700084e+02)	(2.530248e-03 8.976752e-05 2.611196e-05)
131           	(1.004260e-01 3.294394e-01 -4.700084e+02)	(9.791114e-02 3.293455e-01 -4.700084e+02)	(2.514820e-03 9.395260e-05 2.647623e-05)
132           	(1.006465e-01 3.306574e-01 -4.700084e+02)	(9.814696e-02 3.305592e-01 -4.700084e+02)	(2.499578e-03 9.820645e-05 2.676025e-05)
133           	(1.008780e-01 3.318620e-01 -4.700084e+02)	(9.839373e-02 3.317595e-01 -4.700084e+02)	(2.484272e-03 1.024887e-04 2.677362e-05)
134           	(1.011091e-01 3.330102e-01 -4.700085e+02)	(9.864025e-02 3.329034e-01 -4.700085e+02)	(2.468814e-03 1.067588e-04 2.631176e-05)
135           	(1.013288e-01 3.340665e-01 -4.700085e+02)	(9.887562e-02 3.339556e-01 -4.700085e+02)	(2.453193e-03 1.109111e-04 2.532464e-05)
136           	(1.015384e-01 3.350594e-01 -4.700086e+02)	(9.910100e-02 3.349446e-01 -4.700086e+02)	(2.437432e-03 1.148388e-04 2.372942e-05)
137           	(1.017063e-01 3.358565e-01 -4.700087e+02)	(9.928467e-02 3.357380e-01 -4.700087e+02)	(2.421585e-03 1.184926e-04 2.137973e-05)
138           	(1.018398e-01 3.365189e-01 -4.700088e+02)	(9.943419e-02 3.363971e-01 -4.700088e+02)	(2.405630e-03 1.218642e-04 1.825131e-05)
139           	(1.019376e-01 3.370506e-01 -4.700089e+02)	(9.954814e-02 3.369257e-01 -4.700089e+02)	(2.389420e-03 1.248783e-04 1.450984e-05)
140           	(1.019633e-01 3.372512e-01 -4.700090e+02)	(9.959020e-02 3.371236e-01 -4.700090e+02)	(2.373082e-03 1.275371e-04 1.017087e-05)
141           	(1.019796e-01 3.374716e-01 -4.700091e+02)	(9.962279e-02 3.373417e-01 -4.700091e+02)	(2.356780e-03 1.298842e-04 5.247506e-06)
142           	(1.019765e-01 3.376437e-01 -4.700092e+02)	(9.963590e-02 3.375118e-01 -4.700092e+02)	(2.340614e-03 1.319314e-04 -1.525095e-07)
143           	(1.019571e-01 3.377706e-01 -4.700094e+02)	(9.963240e-02 3.376369e-01 -4.700094e+02)	(2.324668e-03 1.337504e-04 -5.979170e-06)
144           	(1.019244e-01 3.378555e-01 -4.700095e+02)	(9.961543e-02 3.377200e-01 -4.700095e+02)	(2.308963e-03 1.354454e-04 -1.210121e-05)
145           	(1.018821e-01 3.379028e-01 -4.700096e+02)	(9.958855e-02 3.377657e-01 -4.700096e+02)	(2.293524e-03 1.370802e-04 -1.840279e-05)
146           	(1.018344e-01 3.379203e-01 -4.700098e+02)	(9.955605e-02 3.377816e-01 -4.700097e+02)	(2.278358e-03 1.387049e-04 -2.483847e-05)
147           	(1.017857e-01 3.379187e-01 -4.700099e+02)	(9.952228e-02 3.377783e-01 -4.700099e+02)	(2.263437e-03 1.403471e-04 -3.135463e-05)
148           	(1.017396e-01 3.379126e-01 -4.700101e+02)	(9.949077e-02 3.377706e-01 -4.700100e+02)	(2.248800e-03 1.420311e-04 -3.794279e-05)
149           	(1.016991e-01 3.379152e-01 -4.700102e+02)	(9.946458e-02 3.377714e-01 -4.700102e+02)	(2.234546e-03 1.437781e-04 -4.463016e-05)
150           	(1.016662e-01 3.379409e-01 -4.700104e+02)	(9.944543e-02 3.377954e-01 -4.700103e+02)	(2.220748e-03 1.455424e-04 -5.148469e-05)
151           	(1.016433e-01 3.380123e-01 -4.700105e+02)	(9.943586e-02 3.378651e-01 -4.700105e+02)	(2.207476e-03 1.472652e-04 -5.857681e-05)
152           	(1.016382e-01 3.382098e-01 -4.700107e+02)	(9.944349e-02 3.380608e-01 -4.700107e+02)	(2.194694e-03 1.489877e-04 -6.597796e-05)
153           	(1.016470e-01 3.384987e-01 -4.700109e+02)	(9.946457e-02 3.383480e-01 -4.700109e+02)	(2.182382e-03 1.507095e-04 -7.377000e-05)
154           	(1.016758e-01 3.389220e-01 -4.700112e+02)	(9.950532e-02 3.387696e-01 -4.700111e+02)	(2.170528e-03 1.524555e-04 -8.203202e-05)
155           	(1.017218e-01 3.394722e-01 -4.700114e+02)	(9.956274e-02 3.393180e-01 -4.700113e+02)	(2.159065e-03 1.542444e-04 -9.077714e-05)
156           	(1.017900e-01 3.401852e-01 -4.700117e+02)	(9.964210e-02 3.400292e-01 -4.700116e+02)	(2.147902e-03 1.560645e-04 -9.998764e-05)
157           	(1.018708e-01 3.410006e-01 -4.700120e+02)	(9.973387e-02 3.408427e-01 -4.700119e+02)	(2.136944e-03 1.579010e-04 -1.096000e-04)
158           	(1.019590e-01 3.418755e-01 -4.700122e+02)	(9.983292e-02 3.417157e-01 -4.700121e+02)	(2.126101e-03 1.597546e-04 -1.195194e-04)
159           	(1.020416e-01 3.427297e-01 -4.700125e+02)	(9.992623e-02 3.425681e-01 -4.700124e+02)	(2.115336e-03 1.616150e-04 -1.296418e-04)
160           	(1.021287e-01 3.436024e-01 -4.700128e+02)	(1.000242e-01 3.434389e-01 -4.700126e+02)	(2.104564e-03 1.634934e-04 -1.398218e-04)
161           	(1.022177e-01 3.444675e-01 -4.700130e+02)	(1.001239e-01 3.443021e-01 -4.700129e+02)	(2.093725e-03 1.653984e-04 -1.499206e-04)
162           	(1.023122e-01 3.453358e-01 -4.700132e+02)	(1.002294e-01 3.451685e-01 -4.700131e+02)	(2.082771e-03 1.673181e-04 -1.598172e-04)
163           	(1.024129e-01 3.462035e-01 -4.700135e+02)	(1.003413e-01 3.460343e-01 -4.700133e+02)	(2.071636e-03 1.692425e-04 -1.694060e-04)
164           	(1.025194e-01 3.470654e-01 -4.700137e+02)	(1.004592e-01 3.468942e-01 -4.700135e+02)	(2.060240e-03 1.711880e-04 -1.785599e-04)
165           	(1.026307e-01 3.479156e-01 -4.700139e+02)	(1.005821e-01 3.477424e-01 -4.700137e+02)	(2.048518e-03 1.731669e-04 -1.871736e-04)
166           	(1.027445e-01 3.487460e-01 -4.700140e+02)	(1.007081e-01 3.485708e-01 -4.700138e+02)	(2.036412e-03 1.751948e-04 -1.951845e-04)
167           	(1.028584e-01 3.495490e-01 -4.700142e+02)	(1.008345e-01 3.493717e-01 -4.700140e+02)	(2.023896e-03 1.772877e-04 -2.025436e-04)
168           	(1.029697e-01 3.503186e-01 -4.700143e+02)	(1.009588e-01 3.501391e-01 -4.700141e+02)	(2.010955e-03 1.794621e-04 -2.092361e-04)
169           	(1.030751e-01 3.510451e-01 -4.700145e+02)	(1.010775e-01 3.508634e-01 -4.700143e+02)	(1.997596e-03 1.817271e-04 -2.152835e-04)
170           	(1.031740e-01 3.517357e-01 -4.700146e+02)	(1.011901e-01 3.515516e-01 -4.700144e+02)	(1.983830e-03 1.840744e-04 -2.207206e-04)
171           	(1.032620e-01 3.523781e-01 -4.700147e+02)	(1.012924e-01 3.521917e-01 -4.700145e+02)	(1.969668e-03 1.864904e-04 -2.256010e-04)
172           	(1.033415e-01 3.529900e-01 -4.700148e+02)	(1.013864e-01 3.528010e-01 -4.700146e+02)	(1.955132e-03 1.889616e-04 -2.299949e-04)
173           	(1.034142e-01 3.535827e-01 -4.700149e+02)	(1.014740e-01 3.533912e-01 -4.700147e+02)	(1.940229e-03 1.914563e-04 -2.339797e-04)
174           	(1.034817e-01 3.541629e-01 -4.700150e+02)	(1.015567e-01 3.539690e-01 -4.700148e+02)	(1.924978e-03 1.939439e-04 -2.376144e-04)
175           	(1.035460e-01 3.547374e-01 -4.700151e+02)	(1.016366e-01 3.545411e-01 -4.700149e+02)	(1.909426e-03 1.963865e-04 -2.409607e-04)
176           	(1.036090e-01 3.553127e-01 -4.700152e+02)	(1.017154e-01 3.551140e-01 -4.700149e+02)	(1.893617e-03 1.987480e-04 -2.440711e-04)
177           	(1.036628e-01 3.558374e-01 -4.700152e+02)	(1.017852e-01 3.556364e-01 -4.700150e+02)	(1.877564e-03 2.009857e-04 -2.469694e-04)
178           	(1.037205e-01 3.563820e-01 -4.700153e+02)	(1.018592e-01 3.561789e-01 -4.700151e+02)	(1.861292e-03 2.030820e-04 -2.496457e-04)
179           	(1.037916e-01 3.569980e-01 -4.700154e+02)	(1.019468e-01 3.567929e-01 -4.700151e+02)	(1.844799e-03 2.050380e-04 -2.520794e-04)
180           	(1.038640e-01 3.576083e-01 -4.700154e+02)	(1.020359e-01 3.574015e-01 -4.700152e+02)	(1.828105e-03 2.068439e-04 -2.542507e-04)
181           	(1.039425e-01 3.582382e-01 -4.700155e+02)	(1.021313e-01 3.580297e-01 -4.700152e+02)	(1.811240e-03 2.085022e-04 -2.561473e-04)
182           	(1.040193e-01 3.588399e-01 -4.700155e+02)	(1.022251e-01 3.586298e-01 -4.700153e+02)	(1.794241e-03 2.100333e-04 -2.577588e-04)
183           	(1.040936e-01 3.594109e-01 -4.700156e+02)	(1.023165e-01 3.591995e-01 -4.700153e+02)	(1.777150e-03 2.114604e-04 -2.590872e-04)
184           	(1.041632e-01 3.599448e-01 -4.700156e+02)	(1.024032e-01 3.597320e-01 -4.700154e+02)	(1.759998e-03 2.128253e-04 -2.601265e-04)
185           	(1.042271e-01 3.604445e-01 -4.700156e+02)	(1.024843e-01 3.602303e-01 -4.700154e+02)	(1.742783e-03 2.141789e-04 -2.608670e-04)
186           	(1.042808e-01 3.608910e-01 -4.700157e+02)	(1.025553e-01 3.606755e-01 -4.700154e+02)	(1.725507e-03 2.155650e-04 -2.613104e-04)
187           	(1.043294e-01 3.613221e-01 -4.700157e+02)	(1.026212e-01 3.611051e-01 -4.700154e+02)	(1.708187e-03 2.170302e-04 -2.614684e-04)
188           	(1.043335e-01 3.615534e-01 -4.700157e+02)	(1.026427e-01 3.613348e-01 -4.700154e+02)	(1.690826e-03 2.185784e-04 -2.613462e-04)
189           	(1.043332e-01 3.617848e-01 -4.700157e+02)	(1.026597e-01 3.615646e-01 -4.700154e+02)	(1.673473e-03 2.202402e-04 -2.609582e-04)
190           	(1.043476e-01 3.620948e-01 -4.700157e+02)	(1.026914e-01 3.618727e-01 -4.700154e+02)	(1.656179e-03 2.220496e-04 -2.603030e-04)
191           	(1.044098e-01 3.626328e-01 -4.700157e+02)	(1.027708e-01 3.624087e-01 -4.700154e+02)	(1.639020e-03 2.240387e-04 -2.593987e-04)
192           	(1.044635e-01 3.631395e-01 -4.700157e+02)	(1.028415e-01 3.629133e-01 -4.700154e+02)	(1.622005e-03 2.261922e-04 -2.582615e-04)
193           	(1.045175e-01 3.636571e-01 -4.700157e+02)	(1.029123e-01 3.634286e-01 -4.700154e+02)	(1.605193e-03 2.285072e-04 -2.569047e-04)
194           	(1.045680e-01 3.641670e-01 -4.700157e+02)	(1.029793e-01 3.639361e-01 -4.700154e+02)	(1.588623e-03 2.309795e-04 -2.553519e-04)
195           	(1.045739e-01 3.644890e-01 -4.700157e+02)	(1.030016e-01 3.642554e-01 -4.700154e+02)	(1.572285e-03 2.335778e-04 -2.536264e-04)
196           	(1.046551e-01 3.651352e-01 -4.700157e+02)	(1.030988e-01 3.648989e-01 -4.700154e+02)	(1.556318e-03 2.363050e-04 -2.517540e-04)
197           	(1.047349e-01 3.657606e-01 -4.700157e+02)	(1.031942e-01 3.655214e-01 -4.700155e+02)	(1.540733e-03 2.391352e-04 -2.497575e-04)
198           	(1.047373e-01 3.660371e-01 -4.700157e+02)	(1.032118e-01 3.657951e-01 -4.700154e+02)	(1.525440e-03 2.420118e-04 -2.476583e-04)
199           	(1.048218e-01 3.666365e-01 -4.700157e+02)	(1.033112e-01 3.663915e-01 -4.700154e+02)	(1.510604e-03 2.449162e-04 -2.455077e-04)
200           	(1.048996e-01 3.671771e-01 -4.700157e+02)	(1.034034e-01 3.669293e-01 -4.700154e+02)	(1.496240e-03 2.478139e-04 -2.433561e-04)
201           	(1.049782e-01 3.676905e-01 -4.700157e+02)	(1.034958e-01 3.674398e-01 -4.700154e+02)	(1.482408e-03 2.506578e-04 -2.412432e-04)
202           	(1.050463e-01 3.681212e-01 -4.700157e+02)	(1.035772e-01 3.678678e-01 -4.700154e+02)	(1.469139e-03 2.534107e-04 -2.392124e-04)
203           	(1.051036e-01 3.684718e-01 -4.700157e+02)	(1.036471e-01 3.682157e-01 -4.700154e+02)	(1.456443e-03 2.560448e-04 -2.373072e-04)
204           	(1.051091e-01 3.685856e-01 -4.700156e+02)	(1.036649e-01 3.683270e-01 -4.700154e+02)	(1.444209e-03 2.585382e-04 -2.355530e-04)
205           	(1.051138e-01 3.686715e-01 -4.700156e+02)	(1.036814e-01 3.684106e-01 -4.700154e+02)	(1.432416e-03 2.608979e-04 -2.339685e-04)
206           	(1.051187e-01 3.687396e-01 -4.700156e+02)	(1.036977e-01 3.684764e-01 -4.700153e+02)	(1.421025e-03 2.631382e-04 -2.325757e-04)
207           	(1.051250e-01 3.687997e-01 -4.700155e+02)	(1.037150e-01 3.685345e-01 -4.700153e+02)	(1.409994e-03 2.652673e-04 -2.313853e-04)
208           	(1.051730e-01 3.690130e-01 -4.700155e+02)	(1.037736e-01 3.687457e-01 -4.700153e+02)	(1.399355e-03 2.673102e-04 -2.304086e-04)
209           	(1.051899e-01 3.691063e-01 -4.700155e+02)	(1.038009e-01 3.688371e-01 -4.700153e+02)	(1.388987e-03 2.692751e-04 -2.296756e-04)
210           	(1.052093e-01 3.692140e-01 -4.700155e+02)	(1.038305e-01 3.689428e-01 -4.700153e+02)	(1.378859e-03 2.711997e-04 -2.291942e-04)
211           	(1.052693e-01 3.694930e-01 -4.700155e+02)	(1.039003e-01 3.692199e-01 -4.700153e+02)	(1.368964e-03 2.731485e-04 -2.289833e-04)
212           	(1.052933e-01 3.696351e-01 -4.700155e+02)	(1.039341e-01 3.693600e-01 -4.700153e+02)	(1.359141e-03 2.751626e-04 -2.290320e-04)
213           	(1.053614e-01 3.699709e-01 -4.700155e+02)	(1.040120e-01 3.696936e-01 -4.700153e+02)	(1.349426e-03 2.772712e-04 -2.293332e-04)
214           	(1.054305e-01 3.703185e-01 -4.700155e+02)	(1.040907e-01 3.700390e-01 -4.700153e+02)	(1.339752e-03 2.794755e-04 -2.298802e-04)
215           	(1.054990e-01 3.706667e-01 -4.700156e+02)	(1.041689e-01 3.703850e-01 -4.700153e+02)	(1.330126e-03 2.817545e-04 -2.306670e-04)
216           	(1.055661e-01 3.710067e-01 -4.700156e+02)	(1.042456e-01 3.707226e-01 -4.700154e+02)	(1.320509e-03 2.841053e-04 -2.316778e-04)
217           	(1.056313e-01 3.713329e-01 -4.700156e+02)	(1.043204e-01 3.710464e-01 -4.700154e+02)	(1.310862e-03 2.865285e-04 -2.328913e-04)
218           	(1.056509e-01 3.714566e-01 -4.700156e+02)	(1.043498e-01 3.711676e-01 -4.700154e+02)	(1.301100e-03 2.889970e-04 -2.342808e-04)
219           	(1.056779e-01 3.716023e-01 -4.700157e+02)	(1.043866e-01 3.713108e-01 -4.700154e+02)	(1.291292e-03 2.914690e-04 -2.358893e-04)
220           	(1.057611e-01 3.719736e-01 -4.700157e+02)	(1.044796e-01 3.716797e-01 -4.700155e+02)	(1.281511e-03 2.939210e-04 -2.377295e-04)
221           	(1.058576e-01 3.723902e-01 -4.700158e+02)	(1.045858e-01 3.720939e-01 -4.700155e+02)	(1.271787e-03 2.963082e-04 -2.398175e-04)
222           	(1.059435e-01 3.727490e-01 -4.700158e+02)	(1.046813e-01 3.724504e-01 -4.700156e+02)	(1.262151e-03 2.985901e-04 -2.421613e-04)
223           	(1.060286e-01 3.730935e-01 -4.700159e+02)	(1.047759e-01 3.727928e-01 -4.700157e+02)	(1.252633e-03 3.007469e-04 -2.447864e-04)
224           	(1.060730e-01 3.732667e-01 -4.700160e+02)	(1.048298e-01 3.729639e-01 -4.700157e+02)	(1.243156e-03 3.027778e-04 -2.476939e-04)
225           	(1.061721e-01 3.736481e-01 -4.700161e+02)	(1.049383e-01 3.733435e-01 -4.700158e+02)	(1.233832e-03 3.046866e-04 -2.509203e-04)
226           	(1.062685e-01 3.740088e-01 -4.700162e+02)	(1.050439e-01 3.737024e-01 -4.700159e+02)	(1.224618e-03 3.064751e-04 -2.544499e-04)
227           	(1.063603e-01 3.743426e-01 -4.700163e+02)	(1.051448e-01 3.740345e-01 -4.700161e+02)	(1.215497e-03 3.081454e-04 -2.582776e-04)
228           	(1.064277e-01 3.745770e-01 -4.700164e+02)	(1.052213e-01 3.742673e-01 -4.700162e+02)	(1.206426e-03 3.096950e-04 -2.624259e-04)
229           	(1.064766e-01 3.747429e-01 -4.700166e+02)	(1.052792e-01 3.744318e-01 -4.700163e+02)	(1.197368e-03 3.111161e-04 -2.668933e-04)
230           	(1.065469e-01 3.749802e-01 -4.700167e+02)	(1.053585e-01 3.746678e-01 -4.700164e+02)	(1.188412e-03 3.123955e-04 -2.716611e-04)
231           	(1.066393e-01 3.753008e-01 -4.700169e+02)	(1.054596e-01 3.749872e-01 -4.700166e+02)	(1.179612e-03 3.135277e-04 -2.767303e-04)
232           	(1.067318e-01 3.756239e-01 -4.700170e+02)	(1.055608e-01 3.753094e-01 -4.700167e+02)	(1.171007e-03 3.145023e-04 -2.820700e-04)
233           	(1.068240e-01 3.759492e-01 -4.700172e+02)	(1.056614e-01 3.756339e-01 -4.700169e+02)	(1.162650e-03 3.153067e-04 -2.876758e-04)
234           	(1.068977e-01 3.762038e-01 -4.700173e+02)	(1.057431e-01 3.758879e-01 -4.700170e+02)	(1.154555e-03 3.159491e-04 -2.935169e-04)
235           	(1.069923e-01 3.765478e-01 -4.700175e+02)	(1.058455e-01 3.762314e-01 -4.700172e+02)	(1.146789e-03 3.164397e-04 -2.995731e-04)
236           	(1.070688e-01 3.768209e-01 -4.700177e+02)	(1.059295e-01 3.765041e-01 -4.700173e+02)	(1.139328e-03 3.167963e-04 -3.058148e-04)
237           	(1.071486e-01 3.771114e-01 -4.700178e+02)	(1.060164e-01 3.767944e-01 -4.700175e+02)	(1.132195e-03 3.170239e-04 -3.122107e-04)
238           	(1.072328e-01 3.774234e-01 -4.700180e+02)	(1.061074e-01 3.771063e-01 -4.700176e+02)	(1.125388e-03 3.171133e-04 -3.187428e-04)
239           	(1.073437e-01 3.778495e-01 -4.700181e+02)	(1.062248e-01 3.775325e-01 -4.700178e+02)	(1.118943e-03 3.170576e-04 -3.253814e-04)
240           	(1.074573e-01 3.782858e-01 -4.700183e+02)	(1.063444e-01 3.779689e-01 -4.700179e+02)	(1.112888e-03 3.168209e-04 -3.321042e-04)
241           	(1.075731e-01 3.787290e-01 -4.700184e+02)	(1.064658e-01 3.784126e-01 -4.700181e+02)	(1.107276e-03 3.163682e-04 -3.388833e-04)
242           	(1.076907e-01 3.791775e-01 -4.700185e+02)	(1.065886e-01 3.788619e-01 -4.700182e+02)	(1.102120e-03 3.156920e-04 -3.456973e-04)
243           	(1.078101e-01 3.796316e-01 -4.700187e+02)	(1.067126e-01 3.793168e-01 -4.700183e+02)	(1.097418e-03 3.147890e-04 -3.525518e-04)
244           	(1.079205e-01 3.800508e-01 -4.700188e+02)	(1.068273e-01 3.797372e-01 -4.700185e+02)	(1.093151e-03 3.136582e-04 -3.594489e-04)
245           	(1.080422e-01 3.805185e-01 -4.700189e+02)	(1.069529e-01 3.802062e-01 -4.700186e+02)	(1.089318e-03 3.123176e-04 -3.663909e-04)
246           	(1.081641e-01 3.809923e-01 -4.700191e+02)	(1.070783e-01 3.806815e-01 -4.700187e+02)	(1.085867e-03 3.108019e-04 -3.733614e-04)
247           	(1.082962e-01 3.815131e-01 -4.700192e+02)	(1.072134e-01 3.812040e-01 -4.700188e+02)	(1.082768e-03 3.091554e-04 -3.803397e-04)
248           	(1.084258e-01 3.820344e-01 -4.700193e+02)	(1.073459e-01 3.817270e-01 -4.700189e+02)	(1.079968e-03 3.074138e-04 -3.873091e-04)
249           	(1.085525e-01 3.825563e-01 -4.700194e+02)	(1.074751e-01 3.822507e-01 -4.700190e+02)	(1.077439e-03 3.056065e-04 -3.942322e-04)
250           	(1.086461e-01 3.829543e-01 -4.700195e+02)	(1.075710e-01 3.826506e-01 -4.700191e+02)	(1.075167e-03 3.037453e-04 -4.010880e-04)
251           	(1.087420e-01 3.833798e-01 -4.700197e+02)	(1.076688e-01 3.830779e-01 -4.700193e+02)	(1.073201e-03 3.018471e-04 -4.078704e-04)
252           	(1.088620e-01 3.839326e-01 -4.700198e+02)	(1.077905e-01 3.836326e-01 -4.700194e+02)	(1.071569e-03 2.999627e-04 -4.145708e-04)
253           	(1.089636e-01 3.844242e-01 -4.700199e+02)	(1.078934e-01 3.841261e-01 -4.700195e+02)	(1.070209e-03 2.981249e-04 -4.211630e-04)
254           	(1.090807e-01 3.850072e-01 -4.700200e+02)	(1.080115e-01 3.847108e-01 -4.700195e+02)	(1.069125e-03 2.963698e-04 -4.276226e-04)
255           	(1.092015e-01 3.856285e-01 -4.700201e+02)	(1.081332e-01 3.853338e-01 -4.700196e+02)	(1.068261e-03 2.947217e-04 -4.339146e-04)
256           	(1.093254e-01 3.862827e-01 -4.700202e+02)	(1.082578e-01 3.859895e-01 -4.700197e+02)	(1.067563e-03 2.931994e-04 -4.399904e-04)
257           	(1.094508e-01 3.869601e-01 -4.700202e+02)	(1.083838e-01 3.866683e-01 -4.700198e+02)	(1.066995e-03 2.918017e-04 -4.458142e-04)
258           	(1.095762e-01 3.876495e-01 -4.700203e+02)	(1.085097e-01 3.873590e-01 -4.700199e+02)	(1.066535e-03 2.905102e-04 -4.513587e-04)
259           	(1.097001e-01 3.883403e-01 -4.700204e+02)	(1.086340e-01 3.880510e-01 -4.700199e+02)	(1.066183e-03 2.893007e-04 -4.565940e-04)
260           	(1.098091e-01 3.889669e-01 -4.700204e+02)	(1.087432e-01 3.886788e-01 -4.700200e+02)	(1.065946e-03 2.881449e-04 -4.615011e-04)
261           	(1.099172e-01 3.895949e-01 -4.700205e+02)	(1.088514e-01 3.893079e-01 -4.700200e+02)	(1.065840e-03 2.870317e-04 -4.660631e-04)
262           	(1.100246e-01 3.902264e-01 -4.700205e+02)	(1.089587e-01 3.899405e-01 -4.700201e+02)	(1.065874e-03 2.859613e-04 -4.702649e-04)
263           	(1.101436e-01 3.909243e-01 -4.700206e+02)	(1.090776e-01 3.906393e-01 -4.700201e+02)	(1.066027e-03 2.849454e-04 -4.740954e-04)
264           	(1.102608e-01 3.916282e-01 -4.700206e+02)	(1.091945e-01 3.913442e-01 -4.700201e+02)	(1.066256e-03 2.840023e-04 -4.775371e-04)
265           	(1.103848e-01 3.923794e-01 -4.700207e+02)	(1.093183e-01 3.920963e-01 -4.700202e+02)	(1.066527e-03 2.831490e-04 -4.805790e-04)
266           	(1.105037e-01 3.931171e-01 -4.700207e+02)	(1.094369e-01 3.928348e-01 -4.700202e+02)	(1.066807e-03 2.823920e-04 -4.832183e-04)
267           	(1.106192e-01 3.938501e-01 -4.700207e+02)	(1.095521e-01 3.935684e-01 -4.700202e+02)	(1.067073e-03 2.817301e-04 -4.854448e-04)
268           	(1.107303e-01 3.945693e-01 -4.700207e+02)	(1.096630e-01 3.942882e-01 -4.700202e+02)	(1.067347e-03 2.811520e-04 -4.872601e-04)
269           	(1.108270e-01 3.952209e-01 -4.700207e+02)	(1.097594e-01 3.949403e-01 -4.700202e+02)	(1.067637e-03 2.806334e-04 -4.886622e-04)
270           	(1.109191e-01 3.958521e-01 -4.700207e+02)	(1.098511e-01 3.955720e-01 -4.700202e+02)	(1.067995e-03 2.801491e-04 -4.896600e-04)
271           	(1.110058e-01 3.964597e-01 -4.700207e+02)	(1.099374e-01 3.961801e-01 -4.700202e+02)	(1.068446e-03 2.796742e-04 -4.902648e-04)
272           	(1.110941e-01 3.970786e-01 -4.700207e+02)	(1.100251e-01 3.967994e-01 -4.700202e+02)	(1.069027e-03 2.791870e-04 -4.904946e-04)
273           	(1.111889e-01 3.977327e-01 -4.700207e+02)	(1.101192e-01 3.974540e-01 -4.700202e+02)	(1.069743e-03 2.786704e-04 -4.903762e-04)
274           	(1.112875e-01 3.984071e-01 -4.700207e+02)	(1.102169e-01 3.981290e-01 -4.700202e+02)	(1.070598e-03 2.781107e-04 -4.899408e-04)
275           	(1.113892e-01 3.990983e-01 -4.700207e+02)	(1.103176e-01 3.988208e-01 -4.700202e+02)	(1.071575e-03 2.774890e-04 -4.892248e-04)
276           	(1.114930e-01 3.998009e-01 -4.700207e+02)	(1.104204e-01 3.995241e-01 -4.700202e+02)	(1.072662e-03 2.767976e-04 -4.882596e-04)
277           	(1.116016e-01 4.005273e-01 -4.700207e+02)	(1.105277e-01 4.002512e-01 -4.700202e+02)	(1.073848e-03 2.760284e-04 -4.870778e-04)
278           	(1.117084e-01 4.012485e-01 -4.700207e+02)	(1.106333e-01 4.009733e-01 -4.700202e+02)	(1.075119e-03 2.751730e-04 -4.857058e-04)
279           	(1.118085e-01 4.019416e-01 -4.700207e+02)	(1.107320e-01 4.016674e-01 -4.700202e+02)	(1.076460e-03 2.742200e-04 -4.841706e-04)
280           	(1.119019e-01 4.026086e-01 -4.700207e+02)	(1.108240e-01 4.023354e-01 -4.700202e+02)	(1.077872e-03 2.731625e-04 -4.824929e-04)
281           	(1.119915e-01 4.032603e-01 -4.700207e+02)	(1.109122e-01 4.029883e-01 -4.700202e+02)	(1.079358e-03 2.719961e-04 -4.806974e-04)
282           	(1.120823e-01 4.039217e-01 -4.700207e+02)	(1.110013e-01 4.036510e-01 -4.700202e+02)	(1.080944e-03 2.707236e-04 -4.787964e-04)
283           	(1.121671e-01 4.045527e-01 -4.700207e+02)	(1.110844e-01 4.042834e-01 -4.700202e+02)	(1.082654e-03 2.693460e-04 -4.768078e-04)
284           	(1.122032e-01 4.049604e-01 -4.700207e+02)	(1.111187e-01 4.046925e-01 -4.700202e+02)	(1.084439e-03 2.678709e-04 -4.747448e-04)
285           	(1.122532e-01 4.054190e-01 -4.700207e+02)	(1.111668e-01 4.051527e-01 -4.700202e+02)	(1.086347e-03 2.663211e-04 -4.726239e-04)
286           	(1.122865e-01 4.058040e-01 -4.700206e+02)	(1.111982e-01 4.055393e-01 -4.700202e+02)	(1.088325e-03 2.647418e-04 -4.704663e-04)
287           	(1.123438e-01 4.062680e-01 -4.700206e+02)	(1.112533e-01 4.060049e-01 -4.700202e+02)	(1.090408e-03 2.631631e-04 -4.682920e-04)
288           	(1.124217e-01 4.068035e-01 -4.700206e+02)	(1.113291e-01 4.065419e-01 -4.700202e+02)	(1.092572e-03 2.616229e-04 -4.661146e-04)
289           	(1.125038e-01 4.073362e-01 -4.700206e+02)	(1.114090e-01 4.070761e-01 -4.700202e+02)	(1.094742e-03 2.601399e-04 -4.639474e-04)
290           	(1.125574e-01 4.077326e-01 -4.700206e+02)	(1.114606e-01 4.074738e-01 -4.700202e+02)	(1.096813e-03 2.587108e-04 -4.617983e-04)
291           	(1.126382e-01 4.082185e-01 -4.700206e+02)	(1.115394e-01 4.079612e-01 -4.700202e+02)	(1.098796e-03 2.573375e-04 -4.596749e-04)
292           	(1.127157e-01 4.086738e-01 -4.700206e+02)	(1.116151e-01 4.084178e-01 -4.700202e+02)	(1.100646e-03 2.560165e-04 -4.575891e-04)
293           	(1.127881e-01 4.090936e-01 -4.700207e+02)	(1.116857e-01 4.088389e-01 -4.700202e+02)	(1.102339e-03 2.547419e-04 -4.555444e-04)
294           	(1.128165e-01 4.093427e-01 -4.700206e+02)	(1.117127e-01 4.090892e-01 -4.700202e+02)	(1.103789e-03 2.535076e-04 -4.535478e-04)
295           	(1.129078e-01 4.098244e-01 -4.700207e+02)	(1.118027e-01 4.095721e-01 -4.700202e+02)	(1.105157e-03 2.523042e-04 -4.516039e-04)
296           	(1.129939e-01 4.103004e-01 -4.700208e+02)	(1.118875e-01 4.100492e-01 -4.700203e+02)	(1.106410e-03 2.511412e-04 -4.497232e-04)
297           	(1.130666e-01 4.107618e-01 -4.700209e+02)	(1.119591e-01 4.105118e-01 -4.700205e+02)	(1.107469e-03 2.500352e-04 -4.478938e-04)
298           	(1.130931e-01 4.109781e-01 -4.700209e+02)	(1.119848e-01 4.107291e-01 -4.700205e+02)	(1.108323e-03 2.489852e-04 -4.461048e-04)
299           	(1.131202e-01 4.112151e-01 -4.700209e+02)	(1.120113e-01 4.109671e-01 -4.700205e+02)	(1.108959e-03 2.480018e-04 -4.443278e-04)
300           	(1.131486e-01 4.114818e-01 -4.700209e+02)	(1.120392e-01 4.112347e-01 -4.700205e+02)	(1.109366e-03 2.470923e-04 -4.425502e-04)
301           	(1.131831e-01 4.118061e-01 -4.700209e+02)	(1.120735e-01 4.115598e-01 -4.700205e+02)	(1.109532e-03 2.462621e-04 -4.407568e-04)
302           	(1.132259e-01 4.122046e-01 -4.700209e+02)	(1.121164e-01 4.119591e-01 -4.700205e+02)	(1.109460e-03 2.455195e-04 -4.389367e-04)
303           	(1.132785e-01 4.126881e-01 -4.700209e+02)	(1.121694e-01 4.124433e-01 -4.700205e+02)	(1.109147e-03 2.448715e-04 -4.370821e-04)
304           	(1.133353e-01 4.135762e-01 -4.700213e+02)	(1.122270e-01 4.133318e-01 -4.700209e+02)	(1.108237e-03 2.444120e-04 -4.351746e-04)
305           	(1.133970e-01 4.141485e-01 -4.700213e+02)	(1.122897e-01 4.139046e-01 -4.700209e+02)	(1.107243e-03 2.439925e-04 -4.332573e-04)
306           	(1.135147e-01 4.150616e-01 -4.700214e+02)	(1.124085e-01 4.148179e-01 -4.700209e+02)	(1.106123e-03 2.436495e-04 -4.312871e-04)
307           	(1.136246e-01 4.159270e-01 -4.700214e+02)	(1.125198e-01 4.156837e-01 -4.700210e+02)	(1.104859e-03 2.433451e-04 -4.292610e-04)
308           	(1.137250e-01 4.167263e-01 -4.700214e+02)	(1.126215e-01 4.164833e-01 -4.700210e+02)	(1.103477e-03 2.430303e-04 -4.271618e-04)
309           	(1.138176e-01 4.174616e-01 -4.700214e+02)	(1.127156e-01 4.172189e-01 -4.700210e+02)	(1.101983e-03 2.426740e-04 -4.249770e-04)
310           	(1.139050e-01 4.181430e-01 -4.700214e+02)	(1.128047e-01 4.179008e-01 -4.700210e+02)	(1.100380e-03 2.422558e-04 -4.227066e-04)
311           	(1.139919e-01 4.187951e-01 -4.700214e+02)	(1.128933e-01 4.185533e-01 -4.700210e+02)	(1.098657e-03 2.417779e-04 -4.203568e-04)
312           	(1.140794e-01 4.194221e-01 -4.700214e+02)	(1.129826e-01 4.191808e-01 -4.700210e+02)	(1.096819e-03 2.412442e-04 -4.179461e-04)
313           	(1.141704e-01 4.200407e-01 -4.700214e+02)	(1.130755e-01 4.198000e-01 -4.700210e+02)	(1.094857e-03 2.406736e-04 -4.154883e-04)
314           	(1.142310e-01 4.205066e-01 -4.700214e+02)	(1.131382e-01 4.202666e-01 -4.700210e+02)	(1.092720e-03 2.400758e-04 -4.129856e-04)
315           	(1.143048e-01 4.210134e-01 -4.700213e+02)	(1.132143e-01 4.207740e-01 -4.700209e+02)	(1.090452e-03 2.394532e-04 -4.104556e-04)
316           	(1.143941e-01 4.215706e-01 -4.700213e+02)	(1.133060e-01 4.213318e-01 -4.700209e+02)	(1.088082e-03 2.388122e-04 -4.078967e-04)
317           	(1.145472e-01 4.223902e-01 -4.700213e+02)	(1.134615e-01 4.221520e-01 -4.700209e+02)	(1.085695e-03 2.381579e-04 -4.053167e-04)
318           	(1.147038e-01 4.232028e-01 -4.700213e+02)	(1.136205e-01 4.229653e-01 -4.700209e+02)	(1.083304e-03 2.374836e-04 -4.027204e-04)
319           	(1.148561e-01 4.239770e-01 -4.700213e+02)	(1.137752e-01 4.237402e-01 -4.700209e+02)	(1.080899e-03 2.367864e-04 -4.000992e-04)
320           	(1.149590e-01 4.245185e-01 -4.700213e+02)	(1.138806e-01 4.242824e-01 -4.700209e+02)	(1.078425e-03 2.360662e-04 -3.974411e-04)
321           	(1.150983e-01 4.252176e-01 -4.700213e+02)	(1.140223e-01 4.249822e-01 -4.700209e+02)	(1.075961e-03 2.353350e-04 -3.947415e-04)
322           	(1.151899e-01 4.257040e-01 -4.700213e+02)	(1.141165e-01 4.254694e-01 -4.700209e+02)	(1.073446e-03 2.346063e-04 -3.919804e-04)
323           	(1.152794e-01 4.261872e-01 -4.700213e+02)	(1.142085e-01 4.259533e-01 -4.700209e+02)	(1.070896e-03 2.338973e-04 -3.891462e-04)
324           	(1.154047e-01 4.268447e-01 -4.700213e+02)	(1.143363e-01 4.266115e-01 -4.700209e+02)	(1.068375e-03 2.332365e-04 -3.862463e-04)
325           	(1.155344e-01 4.275352e-01 -4.700212e+02)	(1.144686e-01 4.273025e-01 -4.700209e+02)	(1.065860e-03 2.326484e-04 -3.832833e-04)
326           	(1.156832e-01 4.283169e-01 -4.700212e+02)	(1.146198e-01 4.280847e-01 -4.700208e+02)	(1.063381e-03 2.321492e-04 -3.802626e-04)
327           	(1.158569e-01 4.291913e-01 -4.700211e+02)	(1.147959e-01 4.289596e-01 -4.700207e+02)	(1.060981e-03 2.317442e-04 -3.771945e-04)
328           	(1.158892e-01 4.294423e-01 -4.700210e+02)	(1.148308e-01 4.292108e-01 -4.700207e+02)	(1.058447e-03 2.314271e-04 -3.740860e-04)
329           	(1.159168e-01 4.296804e-01 -4.700210e+02)	(1.148610e-01 4.294492e-01 -4.700206e+02)	(1.055813e-03 2.312028e-04 -3.709363e-04)
330           	(1.160709e-01 4.302476e-01 -4.700205e+02)	(1.150173e-01 4.300166e-01 -4.700201e+02)	(1.053540e-03 2.310371e-04 -3.677432e-04)
331           	(1.160969e-01 4.304808e-01 -4.700205e+02)	(1.150457e-01 4.302498e-01 -4.700201e+02)	(1.051130e-03 2.309678e-04 -3.645419e-04)
332           	(1.162202e-01 4.310121e-01 -4.700201e+02)	(1.151713e-01 4.307811e-01 -4.700197e+02)	(1.048874e-03 2.309684e-04 -3.613105e-04)
333           	(1.162588e-01 4.312829e-01 -4.700200e+02)	(1.152123e-01 4.310519e-01 -4.700197e+02)	(1.046543e-03 2.310272e-04 -3.580848e-04)
334           	(1.163055e-01 4.315822e-01 -4.700200e+02)	(1.152613e-01 4.313511e-01 -4.700196e+02)	(1.044175e-03 2.311349e-04 -3.548503e-04)
335           	(1.163653e-01 4.319290e-01 -4.700200e+02)	(1.153235e-01 4.316977e-01 -4.700196e+02)	(1.041812e-03 2.312798e-04 -3.516046e-04)
336           	(1.164382e-01 4.323207e-01 -4.700199e+02)	(1.153987e-01 4.320892e-01 -4.700196e+02)	(1.039493e-03 2.314480e-04 -3.483549e-04)
337           	(1.165189e-01 4.327319e-01 -4.700199e+02)	(1.154816e-01 4.325003e-01 -4.700195e+02)	(1.037217e-03 2.316298e-04 -3.451101e-04)
338           	(1.167189e-01 4.334075e-01 -4.700197e+02)	(1.156835e-01 4.331758e-01 -4.700194e+02)	(1.035412e-03 2.317565e-04 -3.418902e-04)
339           	(1.167918e-01 4.337725e-01 -4.700197e+02)	(1.157583e-01 4.335406e-01 -4.700194e+02)	(1.033496e-03 2.319076e-04 -3.386980e-04)
340           	(1.168565e-01 4.340961e-01 -4.700197e+02)	(1.158250e-01 4.338640e-01 -4.700193e+02)	(1.031527e-03 2.320532e-04 -3.355544e-04)
341           	(1.169169e-01 4.343900e-01 -4.700197e+02)	(1.158874e-01 4.341578e-01 -4.700193e+02)	(1.029527e-03 2.322008e-04 -3.324728e-04)
342           	(1.169731e-01 4.346542e-01 -4.700197e+02)	(1.159456e-01 4.344218e-01 -4.700193e+02)	(1.027532e-03 2.323524e-04 -3.294747e-04)
343           	(1.170217e-01 4.348796e-01 -4.700197e+02)	(1.159962e-01 4.346471e-01 -4.700193e+02)	(1.025528e-03 2.325174e-04 -3.265775e-04)
344           	(1.170668e-01 4.350763e-01 -4.700197e+02)	(1.160432e-01 4.348436e-01 -4.700193e+02)	(1.023528e-03 2.327037e-04 -3.237984e-04)
345           	(1.171092e-01 4.352471e-01 -4.700197e+02)	(1.160877e-01 4.350142e-01 -4.700193e+02)	(1.021530e-03 2.329157e-04 -3.211609e-04)
346           	(1.171501e-01 4.353967e-01 -4.700197e+02)	(1.161305e-01 4.351635e-01 -4.700193e+02)	(1.019536e-03 2.331553e-04 -3.186766e-04)
347           	(1.171904e-01 4.355298e-01 -4.700197e+02)	(1.161729e-01 4.352963e-01 -4.700194e+02)	(1.017529e-03 2.334234e-04 -3.163451e-04)
348           	(1.172383e-01 4.356676e-01 -4.700197e+02)	(1.162228e-01 4.354339e-01 -4.700194e+02)	(1.015540e-03 2.337068e-04 -3.141724e-04)
349           	(1.173403e-01 4.359390e-01 -4.700197e+02)	(1.163266e-01 4.357050e-01 -4.700194e+02)	(1.013701e-03 2.339833e-04 -3.121421e-04)
350           	(1.174313e-01 4.361639e-01 -4.700197e+02)	(1.164194e-01 4.359297e-01 -4.700194e+02)	(1.011933e-03 2.342582e-04 -3.102300e-04)
351           	(1.175087e-01 4.363400e-01 -4.700197e+02)	(1.164985e-01 4.361055e-01 -4.700194e+02)	(1.010185e-03 2.345284e-04 -3.084130e-04)
352           	(1.175366e-01 4.363920e-01 -4.700197e+02)	(1.165283e-01 4.361572e-01 -4.700194e+02)	(1.008290e-03 2.348172e-04 -3.066647e-04)
353           	(1.176045e-01 4.365342e-01 -4.700197e+02)	(1.165981e-01 4.362991e-01 -4.700194e+02)	(1.006423e-03 2.351104e-04 -3.049692e-04)
354           	(1.176677e-01 4.366715e-01 -4.700197e+02)	(1.166631e-01 4.364360e-01 -4.700194e+02)	(1.004548e-03 2.354241e-04 -3.033336e-04)
355           	(1.177326e-01 4.368263e-01 -4.700198e+02)	(1.167300e-01 4.365905e-01 -4.700195e+02)	(1.002635e-03 2.357680e-04 -3.017510e-04)
356           	(1.178002e-01 4.370083e-01 -4.700198e+02)	(1.167995e-01 4.367721e-01 -4.700195e+02)	(1.000672e-03 2.361448e-04 -3.002318e-04)
357           	(1.178709e-01 4.372291e-01 -4.700199e+02)	(1.168723e-01 4.369925e-01 -4.700196e+02)	(9.986287e-04 2.365619e-04 -2.987864e-04)
358           	(1.179406e-01 4.374887e-01 -4.700200e+02)	(1.169442e-01 4.372517e-01 -4.700197e+02)	(9.964591e-04 2.370302e-04 -2.974282e-04)
359           	(1.179720e-01 4.376532e-01 -4.700200e+02)	(1.169779e-01 4.374156e-01 -4.700197e+02)	(9.940396e-04 2.375673e-04 -2.961589e-04)
360           	(1.180089e-01 4.378501e-01 -4.700200e+02)	(1.170175e-01 4.376119e-01 -4.700197e+02)	(9.914331e-04 2.381599e-04 -2.949958e-04)
361           	(1.180529e-01 4.380780e-01 -4.700201e+02)	(1.170643e-01 4.378392e-01 -4.700198e+02)	(9.886641e-04 2.388101e-04 -2.939440e-04)
362           	(1.181046e-01 4.383362e-01 -4.700201e+02)	(1.171189e-01 4.380966e-01 -4.700198e+02)	(9.857673e-04 2.395092e-04 -2.930069e-04)
363           	(1.181631e-01 4.386212e-01 -4.700202e+02)	(1.171803e-01 4.383810e-01 -4.700199e+02)	(9.827657e-04 2.402494e-04 -2.921872e-04)
364           	(1.182272e-01 4.389329e-01 -4.700202e+02)	(1.172476e-01 4.386919e-01 -4.700199e+02)	(9.796686e-04 2.410252e-04 -2.914855e-04)
365           	(1.182956e-01 4.392698e-01 -4.700203e+02)	(1.173191e-01 4.390280e-01 -4.700200e+02)	(9.764625e-04 2.418419e-04 -2.908846e-04)
366           	(1.184254e-01 4.399152e-01 -4.700204e+02)	(1.174522e-01 4.396725e-01 -4.700201e+02)	(9.732234e-04 2.427006e-04 -2.903955e-04)
367           	(1.184935e-01 4.402602e-01 -4.700205e+02)	(1.175237e-01 4.400166e-01 -4.700202e+02)	(9.698763e-04 2.435846e-04 -2.899934e-04)
368           	(1.185618e-01 4.406094e-01 -4.700205e+02)	(1.175953e-01 4.403649e-01 -4.700202e+02)	(9.664454e-04 2.444781e-04 -2.896735e-04)
369           	(1.186332e-01 4.409724e-01 -4.700206e+02)	(1.176702e-01 4.407270e-01 -4.700203e+02)	(9.629670e-04 2.453825e-04 -2.894373e-04)
370           	(1.187104e-01 4.413572e-01 -4.700206e+02)	(1.177510e-01 4.411109e-01 -4.700203e+02)	(9.594761e-04 2.462942e-04 -2.892812e-04)
371           	(1.188465e-01 4.419730e-01 -4.700207e+02)	(1.178905e-01 4.417258e-01 -4.700204e+02)	(9.560756e-04 2.472114e-04 -2.892004e-04)
372           	(1.189276e-01 4.423649e-01 -4.700207e+02)	(1.179749e-01 4.421168e-01 -4.700204e+02)	(9.526619e-04 2.481351e-04 -2.892001e-04)
373           	(1.190677e-01 4.429761e-01 -4.700208e+02)	(1.181183e-01 4.427271e-01 -4.700205e+02)	(9.493819e-04 2.490487e-04 -2.892846e-04)
374           	(1.191479e-01 4.433663e-01 -4.700208e+02)	(1.182018e-01 4.431163e-01 -4.700205e+02)	(9.460861e-04 2.499716e-04 -2.894546e-04)
375           	(1.192868e-01 4.439716e-01 -4.700209e+02)	(1.183438e-01 4.437207e-01 -4.700206e+02)	(9.429238e-04 2.508881e-04 -2.897207e-04)
376           	(1.193646e-01 4.443677e-01 -4.700209e+02)	(1.184249e-01 4.441159e-01 -4.700206e+02)	(9.397023e-04 2.518306e-04 -2.900790e-04)
377           	(1.194463e-01 4.447895e-01 -4.700210e+02)	(1.185099e-01 4.445368e-01 -4.700207e+02)	(9.364430e-04 2.527958e-04 -2.905264e-04)
378           	(1.195930e-01 4.454552e-01 -4.700210e+02)	(1.186597e-01 4.452014e-01 -4.700207e+02)	(9.333176e-04 2.537791e-04 -2.910762e-04)
379           	(1.196751e-01 4.459019e-01 -4.700211e+02)	(1.187449e-01 4.456470e-01 -4.700208e+02)	(9.301077e-04 2.548095e-04 -2.917132e-04)
380           	(1.197607e-01 4.463741e-01 -4.700211e+02)	(1.188338e-01 4.461182e-01 -4.700208e+02)	(9.268418e-04 2.558767e-04 -2.924290e-04)
381           	(1.198506e-01 4.468736e-01 -4.700211e+02)	(1.189270e-01 4.466166e-01 -4.700209e+02)	(9.235360e-04 2.569913e-04 -2.932208e-04)
382           	(1.199447e-01 4.473985e-01 -4.700212e+02)	(1.190245e-01 4.471403e-01 -4.700209e+02)	(9.202156e-04 2.581518e-04 -2.940731e-04)
383           	(1.201244e-01 4.482372e-01 -4.700212e+02)	(1.192073e-01 4.479779e-01 -4.700209e+02)	(9.170733e-04 2.593478e-04 -2.949747e-04)
384           	(1.202087e-01 4.487310e-01 -4.700213e+02)	(1.192949e-01 4.484704e-01 -4.700210e+02)	(9.138469e-04 2.605942e-04 -2.959082e-04)
385           	(1.202903e-01 4.492137e-01 -4.700213e+02)	(1.193798e-01 4.489519e-01 -4.700210e+02)	(9.105573e-04 2.618760e-04 -2.968536e-04)
386           	(1.203698e-01 4.496844e-01 -4.700214e+02)	(1.194626e-01 4.494212e-01 -4.700211e+02)	(9.072306e-04 2.631989e-04 -2.977991e-04)
387           	(1.204473e-01 4.501402e-01 -4.700214e+02)	(1.195434e-01 4.498756e-01 -4.700211e+02)	(9.039105e-04 2.645529e-04 -2.987373e-04)
388           	(1.205229e-01 4.505772e-01 -4.700214e+02)	(1.196222e-01 4.503113e-01 -4.700211e+02)	(9.006280e-04 2.659248e-04 -2.996549e-04)
389           	(1.205962e-01 4.509920e-01 -4.700215e+02)	(1.196988e-01 4.507247e-01 -4.700212e+02)	(8.973945e-04 2.673084e-04 -3.005347e-04)
390           	(1.206661e-01 4.513763e-01 -4.700215e+02)	(1.197719e-01 4.511076e-01 -4.700212e+02)	(8.942352e-04 2.686888e-04 -3.013731e-04)
391           	(1.207358e-01 4.517425e-01 -4.700215e+02)	(1.198446e-01 4.514724e-01 -4.700212e+02)	(8.911711e-04 2.700603e-04 -3.021551e-04)
392           	(1.208044e-01 4.520855e-01 -4.700215e+02)	(1.199162e-01 4.518141e-01 -4.700212e+02)	(8.882294e-04 2.714063e-04 -3.028696e-04)
393           	(1.210094e-01 4.525555e-01 -4.700212e+02)	(1.201233e-01 4.522829e-01 -4.700209e+02)	(8.860798e-04 2.726115e-04 -3.035407e-04)
394           	(1.210648e-01 4.528482e-01 -4.700212e+02)	(1.201809e-01 4.525744e-01 -4.700209e+02)	(8.838425e-04 2.738163e-04 -3.041295e-04)
395           	(1.211183e-01 4.531312e-01 -4.700212e+02)	(1.202366e-01 4.528563e-01 -4.700209e+02)	(8.816044e-04 2.749866e-04 -3.046334e-04)
396           	(1.211703e-01 4.534058e-01 -4.700212e+02)	(1.202909e-01 4.531297e-01 -4.700209e+02)	(8.793978e-04 2.761175e-04 -3.050625e-04)
397           	(1.212237e-01 4.536774e-01 -4.700212e+02)	(1.203465e-01 4.534002e-01 -4.700209e+02)	(8.772483e-04 2.772121e-04 -3.054179e-04)
398           	(1.212805e-01 4.539493e-01 -4.700212e+02)	(1.204053e-01 4.536711e-01 -4.700209e+02)	(8.751934e-04 2.782685e-04 -3.056998e-04)
399           	(1.213390e-01 4.542163e-01 -4.700213e+02)	(1.204657e-01 4.539370e-01 -4.700210e+02)	(8.732689e-04 2.792810e-04 -3.059205e-04)
400           	(1.213990e-01 4.544757e-01 -4.700213e+02)	(1.205275e-01 4.541955e-01 -4.700210e+02)	(8.714902e-04 2.802489e-04 -3.060858e-04)
401           	(1.214604e-01 4.547250e-01 -4.700213e+02)	(1.205906e-01 4.544439e-01 -4.700210e+02)	(8.698610e-04 2.811774e-04 -3.061953e-04)
