# Force       
# CofR        : (0.000000e+00 0.000000e+00 0.000000e+00)
#
# Time        	(total_x total_y total_z)	(pressure_x pressure_y pressure_z)	(viscous_x viscous_y viscous_z)
2530          	(3.406669e-01 -1.448453e-05 8.722186e-02)	(3.344791e-01 -1.470499e-05 8.655521e-02)	(6.187720e-03 2.204606e-07 6.666504e-04)
2530.01       	(3.405572e-01 -1.427343e-05 8.693047e-02)	(3.343707e-01 -1.449077e-05 8.626429e-02)	(6.186465e-03 2.173386e-07 6.661721e-04)
2530.01       	(3.404996e-01 -1.552682e-05 8.690800e-02)	(3.343142e-01 -1.574196e-05 8.624255e-02)	(6.185413e-03 2.151455e-07 6.654553e-04)
2530.01       	(3.404715e-01 -1.606542e-05 8.687940e-02)	(3.342869e-01 -1.627788e-05 8.621466e-02)	(6.184574e-03 2.124534e-07 6.647319e-04)
2530.01       	(3.404622e-01 -1.621204e-05 8.686780e-02)	(3.342783e-01 -1.642162e-05 8.620372e-02)	(6.183901e-03 2.095794e-07 6.640811e-04)
2530.02       	(3.404482e-01 -1.616567e-05 8.685869e-02)	(3.342649e-01 -1.637245e-05 8.619518e-02)	(6.183350e-03 2.067804e-07 6.635103e-04)
2530.02       	(3.404414e-01 -1.627943e-05 8.685221e-02)	(3.342586e-01 -1.648332e-05 8.618920e-02)	(6.182890e-03 2.038939e-07 6.630120e-04)
2530.02       	(3.404346e-01 -1.624196e-05 8.684821e-02)	(3.342521e-01 -1.644301e-05 8.618563e-02)	(6.182499e-03 2.010593e-07 6.625744e-04)
2530.02       	(3.404299e-01 -1.628876e-05 8.684408e-02)	(3.342478e-01 -1.648692e-05 8.618190e-02)	(6.182163e-03 1.981531e-07 6.621855e-04)
2530.03       	(3.404267e-01 -1.624852e-05 8.684334e-02)	(3.342448e-01 -1.644380e-05 8.618150e-02)	(6.181872e-03 1.952708e-07 6.618375e-04)
2530.03       	(3.404246e-01 -1.627247e-05 8.684176e-02)	(3.342429e-01 -1.646478e-05 8.618024e-02)	(6.181618e-03 1.923111e-07 6.615227e-04)
2530.03       	(3.404233e-01 -1.623092e-05 8.684319e-02)	(3.342419e-01 -1.642029e-05 8.618195e-02)	(6.181396e-03 1.893665e-07 6.612373e-04)
2530.03       	(3.404227e-01 -1.624317e-05 8.684344e-02)	(3.342415e-01 -1.642954e-05 8.618247e-02)	(6.181199e-03 1.863635e-07 6.609767e-04)
2530.04       	(3.404225e-01 -1.620019e-05 8.684616e-02)	(3.342414e-01 -1.638356e-05 8.618542e-02)	(6.181024e-03 1.833677e-07 6.607385e-04)
2530.04       	(3.404231e-01 -1.618902e-05 8.684781e-02)	(3.342422e-01 -1.636935e-05 8.618727e-02)	(6.180873e-03 1.803248e-07 6.605465e-04)
2530.04       	(3.404232e-01 -1.614948e-05 8.685091e-02)	(3.342425e-01 -1.632674e-05 8.619055e-02)	(6.180737e-03 1.772647e-07 6.603646e-04)
2530.04       	(3.404234e-01 -1.614301e-05 8.685254e-02)	(3.342428e-01 -1.631714e-05 8.619235e-02)	(6.180613e-03 1.741321e-07 6.601918e-04)
2530.05       	(3.404240e-01 -1.611575e-05 8.685548e-02)	(3.342435e-01 -1.628673e-05 8.619546e-02)	(6.180499e-03 1.709821e-07 6.600282e-04)
2530.05       	(3.404247e-01 -1.610129e-05 8.685729e-02)	(3.342443e-01 -1.626905e-05 8.619742e-02)	(6.180393e-03 1.677670e-07 6.598728e-04)
2530.05       	(3.404253e-01 -1.605837e-05 8.685994e-02)	(3.342450e-01 -1.622290e-05 8.620021e-02)	(6.180298e-03 1.645301e-07 6.597280e-04)
2530.05       	(3.404265e-01 -1.604973e-05 8.686190e-02)	(3.342463e-01 -1.621096e-05 8.620231e-02)	(6.180207e-03 1.612270e-07 6.595893e-04)
2530.06       	(3.404279e-01 -1.599765e-05 8.686474e-02)	(3.342478e-01 -1.615555e-05 8.620528e-02)	(6.180121e-03 1.578932e-07 6.594577e-04)
2530.06       	(3.404294e-01 -1.600981e-05 8.686673e-02)	(3.342494e-01 -1.616430e-05 8.620740e-02)	(6.180040e-03 1.544874e-07 6.593325e-04)
2530.06       	(3.404309e-01 -1.594404e-05 8.686975e-02)	(3.342510e-01 -1.609510e-05 8.621053e-02)	(6.179963e-03 1.510579e-07 6.592144e-04)
2530.07       	(3.404328e-01 -1.594885e-05 8.687184e-02)	(3.342529e-01 -1.609641e-05 8.621274e-02)	(6.179890e-03 1.475553e-07 6.591030e-04)
2530.07       	(3.404344e-01 -1.590101e-05 8.687523e-02)	(3.342546e-01 -1.604503e-05 8.621624e-02)	(6.179821e-03 1.440232e-07 6.589991e-04)
2530.07       	(3.404365e-01 -1.590435e-05 8.687740e-02)	(3.342567e-01 -1.604477e-05 8.621850e-02)	(6.179756e-03 1.404174e-07 6.589021e-04)
2530.07       	(3.404382e-01 -1.584673e-05 8.688115e-02)	(3.342586e-01 -1.598352e-05 8.622234e-02)	(6.179695e-03 1.367874e-07 6.588131e-04)
2530.08       	(3.404405e-01 -1.585007e-05 8.688340e-02)	(3.342608e-01 -1.598316e-05 8.622467e-02)	(6.179638e-03 1.330921e-07 6.587313e-04)
2530.08       	(3.404423e-01 -1.580826e-05 8.688763e-02)	(3.342627e-01 -1.593763e-05 8.622897e-02)	(6.179584e-03 1.293740e-07 6.586579e-04)
2530.08       	(3.404445e-01 -1.579533e-05 8.688990e-02)	(3.342650e-01 -1.592093e-05 8.623131e-02)	(6.179534e-03 1.256007e-07 6.585919e-04)
2530.08       	(3.404462e-01 -1.574838e-05 8.689447e-02)	(3.342667e-01 -1.587018e-05 8.623593e-02)	(6.179487e-03 1.218017e-07 6.585343e-04)
2530.09       	(3.404485e-01 -1.577510e-05 8.689688e-02)	(3.342690e-01 -1.589305e-05 8.623840e-02)	(6.179443e-03 1.179552e-07 6.584841e-04)
2530.09       	(3.404500e-01 -1.571775e-05 8.690169e-02)	(3.342706e-01 -1.583182e-05 8.624325e-02)	(6.179402e-03 1.140715e-07 6.584421e-04)
2530.09       	(3.404521e-01 -1.569454e-05 8.690427e-02)	(3.342727e-01 -1.580470e-05 8.624586e-02)	(6.179365e-03 1.101625e-07 6.584070e-04)
2530.09       	(3.404535e-01 -1.567636e-05 8.690919e-02)	(3.342742e-01 -1.578258e-05 8.625082e-02)	(6.179330e-03 1.062186e-07 6.583797e-04)
2530.1        	(3.404555e-01 -1.563435e-05 8.691200e-02)	(3.342762e-01 -1.573661e-05 8.625364e-02)	(6.179298e-03 1.022625e-07 6.583588e-04)
2530.1        	(3.404569e-01 -1.562270e-05 8.691701e-02)	(3.342776e-01 -1.572097e-05 8.625866e-02)	(6.179268e-03 9.827295e-08 6.583447e-04)
2530.1        	(3.404586e-01 -1.560550e-05 8.691997e-02)	(3.342793e-01 -1.569976e-05 8.626164e-02)	(6.179241e-03 9.425843e-08 6.583363e-04)
2530.1        	(3.404597e-01 -1.562603e-05 8.692486e-02)	(3.342805e-01 -1.571625e-05 8.626652e-02)	(6.179216e-03 9.021781e-08 6.583339e-04)
2530.11       	(3.404611e-01 -1.560270e-05 8.692797e-02)	(3.342819e-01 -1.568887e-05 8.626963e-02)	(6.179193e-03 8.616833e-08 6.583362e-04)
2530.11       	(3.404619e-01 -1.558821e-05 8.693292e-02)	(3.342827e-01 -1.567031e-05 8.627457e-02)	(6.179171e-03 8.209356e-08 6.583437e-04)
2530.11       	(3.404630e-01 -1.555780e-05 8.693612e-02)	(3.342838e-01 -1.563581e-05 8.627777e-02)	(6.179152e-03 7.801038e-08 6.583550e-04)
2530.11       	(3.404635e-01 -1.554007e-05 8.694090e-02)	(3.342843e-01 -1.561397e-05 8.628253e-02)	(6.179133e-03 7.390602e-08 6.583704e-04)
2530.12       	(3.404643e-01 -1.549408e-05 8.694414e-02)	(3.342851e-01 -1.556387e-05 8.628575e-02)	(6.179117e-03 6.979106e-08 6.583887e-04)
2530.12       	(3.404645e-01 -1.548414e-05 8.694863e-02)	(3.342854e-01 -1.554979e-05 8.629022e-02)	(6.179101e-03 6.565240e-08 6.584103e-04)
2530.12       	(3.404650e-01 -1.545338e-05 8.695202e-02)	(3.342859e-01 -1.551489e-05 8.629359e-02)	(6.179087e-03 6.150862e-08 6.584341e-04)
2530.12       	(3.404649e-01 -1.545206e-05 8.695613e-02)	(3.342858e-01 -1.550940e-05 8.629767e-02)	(6.179074e-03 5.734146e-08 6.584600e-04)
2530.13       	(3.404651e-01 -1.540434e-05 8.695964e-02)	(3.342860e-01 -1.545751e-05 8.630115e-02)	(6.179062e-03 5.316574e-08 6.584876e-04)
2530.13       	(3.404647e-01 -1.540662e-05 8.696329e-02)	(3.342856e-01 -1.545559e-05 8.630477e-02)	(6.179052e-03 4.896578e-08 6.585164e-04)
2530.13       	(3.404646e-01 -1.537685e-05 8.696692e-02)	(3.342856e-01 -1.542161e-05 8.630837e-02)	(6.179042e-03 4.475985e-08 6.585463e-04)
2530.14       	(3.404640e-01 -1.534961e-05 8.697015e-02)	(3.342849e-01 -1.539015e-05 8.631158e-02)	(6.179033e-03 4.053735e-08 6.585766e-04)
2530.14       	(3.404851e-01 -1.484534e-05 8.696717e-02)	(3.343063e-01 -1.488105e-05 8.630871e-02)	(6.178803e-03 3.571663e-08 6.584587e-04)
2530.14       	(3.404865e-01 -1.499977e-05 8.697082e-02)	(3.343080e-01 -1.503000e-05 8.631254e-02)	(6.178445e-03 3.022652e-08 6.582806e-04)
2530.15       	(3.404783e-01 -1.509141e-05 8.696583e-02)	(3.343003e-01 -1.511547e-05 8.630784e-02)	(6.178035e-03 2.405661e-08 6.579902e-04)
2530.15       	(3.404742e-01 -1.502524e-05 8.696478e-02)	(3.342966e-01 -1.504250e-05 8.630709e-02)	(6.177601e-03 1.725897e-08 6.576916e-04)
2530.16       	(3.404700e-01 -1.509434e-05 8.696571e-02)	(3.342929e-01 -1.510411e-05 8.630833e-02)	(6.177161e-03 9.774016e-09 6.573868e-04)
2530.16       	(3.404647e-01 -1.504597e-05 8.697294e-02)	(3.342879e-01 -1.504823e-05 8.631576e-02)	(6.176863e-03 2.253330e-09 6.571809e-04)
2530.17       	(3.404603e-01 -1.501353e-05 8.698032e-02)	(3.342837e-01 -1.500819e-05 8.632325e-02)	(6.176627e-03 -5.339586e-09 6.570641e-04)
2530.17       	(3.404561e-01 -1.497937e-05 8.698770e-02)	(3.342797e-01 -1.496638e-05 8.633072e-02)	(6.176426e-03 -1.298991e-08 6.569881e-04)
2530.18       	(3.404525e-01 -1.495181e-05 8.699409e-02)	(3.342762e-01 -1.493114e-05 8.633715e-02)	(6.176252e-03 -2.066880e-08 6.569397e-04)
2530.18       	(3.404487e-01 -1.491503e-05 8.700041e-02)	(3.342726e-01 -1.488666e-05 8.634349e-02)	(6.176102e-03 -2.837038e-08 6.569134e-04)
2530.19       	(3.404451e-01 -1.486922e-05 8.700594e-02)	(3.342691e-01 -1.483314e-05 8.634904e-02)	(6.175974e-03 -3.607513e-08 6.569044e-04)
2530.19       	(3.404416e-01 -1.481214e-05 8.701118e-02)	(3.342658e-01 -1.476840e-05 8.635427e-02)	(6.175865e-03 -4.374539e-08 6.569078e-04)
2530.2        	(3.404383e-01 -1.479372e-05 8.701598e-02)	(3.342625e-01 -1.474233e-05 8.635906e-02)	(6.175776e-03 -5.139442e-08 6.569192e-04)
2530.2        	(3.404351e-01 -1.477501e-05 8.702071e-02)	(3.342594e-01 -1.471599e-05 8.636378e-02)	(6.175703e-03 -5.902421e-08 6.569353e-04)
2530.21       	(3.404320e-01 -1.472868e-05 8.702527e-02)	(3.342564e-01 -1.466209e-05 8.636831e-02)	(6.175644e-03 -6.659090e-08 6.569534e-04)
2530.21       	(3.404291e-01 -1.465944e-05 8.702989e-02)	(3.342535e-01 -1.458537e-05 8.637292e-02)	(6.175597e-03 -7.407364e-08 6.569716e-04)
2530.22       	(3.404264e-01 -1.462012e-05 8.703446e-02)	(3.342508e-01 -1.453861e-05 8.637747e-02)	(6.175557e-03 -8.150895e-08 6.569880e-04)
2530.22       	(3.404237e-01 -1.458682e-05 8.703918e-02)	(3.342482e-01 -1.449792e-05 8.638218e-02)	(6.175524e-03 -8.889869e-08 6.570020e-04)
2530.23       	(3.404212e-01 -1.453981e-05 8.704389e-02)	(3.342457e-01 -1.444361e-05 8.638687e-02)	(6.175494e-03 -9.620700e-08 6.570126e-04)
2530.23       	(3.404187e-01 -1.449783e-05 8.704876e-02)	(3.342433e-01 -1.439435e-05 8.639174e-02)	(6.175467e-03 -1.034716e-07 6.570198e-04)
2530.24       	(3.404165e-01 -1.447171e-05 8.705374e-02)	(3.342410e-01 -1.436100e-05 8.639672e-02)	(6.175440e-03 -1.107122e-07 6.570236e-04)
2530.24       	(3.404143e-01 -1.442268e-05 8.705894e-02)	(3.342389e-01 -1.430479e-05 8.640192e-02)	(6.175412e-03 -1.178891e-07 6.570243e-04)
2530.25       	(3.404123e-01 -1.436983e-05 8.706424e-02)	(3.342370e-01 -1.424481e-05 8.640722e-02)	(6.175384e-03 -1.250199e-07 6.570223e-04)
2530.25       	(3.404107e-01 -1.433748e-05 8.707004e-02)	(3.342354e-01 -1.420537e-05 8.641302e-02)	(6.175355e-03 -1.321056e-07 6.570183e-04)
2530.26       	(3.404092e-01 -1.427892e-05 8.707585e-02)	(3.342339e-01 -1.413980e-05 8.641884e-02)	(6.175325e-03 -1.391246e-07 6.570128e-04)
2530.26       	(3.404077e-01 -1.423956e-05 8.708185e-02)	(3.342324e-01 -1.409347e-05 8.642485e-02)	(6.175293e-03 -1.460931e-07 6.570058e-04)
2530.27       	(3.404077e-01 -1.419333e-05 8.708746e-02)	(3.342324e-01 -1.404035e-05 8.643046e-02)	(6.175260e-03 -1.529744e-07 6.569997e-04)
2530.28       	(3.404053e-01 -1.419215e-05 8.709415e-02)	(3.342301e-01 -1.403228e-05 8.643716e-02)	(6.175226e-03 -1.598701e-07 6.569941e-04)
2530.28       	(3.404062e-01 -1.413772e-05 8.709985e-02)	(3.342310e-01 -1.397104e-05 8.644286e-02)	(6.175192e-03 -1.666781e-07 6.569913e-04)
2530.29       	(3.404039e-01 -1.406490e-05 8.710718e-02)	(3.342288e-01 -1.389144e-05 8.645019e-02)	(6.175156e-03 -1.734536e-07 6.569915e-04)
2530.29       	(3.404056e-01 -1.402143e-05 8.711296e-02)	(3.342304e-01 -1.384129e-05 8.645596e-02)	(6.175120e-03 -1.801392e-07 6.569958e-04)
2530.3        	(3.404030e-01 -1.400079e-05 8.712044e-02)	(3.342279e-01 -1.381396e-05 8.646343e-02)	(6.175083e-03 -1.868298e-07 6.570049e-04)
2530.3        	(3.404050e-01 -1.395621e-05 8.712580e-02)	(3.342300e-01 -1.376276e-05 8.646878e-02)	(6.175046e-03 -1.934525e-07 6.570181e-04)
2530.31       	(3.404025e-01 -1.391751e-05 8.713363e-02)	(3.342275e-01 -1.371744e-05 8.647659e-02)	(6.175008e-03 -2.000678e-07 6.570380e-04)
2530.31       	(3.404051e-01 -1.388234e-05 8.713868e-02)	(3.342302e-01 -1.367573e-05 8.648161e-02)	(6.174972e-03 -2.066139e-07 6.570618e-04)
2530.32       	(3.404026e-01 -1.385034e-05 8.714665e-02)	(3.342277e-01 -1.363720e-05 8.648955e-02)	(6.174936e-03 -2.131416e-07 6.570931e-04)
2530.32       	(3.404058e-01 -1.379870e-05 8.715123e-02)	(3.342309e-01 -1.357907e-05 8.649411e-02)	(6.174901e-03 -2.196282e-07 6.571277e-04)
2530.33       	(3.404032e-01 -1.377177e-05 8.715923e-02)	(3.342283e-01 -1.354567e-05 8.650206e-02)	(6.174867e-03 -2.261037e-07 6.571703e-04)
2530.33       	(3.404066e-01 -1.372729e-05 8.716312e-02)	(3.342318e-01 -1.349477e-05 8.650591e-02)	(6.174835e-03 -2.325159e-07 6.572149e-04)
2530.34       	(3.404039e-01 -1.365912e-05 8.717069e-02)	(3.342291e-01 -1.342025e-05 8.651343e-02)	(6.174803e-03 -2.388714e-07 6.572671e-04)
2530.34       	(3.404074e-01 -1.363076e-05 8.717355e-02)	(3.342326e-01 -1.338557e-05 8.651623e-02)	(6.174774e-03 -2.451892e-07 6.573195e-04)
2530.35       	(3.404047e-01 -1.363242e-05 8.718060e-02)	(3.342299e-01 -1.338096e-05 8.652322e-02)	(6.174745e-03 -2.514618e-07 6.573790e-04)
2530.35       	(3.404053e-01 -1.357852e-05 8.718465e-02)	(3.342306e-01 -1.332075e-05 8.652721e-02)	(6.174718e-03 -2.577670e-07 6.574408e-04)
2530.36       	(3.404056e-01 -1.351436e-05 8.718847e-02)	(3.342309e-01 -1.325037e-05 8.653097e-02)	(6.174692e-03 -2.639889e-07 6.575042e-04)
2530.36       	(3.404057e-01 -1.347764e-05 8.719138e-02)	(3.342310e-01 -1.320746e-05 8.653381e-02)	(6.174668e-03 -2.701815e-07 6.575683e-04)
2530.37       	(3.404060e-01 -1.349890e-05 8.719420e-02)	(3.342314e-01 -1.322252e-05 8.653657e-02)	(6.174645e-03 -2.763805e-07 6.576329e-04)
2530.37       	(3.404063e-01 -1.343157e-05 8.719620e-02)	(3.342317e-01 -1.314906e-05 8.653851e-02)	(6.174625e-03 -2.825117e-07 6.576970e-04)
2530.38       	(3.404064e-01 -1.338443e-05 8.719781e-02)	(3.342318e-01 -1.309583e-05 8.654005e-02)	(6.174606e-03 -2.885993e-07 6.577601e-04)
2530.38       	(3.404063e-01 -1.336918e-05 8.719856e-02)	(3.342317e-01 -1.307451e-05 8.654074e-02)	(6.174588e-03 -2.946755e-07 6.578213e-04)
2530.39       	(3.404062e-01 -1.332591e-05 8.719913e-02)	(3.342317e-01 -1.302524e-05 8.654124e-02)	(6.174571e-03 -3.006724e-07 6.578805e-04)
2530.39       	(3.404058e-01 -1.330341e-05 8.719875e-02)	(3.342312e-01 -1.299676e-05 8.654081e-02)	(6.174555e-03 -3.066488e-07 6.579367e-04)
2530.4        	(3.404052e-01 -1.317053e-05 8.719780e-02)	(3.342307e-01 -1.285801e-05 8.653981e-02)	(6.174540e-03 -3.125193e-07 6.579895e-04)
2530.4        	(3.404043e-01 -1.321002e-05 8.719616e-02)	(3.342297e-01 -1.289159e-05 8.653812e-02)	(6.174524e-03 -3.184340e-07 6.580383e-04)
2530.41       	(3.404032e-01 -1.316153e-05 8.719418e-02)	(3.342287e-01 -1.283723e-05 8.653610e-02)	(6.174508e-03 -3.242965e-07 6.580830e-04)
2530.41       	(3.404019e-01 -1.312553e-05 8.719150e-02)	(3.342274e-01 -1.279538e-05 8.653337e-02)	(6.174491e-03 -3.301522e-07 6.581232e-04)
2530.42       	(3.404004e-01 -1.313146e-05 8.718860e-02)	(3.342260e-01 -1.279546e-05 8.653044e-02)	(6.174473e-03 -3.359994e-07 6.581589e-04)
2530.43       	(3.403988e-01 -1.307183e-05 8.718502e-02)	(3.342243e-01 -1.273003e-05 8.652683e-02)	(6.174454e-03 -3.417979e-07 6.581897e-04)
2530.43       	(3.403970e-01 -1.302115e-05 8.718118e-02)	(3.342226e-01 -1.267358e-05 8.652296e-02)	(6.174432e-03 -3.475720e-07 6.582157e-04)
2530.44       	(3.403951e-01 -1.298276e-05 8.717688e-02)	(3.342207e-01 -1.262946e-05 8.651864e-02)	(6.174408e-03 -3.533008e-07 6.582366e-04)
2530.44       	(3.403930e-01 -1.294600e-05 8.717241e-02)	(3.342186e-01 -1.258698e-05 8.651416e-02)	(6.174381e-03 -3.590186e-07 6.582526e-04)
2530.45       	(3.403907e-01 -1.293763e-05 8.716764e-02)	(3.342164e-01 -1.257287e-05 8.650938e-02)	(6.174352e-03 -3.647600e-07 6.582638e-04)
2530.45       	(3.403884e-01 -1.291407e-05 8.716269e-02)	(3.342141e-01 -1.254357e-05 8.650442e-02)	(6.174319e-03 -3.705028e-07 6.582704e-04)
2530.46       	(3.403858e-01 -1.286644e-05 8.715749e-02)	(3.342116e-01 -1.249023e-05 8.649921e-02)	(6.174282e-03 -3.762125e-07 6.582723e-04)
2530.46       	(3.403833e-01 -1.284227e-05 8.715210e-02)	(3.342090e-01 -1.246038e-05 8.649383e-02)	(6.174241e-03 -3.818858e-07 6.582696e-04)
2530.47       	(3.403805e-01 -1.281445e-05 8.714653e-02)	(3.342063e-01 -1.242690e-05 8.648827e-02)	(6.174197e-03 -3.875501e-07 6.582625e-04)
2530.47       	(3.403777e-01 -1.279640e-05 8.714100e-02)	(3.342036e-01 -1.240318e-05 8.648275e-02)	(6.174148e-03 -3.932199e-07 6.582514e-04)
2530.48       	(3.403747e-01 -1.277755e-05 8.713527e-02)	(3.342006e-01 -1.237867e-05 8.647703e-02)	(6.174094e-03 -3.988850e-07 6.582363e-04)
2530.48       	(3.403718e-01 -1.272409e-05 8.712960e-02)	(3.341978e-01 -1.231958e-05 8.647138e-02)	(6.174036e-03 -4.045057e-07 6.582176e-04)
2530.49       	(3.403688e-01 -1.267637e-05 8.712379e-02)	(3.341948e-01 -1.226630e-05 8.646559e-02)	(6.173974e-03 -4.100704e-07 6.581955e-04)
2530.49       	(3.403657e-01 -1.266412e-05 8.711796e-02)	(3.341918e-01 -1.224845e-05 8.645979e-02)	(6.173907e-03 -4.156680e-07 6.581700e-04)
2530.5        	(3.403626e-01 -1.264266e-05 8.711214e-02)	(3.341887e-01 -1.222142e-05 8.645400e-02)	(6.173835e-03 -4.212351e-07 6.581415e-04)
2530.5        	(3.403594e-01 -1.260509e-05 8.710632e-02)	(3.341857e-01 -1.217830e-05 8.644820e-02)	(6.173759e-03 -4.267880e-07 6.581103e-04)
2530.51       	(3.403563e-01 -1.255264e-05 8.710070e-02)	(3.341827e-01 -1.212032e-05 8.644263e-02)	(6.173679e-03 -4.323138e-07 6.580768e-04)
2530.51       	(3.403532e-01 -1.257398e-05 8.709512e-02)	(3.341796e-01 -1.213609e-05 8.643708e-02)	(6.173595e-03 -4.378871e-07 6.580412e-04)
2530.52       	(3.403502e-01 -1.252977e-05 8.708968e-02)	(3.341766e-01 -1.208635e-05 8.643168e-02)	(6.173507e-03 -4.434137e-07 6.580038e-04)
2530.52       	(3.403470e-01 -1.254070e-05 8.708424e-02)	(3.341736e-01 -1.209172e-05 8.642627e-02)	(6.173416e-03 -4.489729e-07 6.579647e-04)
2530.53       	(3.403440e-01 -1.250471e-05 8.707910e-02)	(3.341707e-01 -1.205022e-05 8.642118e-02)	(6.173321e-03 -4.544907e-07 6.579245e-04)
2530.53       	(3.403408e-01 -1.251664e-05 8.707387e-02)	(3.341676e-01 -1.205659e-05 8.641598e-02)	(6.173223e-03 -4.600452e-07 6.578830e-04)
2530.54       	(3.403381e-01 -1.245465e-05 8.706911e-02)	(3.341650e-01 -1.198912e-05 8.641127e-02)	(6.173122e-03 -4.655307e-07 6.578409e-04)
2530.54       	(3.403348e-01 -1.249774e-05 8.706399e-02)	(3.341618e-01 -1.202666e-05 8.640619e-02)	(6.173019e-03 -4.710846e-07 6.577980e-04)
2530.55       	(3.403326e-01 -1.238017e-05 8.705975e-02)	(3.341597e-01 -1.190366e-05 8.640200e-02)	(6.172914e-03 -4.765122e-07 6.577550e-04)
2530.55       	(3.403289e-01 -1.248752e-05 8.705462e-02)	(3.341561e-01 -1.200538e-05 8.639691e-02)	(6.172807e-03 -4.821434e-07 6.577113e-04)
2530.56       	(3.403276e-01 -1.231760e-05 8.705125e-02)	(3.341549e-01 -1.183011e-05 8.639358e-02)	(6.172699e-03 -4.874908e-07 6.576683e-04)
2530.57       	(3.403234e-01 -1.252302e-05 8.704585e-02)	(3.341508e-01 -1.202980e-05 8.638823e-02)	(6.172590e-03 -4.932234e-07 6.576245e-04)
2530.57       	(3.403227e-01 -1.224216e-05 8.704335e-02)	(3.341503e-01 -1.174361e-05 8.638577e-02)	(6.172482e-03 -4.985424e-07 6.575823e-04)
2530.58       	(3.403183e-01 -1.250252e-05 8.703808e-02)	(3.341460e-01 -1.199824e-05 8.638054e-02)	(6.172372e-03 -5.042803e-07 6.575394e-04)
2530.58       	(3.403183e-01 -1.220410e-05 8.703598e-02)	(3.341460e-01 -1.169452e-05 8.637848e-02)	(6.172264e-03 -5.095798e-07 6.574983e-04)
2530.59       	(3.403141e-01 -1.246598e-05 8.703111e-02)	(3.341419e-01 -1.195068e-05 8.637365e-02)	(6.172155e-03 -5.153017e-07 6.574568e-04)
2530.59       	(3.403143e-01 -1.219431e-05 8.702945e-02)	(3.341422e-01 -1.167370e-05 8.637203e-02)	(6.172050e-03 -5.206100e-07 6.574175e-04)
2530.6        	(3.403104e-01 -1.246457e-05 8.702492e-02)	(3.341385e-01 -1.193822e-05 8.636754e-02)	(6.171944e-03 -5.263479e-07 6.573781e-04)
2530.6        	(3.403107e-01 -1.218450e-05 8.702368e-02)	(3.341389e-01 -1.165283e-05 8.636634e-02)	(6.171842e-03 -5.316763e-07 6.573411e-04)
2530.61       	(3.403072e-01 -1.243302e-05 8.701958e-02)	(3.341354e-01 -1.189561e-05 8.636228e-02)	(6.171740e-03 -5.374090e-07 6.573042e-04)
2530.61       	(3.403079e-01 -1.216720e-05 8.701870e-02)	(3.341363e-01 -1.162445e-05 8.636144e-02)	(6.171643e-03 -5.427486e-07 6.572699e-04)
2530.62       	(3.403046e-01 -1.242207e-05 8.701489e-02)	(3.341330e-01 -1.187359e-05 8.635765e-02)	(6.171547e-03 -5.484776e-07 6.572358e-04)
2530.62       	(3.403057e-01 -1.215300e-05 8.701429e-02)	(3.341343e-01 -1.159917e-05 8.635708e-02)	(6.171456e-03 -5.538324e-07 6.572043e-04)
2530.63       	(3.403026e-01 -1.238799e-05 8.701082e-02)	(3.341312e-01 -1.182842e-05 8.635365e-02)	(6.171366e-03 -5.595643e-07 6.571732e-04)
2530.63       	(3.403039e-01 -1.211625e-05 8.701055e-02)	(3.341326e-01 -1.155136e-05 8.635340e-02)	(6.171282e-03 -5.648905e-07 6.571447e-04)
2530.64       	(3.403011e-01 -1.238776e-05 8.700742e-02)	(3.341299e-01 -1.181713e-05 8.635030e-02)	(6.171200e-03 -5.706363e-07 6.571168e-04)
2530.64       	(3.403028e-01 -1.211377e-05 8.700743e-02)	(3.341317e-01 -1.153777e-05 8.635034e-02)	(6.171123e-03 -5.759963e-07 6.570917e-04)
2530.65       	(3.403003e-01 -1.239843e-05 8.700471e-02)	(3.341292e-01 -1.181666e-05 8.634764e-02)	(6.171049e-03 -5.817745e-07 6.570672e-04)
2530.65       	(3.403024e-01 -1.213728e-05 8.700503e-02)	(3.341314e-01 -1.155010e-05 8.634799e-02)	(6.170981e-03 -5.871788e-07 6.570456e-04)
2530.66       	(3.403001e-01 -1.237172e-05 8.700264e-02)	(3.341292e-01 -1.177879e-05 8.634562e-02)	(6.170915e-03 -5.929326e-07 6.570246e-04)
2530.66       	(3.403022e-01 -1.210534e-05 8.700316e-02)	(3.341314e-01 -1.150705e-05 8.634615e-02)	(6.170856e-03 -5.982856e-07 6.570064e-04)
2530.67       	(3.403002e-01 -1.232823e-05 8.700138e-02)	(3.341294e-01 -1.172421e-05 8.634439e-02)	(6.170799e-03 -6.040143e-07 6.569892e-04)
2530.67       	(3.403033e-01 -1.209449e-05 8.700173e-02)	(3.341325e-01 -1.148513e-05 8.634476e-02)	(6.170749e-03 -6.093592e-07 6.569743e-04)
2530.68       	(3.403009e-01 -1.231575e-05 8.700075e-02)	(3.341302e-01 -1.170067e-05 8.634379e-02)	(6.170701e-03 -6.150770e-07 6.569608e-04)
2530.68       	(3.403049e-01 -1.210432e-05 8.700064e-02)	(3.341342e-01 -1.148387e-05 8.634369e-02)	(6.170661e-03 -6.204499e-07 6.569491e-04)
2530.69       	(3.403021e-01 -1.228536e-05 8.700056e-02)	(3.341314e-01 -1.165917e-05 8.634362e-02)	(6.170622e-03 -6.261915e-07 6.569393e-04)
2530.69       	(3.403064e-01 -1.210386e-05 8.700056e-02)	(3.341358e-01 -1.147226e-05 8.634363e-02)	(6.170591e-03 -6.315986e-07 6.569311e-04)
2530.7        	(3.403043e-01 -1.226007e-05 8.700010e-02)	(3.341337e-01 -1.162279e-05 8.634318e-02)	(6.170562e-03 -6.372734e-07 6.569241e-04)
2530.7        	(3.403080e-01 -1.211914e-05 8.700117e-02)	(3.341375e-01 -1.147644e-05 8.634425e-02)	(6.170539e-03 -6.427044e-07 6.569195e-04)
2530.71       	(3.403070e-01 -1.223718e-05 8.699989e-02)	(3.341364e-01 -1.158881e-05 8.634297e-02)	(6.170519e-03 -6.483772e-07 6.569151e-04)
2530.72       	(3.403097e-01 -1.215808e-05 8.700219e-02)	(3.341392e-01 -1.150419e-05 8.634528e-02)	(6.170505e-03 -6.538900e-07 6.569139e-04)
2530.72       	(3.403099e-01 -1.219419e-05 8.700002e-02)	(3.341394e-01 -1.153470e-05 8.634311e-02)	(6.170494e-03 -6.594869e-07 6.569120e-04)
2530.73       	(3.403119e-01 -1.217472e-05 8.700336e-02)	(3.341414e-01 -1.150969e-05 8.634645e-02)	(6.170488e-03 -6.650351e-07 6.569139e-04)
2530.73       	(3.403127e-01 -1.214016e-05 8.700060e-02)	(3.341422e-01 -1.146964e-05 8.634369e-02)	(6.170486e-03 -6.705214e-07 6.569143e-04)
2530.74       	(3.403145e-01 -1.224115e-05 8.700470e-02)	(3.341440e-01 -1.156499e-05 8.634778e-02)	(6.170487e-03 -6.761579e-07 6.569191e-04)
2530.74       	(3.403157e-01 -1.205768e-05 8.700127e-02)	(3.341452e-01 -1.137614e-05 8.634435e-02)	(6.170493e-03 -6.815362e-07 6.569215e-04)
2530.75       	(3.403172e-01 -1.229838e-05 8.700639e-02)	(3.341467e-01 -1.161103e-05 8.634947e-02)	(6.170502e-03 -6.873412e-07 6.569289e-04)
2530.75       	(3.403192e-01 -1.194845e-05 8.700195e-02)	(3.341487e-01 -1.125590e-05 8.634502e-02)	(6.170515e-03 -6.925539e-07 6.569329e-04)
2530.76       	(3.403200e-01 -1.242332e-05 8.700851e-02)	(3.341495e-01 -1.172476e-05 8.635157e-02)	(6.170530e-03 -6.985551e-07 6.569431e-04)
2530.76       	(3.403234e-01 -1.177720e-05 8.700241e-02)	(3.341529e-01 -1.107379e-05 8.634546e-02)	(6.170550e-03 -7.034165e-07 6.569481e-04)
2530.77       	(3.403218e-01 -1.263853e-05 8.701106e-02)	(3.341512e-01 -1.192879e-05 8.635410e-02)	(6.170570e-03 -7.097472e-07 6.569610e-04)
2530.77       	(3.403281e-01 -1.160467e-05 8.700267e-02)	(3.341575e-01 -1.089042e-05 8.634570e-02)	(6.170597e-03 -7.142561e-07 6.569663e-04)
2530.78       	(3.403236e-01 -1.280344e-05 8.701360e-02)	(3.341530e-01 -1.208249e-05 8.635661e-02)	(6.170622e-03 -7.209457e-07 6.569816e-04)
2530.78       	(3.403314e-01 -1.147211e-05 8.700346e-02)	(3.341607e-01 -1.074689e-05 8.634647e-02)	(6.170654e-03 -7.252210e-07 6.569876e-04)
2530.79       	(3.403262e-01 -1.283818e-05 8.701518e-02)	(3.341556e-01 -1.210620e-05 8.635818e-02)	(6.170684e-03 -7.319814e-07 6.570040e-04)
2530.79       	(3.403343e-01 -1.146492e-05 8.700457e-02)	(3.341636e-01 -1.072869e-05 8.634756e-02)	(6.170721e-03 -7.362324e-07 6.570105e-04)
2530.8        	(3.403288e-01 -1.285859e-05 8.701665e-02)	(3.341580e-01 -1.211555e-05 8.635962e-02)	(6.170754e-03 -7.430415e-07 6.570277e-04)
2530.8        	(3.403385e-01 -1.082150e-05 8.700544e-02)	(3.341677e-01 -1.007515e-05 8.634841e-02)	(6.170797e-03 -7.463499e-07 6.570351e-04)
2530.81       	(3.403312e-01 -1.292576e-05 8.701794e-02)	(3.341604e-01 -1.217238e-05 8.636089e-02)	(6.170834e-03 -7.533856e-07 6.570526e-04)
2530.81       	(3.403414e-01 -1.079303e-05 8.700620e-02)	(3.341705e-01 -1.003625e-05 8.634914e-02)	(6.170880e-03 -7.567778e-07 6.570598e-04)
2530.82       	(3.403346e-01 -1.237837e-05 8.701911e-02)	(3.341637e-01 -1.161550e-05 8.636204e-02)	(6.170922e-03 -7.628657e-07 6.570781e-04)
2530.82       	(3.403440e-01 -1.080506e-05 8.700694e-02)	(3.341731e-01 -1.003857e-05 8.634986e-02)	(6.170970e-03 -7.664878e-07 6.570848e-04)
2530.83       	(3.403371e-01 -1.237350e-05 8.701984e-02)	(3.341660e-01 -1.160069e-05 8.636274e-02)	(6.171014e-03 -7.728051e-07 6.571025e-04)
2530.83       	(3.403464e-01 -1.082777e-05 8.700749e-02)	(3.341753e-01 -1.005111e-05 8.635038e-02)	(6.171064e-03 -7.766610e-07 6.571083e-04)
2530.84       	(3.403393e-01 -1.238211e-05 8.702023e-02)	(3.341682e-01 -1.159893e-05 8.636311e-02)	(6.171110e-03 -7.831809e-07 6.571249e-04)
2530.84       	(3.403483e-01 -1.083924e-05 8.700784e-02)	(3.341772e-01 -1.005201e-05 8.635071e-02)	(6.171161e-03 -7.872272e-07 6.571294e-04)
2530.85       	(3.403415e-01 -1.238270e-05 8.702030e-02)	(3.341703e-01 -1.158882e-05 8.636316e-02)	(6.171207e-03 -7.938822e-07 6.571445e-04)
2530.86       	(3.403500e-01 -1.083196e-05 8.700773e-02)	(3.341788e-01 -1.003391e-05 8.635058e-02)	(6.171258e-03 -7.980527e-07 6.571473e-04)
2530.86       	(3.403432e-01 -1.237854e-05 8.701999e-02)	(3.341719e-01 -1.157370e-05 8.636283e-02)	(6.171304e-03 -8.048413e-07 6.571604e-04)
2530.87       	(3.403516e-01 -1.084238e-05 8.700722e-02)	(3.341802e-01 -1.003322e-05 8.635006e-02)	(6.171354e-03 -8.091620e-07 6.571612e-04)
2530.87       	(3.403448e-01 -1.237059e-05 8.701930e-02)	(3.341734e-01 -1.155452e-05 8.636212e-02)	(6.171400e-03 -8.160774e-07 6.571721e-04)
2530.88       	(3.403529e-01 -1.083505e-05 8.700628e-02)	(3.341815e-01 -1.001453e-05 8.634911e-02)	(6.171449e-03 -8.205153e-07 6.571703e-04)
2530.88       	(3.403461e-01 -1.234651e-05 8.701820e-02)	(3.341746e-01 -1.151900e-05 8.636102e-02)	(6.171494e-03 -8.275133e-07 6.571787e-04)
2530.89       	(3.403539e-01 -1.081839e-05 8.700497e-02)	(3.341824e-01 -9.986349e-06 8.634779e-02)	(6.171542e-03 -8.320389e-07 6.571743e-04)
2530.89       	(3.403470e-01 -1.234465e-05 8.701678e-02)	(3.341755e-01 -1.150554e-05 8.635960e-02)	(6.171584e-03 -8.391080e-07 6.571799e-04)
2530.9        	(3.403547e-01 -1.084087e-05 8.700329e-02)	(3.341831e-01 -9.997131e-06 8.634611e-02)	(6.171630e-03 -8.437374e-07 6.571726e-04)
2530.9        	(3.403477e-01 -1.233755e-05 8.701504e-02)	(3.341761e-01 -1.148669e-05 8.635786e-02)	(6.171670e-03 -8.508568e-07 6.571753e-04)
2530.91       	(3.403553e-01 -1.086353e-05 8.700122e-02)	(3.341835e-01 -1.000793e-05 8.634406e-02)	(6.171714e-03 -8.555972e-07 6.571650e-04)
2530.91       	(3.403484e-01 -1.232539e-05 8.701299e-02)	(3.341766e-01 -1.146265e-05 8.635582e-02)	(6.171752e-03 -8.627429e-07 6.571649e-04)
2530.92       	(3.403555e-01 -1.088603e-05 8.699881e-02)	(3.341837e-01 -1.001847e-05 8.634166e-02)	(6.171793e-03 -8.675661e-07 6.571515e-04)
2530.92       	(3.403490e-01 -1.230114e-05 8.701063e-02)	(3.341771e-01 -1.142642e-05 8.635349e-02)	(6.171828e-03 -8.747211e-07 6.571483e-04)
2530.93       	(3.403555e-01 -1.092168e-05 8.699600e-02)	(3.341836e-01 -1.004202e-05 8.633887e-02)	(6.171866e-03 -8.796608e-07 6.571316e-04)
2530.93       	(3.403495e-01 -1.226210e-05 8.700802e-02)	(3.341776e-01 -1.137531e-05 8.635090e-02)	(6.171898e-03 -8.867925e-07 6.571255e-04)
2530.94       	(3.403552e-01 -1.096541e-05 8.699283e-02)	(3.341832e-01 -1.007355e-05 8.633573e-02)	(6.171932e-03 -8.918571e-07 6.571055e-04)
2530.94       	(3.403502e-01 -1.222375e-05 8.700520e-02)	(3.341782e-01 -1.132481e-05 8.634810e-02)	(6.171962e-03 -8.989430e-07 6.570965e-04)
2530.95       	(3.403547e-01 -1.101801e-05 8.698939e-02)	(3.341827e-01 -1.011389e-05 8.633232e-02)	(6.171992e-03 -9.041139e-07 6.570732e-04)
2530.95       	(3.403503e-01 -1.220150e-05 8.700205e-02)	(3.341783e-01 -1.129033e-05 8.634499e-02)	(6.172018e-03 -9.111719e-07 6.570612e-04)
2530.96       	(3.403541e-01 -1.104783e-05 8.698582e-02)	(3.341821e-01 -1.013140e-05 8.632878e-02)	(6.172045e-03 -9.164277e-07 6.570348e-04)
2530.96       	(3.403501e-01 -1.218165e-05 8.699858e-02)	(3.341781e-01 -1.125818e-05 8.634156e-02)	(6.172068e-03 -9.234710e-07 6.570199e-04)
2530.97       	(3.403536e-01 -1.105850e-05 8.698208e-02)	(3.341815e-01 -1.012975e-05 8.632509e-02)	(6.172091e-03 -9.287487e-07 6.569906e-04)
2530.97       	(3.403497e-01 -1.219674e-05 8.699485e-02)	(3.341776e-01 -1.126096e-05 8.633788e-02)	(6.172110e-03 -9.357831e-07 6.569728e-04)
2530.98       	(3.403530e-01 -1.107549e-05 8.697828e-02)	(3.341809e-01 -1.013444e-05 8.632134e-02)	(6.172130e-03 -9.410569e-07 6.569407e-04)
2530.98       	(3.403490e-01 -1.220686e-05 8.699095e-02)	(3.341768e-01 -1.125877e-05 8.633403e-02)	(6.172145e-03 -9.480925e-07 6.569203e-04)
2530.99       	(3.403523e-01 -1.108927e-05 8.697439e-02)	(3.341801e-01 -1.013588e-05 8.631751e-02)	(6.172161e-03 -9.533876e-07 6.568857e-04)
2530.99       	(3.403482e-01 -1.221484e-05 8.698694e-02)	(3.341761e-01 -1.125441e-05 8.633007e-02)	(6.172174e-03 -9.604242e-07 6.568628e-04)
2531          	(3.403514e-01 -1.109339e-05 8.697039e-02)	(3.341792e-01 -1.012769e-05 8.631356e-02)	(6.172186e-03 -9.657009e-07 6.568258e-04)
2531.01       	(3.403474e-01 -1.221469e-05 8.698283e-02)	(3.341752e-01 -1.124198e-05 8.632603e-02)	(6.172195e-03 -9.727067e-07 6.568001e-04)
2531.01       	(3.403505e-01 -1.110122e-05 8.696633e-02)	(3.341783e-01 -1.012324e-05 8.630957e-02)	(6.172203e-03 -9.779810e-07 6.567606e-04)
2531.02       	(3.403464e-01 -1.222189e-05 8.697875e-02)	(3.341742e-01 -1.123692e-05 8.632202e-02)	(6.172209e-03 -9.849733e-07 6.567332e-04)
2531.02       	(3.403495e-01 -1.111680e-05 8.696233e-02)	(3.341772e-01 -1.012656e-05 8.630563e-02)	(6.172215e-03 -9.902486e-07 6.566923e-04)
2531.03       	(3.403453e-01 -1.223020e-05 8.697471e-02)	(3.341731e-01 -1.123296e-05 8.631804e-02)	(6.172217e-03 -9.972353e-07 6.566634e-04)
2531.03       	(3.403484e-01 -1.113440e-05 8.695833e-02)	(3.341761e-01 -1.013187e-05 8.630171e-02)	(6.172220e-03 -1.002532e-06 6.566210e-04)
2531.04       	(3.403443e-01 -1.222493e-05 8.697067e-02)	(3.341721e-01 -1.121543e-05 8.631408e-02)	(6.172219e-03 -1.009496e-06 6.565908e-04)
2531.04       	(3.403471e-01 -1.115315e-05 8.695441e-02)	(3.341749e-01 -1.013836e-05 8.629786e-02)	(6.172219e-03 -1.014789e-06 6.565473e-04)
2531.05       	(3.403432e-01 -1.221363e-05 8.696670e-02)	(3.341710e-01 -1.119194e-05 8.631019e-02)	(6.172215e-03 -1.021688e-06 6.565160e-04)
2531.05       	(3.403459e-01 -1.119391e-05 8.695065e-02)	(3.341737e-01 -1.016690e-05 8.629418e-02)	(6.172212e-03 -1.027008e-06 6.564717e-04)
2531.06       	(3.403422e-01 -1.218989e-05 8.696282e-02)	(3.341700e-01 -1.115606e-05 8.630638e-02)	(6.172206e-03 -1.033829e-06 6.564397e-04)
2531.06       	(3.403448e-01 -1.125646e-05 8.694709e-02)	(3.341726e-01 -1.021723e-05 8.629069e-02)	(6.172201e-03 -1.039225e-06 6.563950e-04)
2531.07       	(3.403414e-01 -1.212495e-05 8.695891e-02)	(3.341692e-01 -1.107903e-05 8.630255e-02)	(6.172193e-03 -1.045919e-06 6.563623e-04)
2531.07       	(3.403431e-01 -1.135908e-05 8.694393e-02)	(3.341709e-01 -1.030762e-05 8.628761e-02)	(6.172185e-03 -1.051457e-06 6.563178e-04)
2531.08       	(3.403412e-01 -1.201855e-05 8.695501e-02)	(3.341690e-01 -1.096060e-05 8.629873e-02)	(6.172175e-03 -1.057943e-06 6.562846e-04)
2531.08       	(3.403416e-01 -1.144501e-05 8.694088e-02)	(3.341695e-01 -1.038140e-05 8.628464e-02)	(6.172165e-03 -1.063609e-06 6.562404e-04)
2531.09       	(3.403405e-01 -1.196566e-05 8.695156e-02)	(3.341684e-01 -1.089567e-05 8.629536e-02)	(6.172153e-03 -1.069981e-06 6.562072e-04)
2531.09       	(3.403404e-01 -1.146874e-05 8.693782e-02)	(3.341683e-01 -1.039308e-05 8.628166e-02)	(6.172141e-03 -1.075662e-06 6.561635e-04)
2531.1        	(3.403395e-01 -1.197016e-05 8.694855e-02)	(3.341674e-01 -1.088815e-05 8.629242e-02)	(6.172128e-03 -1.082011e-06 6.561308e-04)
2531.1        	(3.403393e-01 -1.147705e-05 8.693494e-02)	(3.341672e-01 -1.038938e-05 8.627885e-02)	(6.172115e-03 -1.087666e-06 6.560878e-04)
2531.11       	(3.403384e-01 -1.198457e-05 8.694584e-02)	(3.341663e-01 -1.089057e-05 8.628979e-02)	(6.172100e-03 -1.094003e-06 6.560559e-04)
2531.11       	(3.403382e-01 -1.149153e-05 8.693235e-02)	(3.341661e-01 -1.039189e-05 8.627633e-02)	(6.172085e-03 -1.099649e-06 6.560139e-04)
2531.12       	(3.403373e-01 -1.200310e-05 8.694343e-02)	(3.341653e-01 -1.089712e-05 8.628745e-02)	(6.172070e-03 -1.105982e-06 6.559832e-04)
2531.12       	(3.403371e-01 -1.151120e-05 8.693005e-02)	(3.341650e-01 -1.039958e-05 8.627411e-02)	(6.172054e-03 -1.111620e-06 6.559425e-04)
2531.13       	(3.403364e-01 -1.202207e-05 8.694128e-02)	(3.341643e-01 -1.090414e-05 8.628537e-02)	(6.172037e-03 -1.117932e-06 6.559132e-04)
2531.13       	(3.403360e-01 -1.151399e-05 8.692804e-02)	(3.341640e-01 -1.039045e-05 8.627217e-02)	(6.172021e-03 -1.123535e-06 6.558740e-04)
2531.14       	(3.403354e-01 -1.203630e-05 8.693945e-02)	(3.341634e-01 -1.090648e-05 8.628360e-02)	(6.172004e-03 -1.129815e-06 6.558463e-04)
2531.15       	(3.403351e-01 -1.152539e-05 8.692632e-02)	(3.341631e-01 -1.039000e-05 8.627051e-02)	(6.171987e-03 -1.135393e-06 6.558088e-04)
2531.15       	(3.403345e-01 -1.205567e-05 8.693793e-02)	(3.341625e-01 -1.091400e-05 8.628215e-02)	(6.171969e-03 -1.141670e-06 6.557831e-04)
2531.16       	(3.403341e-01 -1.153892e-05 8.692495e-02)	(3.341621e-01 -1.039168e-05 8.626921e-02)	(6.171952e-03 -1.147241e-06 6.557476e-04)
2531.16       	(3.403336e-01 -1.206974e-05 8.693672e-02)	(3.341616e-01 -1.091623e-05 8.628099e-02)	(6.171935e-03 -1.153511e-06 6.557239e-04)
2531.17       	(3.403332e-01 -1.155099e-05 8.692387e-02)	(3.341613e-01 -1.039193e-05 8.626818e-02)	(6.171917e-03 -1.159060e-06 6.556906e-04)
2531.17       	(3.403327e-01 -1.208363e-05 8.693582e-02)	(3.341608e-01 -1.091833e-05 8.628016e-02)	(6.171900e-03 -1.165299e-06 6.556692e-04)
2531.18       	(3.403323e-01 -1.155965e-05 8.692313e-02)	(3.341605e-01 -1.038883e-05 8.626749e-02)	(6.171883e-03 -1.170821e-06 6.556383e-04)
2531.18       	(3.403318e-01 -1.209851e-05 8.693525e-02)	(3.341600e-01 -1.092145e-05 8.627963e-02)	(6.171866e-03 -1.177057e-06 6.556194e-04)
2531.19       	(3.403315e-01 -1.157280e-05 8.692269e-02)	(3.341597e-01 -1.039022e-05 8.626710e-02)	(6.171849e-03 -1.182575e-06 6.555909e-04)
2531.19       	(3.403311e-01 -1.211515e-05 8.693498e-02)	(3.341592e-01 -1.092636e-05 8.627940e-02)	(6.171832e-03 -1.188791e-06 6.555746e-04)
2531.2        	(3.403308e-01 -1.158791e-05 8.692256e-02)	(3.341590e-01 -1.039364e-05 8.626701e-02)	(6.171816e-03 -1.194272e-06 6.555488e-04)
2531.2        	(3.403304e-01 -1.213394e-05 8.693501e-02)	(3.341586e-01 -1.093347e-05 8.627948e-02)	(6.171800e-03 -1.200462e-06 6.555351e-04)
2531.21       	(3.403301e-01 -1.160374e-05 8.692275e-02)	(3.341583e-01 -1.039781e-05 8.626724e-02)	(6.171784e-03 -1.205936e-06 6.555120e-04)
2531.21       	(3.403297e-01 -1.215331e-05 8.693535e-02)	(3.341579e-01 -1.094119e-05 8.627985e-02)	(6.171769e-03 -1.212123e-06 6.555012e-04)
2531.22       	(3.403294e-01 -1.162195e-05 8.692322e-02)	(3.341576e-01 -1.040436e-05 8.626774e-02)	(6.171755e-03 -1.217595e-06 6.554809e-04)
2531.22       	(3.403290e-01 -1.217417e-05 8.693596e-02)	(3.341573e-01 -1.095039e-05 8.628049e-02)	(6.171740e-03 -1.223781e-06 6.554728e-04)
2531.23       	(3.403287e-01 -1.163366e-05 8.692397e-02)	(3.341570e-01 -1.040443e-05 8.626852e-02)	(6.171727e-03 -1.229227e-06 6.554554e-04)
2531.23       	(3.403285e-01 -1.218979e-05 8.693684e-02)	(3.341568e-01 -1.095441e-05 8.628139e-02)	(6.171713e-03 -1.235385e-06 6.554502e-04)
2531.24       	(3.403282e-01 -1.164897e-05 8.692498e-02)	(3.341565e-01 -1.040817e-05 8.626954e-02)	(6.171701e-03 -1.240802e-06 6.554356e-04)
2531.24       	(3.403279e-01 -1.220673e-05 8.693797e-02)	(3.341563e-01 -1.095978e-05 8.628254e-02)	(6.171689e-03 -1.246947e-06 6.554332e-04)
2531.25       	(3.403277e-01 -1.166246e-05 8.692623e-02)	(3.341560e-01 -1.041013e-05 8.627081e-02)	(6.171677e-03 -1.252339e-06 6.554215e-04)
2531.25       	(3.403275e-01 -1.222824e-05 8.693931e-02)	(3.341558e-01 -1.096976e-05 8.628389e-02)	(6.171666e-03 -1.258478e-06 6.554219e-04)
2531.26       	(3.403272e-01 -1.167466e-05 8.692772e-02)	(3.341555e-01 -1.041080e-05 8.627230e-02)	(6.171656e-03 -1.263854e-06 6.554129e-04)
2531.26       	(3.403271e-01 -1.224383e-05 8.694088e-02)	(3.341554e-01 -1.097385e-05 8.628546e-02)	(6.171647e-03 -1.269982e-06 6.554161e-04)
2531.27       	(3.403268e-01 -1.168761e-05 8.692941e-02)	(3.341551e-01 -1.041227e-05 8.627400e-02)	(6.171638e-03 -1.275337e-06 6.554099e-04)
2531.27       	(3.403265e-01 -1.227124e-05 8.694262e-02)	(3.341548e-01 -1.098978e-05 8.628721e-02)	(6.171630e-03 -1.281462e-06 6.554157e-04)
2531.28       	(3.403266e-01 -1.169602e-05 8.693128e-02)	(3.341550e-01 -1.040922e-05 8.627587e-02)	(6.171623e-03 -1.286793e-06 6.554122e-04)
2531.28       	(3.403262e-01 -1.229634e-05 8.694453e-02)	(3.341545e-01 -1.100342e-05 8.628911e-02)	(6.171616e-03 -1.292919e-06 6.554206e-04)
2531.29       	(3.403263e-01 -1.170544e-05 8.693334e-02)	(3.341546e-01 -1.040722e-05 8.627792e-02)	(6.171610e-03 -1.298222e-06 6.554196e-04)
2531.3        	(3.403260e-01 -1.231448e-05 8.694655e-02)	(3.341544e-01 -1.101014e-05 8.629112e-02)	(6.171605e-03 -1.304333e-06 6.554304e-04)
2531.3        	(3.403259e-01 -1.171340e-05 8.693559e-02)	(3.341543e-01 -1.040379e-05 8.628016e-02)	(6.171600e-03 -1.309611e-06 6.554320e-04)
2531.31       	(3.403258e-01 -1.232636e-05 8.694868e-02)	(3.341543e-01 -1.101066e-05 8.629323e-02)	(6.171596e-03 -1.315692e-06 6.554451e-04)
2531.31       	(3.403255e-01 -1.172310e-05 8.693800e-02)	(3.341539e-01 -1.040214e-05 8.628255e-02)	(6.171593e-03 -1.320953e-06 6.554490e-04)
2531.32       	(3.403259e-01 -1.233713e-05 8.695079e-02)	(3.341543e-01 -1.101011e-05 8.629533e-02)	(6.171591e-03 -1.327019e-06 6.554641e-04)
2531.32       	(3.403250e-01 -1.172849e-05 8.694060e-02)	(3.341534e-01 -1.039623e-05 8.628513e-02)	(6.171589e-03 -1.332257e-06 6.554704e-04)
2531.33       	(3.403262e-01 -1.234900e-05 8.695286e-02)	(3.341547e-01 -1.101069e-05 8.629737e-02)	(6.171588e-03 -1.338310e-06 6.554873e-04)
2531.33       	(3.403244e-01 -1.173410e-05 8.694346e-02)	(3.341528e-01 -1.039057e-05 8.628796e-02)	(6.171587e-03 -1.343531e-06 6.554959e-04)
2531.34       	(3.403272e-01 -1.235930e-05 8.695475e-02)	(3.341556e-01 -1.100973e-05 8.629924e-02)	(6.171588e-03 -1.349573e-06 6.555142e-04)
2531.34       	(3.403232e-01 -1.173686e-05 8.694669e-02)	(3.341516e-01 -1.038208e-05 8.629116e-02)	(6.171588e-03 -1.354776e-06 6.555252e-04)
2531.35       	(3.403282e-01 -1.239388e-05 8.695643e-02)	(3.341566e-01 -1.103307e-05 8.630089e-02)	(6.171590e-03 -1.360810e-06 6.555444e-04)
2531.35       	(3.403222e-01 -1.176148e-05 8.694983e-02)	(3.341507e-01 -1.039550e-05 8.629427e-02)	(6.171591e-03 -1.365985e-06 6.555577e-04)
2531.36       	(3.403281e-01 -1.244595e-05 8.695880e-02)	(3.341565e-01 -1.107393e-05 8.630322e-02)	(6.171595e-03 -1.372016e-06 6.555783e-04)
2531.36       	(3.403225e-01 -1.179196e-05 8.695224e-02)	(3.341509e-01 -1.041477e-05 8.629665e-02)	(6.171596e-03 -1.377196e-06 6.555928e-04)
2531.37       	(3.403280e-01 -1.244893e-05 8.696156e-02)	(3.341564e-01 -1.106572e-05 8.630594e-02)	(6.171601e-03 -1.383217e-06 6.556149e-04)
2531.37       	(3.403229e-01 -1.179522e-05 8.695444e-02)	(3.341513e-01 -1.040683e-05 8.629881e-02)	(6.171604e-03 -1.388385e-06 6.556304e-04)
2531.38       	(3.403280e-01 -1.245779e-05 8.696447e-02)	(3.341564e-01 -1.106339e-05 8.630882e-02)	(6.171610e-03 -1.394400e-06 6.556540e-04)
2531.38       	(3.403236e-01 -1.181052e-05 8.695639e-02)	(3.341520e-01 -1.041096e-05 8.630072e-02)	(6.171614e-03 -1.399560e-06 6.556701e-04)
2531.39       	(3.403271e-01 -1.246330e-05 8.696770e-02)	(3.341555e-01 -1.105775e-05 8.631200e-02)	(6.171619e-03 -1.405551e-06 6.556953e-04)
2531.39       	(3.403249e-01 -1.184057e-05 8.695803e-02)	(3.341533e-01 -1.042987e-05 8.630232e-02)	(6.171625e-03 -1.410703e-06 6.557116e-04)
2531.4        	(3.403260e-01 -1.248753e-05 8.697083e-02)	(3.341543e-01 -1.107086e-05 8.631509e-02)	(6.171631e-03 -1.416676e-06 6.557382e-04)
2531.4        	(3.403258e-01 -1.187063e-05 8.696012e-02)	(3.341542e-01 -1.044881e-05 8.630437e-02)	(6.171638e-03 -1.421815e-06 6.557548e-04)
2531.41       	(3.403260e-01 -1.250840e-05 8.697329e-02)	(3.341544e-01 -1.108062e-05 8.631751e-02)	(6.171644e-03 -1.427782e-06 6.557821e-04)
2531.41       	(3.403260e-01 -1.188681e-05 8.696250e-02)	(3.341544e-01 -1.045390e-05 8.630670e-02)	(6.171652e-03 -1.432908e-06 6.557993e-04)
2531.42       	(3.403263e-01 -1.253385e-05 8.697558e-02)	(3.341547e-01 -1.109497e-05 8.631976e-02)	(6.171659e-03 -1.438871e-06 6.558270e-04)
2531.42       	(3.403261e-01 -1.190625e-05 8.696479e-02)	(3.341545e-01 -1.046226e-05 8.630895e-02)	(6.171666e-03 -1.443990e-06 6.558446e-04)
2531.43       	(3.403268e-01 -1.255790e-05 8.697781e-02)	(3.341551e-01 -1.110794e-05 8.632193e-02)	(6.171674e-03 -1.449954e-06 6.558726e-04)
2531.44       	(3.403264e-01 -1.192509e-05 8.696700e-02)	(3.341548e-01 -1.047002e-05 8.631111e-02)	(6.171682e-03 -1.455073e-06 6.558905e-04)
2531.44       	(3.403273e-01 -1.257499e-05 8.697995e-02)	(3.341556e-01 -1.111396e-05 8.632403e-02)	(6.171690e-03 -1.461029e-06 6.559186e-04)
2531.45       	(3.403267e-01 -1.193774e-05 8.696913e-02)	(3.341550e-01 -1.047161e-05 8.631319e-02)	(6.171699e-03 -1.466130e-06 6.559366e-04)
2531.45       	(3.403276e-01 -1.259496e-05 8.698202e-02)	(3.341559e-01 -1.112288e-05 8.632605e-02)	(6.171707e-03 -1.472081e-06 6.559648e-04)
2531.46       	(3.403272e-01 -1.195607e-05 8.697116e-02)	(3.341554e-01 -1.047889e-05 8.631517e-02)	(6.171716e-03 -1.477178e-06 6.559828e-04)
2531.46       	(3.403279e-01 -1.261572e-05 8.698400e-02)	(3.341561e-01 -1.113260e-05 8.632798e-02)	(6.171724e-03 -1.483125e-06 6.560109e-04)
2531.47       	(3.403276e-01 -1.197210e-05 8.697308e-02)	(3.341558e-01 -1.048389e-05 8.631705e-02)	(6.171733e-03 -1.488210e-06 6.560287e-04)
2531.47       	(3.403282e-01 -1.263918e-05 8.698587e-02)	(3.341565e-01 -1.114503e-05 8.632981e-02)	(6.171742e-03 -1.494151e-06 6.560567e-04)
2531.48       	(3.403281e-01 -1.198826e-05 8.697489e-02)	(3.341563e-01 -1.048904e-05 8.631881e-02)	(6.171751e-03 -1.499217e-06 6.560743e-04)
2531.48       	(3.403286e-01 -1.266371e-05 8.698764e-02)	(3.341569e-01 -1.115855e-05 8.633154e-02)	(6.171759e-03 -1.505160e-06 6.561020e-04)
2531.49       	(3.403284e-01 -1.200184e-05 8.697659e-02)	(3.341566e-01 -1.049162e-05 8.632047e-02)	(6.171768e-03 -1.510216e-06 6.561193e-04)
2531.49       	(3.403292e-01 -1.268687e-05 8.698932e-02)	(3.341574e-01 -1.117071e-05 8.633318e-02)	(6.171777e-03 -1.516160e-06 6.561467e-04)
2531.5        	(3.403289e-01 -1.201774e-05 8.697819e-02)	(3.341571e-01 -1.049653e-05 8.632203e-02)	(6.171786e-03 -1.521207e-06 6.561637e-04)
2531.5        	(3.403296e-01 -1.271161e-05 8.699091e-02)	(3.341578e-01 -1.118446e-05 8.633472e-02)	(6.171794e-03 -1.527155e-06 6.561907e-04)
2531.51       	(3.403295e-01 -1.203017e-05 8.697969e-02)	(3.341576e-01 -1.049799e-05 8.632348e-02)	(6.171803e-03 -1.532186e-06 6.562073e-04)
2531.51       	(3.403301e-01 -1.273789e-05 8.699241e-02)	(3.341582e-01 -1.119976e-05 8.633618e-02)	(6.171812e-03 -1.538139e-06 6.562339e-04)
2531.52       	(3.403301e-01 -1.204338e-05 8.698108e-02)	(3.341582e-01 -1.050023e-05 8.632483e-02)	(6.171820e-03 -1.543153e-06 6.562500e-04)
2531.52       	(3.403305e-01 -1.276586e-05 8.699383e-02)	(3.341587e-01 -1.121674e-05 8.633756e-02)	(6.171829e-03 -1.549115e-06 6.562763e-04)
2531.53       	(3.403307e-01 -1.205570e-05 8.698236e-02)	(3.341588e-01 -1.050159e-05 8.632607e-02)	(6.171837e-03 -1.554113e-06 6.562918e-04)
2531.53       	(3.403310e-01 -1.279520e-05 8.699517e-02)	(3.341591e-01 -1.123511e-05 8.633886e-02)	(6.171845e-03 -1.560089e-06 6.563177e-04)
2531.54       	(3.403314e-01 -1.206700e-05 8.698355e-02)	(3.341595e-01 -1.050193e-05 8.632722e-02)	(6.171854e-03 -1.565067e-06 6.563327e-04)
2531.54       	(3.403314e-01 -1.282710e-05 8.699645e-02)	(3.341595e-01 -1.125604e-05 8.634009e-02)	(6.171862e-03 -1.571055e-06 6.563581e-04)
2531.55       	(3.403321e-01 -1.207623e-05 8.698463e-02)	(3.341602e-01 -1.050022e-05 8.632826e-02)	(6.171870e-03 -1.576010e-06 6.563726e-04)
2531.55       	(3.403318e-01 -1.285842e-05 8.699768e-02)	(3.341599e-01 -1.127641e-05 8.634128e-02)	(6.171878e-03 -1.582015e-06 6.563977e-04)
2531.56       	(3.403328e-01 -1.208180e-05 8.698561e-02)	(3.341609e-01 -1.049485e-05 8.632920e-02)	(6.171886e-03 -1.586946e-06 6.564116e-04)
2531.56       	(3.403323e-01 -1.289400e-05 8.699887e-02)	(3.341604e-01 -1.130103e-05 8.634243e-02)	(6.171893e-03 -1.592976e-06 6.564364e-04)
2531.57       	(3.403336e-01 -1.208287e-05 8.698648e-02)	(3.341617e-01 -1.048499e-05 8.633003e-02)	(6.171901e-03 -1.597873e-06 6.564497e-04)
2531.58       	(3.403326e-01 -1.293406e-05 8.700004e-02)	(3.341607e-01 -1.133013e-05 8.634357e-02)	(6.171908e-03 -1.603928e-06 6.564741e-04)
2531.58       	(3.403345e-01 -1.208340e-05 8.698724e-02)	(3.341626e-01 -1.047463e-05 8.633075e-02)	(6.171916e-03 -1.608773e-06 6.564869e-04)
2531.59       	(3.403329e-01 -1.298168e-05 8.700122e-02)	(3.341610e-01 -1.136682e-05 8.634470e-02)	(6.171923e-03 -1.614867e-06 6.565111e-04)
2531.59       	(3.403355e-01 -1.207553e-05 8.698787e-02)	(3.341636e-01 -1.045588e-05 8.633135e-02)	(6.171931e-03 -1.619658e-06 6.565232e-04)
2531.6        	(3.403332e-01 -1.303743e-05 8.700241e-02)	(3.341612e-01 -1.141163e-05 8.634587e-02)	(6.171937e-03 -1.625804e-06 6.565473e-04)
2531.6        	(3.403366e-01 -1.206386e-05 8.698837e-02)	(3.341647e-01 -1.043334e-05 8.633181e-02)	(6.171946e-03 -1.630518e-06 6.565587e-04)
2531.61       	(3.403333e-01 -1.310461e-05 8.700367e-02)	(3.341614e-01 -1.146788e-05 8.634709e-02)	(6.171951e-03 -1.636730e-06 6.565829e-04)
2531.61       	(3.403379e-01 -1.204220e-05 8.698872e-02)	(3.341659e-01 -1.040085e-05 8.633212e-02)	(6.171960e-03 -1.641346e-06 6.565935e-04)
2531.62       	(3.403333e-01 -1.318497e-05 8.700503e-02)	(3.341613e-01 -1.153731e-05 8.634841e-02)	(6.171965e-03 -1.647652e-06 6.566178e-04)
2531.62       	(3.403393e-01 -1.201151e-05 8.698896e-02)	(3.341673e-01 -1.035935e-05 8.633233e-02)	(6.171974e-03 -1.652157e-06 6.566276e-04)
2531.63       	(3.403331e-01 -1.326435e-05 8.700639e-02)	(3.341611e-01 -1.160579e-05 8.634973e-02)	(6.171979e-03 -1.658561e-06 6.566522e-04)
2531.63       	(3.403404e-01 -1.199561e-05 8.698937e-02)	(3.341684e-01 -1.033262e-05 8.633271e-02)	(6.171988e-03 -1.662987e-06 6.566614e-04)
2531.64       	(3.403334e-01 -1.330409e-05 8.700738e-02)	(3.341614e-01 -1.163466e-05 8.635070e-02)	(6.171992e-03 -1.669422e-06 6.566860e-04)
2531.64       	(3.403413e-01 -1.199538e-05 8.698995e-02)	(3.341693e-01 -1.032158e-05 8.633325e-02)	(6.172001e-03 -1.673806e-06 6.566948e-04)
2531.65       	(3.403338e-01 -1.333415e-05 8.700830e-02)	(3.341618e-01 -1.165389e-05 8.635159e-02)	(6.172005e-03 -1.680260e-06 6.567193e-04)
2531.65       	(3.403422e-01 -1.199898e-05 8.699055e-02)	(3.341702e-01 -1.031437e-05 8.633382e-02)	(6.172014e-03 -1.684610e-06 6.567278e-04)
2531.66       	(3.403342e-01 -1.335983e-05 8.700920e-02)	(3.341622e-01 -1.166875e-05 8.635245e-02)	(6.172019e-03 -1.691077e-06 6.567523e-04)
2531.66       	(3.403432e-01 -1.199988e-05 8.699116e-02)	(3.341712e-01 -1.030448e-05 8.633440e-02)	(6.172028e-03 -1.695393e-06 6.567605e-04)
2531.67       	(3.403346e-01 -1.338840e-05 8.701009e-02)	(3.341626e-01 -1.168653e-05 8.635330e-02)	(6.172032e-03 -1.701875e-06 6.567850e-04)
2531.67       	(3.403440e-01 -1.200582e-05 8.699179e-02)	(3.341720e-01 -1.029966e-05 8.633500e-02)	(6.172041e-03 -1.706166e-06 6.567930e-04)
2531.68       	(3.403351e-01 -1.340971e-05 8.701095e-02)	(3.341630e-01 -1.169705e-05 8.635413e-02)	(6.172045e-03 -1.712651e-06 6.568175e-04)
2531.68       	(3.403449e-01 -1.201958e-05 8.699245e-02)	(3.341729e-01 -1.030266e-05 8.633563e-02)	(6.172055e-03 -1.716917e-06 6.568253e-04)
2531.69       	(3.403357e-01 -1.343090e-05 8.701180e-02)	(3.341636e-01 -1.170749e-05 8.635495e-02)	(6.172058e-03 -1.723406e-06 6.568498e-04)
2531.69       	(3.403457e-01 -1.202694e-05 8.699314e-02)	(3.341736e-01 -1.029929e-05 8.633628e-02)	(6.172068e-03 -1.727651e-06 6.568575e-04)
2531.7        	(3.403362e-01 -1.345124e-05 8.701264e-02)	(3.341642e-01 -1.171710e-05 8.635576e-02)	(6.172072e-03 -1.734142e-06 6.568820e-04)
2531.7        	(3.403464e-01 -1.203108e-05 8.699387e-02)	(3.341743e-01 -1.029271e-05 8.633698e-02)	(6.172082e-03 -1.738363e-06 6.568896e-04)
2531.71       	(3.403368e-01 -1.346872e-05 8.701349e-02)	(3.341647e-01 -1.172387e-05 8.635657e-02)	(6.172085e-03 -1.744850e-06 6.569142e-04)
2531.72       	(3.403472e-01 -1.203811e-05 8.699462e-02)	(3.341751e-01 -1.028906e-05 8.633770e-02)	(6.172095e-03 -1.749050e-06 6.569217e-04)
2531.72       	(3.403374e-01 -1.348771e-05 8.701433e-02)	(3.341653e-01 -1.173218e-05 8.635739e-02)	(6.172099e-03 -1.755536e-06 6.569464e-04)
2531.73       	(3.403479e-01 -1.204732e-05 8.699540e-02)	(3.341758e-01 -1.028761e-05 8.633844e-02)	(6.172109e-03 -1.759716e-06 6.569539e-04)
2531.73       	(3.403381e-01 -1.350324e-05 8.701519e-02)	(3.341660e-01 -1.173705e-05 8.635821e-02)	(6.172113e-03 -1.766197e-06 6.569786e-04)
2531.74       	(3.403487e-01 -1.205887e-05 8.699620e-02)	(3.341765e-01 -1.028851e-05 8.633922e-02)	(6.172123e-03 -1.770359e-06 6.569861e-04)
2531.74       	(3.403387e-01 -1.351771e-05 8.701605e-02)	(3.341666e-01 -1.174087e-05 8.635904e-02)	(6.172127e-03 -1.776833e-06 6.570109e-04)
2531.75       	(3.403494e-01 -1.206962e-05 8.699704e-02)	(3.341772e-01 -1.028864e-05 8.634002e-02)	(6.172138e-03 -1.780977e-06 6.570184e-04)
2531.75       	(3.403394e-01 -1.353139e-05 8.701693e-02)	(3.341673e-01 -1.174395e-05 8.635989e-02)	(6.172142e-03 -1.787442e-06 6.570433e-04)
2531.76       	(3.403501e-01 -1.207771e-05 8.699790e-02)	(3.341779e-01 -1.028614e-05 8.634085e-02)	(6.172152e-03 -1.791567e-06 6.570509e-04)
2531.76       	(3.403401e-01 -1.354437e-05 8.701783e-02)	(3.341679e-01 -1.174635e-05 8.636075e-02)	(6.172157e-03 -1.798020e-06 6.570758e-04)
2531.77       	(3.403508e-01 -1.208939e-05 8.699880e-02)	(3.341786e-01 -1.028726e-05 8.634171e-02)	(6.172167e-03 -1.802130e-06 6.570834e-04)
2531.77       	(3.403408e-01 -1.355803e-05 8.701874e-02)	(3.341686e-01 -1.174946e-05 8.636163e-02)	(6.172172e-03 -1.808571e-06 6.571084e-04)
2531.78       	(3.403515e-01 -1.209935e-05 8.699972e-02)	(3.341793e-01 -1.028668e-05 8.634260e-02)	(6.172182e-03 -1.812666e-06 6.571162e-04)
2531.78       	(3.403415e-01 -1.356887e-05 8.701966e-02)	(3.341693e-01 -1.174978e-05 8.636252e-02)	(6.172187e-03 -1.819093e-06 6.571412e-04)
2531.79       	(3.403522e-01 -1.210893e-05 8.700066e-02)	(3.341800e-01 -1.028575e-05 8.634351e-02)	(6.172198e-03 -1.823173e-06 6.571490e-04)
2531.79       	(3.403422e-01 -1.357786e-05 8.702060e-02)	(3.341700e-01 -1.174828e-05 8.636342e-02)	(6.172203e-03 -1.829585e-06 6.571741e-04)
2531.8        	(3.403529e-01 -1.211781e-05 8.700162e-02)	(3.341807e-01 -1.028416e-05 8.634444e-02)	(6.172214e-03 -1.833650e-06 6.571820e-04)
2531.8        	(3.403429e-01 -1.358811e-05 8.702156e-02)	(3.341707e-01 -1.174806e-05 8.636435e-02)	(6.172219e-03 -1.840047e-06 6.572071e-04)
2531.81       	(3.403536e-01 -1.212662e-05 8.700260e-02)	(3.341814e-01 -1.028252e-05 8.634539e-02)	(6.172230e-03 -1.844098e-06 6.572151e-04)
2531.81       	(3.403436e-01 -1.359855e-05 8.702253e-02)	(3.341714e-01 -1.174807e-05 8.636529e-02)	(6.172235e-03 -1.850483e-06 6.572403e-04)
2531.82       	(3.403543e-01 -1.213448e-05 8.700360e-02)	(3.341820e-01 -1.027996e-05 8.634635e-02)	(6.172247e-03 -1.854522e-06 6.572483e-04)
2531.82       	(3.403443e-01 -1.360991e-05 8.702351e-02)	(3.341721e-01 -1.174901e-05 8.636624e-02)	(6.172252e-03 -1.860896e-06 6.572735e-04)
2531.83       	(3.403550e-01 -1.214271e-05 8.700460e-02)	(3.341827e-01 -1.027778e-05 8.634732e-02)	(6.172264e-03 -1.864921e-06 6.572816e-04)
2531.83       	(3.403450e-01 -1.361920e-05 8.702451e-02)	(3.341728e-01 -1.174791e-05 8.636720e-02)	(6.172269e-03 -1.871282e-06 6.573069e-04)
2531.84       	(3.403557e-01 -1.215068e-05 8.700562e-02)	(3.341834e-01 -1.027539e-05 8.634831e-02)	(6.172281e-03 -1.875292e-06 6.573150e-04)
2531.84       	(3.403458e-01 -1.362907e-05 8.702552e-02)	(3.341735e-01 -1.174743e-05 8.636818e-02)	(6.172286e-03 -1.881641e-06 6.573403e-04)
2531.85       	(3.403564e-01 -1.216013e-05 8.700665e-02)	(3.341841e-01 -1.027449e-05 8.634930e-02)	(6.172298e-03 -1.885637e-06 6.573484e-04)
2531.85       	(3.403465e-01 -1.363812e-05 8.702653e-02)	(3.341742e-01 -1.174615e-05 8.636916e-02)	(6.172304e-03 -1.891974e-06 6.573737e-04)
2531.86       	(3.403572e-01 -1.216621e-05 8.700768e-02)	(3.341849e-01 -1.027026e-05 8.635030e-02)	(6.172316e-03 -1.895953e-06 6.573819e-04)
2531.87       	(3.403473e-01 -1.364853e-05 8.702755e-02)	(3.341750e-01 -1.174625e-05 8.637014e-02)	(6.172322e-03 -1.902280e-06 6.574072e-04)
2531.87       	(3.403579e-01 -1.217299e-05 8.700872e-02)	(3.341856e-01 -1.026675e-05 8.635130e-02)	(6.172334e-03 -1.906246e-06 6.574153e-04)
2531.88       	(3.403481e-01 -1.365818e-05 8.702856e-02)	(3.341757e-01 -1.174562e-05 8.637112e-02)	(6.172341e-03 -1.912562e-06 6.574406e-04)
2531.88       	(3.403587e-01 -1.217910e-05 8.700976e-02)	(3.341863e-01 -1.026259e-05 8.635231e-02)	(6.172353e-03 -1.916514e-06 6.574487e-04)
2531.89       	(3.403490e-01 -1.366372e-05 8.702957e-02)	(3.341767e-01 -1.174091e-05 8.637210e-02)	(6.172359e-03 -1.922815e-06 6.574739e-04)
2531.89       	(3.403593e-01 -1.219268e-05 8.701081e-02)	(3.341869e-01 -1.026593e-05 8.635332e-02)	(6.172372e-03 -1.926757e-06 6.574820e-04)
2531.9        	(3.403499e-01 -1.367025e-05 8.703056e-02)	(3.341775e-01 -1.173721e-05 8.637305e-02)	(6.172378e-03 -1.933044e-06 6.575071e-04)
2531.9        	(3.403600e-01 -1.219698e-05 8.701188e-02)	(3.341876e-01 -1.026001e-05 8.635436e-02)	(6.172391e-03 -1.936972e-06 6.575152e-04)
2531.91       	(3.403507e-01 -1.367771e-05 8.703150e-02)	(3.341783e-01 -1.173447e-05 8.637396e-02)	(6.172398e-03 -1.943246e-06 6.575402e-04)
2531.91       	(3.403607e-01 -1.220189e-05 8.701300e-02)	(3.341883e-01 -1.025473e-05 8.635545e-02)	(6.172410e-03 -1.947164e-06 6.575483e-04)
2531.92       	(3.403517e-01 -1.368402e-05 8.703235e-02)	(3.341793e-01 -1.173059e-05 8.637478e-02)	(6.172417e-03 -1.953422e-06 6.575730e-04)
2531.92       	(3.403612e-01 -1.220877e-05 8.701424e-02)	(3.341888e-01 -1.025143e-05 8.635666e-02)	(6.172430e-03 -1.957336e-06 6.575812e-04)
2531.93       	(3.403528e-01 -1.369070e-05 8.703298e-02)	(3.341803e-01 -1.172713e-05 8.637538e-02)	(6.172437e-03 -1.963573e-06 6.576055e-04)
2531.93       	(3.403615e-01 -1.220273e-05 8.701570e-02)	(3.341891e-01 -1.023526e-05 8.635809e-02)	(6.172450e-03 -1.967475e-06 6.576139e-04)
2531.94       	(3.403543e-01 -1.370135e-05 8.703353e-02)	(3.341818e-01 -1.172766e-05 8.637590e-02)	(6.172457e-03 -1.973696e-06 6.576377e-04)
2531.94       	(3.403621e-01 -1.219690e-05 8.701694e-02)	(3.341897e-01 -1.021932e-05 8.635929e-02)	(6.172470e-03 -1.977582e-06 6.576462e-04)
2531.95       	(3.403553e-01 -1.371464e-05 8.703442e-02)	(3.341829e-01 -1.173084e-05 8.637675e-02)	(6.172478e-03 -1.983799e-06 6.576697e-04)
2531.95       	(3.403630e-01 -1.220283e-05 8.701793e-02)	(3.341905e-01 -1.021515e-05 8.636025e-02)	(6.172490e-03 -1.987675e-06 6.576780e-04)
2531.96       	(3.403562e-01 -1.372162e-05 8.703537e-02)	(3.341837e-01 -1.172774e-05 8.637766e-02)	(6.172498e-03 -1.993882e-06 6.577014e-04)
2531.96       	(3.403638e-01 -1.220750e-05 8.701890e-02)	(3.341913e-01 -1.020976e-05 8.636119e-02)	(6.172511e-03 -1.997747e-06 6.577095e-04)
2531.97       	(3.403571e-01 -1.372797e-05 8.703629e-02)	(3.341846e-01 -1.172403e-05 8.637855e-02)	(6.172519e-03 -2.003944e-06 6.577326e-04)
2531.97       	(3.403646e-01 -1.221190e-05 8.701987e-02)	(3.341921e-01 -1.020410e-05 8.636213e-02)	(6.172532e-03 -2.007798e-06 6.577406e-04)
2531.98       	(3.403581e-01 -1.373390e-05 8.703719e-02)	(3.341855e-01 -1.171992e-05 8.637943e-02)	(6.172540e-03 -2.013985e-06 6.577634e-04)
2531.98       	(3.403655e-01 -1.221555e-05 8.702081e-02)	(3.341929e-01 -1.019772e-05 8.636304e-02)	(6.172553e-03 -2.017829e-06 6.577712e-04)
2531.99       	(3.403590e-01 -1.373948e-05 8.703807e-02)	(3.341864e-01 -1.171548e-05 8.638028e-02)	(6.172561e-03 -2.024007e-06 6.577938e-04)
2531.99       	(3.403663e-01 -1.221944e-05 8.702173e-02)	(3.341937e-01 -1.019160e-05 8.636393e-02)	(6.172574e-03 -2.027840e-06 6.578013e-04)
2532          	(3.403599e-01 -1.374453e-05 8.703894e-02)	(3.341874e-01 -1.171052e-05 8.638112e-02)	(6.172583e-03 -2.034008e-06 6.578236e-04)
2532.01       	(3.403672e-01 -1.222272e-05 8.702264e-02)	(3.341946e-01 -1.018489e-05 8.636480e-02)	(6.172595e-03 -2.037831e-06 6.578309e-04)
2532.01       	(3.403609e-01 -1.374868e-05 8.703979e-02)	(3.341883e-01 -1.170470e-05 8.638194e-02)	(6.172604e-03 -2.043989e-06 6.578529e-04)
2532.02       	(3.403681e-01 -1.222562e-05 8.702352e-02)	(3.341955e-01 -1.017782e-05 8.636566e-02)	(6.172617e-03 -2.047801e-06 6.578599e-04)
2532.02       	(3.403618e-01 -1.375246e-05 8.704062e-02)	(3.341892e-01 -1.169851e-05 8.638274e-02)	(6.172625e-03 -2.053949e-06 6.578816e-04)
2532.03       	(3.403690e-01 -1.222791e-05 8.702438e-02)	(3.341963e-01 -1.017016e-05 8.636649e-02)	(6.172638e-03 -2.057749e-06 6.578883e-04)
2532.03       	(3.403628e-01 -1.375499e-05 8.704143e-02)	(3.341902e-01 -1.169110e-05 8.638352e-02)	(6.172647e-03 -2.063887e-06 6.579096e-04)
2532.04       	(3.403699e-01 -1.222914e-05 8.702522e-02)	(3.341972e-01 -1.016146e-05 8.636730e-02)	(6.172660e-03 -2.067675e-06 6.579160e-04)
2532.04       	(3.403638e-01 -1.375792e-05 8.704223e-02)	(3.341911e-01 -1.168412e-05 8.638429e-02)	(6.172668e-03 -2.073803e-06 6.579371e-04)
2532.05       	(3.403708e-01 -1.223108e-05 8.702603e-02)	(3.341981e-01 -1.015349e-05 8.636809e-02)	(6.172681e-03 -2.077581e-06 6.579432e-04)
2532.05       	(3.403647e-01 -1.376071e-05 8.704300e-02)	(3.341920e-01 -1.167701e-05 8.638504e-02)	(6.172690e-03 -2.083699e-06 6.579638e-04)
2532.06       	(3.403717e-01 -1.223313e-05 8.702682e-02)	(3.341990e-01 -1.014566e-05 8.636885e-02)	(6.172702e-03 -2.087467e-06 6.579696e-04)
2532.06       	(3.403657e-01 -1.376302e-05 8.704376e-02)	(3.341930e-01 -1.166944e-05 8.638577e-02)	(6.172711e-03 -2.093576e-06 6.579900e-04)
2532.07       	(3.403726e-01 -1.223425e-05 8.702760e-02)	(3.341999e-01 -1.013692e-05 8.636960e-02)	(6.172724e-03 -2.097332e-06 6.579954e-04)
2532.07       	(3.403666e-01 -1.376382e-05 8.704450e-02)	(3.341939e-01 -1.166039e-05 8.638648e-02)	(6.172732e-03 -2.103429e-06 6.580154e-04)
2532.08       	(3.403736e-01 -1.223457e-05 8.702835e-02)	(3.342008e-01 -1.012739e-05 8.637033e-02)	(6.172745e-03 -2.107172e-06 6.580205e-04)
2532.08       	(3.403676e-01 -1.376387e-05 8.704522e-02)	(3.341948e-01 -1.165061e-05 8.638718e-02)	(6.172753e-03 -2.113257e-06 6.580401e-04)
2532.09       	(3.403745e-01 -1.223434e-05 8.702907e-02)	(3.342017e-01 -1.011735e-05 8.637103e-02)	(6.172766e-03 -2.116986e-06 6.580448e-04)
2532.09       	(3.403685e-01 -1.376389e-05 8.704592e-02)	(3.341957e-01 -1.164083e-05 8.638786e-02)	(6.172774e-03 -2.123061e-06 6.580641e-04)
2532.1        	(3.403754e-01 -1.223409e-05 8.702978e-02)	(3.342026e-01 -1.010731e-05 8.637171e-02)	(6.172787e-03 -2.126777e-06 6.580685e-04)
2532.1        	(3.403694e-01 -1.376299e-05 8.704661e-02)	(3.341966e-01 -1.163015e-05 8.638852e-02)	(6.172795e-03 -2.132840e-06 6.580874e-04)
2532.11       	(3.403764e-01 -1.223317e-05 8.703046e-02)	(3.342036e-01 -1.009662e-05 8.637237e-02)	(6.172808e-03 -2.136543e-06 6.580914e-04)
2532.11       	(3.403704e-01 -1.376178e-05 8.704728e-02)	(3.341976e-01 -1.161919e-05 8.638917e-02)	(6.172816e-03 -2.142595e-06 6.581099e-04)
2532.12       	(3.403773e-01 -1.223211e-05 8.703112e-02)	(3.342045e-01 -1.008582e-05 8.637301e-02)	(6.172828e-03 -2.146284e-06 6.581136e-04)
2532.12       	(3.403713e-01 -1.376052e-05 8.704793e-02)	(3.341985e-01 -1.160820e-05 8.638979e-02)	(6.172836e-03 -2.152325e-06 6.581318e-04)
2532.13       	(3.403782e-01 -1.223031e-05 8.703176e-02)	(3.342054e-01 -1.007431e-05 8.637363e-02)	(6.172848e-03 -2.155999e-06 6.581351e-04)
2532.13       	(3.403722e-01 -1.375870e-05 8.704856e-02)	(3.341993e-01 -1.159667e-05 8.639041e-02)	(6.172856e-03 -2.162029e-06 6.581529e-04)
2532.14       	(3.403792e-01 -1.222789e-05 8.703238e-02)	(3.342063e-01 -1.006220e-05 8.637423e-02)	(6.172868e-03 -2.165688e-06 6.581559e-04)
2532.15       	(3.403731e-01 -1.375658e-05 8.704919e-02)	(3.342002e-01 -1.158487e-05 8.639102e-02)	(6.172876e-03 -2.171707e-06 6.581734e-04)
2532.15       	(3.403801e-01 -1.222439e-05 8.703298e-02)	(3.342072e-01 -1.004904e-05 8.637481e-02)	(6.172888e-03 -2.175349e-06 6.581759e-04)
2532.16       	(3.403740e-01 -1.375401e-05 8.704981e-02)	(3.342011e-01 -1.157265e-05 8.639162e-02)	(6.172896e-03 -2.181357e-06 6.581931e-04)
2532.16       	(3.403810e-01 -1.222032e-05 8.703356e-02)	(3.342081e-01 -1.003533e-05 8.637537e-02)	(6.172907e-03 -2.184981e-06 6.581953e-04)
2532.17       	(3.403748e-01 -1.375180e-05 8.705042e-02)	(3.342019e-01 -1.156082e-05 8.639220e-02)	(6.172915e-03 -2.190979e-06 6.582122e-04)
2532.17       	(3.403819e-01 -1.221597e-05 8.703412e-02)	(3.342090e-01 -1.002139e-05 8.637590e-02)	(6.172926e-03 -2.194584e-06 6.582140e-04)
2532.18       	(3.403758e-01 -1.374553e-05 8.705102e-02)	(3.342029e-01 -1.154496e-05 8.639279e-02)	(6.172934e-03 -2.200569e-06 6.582306e-04)
2532.18       	(3.403828e-01 -1.221490e-05 8.703465e-02)	(3.342099e-01 -1.001075e-05 8.637642e-02)	(6.172945e-03 -2.204155e-06 6.582321e-04)
2532.19       	(3.403766e-01 -1.374442e-05 8.705160e-02)	(3.342037e-01 -1.153429e-05 8.639336e-02)	(6.172952e-03 -2.210133e-06 6.582483e-04)
2532.19       	(3.403837e-01 -1.220870e-05 8.703517e-02)	(3.342107e-01 -9.995007e-06 8.637692e-02)	(6.172963e-03 -2.213697e-06 6.582495e-04)
2532.2        	(3.403774e-01 -1.374252e-05 8.705218e-02)	(3.342044e-01 -1.152285e-05 8.639391e-02)	(6.172970e-03 -2.219668e-06 6.582654e-04)
2532.2        	(3.403846e-01 -1.220084e-05 8.703568e-02)	(3.342116e-01 -9.977636e-06 8.637741e-02)	(6.172981e-03 -2.223206e-06 6.582662e-04)
2532.21       	(3.403782e-01 -1.374164e-05 8.705275e-02)	(3.342052e-01 -1.151247e-05 8.639446e-02)	(6.172988e-03 -2.229171e-06 6.582819e-04)
2532.21       	(3.403854e-01 -1.219122e-05 8.703616e-02)	(3.342124e-01 -9.958540e-06 8.637788e-02)	(6.172998e-03 -2.232682e-06 6.582824e-04)
2532.22       	(3.403790e-01 -1.374103e-05 8.705331e-02)	(3.342060e-01 -1.150239e-05 8.639501e-02)	(6.173005e-03 -2.238643e-06 6.582978e-04)
2532.22       	(3.403862e-01 -1.217962e-05 8.703662e-02)	(3.342132e-01 -9.937493e-06 8.637833e-02)	(6.173015e-03 -2.242124e-06 6.582980e-04)
2532.23       	(3.403797e-01 -1.374125e-05 8.705387e-02)	(3.342067e-01 -1.149317e-05 8.639555e-02)	(6.173022e-03 -2.248083e-06 6.583132e-04)
2532.23       	(3.403871e-01 -1.216598e-05 8.703707e-02)	(3.342140e-01 -9.914447e-06 8.637875e-02)	(6.173032e-03 -2.251530e-06 6.583130e-04)
2532.24       	(3.403805e-01 -1.374201e-05 8.705442e-02)	(3.342074e-01 -1.148452e-05 8.639609e-02)	(6.173038e-03 -2.257490e-06 6.583280e-04)
2532.24       	(3.403878e-01 -1.214544e-05 8.703748e-02)	(3.342148e-01 -9.884540e-06 8.637916e-02)	(6.173048e-03 -2.260896e-06 6.583275e-04)
2532.25       	(3.403812e-01 -1.374578e-05 8.705498e-02)	(3.342082e-01 -1.147892e-05 8.639664e-02)	(6.173054e-03 -2.266864e-06 6.583423e-04)
2532.25       	(3.403886e-01 -1.212859e-05 8.703788e-02)	(3.342155e-01 -9.858359e-06 8.637954e-02)	(6.173064e-03 -2.270230e-06 6.583415e-04)
2532.26       	(3.403819e-01 -1.375013e-05 8.705554e-02)	(3.342089e-01 -1.147393e-05 8.639719e-02)	(6.173070e-03 -2.276206e-06 6.583561e-04)
2532.26       	(3.403894e-01 -1.210517e-05 8.703824e-02)	(3.342163e-01 -9.825641e-06 8.637988e-02)	(6.173080e-03 -2.279526e-06 6.583549e-04)
2532.27       	(3.403827e-01 -1.375814e-05 8.705612e-02)	(3.342096e-01 -1.147263e-05 8.639775e-02)	(6.173085e-03 -2.285515e-06 6.583694e-04)
2532.27       	(3.403901e-01 -1.207624e-05 8.703856e-02)	(3.342170e-01 -9.787459e-06 8.638020e-02)	(6.173095e-03 -2.288784e-06 6.583679e-04)
2532.28       	(3.403834e-01 -1.376687e-05 8.705670e-02)	(3.342103e-01 -1.147208e-05 8.639831e-02)	(6.173100e-03 -2.294790e-06 6.583823e-04)
2532.28       	(3.403909e-01 -1.204035e-05 8.703886e-02)	(3.342178e-01 -9.742342e-06 8.638048e-02)	(6.173109e-03 -2.298004e-06 6.583804e-04)
2532.29       	(3.403850e-01 -1.377865e-05 8.705719e-02)	(3.342119e-01 -1.147463e-05 8.639879e-02)	(6.173114e-03 -2.304025e-06 6.583947e-04)
2532.3        	(3.403907e-01 -1.198310e-05 8.703919e-02)	(3.342175e-01 -9.675924e-06 8.638080e-02)	(6.173124e-03 -2.307181e-06 6.583925e-04)
2532.3        	(3.403857e-01 -1.380157e-05 8.705781e-02)	(3.342125e-01 -1.148833e-05 8.639940e-02)	(6.173128e-03 -2.313238e-06 6.584067e-04)
2532.31       	(3.403915e-01 -1.193889e-05 8.703939e-02)	(3.342184e-01 -9.622567e-06 8.638099e-02)	(6.173138e-03 -2.316325e-06 6.584041e-04)
2532.31       	(3.403863e-01 -1.382356e-05 8.705844e-02)	(3.342132e-01 -1.150114e-05 8.640002e-02)	(6.173142e-03 -2.322419e-06 6.584183e-04)
2532.32       	(3.403922e-01 -1.188174e-05 8.703961e-02)	(3.342191e-01 -9.556321e-06 8.638120e-02)	(6.173151e-03 -2.325421e-06 6.584154e-04)
2532.32       	(3.403870e-01 -1.385411e-05 8.705902e-02)	(3.342138e-01 -1.152254e-05 8.640059e-02)	(6.173155e-03 -2.331566e-06 6.584295e-04)
2532.33       	(3.403929e-01 -1.182487e-05 8.703982e-02)	(3.342198e-01 -9.490391e-06 8.638139e-02)	(6.173165e-03 -2.334481e-06 6.584262e-04)
2532.33       	(3.403878e-01 -1.389204e-05 8.705961e-02)	(3.342146e-01 -1.155136e-05 8.640117e-02)	(6.173168e-03 -2.340688e-06 6.584404e-04)
2532.34       	(3.403934e-01 -1.176065e-05 8.703999e-02)	(3.342202e-01 -9.417144e-06 8.638156e-02)	(6.173178e-03 -2.343502e-06 6.584367e-04)
2532.34       	(3.403886e-01 -1.393974e-05 8.706023e-02)	(3.342154e-01 -1.158996e-05 8.640178e-02)	(6.173181e-03 -2.349783e-06 6.584509e-04)
2532.35       	(3.403940e-01 -1.167818e-05 8.704011e-02)	(3.342208e-01 -9.325711e-06 8.638167e-02)	(6.173190e-03 -2.352471e-06 6.584468e-04)
2532.35       	(3.403891e-01 -1.400422e-05 8.706089e-02)	(3.342159e-01 -1.164537e-05 8.640243e-02)	(6.173193e-03 -2.358853e-06 6.584611e-04)
2532.36       	(3.403949e-01 -1.158798e-05 8.704016e-02)	(3.342217e-01 -9.226574e-06 8.638170e-02)	(6.173203e-03 -2.361403e-06 6.584565e-04)
2532.36       	(3.403895e-01 -1.406782e-05 8.706160e-02)	(3.342163e-01 -1.169993e-05 8.640312e-02)	(6.173205e-03 -2.367886e-06 6.584709e-04)
2532.37       	(3.403955e-01 -1.151018e-05 8.704016e-02)	(3.342223e-01 -9.139867e-06 8.638169e-02)	(6.173215e-03 -2.370309e-06 6.584659e-04)
2532.37       	(3.403899e-01 -1.412415e-05 8.706231e-02)	(3.342167e-01 -1.174726e-05 8.640383e-02)	(6.173217e-03 -2.376885e-06 6.584805e-04)
2532.38       	(3.403964e-01 -1.142241e-05 8.704012e-02)	(3.342232e-01 -9.043250e-06 8.638165e-02)	(6.173226e-03 -2.379164e-06 6.584749e-04)
2532.38       	(3.403902e-01 -1.417291e-05 8.706294e-02)	(3.342170e-01 -1.178709e-05 8.640445e-02)	(6.173229e-03 -2.385821e-06 6.584896e-04)
2532.39       	(3.403971e-01 -1.138295e-05 8.704030e-02)	(3.342238e-01 -8.994914e-06 8.638181e-02)	(6.173238e-03 -2.388039e-06 6.584837e-04)
2532.39       	(3.403905e-01 -1.417428e-05 8.706333e-02)	(3.342173e-01 -1.177958e-05 8.640483e-02)	(6.173240e-03 -2.394695e-06 6.584983e-04)
2532.4        	(3.403979e-01 -1.137109e-05 8.704059e-02)	(3.342246e-01 -8.974196e-06 8.638210e-02)	(6.173249e-03 -2.396897e-06 6.584923e-04)
2532.4        	(3.403911e-01 -1.416004e-05 8.706365e-02)	(3.342178e-01 -1.175651e-05 8.640514e-02)	(6.173251e-03 -2.403531e-06 6.585068e-04)
2532.41       	(3.403984e-01 -1.136392e-05 8.704088e-02)	(3.342252e-01 -8.958200e-06 8.638238e-02)	(6.173260e-03 -2.405723e-06 6.585005e-04)
2532.41       	(3.403916e-01 -1.414560e-05 8.706396e-02)	(3.342183e-01 -1.173327e-05 8.640544e-02)	(6.173262e-03 -2.412334e-06 6.585148e-04)
2532.42       	(3.403990e-01 -1.135627e-05 8.704116e-02)	(3.342257e-01 -8.941752e-06 8.638265e-02)	(6.173271e-03 -2.414515e-06 6.585084e-04)
2532.42       	(3.403921e-01 -1.413098e-05 8.706425e-02)	(3.342189e-01 -1.170988e-05 8.640573e-02)	(6.173272e-03 -2.421104e-06 6.585226e-04)
2532.43       	(3.403996e-01 -1.134846e-05 8.704143e-02)	(3.342263e-01 -8.925185e-06 8.638291e-02)	(6.173282e-03 -2.423273e-06 6.585160e-04)
2532.44       	(3.403927e-01 -1.411676e-05 8.706454e-02)	(3.342194e-01 -1.168692e-05 8.640601e-02)	(6.173283e-03 -2.429841e-06 6.585300e-04)
2532.44       	(3.404001e-01 -1.134022e-05 8.704167e-02)	(3.342268e-01 -8.908223e-06 8.638315e-02)	(6.173292e-03 -2.431998e-06 6.585233e-04)
2532.45       	(3.403932e-01 -1.410233e-05 8.706481e-02)	(3.342199e-01 -1.166379e-05 8.640627e-02)	(6.173293e-03 -2.438545e-06 6.585372e-04)
2532.45       	(3.404007e-01 -1.133145e-05 8.704191e-02)	(3.342274e-01 -8.890757e-06 8.638338e-02)	(6.173302e-03 -2.440690e-06 6.585302e-04)
2532.46       	(3.403937e-01 -1.408779e-05 8.706507e-02)	(3.342204e-01 -1.164057e-05 8.640653e-02)	(6.173303e-03 -2.447215e-06 6.585440e-04)
2532.46       	(3.404012e-01 -1.132260e-05 8.704213e-02)	(3.342279e-01 -8.873254e-06 8.638359e-02)	(6.173312e-03 -2.449348e-06 6.585369e-04)
2532.47       	(3.403942e-01 -1.407353e-05 8.706532e-02)	(3.342209e-01 -1.161768e-05 8.640677e-02)	(6.173313e-03 -2.455852e-06 6.585504e-04)
2532.47       	(3.404018e-01 -1.131356e-05 8.704234e-02)	(3.342284e-01 -8.855586e-06 8.638379e-02)	(6.173322e-03 -2.457974e-06 6.585431e-04)
2532.48       	(3.403949e-01 -1.405738e-05 8.706555e-02)	(3.342216e-01 -1.159293e-05 8.640700e-02)	(6.173323e-03 -2.464456e-06 6.585566e-04)
2532.48       	(3.404021e-01 -1.130582e-05 8.704252e-02)	(3.342288e-01 -8.839256e-06 8.638398e-02)	(6.173332e-03 -2.466567e-06 6.585491e-04)
2532.49       	(3.403954e-01 -1.404298e-05 8.706577e-02)	(3.342221e-01 -1.156995e-05 8.640721e-02)	(6.173333e-03 -2.473029e-06 6.585623e-04)
2532.49       	(3.404026e-01 -1.129631e-05 8.704270e-02)	(3.342293e-01 -8.821177e-06 8.638414e-02)	(6.173341e-03 -2.475128e-06 6.585547e-04)
2532.5        	(3.403959e-01 -1.402866e-05 8.706598e-02)	(3.342225e-01 -1.154709e-05 8.640741e-02)	(6.173342e-03 -2.481570e-06 6.585678e-04)
2532.5        	(3.404032e-01 -1.128668e-05 8.704285e-02)	(3.342298e-01 -8.803023e-06 8.638429e-02)	(6.173351e-03 -2.483657e-06 6.585599e-04)
2532.51       	(3.403963e-01 -1.401433e-05 8.706617e-02)	(3.342230e-01 -1.152425e-05 8.640760e-02)	(6.173351e-03 -2.490079e-06 6.585729e-04)
2532.51       	(3.404103e-01 -1.058896e-05 8.703062e-02)	(3.342372e-01 -8.096084e-06 8.637222e-02)	(6.173117e-03 -2.492872e-06 6.584023e-04)
2532.52       	(3.403948e-01 -1.390851e-05 8.704513e-02)	(3.342221e-01 -1.141004e-05 8.638709e-02)	(6.172745e-03 -2.498474e-06 6.580428e-04)
2532.53       	(3.404026e-01 -1.057194e-05 8.702290e-02)	(3.342303e-01 -8.068351e-06 8.636531e-02)	(6.172344e-03 -2.503584e-06 6.575931e-04)
2532.54       	(3.403924e-01 -1.306415e-05 8.703202e-02)	(3.342205e-01 -1.055156e-05 8.637490e-02)	(6.171904e-03 -2.512599e-06 6.571247e-04)
2532.55       	(3.403958e-01 -1.174323e-05 8.702806e-02)	(3.342243e-01 -9.225246e-06 8.637140e-02)	(6.171462e-03 -2.517987e-06 6.566588e-04)
2532.56       	(3.403919e-01 -1.268016e-05 8.703004e-02)	(3.342209e-01 -1.016138e-05 8.637383e-02)	(6.171021e-03 -2.518780e-06 6.562084e-04)
2532.58       	(3.403922e-01 -1.190091e-05 8.703344e-02)	(3.342216e-01 -9.366432e-06 8.637756e-02)	(6.170630e-03 -2.534473e-06 6.558771e-04)
2532.59       	(3.403853e-01 -1.186755e-05 8.703337e-02)	(3.342149e-01 -9.323002e-06 8.637769e-02)	(6.170383e-03 -2.544551e-06 6.556828e-04)
