# Moment      
# CofR        : (0.000000e+00 0.000000e+00 0.000000e+00)
#
# Time        	(total_x total_y total_z)	(pressure_x pressure_y pressure_z)	(viscous_x viscous_y viscous_z)
2530          	(-9.808856e-06 9.167242e-03 9.338287e-06)	(-9.571602e-06 9.030845e-03 9.247290e-06)	(-2.372538e-07 1.363969e-04 9.099734e-08)
2530.01       	(-1.676398e-05 9.164257e-03 8.918958e-06)	(-1.652617e-05 9.027920e-03 8.827169e-06)	(-2.378091e-07 1.363364e-04 9.178975e-08)
2530.01       	(-1.425873e-05 9.162676e-03 9.294242e-06)	(-1.402086e-05 9.026395e-03 9.202193e-06)	(-2.378742e-07 1.362815e-04 9.204899e-08)
2530.01       	(-1.426788e-05 9.161894e-03 9.586838e-06)	(-1.402996e-05 9.025659e-03 9.494355e-06)	(-2.379219e-07 1.362346e-04 9.248337e-08)
2530.01       	(-1.407568e-05 9.161622e-03 9.521833e-06)	(-1.383777e-05 9.025427e-03 9.428937e-06)	(-2.379095e-07 1.361951e-04 9.289531e-08)
2530.02       	(-1.403014e-05 9.161226e-03 9.566096e-06)	(-1.379222e-05 9.025064e-03 9.472783e-06)	(-2.379271e-07 1.361616e-04 9.331235e-08)
2530.02       	(-1.395035e-05 9.161026e-03 9.605409e-06)	(-1.371241e-05 9.024893e-03 9.511680e-06)	(-2.379332e-07 1.361330e-04 9.372893e-08)
2530.02       	(-1.395805e-05 9.160828e-03 9.602276e-06)	(-1.372009e-05 9.024719e-03 9.508126e-06)	(-2.379562e-07 1.361084e-04 9.415067e-08)
2530.02       	(-1.391455e-05 9.160689e-03 9.627081e-06)	(-1.367659e-05 9.024602e-03 9.532510e-06)	(-2.379596e-07 1.360869e-04 9.457123e-08)
2530.03       	(-1.395167e-05 9.160590e-03 9.614353e-06)	(-1.371369e-05 9.024522e-03 9.519368e-06)	(-2.379816e-07 1.360681e-04 9.498483e-08)
2530.03       	(-1.391993e-05 9.160523e-03 9.634018e-06)	(-1.368194e-05 9.024472e-03 9.538627e-06)	(-2.379822e-07 1.360515e-04 9.539150e-08)
2530.03       	(-1.395837e-05 9.160481e-03 9.625972e-06)	(-1.372037e-05 9.024445e-03 9.530184e-06)	(-2.379982e-07 1.360368e-04 9.578772e-08)
2530.03       	(-1.393898e-05 9.160456e-03 9.641434e-06)	(-1.370098e-05 9.024432e-03 9.545262e-06)	(-2.380014e-07 1.360237e-04 9.617273e-08)
2530.04       	(-1.397860e-05 9.160443e-03 9.633695e-06)	(-1.374058e-05 9.024431e-03 9.537150e-06)	(-2.380211e-07 1.360119e-04 9.654529e-08)
2530.04       	(-1.397638e-05 9.160455e-03 9.672734e-06)	(-1.373836e-05 9.024453e-03 9.575822e-06)	(-2.380221e-07 1.360018e-04 9.691156e-08)
2530.04       	(-1.401976e-05 9.160452e-03 9.658541e-06)	(-1.378172e-05 9.024459e-03 9.561278e-06)	(-2.380397e-07 1.359927e-04 9.726300e-08)
2530.04       	(-1.398782e-05 9.160453e-03 9.676042e-06)	(-1.374979e-05 9.024468e-03 9.578434e-06)	(-2.380355e-07 1.359844e-04 9.760796e-08)
2530.05       	(-1.404656e-05 9.160465e-03 9.661497e-06)	(-1.380850e-05 9.024488e-03 9.563556e-06)	(-2.380590e-07 1.359769e-04 9.794163e-08)
2530.05       	(-1.399866e-05 9.160479e-03 9.683682e-06)	(-1.376061e-05 9.024509e-03 9.585413e-06)	(-2.380590e-07 1.359701e-04 9.826833e-08)
2530.05       	(-1.408484e-05 9.160491e-03 9.664242e-06)	(-1.384674e-05 9.024527e-03 9.565662e-06)	(-2.381009e-07 1.359640e-04 9.857939e-08)
2530.05       	(-1.401459e-05 9.160520e-03 9.693467e-06)	(-1.377648e-05 9.024561e-03 9.594582e-06)	(-2.381108e-07 1.359585e-04 9.888523e-08)
2530.06       	(-1.411710e-05 9.160556e-03 9.672592e-06)	(-1.387893e-05 9.024602e-03 9.573415e-06)	(-2.381679e-07 1.359535e-04 9.917699e-08)
2530.06       	(-1.403824e-05 9.160595e-03 9.702529e-06)	(-1.380005e-05 9.024646e-03 9.603066e-06)	(-2.381879e-07 1.359490e-04 9.946386e-08)
2530.06       	(-1.414174e-05 9.160633e-03 9.680626e-06)	(-1.390348e-05 9.024688e-03 9.580890e-06)	(-2.382534e-07 1.359449e-04 9.973533e-08)
2530.07       	(-1.406500e-05 9.160682e-03 9.710325e-06)	(-1.382673e-05 9.024740e-03 9.610323e-06)	(-2.382782e-07 1.359413e-04 1.000018e-07)
2530.07       	(-1.415963e-05 9.160725e-03 9.689123e-06)	(-1.392129e-05 9.024787e-03 9.588869e-06)	(-2.383403e-07 1.359380e-04 1.002535e-07)
2530.07       	(-1.409122e-05 9.160779e-03 9.716739e-06)	(-1.385285e-05 9.024844e-03 9.616239e-06)	(-2.383664e-07 1.359351e-04 1.005002e-07)
2530.07       	(-1.418065e-05 9.160826e-03 9.696956e-06)	(-1.394222e-05 9.024893e-03 9.596224e-06)	(-2.384294e-07 1.359325e-04 1.007325e-07)
2530.08       	(-1.412932e-05 9.160885e-03 9.720415e-06)	(-1.389086e-05 9.024954e-03 9.619455e-06)	(-2.384639e-07 1.359302e-04 1.009608e-07)
2530.08       	(-1.419473e-05 9.160933e-03 9.708442e-06)	(-1.395620e-05 9.025005e-03 9.607264e-06)	(-2.385239e-07 1.359282e-04 1.011776e-07)
2530.08       	(-1.416910e-05 9.160993e-03 9.725198e-06)	(-1.393054e-05 9.025067e-03 9.623809e-06)	(-2.385666e-07 1.359265e-04 1.013883e-07)
2530.08       	(-1.421633e-05 9.161039e-03 9.714674e-06)	(-1.397771e-05 9.025114e-03 9.613088e-06)	(-2.386255e-07 1.359249e-04 1.015868e-07)
2530.09       	(-1.420183e-05 9.161100e-03 9.734738e-06)	(-1.396316e-05 9.025176e-03 9.632953e-06)	(-2.386742e-07 1.359236e-04 1.017843e-07)
2530.09       	(-1.422888e-05 9.161142e-03 9.725333e-06)	(-1.399016e-05 9.025220e-03 9.623365e-06)	(-2.387282e-07 1.359225e-04 1.019682e-07)
2530.09       	(-1.424267e-05 9.161198e-03 9.735549e-06)	(-1.400389e-05 9.025277e-03 9.633402e-06)	(-2.387850e-07 1.359215e-04 1.021474e-07)
2530.09       	(-1.424237e-05 9.161237e-03 9.736075e-06)	(-1.400354e-05 9.025316e-03 9.633757e-06)	(-2.388360e-07 1.359206e-04 1.023173e-07)
2530.1        	(-1.428375e-05 9.161290e-03 9.738270e-06)	(-1.404485e-05 9.025370e-03 9.635790e-06)	(-2.389021e-07 1.359198e-04 1.024805e-07)
2530.1        	(-1.426625e-05 9.161327e-03 9.745339e-06)	(-1.402730e-05 9.025408e-03 9.642702e-06)	(-2.389535e-07 1.359192e-04 1.026373e-07)
2530.1        	(-1.431627e-05 9.161373e-03 9.747726e-06)	(-1.407724e-05 9.025454e-03 9.644937e-06)	(-2.390262e-07 1.359185e-04 1.027884e-07)
2530.1        	(-1.428495e-05 9.161404e-03 9.763781e-06)	(-1.404587e-05 9.025486e-03 9.660848e-06)	(-2.390777e-07 1.359180e-04 1.029335e-07)
2530.11       	(-1.434195e-05 9.161441e-03 9.767237e-06)	(-1.410280e-05 9.025524e-03 9.664163e-06)	(-2.391527e-07 1.359174e-04 1.030747e-07)
2530.11       	(-1.429828e-05 9.161463e-03 9.774569e-06)	(-1.405908e-05 9.025546e-03 9.671360e-06)	(-2.391986e-07 1.359169e-04 1.032094e-07)
2530.11       	(-1.437299e-05 9.161491e-03 9.773130e-06)	(-1.413372e-05 9.025575e-03 9.669791e-06)	(-2.392764e-07 1.359163e-04 1.033390e-07)
2530.11       	(-1.431515e-05 9.161505e-03 9.787143e-06)	(-1.407583e-05 9.025590e-03 9.683678e-06)	(-2.393200e-07 1.359158e-04 1.034648e-07)
2530.12       	(-1.440691e-05 9.161526e-03 9.777472e-06)	(-1.416751e-05 9.025611e-03 9.673890e-06)	(-2.394023e-07 1.359152e-04 1.035818e-07)
2530.12       	(-1.433482e-05 9.161532e-03 9.795014e-06)	(-1.409538e-05 9.025618e-03 9.691317e-06)	(-2.394425e-07 1.359146e-04 1.036968e-07)
2530.12       	(-1.443643e-05 9.161545e-03 9.785323e-06)	(-1.419691e-05 9.025631e-03 9.681519e-06)	(-2.395267e-07 1.359140e-04 1.038043e-07)
2530.12       	(-1.435413e-05 9.161543e-03 9.805792e-06)	(-1.411457e-05 9.025630e-03 9.701881e-06)	(-2.395641e-07 1.359134e-04 1.039107e-07)
2530.13       	(-1.446853e-05 9.161547e-03 9.790882e-06)	(-1.422887e-05 9.025635e-03 9.686874e-06)	(-2.396526e-07 1.359127e-04 1.040076e-07)
2530.13       	(-1.438510e-05 9.161536e-03 9.812179e-06)	(-1.414541e-05 9.025624e-03 9.708075e-06)	(-2.396936e-07 1.359119e-04 1.041034e-07)
2530.13       	(-1.449523e-05 9.161533e-03 9.798736e-06)	(-1.425544e-05 9.025622e-03 9.694545e-06)	(-2.397831e-07 1.359112e-04 1.041916e-07)
2530.14       	(-1.441656e-05 9.161516e-03 9.817079e-06)	(-1.417674e-05 9.025606e-03 9.712802e-06)	(-2.398274e-07 1.359104e-04 1.042773e-07)
2530.14       	(-1.500925e-05 9.162088e-03 9.685709e-06)	(-1.476924e-05 9.026184e-03 9.581217e-06)	(-2.400118e-07 1.359046e-04 1.044922e-07)
2530.14       	(-1.471200e-05 9.162126e-03 9.715045e-06)	(-1.447186e-05 9.026230e-03 9.610327e-06)	(-2.401327e-07 1.358960e-04 1.047183e-07)
2530.15       	(-1.464161e-05 9.161907e-03 9.669362e-06)	(-1.440133e-05 9.026020e-03 9.564421e-06)	(-2.402780e-07 1.358869e-04 1.049412e-07)
2530.15       	(-1.465308e-05 9.161800e-03 9.668668e-06)	(-1.441263e-05 9.025922e-03 9.563520e-06)	(-2.404500e-07 1.358779e-04 1.051477e-07)
2530.16       	(-1.457366e-05 9.161689e-03 9.705981e-06)	(-1.433303e-05 9.025820e-03 9.600665e-06)	(-2.406280e-07 1.358696e-04 1.053153e-07)
2530.16       	(-1.453746e-05 9.161550e-03 9.713902e-06)	(-1.429665e-05 9.025685e-03 9.608497e-06)	(-2.408103e-07 1.358650e-04 1.054048e-07)
2530.17       	(-1.459570e-05 9.161433e-03 9.722666e-06)	(-1.435468e-05 9.025571e-03 9.617209e-06)	(-2.410165e-07 1.358622e-04 1.054571e-07)
2530.17       	(-1.462217e-05 9.161324e-03 9.733564e-06)	(-1.438096e-05 9.025464e-03 9.628074e-06)	(-2.412140e-07 1.358603e-04 1.054906e-07)
2530.18       	(-1.466696e-05 9.161229e-03 9.769800e-06)	(-1.442555e-05 9.025370e-03 9.664292e-06)	(-2.414092e-07 1.358590e-04 1.055075e-07)
2530.18       	(-1.468653e-05 9.161131e-03 9.781419e-06)	(-1.444494e-05 9.025272e-03 9.675906e-06)	(-2.415909e-07 1.358582e-04 1.055126e-07)
2530.19       	(-1.472338e-05 9.161037e-03 9.787271e-06)	(-1.448160e-05 9.025179e-03 9.681763e-06)	(-2.417755e-07 1.358578e-04 1.055081e-07)
2530.19       	(-1.474339e-05 9.160945e-03 9.801413e-06)	(-1.450144e-05 9.025088e-03 9.695909e-06)	(-2.419526e-07 1.358577e-04 1.055036e-07)
2530.2        	(-1.477019e-05 9.160858e-03 9.807408e-06)	(-1.452806e-05 9.025000e-03 9.701915e-06)	(-2.421312e-07 1.358579e-04 1.054929e-07)
2530.2        	(-1.479249e-05 9.160773e-03 9.822624e-06)	(-1.455018e-05 9.024915e-03 9.717136e-06)	(-2.423116e-07 1.358584e-04 1.054883e-07)
2530.21       	(-1.482394e-05 9.160694e-03 9.830062e-06)	(-1.458144e-05 9.024835e-03 9.724579e-06)	(-2.424991e-07 1.358590e-04 1.054830e-07)
2530.21       	(-1.484434e-05 9.160617e-03 9.842584e-06)	(-1.460165e-05 9.024757e-03 9.737106e-06)	(-2.426854e-07 1.358597e-04 1.054778e-07)
2530.22       	(-1.487487e-05 9.160545e-03 9.850586e-06)	(-1.463199e-05 9.024685e-03 9.745112e-06)	(-2.428780e-07 1.358606e-04 1.054730e-07)
2530.22       	(-1.489462e-05 9.160474e-03 9.864648e-06)	(-1.465154e-05 9.024613e-03 9.759178e-06)	(-2.430733e-07 1.358614e-04 1.054698e-07)
2530.23       	(-1.492325e-05 9.160408e-03 9.873805e-06)	(-1.467998e-05 9.024546e-03 9.768336e-06)	(-2.432704e-07 1.358623e-04 1.054694e-07)
2530.23       	(-1.494687e-05 9.160344e-03 9.887000e-06)	(-1.470340e-05 9.024480e-03 9.781532e-06)	(-2.434710e-07 1.358632e-04 1.054682e-07)
2530.24       	(-1.497106e-05 9.160284e-03 9.900344e-06)	(-1.472739e-05 9.024420e-03 9.794873e-06)	(-2.436718e-07 1.358641e-04 1.054706e-07)
2530.24       	(-1.499602e-05 9.160226e-03 9.913224e-06)	(-1.475214e-05 9.024361e-03 9.807749e-06)	(-2.438783e-07 1.358648e-04 1.054752e-07)
2530.25       	(-1.501902e-05 9.160176e-03 9.924257e-06)	(-1.477493e-05 9.024310e-03 9.818778e-06)	(-2.440822e-07 1.358656e-04 1.054786e-07)
2530.25       	(-1.504029e-05 9.160133e-03 9.932486e-06)	(-1.479600e-05 9.024267e-03 9.827007e-06)	(-2.442860e-07 1.358663e-04 1.054790e-07)
2530.26       	(-1.506543e-05 9.160094e-03 9.949392e-06)	(-1.482095e-05 9.024227e-03 9.843905e-06)	(-2.444878e-07 1.358670e-04 1.054867e-07)
2530.26       	(-1.509491e-05 9.160054e-03 9.961923e-06)	(-1.485021e-05 9.024187e-03 9.856426e-06)	(-2.447011e-07 1.358677e-04 1.054972e-07)
2530.27       	(-1.514991e-05 9.160055e-03 9.993734e-06)	(-1.490501e-05 9.024187e-03 9.888204e-06)	(-2.449032e-07 1.358683e-04 1.055297e-07)
2530.28       	(-1.513484e-05 9.159993e-03 9.984625e-06)	(-1.488972e-05 9.024124e-03 9.879087e-06)	(-2.451161e-07 1.358689e-04 1.055383e-07)
2530.28       	(-1.519435e-05 9.160019e-03 1.001843e-05)	(-1.494903e-05 9.024150e-03 9.912858e-06)	(-2.453148e-07 1.358695e-04 1.055734e-07)
2530.29       	(-1.517853e-05 9.159960e-03 1.000806e-05)	(-1.493300e-05 9.024090e-03 9.902474e-06)	(-2.455248e-07 1.358701e-04 1.055814e-07)
2530.29       	(-1.524217e-05 9.160005e-03 1.004578e-05)	(-1.499644e-05 9.024134e-03 9.940163e-06)	(-2.457232e-07 1.358706e-04 1.056200e-07)
2530.3        	(-1.522584e-05 9.159937e-03 1.003900e-05)	(-1.497991e-05 9.024065e-03 9.933363e-06)	(-2.459360e-07 1.358712e-04 1.056361e-07)
2530.3        	(-1.528489e-05 9.159993e-03 1.007098e-05)	(-1.503876e-05 9.024122e-03 9.965301e-06)	(-2.461330e-07 1.358716e-04 1.056755e-07)
2530.31       	(-1.526716e-05 9.159926e-03 1.006618e-05)	(-1.502082e-05 9.024054e-03 9.960483e-06)	(-2.463433e-07 1.358721e-04 1.056927e-07)
2530.31       	(-1.532733e-05 9.159999e-03 1.009945e-05)	(-1.508080e-05 9.024127e-03 9.993715e-06)	(-2.465360e-07 1.358724e-04 1.057357e-07)
2530.32       	(-1.530588e-05 9.159933e-03 1.009197e-05)	(-1.505915e-05 9.024060e-03 9.986214e-06)	(-2.467375e-07 1.358728e-04 1.057514e-07)
2530.32       	(-1.536971e-05 9.160019e-03 1.012579e-05)	(-1.512278e-05 9.024146e-03 1.001999e-05)	(-2.469249e-07 1.358731e-04 1.057943e-07)
2530.33       	(-1.534413e-05 9.159951e-03 1.012045e-05)	(-1.509701e-05 9.024078e-03 1.001464e-05)	(-2.471225e-07 1.358733e-04 1.058106e-07)
2530.33       	(-1.540879e-05 9.160043e-03 1.015150e-05)	(-1.516148e-05 9.024170e-03 1.004565e-05)	(-2.473045e-07 1.358734e-04 1.058499e-07)
2530.34       	(-1.538846e-05 9.159971e-03 1.014494e-05)	(-1.514096e-05 9.024097e-03 1.003908e-05)	(-2.475030e-07 1.358734e-04 1.058621e-07)
2530.34       	(-1.545374e-05 9.160067e-03 1.017474e-05)	(-1.520606e-05 9.024194e-03 1.006884e-05)	(-2.476862e-07 1.358734e-04 1.058979e-07)
2530.35       	(-1.543342e-05 9.159994e-03 1.016964e-05)	(-1.518553e-05 9.024121e-03 1.006373e-05)	(-2.478887e-07 1.358733e-04 1.059098e-07)
2530.35       	(-1.544864e-05 9.160012e-03 1.018693e-05)	(-1.520057e-05 9.024139e-03 1.008100e-05)	(-2.480708e-07 1.358730e-04 1.059326e-07)
2530.36       	(-1.547468e-05 9.160020e-03 1.019941e-05)	(-1.522641e-05 9.024147e-03 1.009346e-05)	(-2.482677e-07 1.358727e-04 1.059523e-07)
2530.36       	(-1.548105e-05 9.160023e-03 1.021362e-05)	(-1.523260e-05 9.024150e-03 1.010765e-05)	(-2.484490e-07 1.358723e-04 1.059695e-07)
2530.37       	(-1.549951e-05 9.160031e-03 1.023049e-05)	(-1.525088e-05 9.024159e-03 1.012450e-05)	(-2.486263e-07 1.358718e-04 1.059915e-07)
2530.37       	(-1.551272e-05 9.160038e-03 1.023718e-05)	(-1.526392e-05 9.024167e-03 1.013117e-05)	(-2.487997e-07 1.358713e-04 1.060035e-07)
2530.38       	(-1.554671e-05 9.160041e-03 1.025482e-05)	(-1.529772e-05 9.024170e-03 1.014879e-05)	(-2.489919e-07 1.358707e-04 1.060246e-07)
2530.38       	(-1.554895e-05 9.160038e-03 1.027586e-05)	(-1.529979e-05 9.024168e-03 1.016981e-05)	(-2.491661e-07 1.358700e-04 1.060502e-07)
2530.39       	(-1.558298e-05 9.160037e-03 1.028215e-05)	(-1.533363e-05 9.024168e-03 1.017608e-05)	(-2.493575e-07 1.358693e-04 1.060693e-07)
2530.39       	(-1.556979e-05 9.160024e-03 1.029275e-05)	(-1.532028e-05 9.024155e-03 1.018668e-05)	(-2.495136e-07 1.358685e-04 1.060751e-07)
2530.4        	(-1.560795e-05 9.160008e-03 1.031546e-05)	(-1.535825e-05 9.024140e-03 1.020936e-05)	(-2.496980e-07 1.358677e-04 1.060940e-07)
2530.4        	(-1.560075e-05 9.159982e-03 1.032769e-05)	(-1.535089e-05 9.024115e-03 1.022158e-05)	(-2.498564e-07 1.358668e-04 1.061067e-07)
2530.41       	(-1.563113e-05 9.159952e-03 1.034133e-05)	(-1.538110e-05 9.024087e-03 1.023521e-05)	(-2.500271e-07 1.358658e-04 1.061188e-07)
2530.41       	(-1.563427e-05 9.159917e-03 1.035608e-05)	(-1.538409e-05 9.024052e-03 1.024996e-05)	(-2.501815e-07 1.358648e-04 1.061288e-07)
2530.42       	(-1.566316e-05 9.159877e-03 1.036641e-05)	(-1.541282e-05 9.024014e-03 1.026028e-05)	(-2.503463e-07 1.358637e-04 1.061363e-07)
2530.43       	(-1.566737e-05 9.159832e-03 1.038186e-05)	(-1.541686e-05 9.023969e-03 1.027571e-05)	(-2.505030e-07 1.358626e-04 1.061427e-07)
2530.43       	(-1.567853e-05 9.159784e-03 1.039585e-05)	(-1.542788e-05 9.023923e-03 1.028971e-05)	(-2.506470e-07 1.358614e-04 1.061451e-07)
2530.44       	(-1.569072e-05 9.159731e-03 1.040936e-05)	(-1.543993e-05 9.023871e-03 1.030321e-05)	(-2.507916e-07 1.358602e-04 1.061435e-07)
2530.44       	(-1.570992e-05 9.159675e-03 1.042216e-05)	(-1.545897e-05 9.023816e-03 1.031602e-05)	(-2.509420e-07 1.358589e-04 1.061379e-07)
2530.45       	(-1.571614e-05 9.159612e-03 1.043815e-05)	(-1.546506e-05 9.023754e-03 1.033202e-05)	(-2.510819e-07 1.358575e-04 1.061339e-07)
2530.45       	(-1.572740e-05 9.159549e-03 1.044996e-05)	(-1.547618e-05 9.023693e-03 1.034383e-05)	(-2.512173e-07 1.358560e-04 1.061242e-07)
2530.46       	(-1.573376e-05 9.159479e-03 1.046451e-05)	(-1.548241e-05 9.023624e-03 1.035840e-05)	(-2.513423e-07 1.358544e-04 1.061109e-07)
2530.46       	(-1.575036e-05 9.159409e-03 1.047545e-05)	(-1.549889e-05 9.023556e-03 1.036936e-05)	(-2.514735e-07 1.358528e-04 1.060935e-07)
2530.47       	(-1.575374e-05 9.159334e-03 1.048921e-05)	(-1.550215e-05 9.023483e-03 1.038313e-05)	(-2.515921e-07 1.358510e-04 1.060748e-07)
2530.47       	(-1.576526e-05 9.159258e-03 1.050498e-05)	(-1.551355e-05 9.023408e-03 1.039892e-05)	(-2.517091e-07 1.358492e-04 1.060586e-07)
2530.48       	(-1.577381e-05 9.159177e-03 1.051719e-05)	(-1.552199e-05 9.023330e-03 1.041115e-05)	(-2.518231e-07 1.358473e-04 1.060370e-07)
2530.48       	(-1.578821e-05 9.159098e-03 1.052768e-05)	(-1.553627e-05 9.023252e-03 1.042167e-05)	(-2.519406e-07 1.358452e-04 1.060119e-07)
2530.49       	(-1.579583e-05 9.159015e-03 1.054108e-05)	(-1.554378e-05 9.023172e-03 1.043510e-05)	(-2.520559e-07 1.358431e-04 1.059816e-07)
2530.49       	(-1.580473e-05 9.158933e-03 1.055443e-05)	(-1.555257e-05 9.023092e-03 1.044848e-05)	(-2.521616e-07 1.358408e-04 1.059557e-07)
2530.5        	(-1.581208e-05 9.158847e-03 1.056966e-05)	(-1.555982e-05 9.023009e-03 1.046373e-05)	(-2.522614e-07 1.358385e-04 1.059293e-07)
2530.5        	(-1.583058e-05 9.158762e-03 1.058014e-05)	(-1.557822e-05 9.022926e-03 1.047423e-05)	(-2.523659e-07 1.358360e-04 1.059039e-07)
2530.51       	(-1.583095e-05 9.158678e-03 1.059511e-05)	(-1.557849e-05 9.022844e-03 1.048923e-05)	(-2.524589e-07 1.358335e-04 1.058779e-07)
2530.51       	(-1.583350e-05 9.158593e-03 1.059651e-05)	(-1.558096e-05 9.022762e-03 1.049067e-05)	(-2.525421e-07 1.358308e-04 1.058398e-07)
2530.52       	(-1.584721e-05 9.158510e-03 1.061485e-05)	(-1.559458e-05 9.022682e-03 1.050905e-05)	(-2.526270e-07 1.358281e-04 1.058043e-07)
2530.52       	(-1.584370e-05 9.158424e-03 1.061579e-05)	(-1.559099e-05 9.022599e-03 1.051002e-05)	(-2.527011e-07 1.358253e-04 1.057637e-07)
2530.53       	(-1.586942e-05 9.158343e-03 1.064720e-05)	(-1.561662e-05 9.022521e-03 1.054146e-05)	(-2.527926e-07 1.358224e-04 1.057404e-07)
2530.53       	(-1.584934e-05 9.158257e-03 1.063253e-05)	(-1.559648e-05 9.022438e-03 1.052683e-05)	(-2.528594e-07 1.358194e-04 1.056975e-07)
2530.54       	(-1.588644e-05 9.158183e-03 1.068492e-05)	(-1.563350e-05 9.022367e-03 1.057923e-05)	(-2.529437e-07 1.358164e-04 1.056861e-07)
2530.54       	(-1.584173e-05 9.158094e-03 1.063945e-05)	(-1.558874e-05 9.022281e-03 1.053382e-05)	(-2.529850e-07 1.358133e-04 1.056308e-07)
2530.55       	(-1.593080e-05 9.158034e-03 1.072907e-05)	(-1.567771e-05 9.022224e-03 1.062344e-05)	(-2.530917e-07 1.358102e-04 1.056350e-07)
2530.55       	(-1.580968e-05 9.157934e-03 1.062975e-05)	(-1.555660e-05 9.022127e-03 1.052419e-05)	(-2.530839e-07 1.358070e-04 1.055603e-07)
2530.56       	(-1.599071e-05 9.157898e-03 1.079909e-05)	(-1.573749e-05 9.022094e-03 1.069349e-05)	(-2.532208e-07 1.358038e-04 1.056015e-07)
2530.57       	(-1.576404e-05 9.157786e-03 1.060377e-05)	(-1.551088e-05 9.021985e-03 1.049828e-05)	(-2.531606e-07 1.358006e-04 1.054917e-07)
2530.57       	(-1.601717e-05 9.157767e-03 1.084566e-05)	(-1.576388e-05 9.021969e-03 1.074011e-05)	(-2.532928e-07 1.357975e-04 1.055518e-07)
2530.58       	(-1.576318e-05 9.157648e-03 1.061327e-05)	(-1.550995e-05 9.021853e-03 1.050784e-05)	(-2.532225e-07 1.357943e-04 1.054313e-07)
2530.58       	(-1.603666e-05 9.157646e-03 1.087244e-05)	(-1.578330e-05 9.021855e-03 1.076694e-05)	(-2.533627e-07 1.357912e-04 1.055007e-07)
2530.59       	(-1.576571e-05 9.157532e-03 1.063835e-05)	(-1.551242e-05 9.021744e-03 1.053296e-05)	(-2.532856e-07 1.357881e-04 1.053902e-07)
2530.59       	(-1.603972e-05 9.157537e-03 1.089748e-05)	(-1.578631e-05 9.021752e-03 1.079202e-05)	(-2.534185e-07 1.357850e-04 1.054660e-07)
2530.6        	(-1.576771e-05 9.157433e-03 1.065769e-05)	(-1.551438e-05 9.021651e-03 1.055233e-05)	(-2.533313e-07 1.357820e-04 1.053601e-07)
2530.6        	(-1.603581e-05 9.157441e-03 1.092723e-05)	(-1.578236e-05 9.021662e-03 1.082178e-05)	(-2.534480e-07 1.357791e-04 1.054493e-07)
2530.61       	(-1.576100e-05 9.157345e-03 1.068358e-05)	(-1.550766e-05 9.021569e-03 1.057823e-05)	(-2.533405e-07 1.357763e-04 1.053519e-07)
2530.61       	(-1.603458e-05 9.157366e-03 1.095182e-05)	(-1.578114e-05 9.021593e-03 1.084638e-05)	(-2.534455e-07 1.357736e-04 1.054456e-07)
2530.62       	(-1.576020e-05 9.157275e-03 1.068989e-05)	(-1.550687e-05 9.021504e-03 1.058455e-05)	(-2.533311e-07 1.357709e-04 1.053362e-07)
2530.62       	(-1.603133e-05 9.157306e-03 1.097136e-05)	(-1.577791e-05 9.021538e-03 1.086592e-05)	(-2.534243e-07 1.357684e-04 1.054340e-07)
2530.63       	(-1.575940e-05 9.157221e-03 1.071646e-05)	(-1.550610e-05 9.021455e-03 1.061112e-05)	(-2.532983e-07 1.357659e-04 1.053359e-07)
2530.63       	(-1.602705e-05 9.157257e-03 1.099232e-05)	(-1.577367e-05 9.021494e-03 1.088688e-05)	(-2.533812e-07 1.357636e-04 1.054391e-07)
2530.64       	(-1.576336e-05 9.157181e-03 1.072985e-05)	(-1.551010e-05 9.021420e-03 1.062451e-05)	(-2.532551e-07 1.357614e-04 1.053408e-07)
2530.64       	(-1.603265e-05 9.157228e-03 1.101617e-05)	(-1.577931e-05 9.021469e-03 1.091072e-05)	(-2.533367e-07 1.357594e-04 1.054506e-07)
2530.65       	(-1.576040e-05 9.157159e-03 1.075831e-05)	(-1.550720e-05 9.021401e-03 1.065294e-05)	(-2.532009e-07 1.357574e-04 1.053685e-07)
2530.65       	(-1.601949e-05 9.157216e-03 1.104859e-05)	(-1.576623e-05 9.021460e-03 1.094309e-05)	(-2.532651e-07 1.357556e-04 1.054957e-07)
2530.66       	(-1.576087e-05 9.157154e-03 1.077165e-05)	(-1.550774e-05 9.021400e-03 1.066624e-05)	(-2.531246e-07 1.357540e-04 1.054121e-07)
2530.66       	(-1.601249e-05 9.157212e-03 1.108132e-05)	(-1.575930e-05 9.021460e-03 1.097577e-05)	(-2.531834e-07 1.357525e-04 1.055435e-07)
2530.67       	(-1.578295e-05 9.157157e-03 1.081443e-05)	(-1.552989e-05 9.021406e-03 1.070898e-05)	(-2.530518e-07 1.357511e-04 1.054586e-07)
2530.67       	(-1.600925e-05 9.157240e-03 1.110440e-05)	(-1.575615e-05 9.021490e-03 1.099880e-05)	(-2.531016e-07 1.357498e-04 1.055945e-07)
2530.68       	(-1.578502e-05 9.157177e-03 1.083148e-05)	(-1.553205e-05 9.021428e-03 1.072597e-05)	(-2.529677e-07 1.357487e-04 1.055141e-07)
2530.68       	(-1.600427e-05 9.157284e-03 1.112920e-05)	(-1.575126e-05 9.021536e-03 1.102354e-05)	(-2.530081e-07 1.357478e-04 1.056591e-07)
2530.69       	(-1.578881e-05 9.157208e-03 1.084599e-05)	(-1.553594e-05 9.021461e-03 1.074041e-05)	(-2.528706e-07 1.357469e-04 1.055836e-07)
2530.69       	(-1.599028e-05 9.157325e-03 1.116746e-05)	(-1.573739e-05 9.021579e-03 1.106171e-05)	(-2.528945e-07 1.357463e-04 1.057478e-07)
2530.7        	(-1.580597e-05 9.157269e-03 1.084305e-05)	(-1.555320e-05 9.021523e-03 1.073739e-05)	(-2.527733e-07 1.357457e-04 1.056563e-07)
2530.7        	(-1.596723e-05 9.157370e-03 1.121442e-05)	(-1.571445e-05 9.021625e-03 1.110857e-05)	(-2.527775e-07 1.357453e-04 1.058475e-07)
2530.71       	(-1.583215e-05 9.157341e-03 1.084042e-05)	(-1.557948e-05 9.021596e-03 1.073468e-05)	(-2.526778e-07 1.357450e-04 1.057408e-07)
2530.72       	(-1.592743e-05 9.157416e-03 1.127496e-05)	(-1.567478e-05 9.021671e-03 1.116899e-05)	(-2.526421e-07 1.357449e-04 1.059702e-07)
2530.72       	(-1.586255e-05 9.157420e-03 1.082555e-05)	(-1.560999e-05 9.021675e-03 1.071972e-05)	(-2.525657e-07 1.357448e-04 1.058366e-07)
2530.73       	(-1.588082e-05 9.157476e-03 1.132807e-05)	(-1.562834e-05 9.021731e-03 1.122198e-05)	(-2.524805e-07 1.357449e-04 1.060913e-07)
2530.73       	(-1.590958e-05 9.157498e-03 1.079044e-05)	(-1.565713e-05 9.021753e-03 1.068452e-05)	(-2.524505e-07 1.357451e-04 1.059173e-07)
2530.74       	(-1.581476e-05 9.157546e-03 1.140911e-05)	(-1.556245e-05 9.021801e-03 1.130288e-05)	(-2.523049e-07 1.357454e-04 1.062252e-07)
2530.74       	(-1.597345e-05 9.157579e-03 1.072758e-05)	(-1.572112e-05 9.021833e-03 1.062158e-05)	(-2.523352e-07 1.357458e-04 1.059953e-07)
2530.75       	(-1.571782e-05 9.157619e-03 1.151195e-05)	(-1.546573e-05 9.021873e-03 1.140557e-05)	(-2.520904e-07 1.357463e-04 1.063776e-07)
2530.75       	(-1.607109e-05 9.157674e-03 1.063302e-05)	(-1.581888e-05 9.021928e-03 1.052695e-05)	(-2.522117e-07 1.357469e-04 1.060768e-07)
2530.76       	(-1.559074e-05 9.157695e-03 1.166442e-05)	(-1.533889e-05 9.021948e-03 1.155786e-05)	(-2.518493e-07 1.357476e-04 1.065611e-07)
2530.76       	(-1.622180e-05 9.157788e-03 1.048711e-05)	(-1.596968e-05 9.022040e-03 1.038099e-05)	(-2.521147e-07 1.357484e-04 1.061194e-07)
2530.77       	(-1.539165e-05 9.157744e-03 1.188669e-05)	(-1.514009e-05 9.021995e-03 1.177993e-05)	(-2.515618e-07 1.357492e-04 1.067630e-07)
2530.77       	(-1.643068e-05 9.157915e-03 1.030727e-05)	(-1.617864e-05 9.022165e-03 1.020112e-05)	(-2.520317e-07 1.357502e-04 1.061572e-07)
2530.78       	(-1.519249e-05 9.157794e-03 1.209631e-05)	(-1.494120e-05 9.022043e-03 1.198935e-05)	(-2.512881e-07 1.357511e-04 1.069619e-07)
2530.78       	(-1.654637e-05 9.158004e-03 1.020294e-05)	(-1.629450e-05 9.022251e-03 1.009669e-05)	(-2.518678e-07 1.357523e-04 1.062551e-07)
2530.79       	(-1.514470e-05 9.157866e-03 1.215270e-05)	(-1.489362e-05 9.022113e-03 1.204561e-05)	(-2.510804e-07 1.357533e-04 1.070939e-07)
2530.79       	(-1.657263e-05 9.158085e-03 1.018912e-05)	(-1.632095e-05 9.022330e-03 1.008275e-05)	(-2.516840e-07 1.357545e-04 1.063646e-07)
2530.8        	(-1.511507e-05 9.157935e-03 1.220429e-05)	(-1.486420e-05 9.022179e-03 1.209705e-05)	(-2.508698e-07 1.357556e-04 1.072341e-07)
2530.8        	(-1.663580e-05 9.158198e-03 1.008355e-05)	(-1.638426e-05 9.022441e-03 9.977467e-06)	(-2.515411e-07 1.357570e-04 1.060801e-07)
2530.81       	(-1.507559e-05 9.158000e-03 1.226699e-05)	(-1.482490e-05 9.022242e-03 1.215997e-05)	(-2.506886e-07 1.357582e-04 1.070211e-07)
2530.81       	(-1.665428e-05 9.158277e-03 1.006579e-05)	(-1.640291e-05 9.022517e-03 9.959932e-06)	(-2.513696e-07 1.357597e-04 1.058624e-07)
2530.82       	(-1.508473e-05 9.158093e-03 1.222155e-05)	(-1.483420e-05 9.022332e-03 1.211508e-05)	(-2.505294e-07 1.357609e-04 1.064735e-07)
2530.82       	(-1.665572e-05 9.158348e-03 1.008038e-05)	(-1.640451e-05 9.022585e-03 9.975016e-06)	(-2.512086e-07 1.357625e-04 1.053656e-07)
2530.83       	(-1.508142e-05 9.158159e-03 1.224336e-05)	(-1.483106e-05 9.022396e-03 1.213733e-05)	(-2.503618e-07 1.357638e-04 1.060219e-07)
2530.83       	(-1.663721e-05 9.158411e-03 1.010352e-05)	(-1.638619e-05 9.022645e-03 9.998570e-06)	(-2.510185e-07 1.357653e-04 1.049478e-07)
2530.84       	(-1.507289e-05 9.158220e-03 1.224723e-05)	(-1.482273e-05 9.022453e-03 1.214162e-05)	(-2.501561e-07 1.357666e-04 1.056177e-07)
2530.84       	(-1.661444e-05 9.158465e-03 1.012091e-05)	(-1.636365e-05 9.022696e-03 1.001634e-05)	(-2.507870e-07 1.357681e-04 1.045638e-07)
2530.85       	(-1.506694e-05 9.158280e-03 1.225023e-05)	(-1.481702e-05 9.022511e-03 1.214499e-05)	(-2.499181e-07 1.357695e-04 1.052404e-07)
2530.86       	(-1.659969e-05 9.158510e-03 1.013587e-05)	(-1.634915e-05 9.022739e-03 1.003166e-05)	(-2.505351e-07 1.357710e-04 1.042035e-07)
2530.86       	(-1.506488e-05 9.158327e-03 1.226754e-05)	(-1.481521e-05 9.022554e-03 1.216264e-05)	(-2.496624e-07 1.357723e-04 1.049033e-07)
2530.87       	(-1.658638e-05 9.158553e-03 1.016038e-05)	(-1.633612e-05 9.022779e-03 1.005649e-05)	(-2.502655e-07 1.357737e-04 1.038919e-07)
2530.87       	(-1.506678e-05 9.158370e-03 1.228588e-05)	(-1.481739e-05 9.022595e-03 1.218127e-05)	(-2.493933e-07 1.357750e-04 1.046124e-07)
2530.88       	(-1.657178e-05 9.158589e-03 1.017336e-05)	(-1.632180e-05 9.022813e-03 1.006975e-05)	(-2.499821e-07 1.357764e-04 1.036084e-07)
2530.88       	(-1.506517e-05 9.158403e-03 1.230015e-05)	(-1.481606e-05 9.022626e-03 1.219581e-05)	(-2.491054e-07 1.357776e-04 1.043398e-07)
2530.89       	(-1.655802e-05 9.158616e-03 1.018098e-05)	(-1.630834e-05 9.022837e-03 1.007764e-05)	(-2.496813e-07 1.357789e-04 1.033383e-07)
2530.89       	(-1.506988e-05 9.158430e-03 1.232362e-05)	(-1.482107e-05 9.022650e-03 1.221954e-05)	(-2.488072e-07 1.357800e-04 1.040870e-07)
2530.9        	(-1.653595e-05 9.158638e-03 1.018536e-05)	(-1.628659e-05 9.022857e-03 1.008227e-05)	(-2.493625e-07 1.357813e-04 1.030868e-07)
2530.9        	(-1.507840e-05 9.158449e-03 1.233459e-05)	(-1.482991e-05 9.022666e-03 1.223075e-05)	(-2.484972e-07 1.357823e-04 1.038436e-07)
2530.91       	(-1.651073e-05 9.158652e-03 1.018840e-05)	(-1.626170e-05 9.022868e-03 1.008556e-05)	(-2.490315e-07 1.357835e-04 1.028446e-07)
2530.91       	(-1.509306e-05 9.158466e-03 1.235947e-05)	(-1.484488e-05 9.022682e-03 1.225585e-05)	(-2.481798e-07 1.357844e-04 1.036197e-07)
2530.92       	(-1.647596e-05 9.158657e-03 1.017928e-05)	(-1.622728e-05 9.022872e-03 1.007667e-05)	(-2.486839e-07 1.357855e-04 1.026107e-07)
2530.92       	(-1.511606e-05 9.158481e-03 1.239119e-05)	(-1.486820e-05 9.022695e-03 1.228778e-05)	(-2.478532e-07 1.357863e-04 1.034094e-07)
2530.93       	(-1.643278e-05 9.158657e-03 1.016661e-05)	(-1.618446e-05 9.022869e-03 1.006422e-05)	(-2.483213e-07 1.357873e-04 1.023906e-07)
2530.93       	(-1.515550e-05 9.158494e-03 1.243576e-05)	(-1.490797e-05 9.022707e-03 1.233253e-05)	(-2.475271e-07 1.357880e-04 1.032243e-07)
2530.94       	(-1.637876e-05 9.158649e-03 1.013119e-05)	(-1.613081e-05 9.022860e-03 1.002902e-05)	(-2.479508e-07 1.357888e-04 1.021762e-07)
2530.94       	(-1.520464e-05 9.158514e-03 1.249104e-05)	(-1.495744e-05 9.022725e-03 1.238799e-05)	(-2.472005e-07 1.357895e-04 1.030526e-07)
2530.95       	(-1.632766e-05 9.158636e-03 1.009534e-05)	(-1.608008e-05 9.022845e-03 9.993362e-06)	(-2.475806e-07 1.357902e-04 1.019769e-07)
2530.95       	(-1.523710e-05 9.158516e-03 1.252384e-05)	(-1.499025e-05 9.022725e-03 1.242096e-05)	(-2.468578e-07 1.357907e-04 1.028757e-07)
2530.96       	(-1.628917e-05 9.158619e-03 1.007334e-05)	(-1.604197e-05 9.022828e-03 9.971555e-06)	(-2.472040e-07 1.357913e-04 1.017816e-07)
2530.96       	(-1.525582e-05 9.158512e-03 1.254159e-05)	(-1.500933e-05 9.022721e-03 1.243890e-05)	(-2.464969e-07 1.357917e-04 1.026895e-07)
2530.97       	(-1.627080e-05 9.158605e-03 1.006696e-05)	(-1.602397e-05 9.022813e-03 9.965372e-06)	(-2.468307e-07 1.357922e-04 1.015852e-07)
2530.97       	(-1.525784e-05 9.158500e-03 1.255542e-05)	(-1.501172e-05 9.022707e-03 1.245292e-05)	(-2.461276e-07 1.357925e-04 1.025014e-07)
2530.98       	(-1.626321e-05 9.158589e-03 1.007770e-05)	(-1.601675e-05 9.022796e-03 9.976297e-06)	(-2.464570e-07 1.357929e-04 1.014007e-07)
2530.98       	(-1.525401e-05 9.158480e-03 1.255996e-05)	(-1.500826e-05 9.022687e-03 1.245765e-05)	(-2.457524e-07 1.357931e-04 1.023173e-07)
2530.99       	(-1.625622e-05 9.158569e-03 1.008341e-05)	(-1.601014e-05 9.022775e-03 9.982193e-06)	(-2.460766e-07 1.357934e-04 1.012157e-07)
2530.99       	(-1.524989e-05 9.158460e-03 1.256510e-05)	(-1.500452e-05 9.022666e-03 1.246297e-05)	(-2.453702e-07 1.357935e-04 1.021326e-07)
2531          	(-1.624803e-05 9.158545e-03 1.009551e-05)	(-1.600234e-05 9.022751e-03 9.994468e-06)	(-2.456888e-07 1.357936e-04 1.010381e-07)
2531.01       	(-1.524596e-05 9.158436e-03 1.256771e-05)	(-1.500098e-05 9.022642e-03 1.246576e-05)	(-2.449807e-07 1.357936e-04 1.019517e-07)
2531.01       	(-1.624377e-05 9.158520e-03 1.009839e-05)	(-1.599847e-05 9.022726e-03 9.997535e-06)	(-2.452979e-07 1.357937e-04 1.008542e-07)
2531.02       	(-1.524708e-05 9.158409e-03 1.256589e-05)	(-1.500248e-05 9.022616e-03 1.246413e-05)	(-2.445936e-07 1.357936e-04 1.017628e-07)
2531.02       	(-1.623580e-05 9.158492e-03 1.010376e-05)	(-1.599090e-05 9.022698e-03 1.000309e-05)	(-2.449057e-07 1.357935e-04 1.006689e-07)
2531.03       	(-1.524581e-05 9.158380e-03 1.256835e-05)	(-1.500161e-05 9.022587e-03 1.246677e-05)	(-2.442022e-07 1.357934e-04 1.015773e-07)
2531.03       	(-1.622032e-05 9.158461e-03 1.011016e-05)	(-1.597582e-05 9.022668e-03 1.000967e-05)	(-2.445014e-07 1.357932e-04 1.004876e-07)
2531.04       	(-1.525253e-05 9.158351e-03 1.255911e-05)	(-1.500872e-05 9.022558e-03 1.245773e-05)	(-2.438075e-07 1.357930e-04 1.013840e-07)
2531.04       	(-1.620456e-05 9.158428e-03 1.011737e-05)	(-1.596046e-05 9.022636e-03 1.001707e-05)	(-2.440949e-07 1.357928e-04 1.003012e-07)
2531.05       	(-1.526457e-05 9.158322e-03 1.254755e-05)	(-1.502116e-05 9.022530e-03 1.244637e-05)	(-2.434149e-07 1.357925e-04 1.011862e-07)
2531.05       	(-1.618038e-05 9.158394e-03 1.013058e-05)	(-1.593670e-05 9.022602e-03 1.003047e-05)	(-2.436810e-07 1.357922e-04 1.001186e-07)
2531.06       	(-1.529077e-05 9.158295e-03 1.252537e-05)	(-1.504774e-05 9.022504e-03 1.242439e-05)	(-2.430295e-07 1.357918e-04 1.009870e-07)
2531.06       	(-1.614051e-05 9.158363e-03 1.016484e-05)	(-1.589725e-05 9.022572e-03 1.006488e-05)	(-2.432581e-07 1.357914e-04 9.995244e-08)
2531.07       	(-1.534392e-05 9.158273e-03 1.246995e-05)	(-1.510126e-05 9.022482e-03 1.236917e-05)	(-2.426597e-07 1.357910e-04 1.007771e-07)
2531.07       	(-1.606050e-05 9.158319e-03 1.022768e-05)	(-1.581769e-05 9.022528e-03 1.012788e-05)	(-2.428090e-07 1.357906e-04 9.980107e-08)
2531.08       	(-1.542801e-05 9.158265e-03 1.237668e-05)	(-1.518572e-05 9.022475e-03 1.227613e-05)	(-2.422960e-07 1.357901e-04 1.005520e-07)
2531.08       	(-1.599227e-05 9.158277e-03 1.028260e-05)	(-1.574989e-05 9.022488e-03 1.018297e-05)	(-2.423786e-07 1.357896e-04 9.963125e-08)
2531.09       	(-1.546716e-05 9.158248e-03 1.232922e-05)	(-1.522525e-05 9.022458e-03 1.222888e-05)	(-2.419061e-07 1.357891e-04 1.003419e-07)
2531.09       	(-1.598066e-05 9.158244e-03 1.028591e-05)	(-1.573868e-05 9.022455e-03 1.018649e-05)	(-2.419792e-07 1.357886e-04 9.942739e-08)
2531.1        	(-1.546778e-05 9.158220e-03 1.232634e-05)	(-1.522627e-05 9.022432e-03 1.222621e-05)	(-2.415089e-07 1.357880e-04 1.001364e-07)
2531.1        	(-1.598399e-05 9.158213e-03 1.028029e-05)	(-1.574240e-05 9.022426e-03 1.018107e-05)	(-2.415867e-07 1.357875e-04 9.921814e-08)
2531.11       	(-1.546815e-05 9.158190e-03 1.232392e-05)	(-1.522703e-05 9.022403e-03 1.222400e-05)	(-2.411165e-07 1.357869e-04 9.992457e-08)
2531.11       	(-1.598241e-05 9.158183e-03 1.027675e-05)	(-1.574121e-05 9.022396e-03 1.017774e-05)	(-2.411920e-07 1.357863e-04 9.900604e-08)
2531.12       	(-1.546310e-05 9.158160e-03 1.232875e-05)	(-1.522238e-05 9.022374e-03 1.222904e-05)	(-2.407164e-07 1.357857e-04 9.971765e-08)
2531.12       	(-1.598114e-05 9.158153e-03 1.027060e-05)	(-1.574035e-05 9.022368e-03 1.017181e-05)	(-2.407910e-07 1.357851e-04 9.879624e-08)
2531.13       	(-1.546286e-05 9.158134e-03 1.232559e-05)	(-1.522255e-05 9.022349e-03 1.222609e-05)	(-2.403167e-07 1.357845e-04 9.950513e-08)
2531.13       	(-1.598583e-05 9.158125e-03 1.026175e-05)	(-1.574544e-05 9.022341e-03 1.016317e-05)	(-2.403976e-07 1.357839e-04 9.857715e-08)
2531.14       	(-1.546302e-05 9.158107e-03 1.232241e-05)	(-1.522309e-05 9.022324e-03 1.222313e-05)	(-2.399247e-07 1.357833e-04 9.928402e-08)
2531.15       	(-1.598559e-05 9.158098e-03 1.025642e-05)	(-1.574559e-05 9.022315e-03 1.015806e-05)	(-2.400054e-07 1.357827e-04 9.835437e-08)
2531.15       	(-1.546207e-05 9.158082e-03 1.232245e-05)	(-1.522254e-05 9.022300e-03 1.222338e-05)	(-2.395308e-07 1.357821e-04 9.906329e-08)
2531.16       	(-1.598953e-05 9.158071e-03 1.024963e-05)	(-1.574992e-05 9.022290e-03 1.015150e-05)	(-2.396147e-07 1.357815e-04 9.813156e-08)
2531.16       	(-1.546352e-05 9.158058e-03 1.232027e-05)	(-1.522438e-05 9.022277e-03 1.222143e-05)	(-2.391404e-07 1.357809e-04 9.884034e-08)
2531.17       	(-1.599240e-05 9.158048e-03 1.024110e-05)	(-1.575318e-05 9.022267e-03 1.014319e-05)	(-2.392263e-07 1.357803e-04 9.790518e-08)
2531.17       	(-1.546559e-05 9.158035e-03 1.231478e-05)	(-1.522683e-05 9.022255e-03 1.221616e-05)	(-2.387531e-07 1.357797e-04 9.861130e-08)
2531.18       	(-1.599660e-05 9.158024e-03 1.023269e-05)	(-1.575776e-05 9.022245e-03 1.013501e-05)	(-2.388425e-07 1.357792e-04 9.767313e-08)
2531.18       	(-1.546878e-05 9.158010e-03 1.230919e-05)	(-1.523041e-05 9.022231e-03 1.221081e-05)	(-2.383710e-07 1.357786e-04 9.837999e-08)
2531.19       	(-1.600099e-05 9.158002e-03 1.022348e-05)	(-1.576253e-05 9.022223e-03 1.012604e-05)	(-2.384627e-07 1.357781e-04 9.743868e-08)
2531.19       	(-1.547171e-05 9.157989e-03 1.230071e-05)	(-1.523372e-05 9.022212e-03 1.220257e-05)	(-2.379919e-07 1.357776e-04 9.814108e-08)
2531.2        	(-1.600486e-05 9.157982e-03 1.021324e-05)	(-1.576677e-05 9.022205e-03 1.011605e-05)	(-2.380856e-07 1.357771e-04 9.719567e-08)
2531.2        	(-1.547604e-05 9.157970e-03 1.229379e-05)	(-1.523842e-05 9.022193e-03 1.219589e-05)	(-2.376174e-07 1.357766e-04 9.789585e-08)
2531.21       	(-1.601035e-05 9.157962e-03 1.020285e-05)	(-1.577264e-05 9.022186e-03 1.010591e-05)	(-2.377128e-07 1.357762e-04 9.694652e-08)
2531.21       	(-1.547990e-05 9.157951e-03 1.228770e-05)	(-1.524265e-05 9.022176e-03 1.219005e-05)	(-2.372449e-07 1.357757e-04 9.764640e-08)
2531.22       	(-1.601644e-05 9.157943e-03 1.019351e-05)	(-1.577909e-05 9.022168e-03 1.009681e-05)	(-2.373437e-07 1.357753e-04 9.669692e-08)
2531.22       	(-1.548503e-05 9.157934e-03 1.228068e-05)	(-1.524815e-05 9.022160e-03 1.218329e-05)	(-2.368780e-07 1.357749e-04 9.739629e-08)
2531.23       	(-1.602449e-05 9.157926e-03 1.018317e-05)	(-1.578751e-05 9.022152e-03 1.008672e-05)	(-2.369817e-07 1.357745e-04 9.644347e-08)
2531.23       	(-1.549197e-05 9.157919e-03 1.226963e-05)	(-1.525545e-05 9.022145e-03 1.217249e-05)	(-2.365204e-07 1.357741e-04 9.713777e-08)
2531.24       	(-1.603132e-05 9.157911e-03 1.017160e-05)	(-1.579469e-05 9.022137e-03 1.007542e-05)	(-2.366275e-07 1.357738e-04 9.618167e-08)
2531.24       	(-1.549704e-05 9.157905e-03 1.225950e-05)	(-1.526088e-05 9.022131e-03 1.216262e-05)	(-2.361675e-07 1.357735e-04 9.687425e-08)
2531.25       	(-1.603789e-05 9.157897e-03 1.016430e-05)	(-1.580162e-05 9.022124e-03 1.006838e-05)	(-2.362766e-07 1.357732e-04 9.591965e-08)
2531.25       	(-1.550174e-05 9.157893e-03 1.225263e-05)	(-1.526593e-05 9.022120e-03 1.215602e-05)	(-2.358164e-07 1.357729e-04 9.661236e-08)
2531.26       	(-1.604611e-05 9.157885e-03 1.015500e-05)	(-1.581018e-05 9.022112e-03 1.005934e-05)	(-2.359290e-07 1.357727e-04 9.565674e-08)
2531.26       	(-1.551007e-05 9.157882e-03 1.224067e-05)	(-1.527460e-05 9.022109e-03 1.214433e-05)	(-2.354726e-07 1.357725e-04 9.634419e-08)
2531.27       	(-1.605568e-05 9.157874e-03 1.014329e-05)	(-1.582009e-05 9.022101e-03 1.004790e-05)	(-2.355888e-07 1.357723e-04 9.538661e-08)
2531.27       	(-1.551811e-05 9.157865e-03 1.222887e-05)	(-1.528297e-05 9.022093e-03 1.213280e-05)	(-2.351355e-07 1.357721e-04 9.606896e-08)
2531.28       	(-1.606766e-05 9.157868e-03 1.012673e-05)	(-1.583241e-05 9.022096e-03 1.003163e-05)	(-2.352575e-07 1.357720e-04 9.510468e-08)
2531.28       	(-1.552495e-05 9.157857e-03 1.221880e-05)	(-1.529014e-05 9.022085e-03 1.212301e-05)	(-2.348059e-07 1.357719e-04 9.578478e-08)
2531.29       	(-1.607779e-05 9.157860e-03 1.011687e-05)	(-1.584286e-05 9.022088e-03 1.002205e-05)	(-2.349322e-07 1.357718e-04 9.482163e-08)
2531.3        	(-1.553150e-05 9.157852e-03 1.220600e-05)	(-1.529702e-05 9.022080e-03 1.211051e-05)	(-2.344811e-07 1.357717e-04 9.549742e-08)
2531.3        	(-1.608873e-05 9.157849e-03 1.009992e-05)	(-1.585411e-05 9.022078e-03 1.000539e-05)	(-2.346121e-07 1.357717e-04 9.452994e-08)
2531.31       	(-1.554069e-05 9.157849e-03 1.219298e-05)	(-1.530652e-05 9.022077e-03 1.209778e-05)	(-2.341646e-07 1.357716e-04 9.520360e-08)
2531.31       	(-1.610022e-05 9.157839e-03 1.008674e-05)	(-1.586593e-05 9.022068e-03 9.992503e-06)	(-2.342998e-07 1.357717e-04 9.423642e-08)
2531.32       	(-1.555044e-05 9.157851e-03 1.218038e-05)	(-1.531658e-05 9.022079e-03 1.208547e-05)	(-2.338548e-07 1.357717e-04 9.490922e-08)
2531.32       	(-1.611404e-05 9.157827e-03 1.006861e-05)	(-1.588004e-05 9.022055e-03 9.974675e-06)	(-2.339963e-07 1.357717e-04 9.393910e-08)
2531.33       	(-1.556048e-05 9.157860e-03 1.216351e-05)	(-1.532693e-05 9.022088e-03 1.206890e-05)	(-2.335533e-07 1.357718e-04 9.460896e-08)
2531.33       	(-1.612850e-05 9.157810e-03 1.004605e-05)	(-1.589480e-05 9.022038e-03 9.952419e-06)	(-2.337005e-07 1.357719e-04 9.363482e-08)
2531.34       	(-1.556898e-05 9.157886e-03 1.214908e-05)	(-1.533572e-05 9.022114e-03 1.205477e-05)	(-2.332579e-07 1.357720e-04 9.430737e-08)
2531.34       	(-1.614683e-05 9.157777e-03 1.002196e-05)	(-1.591342e-05 9.022005e-03 9.928635e-06)	(-2.334146e-07 1.357721e-04 9.332836e-08)
2531.35       	(-1.557619e-05 9.157914e-03 1.213847e-05)	(-1.534322e-05 9.022141e-03 1.204447e-05)	(-2.329708e-07 1.357723e-04 9.400189e-08)
2531.35       	(-1.616351e-05 9.157752e-03 1.000442e-05)	(-1.593038e-05 9.021980e-03 9.911408e-06)	(-2.331371e-07 1.357724e-04 9.301471e-08)
2531.36       	(-1.558871e-05 9.157910e-03 1.213404e-05)	(-1.535602e-05 9.022138e-03 1.204036e-05)	(-2.326971e-07 1.357726e-04 9.368834e-08)
2531.36       	(-1.617455e-05 9.157760e-03 9.996121e-06)	(-1.594169e-05 9.021988e-03 9.903418e-06)	(-2.328651e-07 1.357728e-04 9.270288e-08)
2531.37       	(-1.560512e-05 9.157907e-03 1.211169e-05)	(-1.537269e-05 9.022134e-03 1.201832e-05)	(-2.324313e-07 1.357730e-04 9.337011e-08)
2531.37       	(-1.618823e-05 9.157771e-03 9.981606e-06)	(-1.595563e-05 9.021997e-03 9.889219e-06)	(-2.326019e-07 1.357732e-04 9.238707e-08)
2531.38       	(-1.562210e-05 9.157909e-03 1.209277e-05)	(-1.538993e-05 9.022135e-03 1.199972e-05)	(-2.321746e-07 1.357734e-04 9.304868e-08)
2531.38       	(-1.620052e-05 9.157790e-03 9.975913e-06)	(-1.596817e-05 9.022016e-03 9.883842e-06)	(-2.323459e-07 1.357736e-04 9.207041e-08)
2531.39       	(-1.564242e-05 9.157885e-03 1.207269e-05)	(-1.541049e-05 9.022111e-03 1.197997e-05)	(-2.319287e-07 1.357739e-04 9.272088e-08)
2531.39       	(-1.621350e-05 9.157825e-03 9.973440e-06)	(-1.598140e-05 9.022051e-03 9.881697e-06)	(-2.321020e-07 1.357741e-04 9.174350e-08)
2531.4        	(-1.566175e-05 9.157854e-03 1.205996e-05)	(-1.543006e-05 9.022080e-03 1.196758e-05)	(-2.316932e-07 1.357744e-04 9.238609e-08)
2531.4        	(-1.622812e-05 9.157850e-03 9.969595e-06)	(-1.599625e-05 9.022075e-03 9.878186e-06)	(-2.318698e-07 1.357747e-04 9.140907e-08)
2531.41       	(-1.567853e-05 9.157855e-03 1.204718e-05)	(-1.544706e-05 9.022080e-03 1.195513e-05)	(-2.314661e-07 1.357749e-04 9.205004e-08)
2531.41       	(-1.624515e-05 9.157856e-03 9.957501e-06)	(-1.601350e-05 9.022080e-03 9.866428e-06)	(-2.316478e-07 1.357752e-04 9.107388e-08)
2531.42       	(-1.569697e-05 9.157864e-03 1.202959e-05)	(-1.546572e-05 9.022088e-03 1.193788e-05)	(-2.312508e-07 1.357755e-04 9.171045e-08)
2531.42       	(-1.626324e-05 9.157858e-03 9.938799e-06)	(-1.603180e-05 9.022083e-03 9.848068e-06)	(-2.314381e-07 1.357758e-04 9.073146e-08)
2531.43       	(-1.571478e-05 9.157876e-03 1.201345e-05)	(-1.548373e-05 9.022100e-03 1.192209e-05)	(-2.310461e-07 1.357760e-04 9.136500e-08)
2531.44       	(-1.628118e-05 9.157867e-03 9.924827e-06)	(-1.604995e-05 9.022091e-03 9.834441e-06)	(-2.312378e-07 1.357763e-04 9.038653e-08)
2531.44       	(-1.573384e-05 9.157891e-03 1.199383e-05)	(-1.550299e-05 9.022114e-03 1.190282e-05)	(-2.308514e-07 1.357766e-04 9.101465e-08)
2531.45       	(-1.630178e-05 9.157874e-03 9.907608e-06)	(-1.607073e-05 9.022098e-03 9.817575e-06)	(-2.310500e-07 1.357769e-04 9.003379e-08)
2531.45       	(-1.575283e-05 9.157898e-03 1.197755e-05)	(-1.552216e-05 9.022120e-03 1.188689e-05)	(-2.306687e-07 1.357772e-04 9.066003e-08)
2531.46       	(-1.632236e-05 9.157887e-03 9.893867e-06)	(-1.609149e-05 9.022109e-03 9.804187e-06)	(-2.308730e-07 1.357775e-04 8.968007e-08)
2531.46       	(-1.577109e-05 9.157906e-03 1.196060e-05)	(-1.554060e-05 9.022128e-03 1.187030e-05)	(-2.304958e-07 1.357777e-04 9.030395e-08)
2531.47       	(-1.634455e-05 9.157898e-03 9.878505e-06)	(-1.611384e-05 9.022120e-03 9.789180e-06)	(-2.307073e-07 1.357780e-04 8.932445e-08)
2531.47       	(-1.578851e-05 9.157916e-03 1.194552e-05)	(-1.555817e-05 9.022138e-03 1.185558e-05)	(-2.303333e-07 1.357783e-04 8.994714e-08)
2531.48       	(-1.636844e-05 9.157911e-03 9.858826e-06)	(-1.613789e-05 9.022133e-03 9.769862e-06)	(-2.305530e-07 1.357786e-04 8.896405e-08)
2531.48       	(-1.580677e-05 9.157927e-03 1.192910e-05)	(-1.557658e-05 9.022148e-03 1.183951e-05)	(-2.301829e-07 1.357788e-04 8.958424e-08)
2531.49       	(-1.639518e-05 9.157920e-03 9.841045e-06)	(-1.616477e-05 9.022141e-03 9.752446e-06)	(-2.304129e-07 1.357791e-04 8.859899e-08)
2531.49       	(-1.582389e-05 9.157941e-03 1.191394e-05)	(-1.559385e-05 9.022162e-03 1.182472e-05)	(-2.300448e-07 1.357793e-04 8.921795e-08)
2531.5        	(-1.642072e-05 9.157934e-03 9.823953e-06)	(-1.619044e-05 9.022155e-03 9.735721e-06)	(-2.302832e-07 1.357796e-04 8.823205e-08)
2531.5        	(-1.584169e-05 9.157953e-03 1.190006e-05)	(-1.561177e-05 9.022173e-03 1.181121e-05)	(-2.299172e-07 1.357798e-04 8.885180e-08)
2531.51       	(-1.644888e-05 9.157949e-03 9.804683e-06)	(-1.621871e-05 9.022169e-03 9.716820e-06)	(-2.301667e-07 1.357801e-04 8.786350e-08)
2531.51       	(-1.585917e-05 9.157965e-03 1.188779e-05)	(-1.562937e-05 9.022185e-03 1.179931e-05)	(-2.298021e-07 1.357803e-04 8.848534e-08)
2531.52       	(-1.647869e-05 9.157965e-03 9.781429e-06)	(-1.624863e-05 9.022185e-03 9.693938e-06)	(-2.300633e-07 1.357805e-04 8.749070e-08)
2531.52       	(-1.587446e-05 9.157978e-03 1.187596e-05)	(-1.564477e-05 9.022197e-03 1.178785e-05)	(-2.296974e-07 1.357807e-04 8.811503e-08)
2531.53       	(-1.651039e-05 9.157982e-03 9.758233e-06)	(-1.628042e-05 9.022201e-03 9.671118e-06)	(-2.299718e-07 1.357810e-04 8.711495e-08)
2531.53       	(-1.588753e-05 9.157990e-03 1.186796e-05)	(-1.565793e-05 9.022209e-03 1.178021e-05)	(-2.296019e-07 1.357812e-04 8.774504e-08)
2531.54       	(-1.654537e-05 9.158000e-03 9.731632e-06)	(-1.631548e-05 9.022219e-03 9.644896e-06)	(-2.298920e-07 1.357814e-04 8.673615e-08)
2531.54       	(-1.589905e-05 9.158001e-03 1.186109e-05)	(-1.566953e-05 9.022220e-03 1.177372e-05)	(-2.295164e-07 1.357816e-04 8.737283e-08)
2531.55       	(-1.658368e-05 9.158020e-03 9.702332e-06)	(-1.635386e-05 9.022238e-03 9.615979e-06)	(-2.298247e-07 1.357818e-04 8.635293e-08)
2531.55       	(-1.590678e-05 9.158013e-03 1.185754e-05)	(-1.567734e-05 9.022231e-03 1.177054e-05)	(-2.294395e-07 1.357820e-04 8.699919e-08)
2531.56       	(-1.662626e-05 9.158040e-03 9.670618e-06)	(-1.639649e-05 9.022257e-03 9.584651e-06)	(-2.297693e-07 1.357822e-04 8.596703e-08)
2531.56       	(-1.590976e-05 9.158025e-03 1.186051e-05)	(-1.568039e-05 9.022242e-03 1.177388e-05)	(-2.293696e-07 1.357824e-04 8.662764e-08)
2531.57       	(-1.667538e-05 9.158061e-03 9.632066e-06)	(-1.644566e-05 9.022279e-03 9.546489e-06)	(-2.297269e-07 1.357826e-04 8.557679e-08)
2531.58       	(-1.590688e-05 9.158034e-03 1.186985e-05)	(-1.567757e-05 9.022252e-03 1.178359e-05)	(-2.293074e-07 1.357827e-04 8.625613e-08)
2531.58       	(-1.673265e-05 9.158085e-03 9.586268e-06)	(-1.650295e-05 9.022302e-03 9.501089e-06)	(-2.296998e-07 1.357830e-04 8.517897e-08)
2531.59       	(-1.589436e-05 9.158043e-03 1.188977e-05)	(-1.566511e-05 9.022260e-03 1.180388e-05)	(-2.292504e-07 1.357831e-04 8.588696e-08)
2531.59       	(-1.679815e-05 9.158112e-03 9.532976e-06)	(-1.656847e-05 9.022329e-03 9.448195e-06)	(-2.296844e-07 1.357833e-04 8.478019e-08)
2531.6        	(-1.587125e-05 9.158049e-03 1.192256e-05)	(-1.564205e-05 9.022266e-03 1.183703e-05)	(-2.291955e-07 1.357834e-04 8.552665e-08)
2531.6        	(-1.687763e-05 9.158142e-03 9.469842e-06)	(-1.664794e-05 9.022358e-03 9.385464e-06)	(-2.296845e-07 1.357837e-04 8.437830e-08)
2531.61       	(-1.583638e-05 9.158053e-03 1.196600e-05)	(-1.560723e-05 9.022269e-03 1.188083e-05)	(-2.291458e-07 1.357838e-04 8.517021e-08)
2531.61       	(-1.697387e-05 9.158177e-03 9.390218e-06)	(-1.674416e-05 9.022393e-03 9.306253e-06)	(-2.297052e-07 1.357840e-04 8.396510e-08)
2531.62       	(-1.578303e-05 9.158051e-03 1.202890e-05)	(-1.555393e-05 9.022267e-03 1.194408e-05)	(-2.290983e-07 1.357841e-04 8.481896e-08)
2531.62       	(-1.707893e-05 9.158214e-03 9.304251e-06)	(-1.684920e-05 9.022429e-03 9.220700e-06)	(-2.297357e-07 1.357844e-04 8.355056e-08)
2531.63       	(-1.572737e-05 9.158047e-03 1.209314e-05)	(-1.549831e-05 9.022263e-03 1.200867e-05)	(-2.290582e-07 1.357845e-04 8.446819e-08)
2531.63       	(-1.715964e-05 9.158243e-03 9.240785e-06)	(-1.692989e-05 9.022458e-03 9.157630e-06)	(-2.297508e-07 1.357847e-04 8.315438e-08)
2531.64       	(-1.571922e-05 9.158055e-03 1.210824e-05)	(-1.549017e-05 9.022270e-03 1.202414e-05)	(-2.290470e-07 1.357848e-04 8.409826e-08)
2531.64       	(-1.721532e-05 9.158268e-03 9.198676e-06)	(-1.698555e-05 9.022483e-03 9.115914e-06)	(-2.297713e-07 1.357851e-04 8.276155e-08)
2531.65       	(-1.571920e-05 9.158065e-03 1.211454e-05)	(-1.549015e-05 9.022280e-03 1.203082e-05)	(-2.290478e-07 1.357852e-04 8.372447e-08)
2531.65       	(-1.726507e-05 9.158292e-03 9.162134e-06)	(-1.703527e-05 9.022506e-03 9.079764e-06)	(-2.297980e-07 1.357855e-04 8.236999e-08)
2531.66       	(-1.572240e-05 9.158076e-03 1.211731e-05)	(-1.549334e-05 9.022291e-03 1.203396e-05)	(-2.290572e-07 1.357856e-04 8.334899e-08)
2531.66       	(-1.731373e-05 9.158320e-03 9.123001e-06)	(-1.708389e-05 9.022534e-03 9.041025e-06)	(-2.298322e-07 1.357859e-04 8.197558e-08)
2531.67       	(-1.572713e-05 9.158087e-03 1.212050e-05)	(-1.549805e-05 9.022301e-03 1.203753e-05)	(-2.290753e-07 1.357859e-04 8.297167e-08)
2531.67       	(-1.735878e-05 9.158342e-03 9.090883e-06)	(-1.712891e-05 9.022556e-03 9.009298e-06)	(-2.298715e-07 1.357863e-04 8.158493e-08)
2531.68       	(-1.573521e-05 9.158101e-03 1.211759e-05)	(-1.550611e-05 9.022314e-03 1.203500e-05)	(-2.291015e-07 1.357863e-04 8.259263e-08)
2531.68       	(-1.740130e-05 9.158367e-03 9.060911e-06)	(-1.717138e-05 9.022580e-03 8.979716e-06)	(-2.299167e-07 1.357867e-04 8.119499e-08)
2531.69       	(-1.574574e-05 9.158116e-03 1.211304e-05)	(-1.551660e-05 9.022329e-03 1.203083e-05)	(-2.291355e-07 1.357868e-04 8.221308e-08)
2531.69       	(-1.744039e-05 9.158388e-03 9.034501e-06)	(-1.721043e-05 9.022601e-03 8.953693e-06)	(-2.299659e-07 1.357871e-04 8.080710e-08)
2531.7        	(-1.575992e-05 9.158132e-03 1.210591e-05)	(-1.553075e-05 9.022345e-03 1.202407e-05)	(-2.291770e-07 1.357872e-04 8.183306e-08)
2531.7        	(-1.747689e-05 9.158407e-03 9.010106e-06)	(-1.724687e-05 9.022620e-03 8.929686e-06)	(-2.300202e-07 1.357875e-04 8.042001e-08)
2531.71       	(-1.577675e-05 9.158148e-03 1.209696e-05)	(-1.554752e-05 9.022360e-03 1.201551e-05)	(-2.292263e-07 1.357876e-04 8.145232e-08)
2531.72       	(-1.751113e-05 9.158427e-03 8.987399e-06)	(-1.728105e-05 9.022639e-03 8.907366e-06)	(-2.300800e-07 1.357880e-04 8.003371e-08)
2531.72       	(-1.579451e-05 9.158165e-03 1.208656e-05)	(-1.556523e-05 9.022376e-03 1.200549e-05)	(-2.292813e-07 1.357881e-04 8.107125e-08)
2531.73       	(-1.754375e-05 9.158447e-03 8.965823e-06)	(-1.731360e-05 9.022659e-03 8.886175e-06)	(-2.301439e-07 1.357885e-04 7.964828e-08)
2531.73       	(-1.581393e-05 9.158182e-03 1.207467e-05)	(-1.558459e-05 9.022394e-03 1.199398e-05)	(-2.293420e-07 1.357886e-04 8.068953e-08)
2531.74       	(-1.757518e-05 9.158468e-03 8.944828e-06)	(-1.734497e-05 9.022679e-03 8.865565e-06)	(-2.302125e-07 1.357890e-04 7.926286e-08)
2531.74       	(-1.583423e-05 9.158200e-03 1.206205e-05)	(-1.560483e-05 9.022411e-03 1.198174e-05)	(-2.294083e-07 1.357891e-04 8.030730e-08)
2531.75       	(-1.760522e-05 9.158488e-03 8.925503e-06)	(-1.737493e-05 9.022698e-03 8.846624e-06)	(-2.302852e-07 1.357895e-04 7.887829e-08)
2531.75       	(-1.585521e-05 9.158218e-03 1.204901e-05)	(-1.562574e-05 9.022429e-03 1.196909e-05)	(-2.294792e-07 1.357896e-04 7.992551e-08)
2531.76       	(-1.763405e-05 9.158507e-03 8.907511e-06)	(-1.740368e-05 9.022717e-03 8.829016e-06)	(-2.303614e-07 1.357900e-04 7.849466e-08)
2531.76       	(-1.587697e-05 9.158237e-03 1.203517e-05)	(-1.564742e-05 9.022446e-03 1.195562e-05)	(-2.295543e-07 1.357902e-04 7.954391e-08)
2531.77       	(-1.766202e-05 9.158526e-03 8.889182e-06)	(-1.743158e-05 9.022735e-03 8.811071e-06)	(-2.304409e-07 1.357906e-04 7.811063e-08)
2531.77       	(-1.589983e-05 9.158255e-03 1.201917e-05)	(-1.567020e-05 9.022465e-03 1.194001e-05)	(-2.296337e-07 1.357907e-04 7.915969e-08)
2531.78       	(-1.768833e-05 9.158545e-03 8.873843e-06)	(-1.745780e-05 9.022754e-03 8.796117e-06)	(-2.305233e-07 1.357912e-04 7.772677e-08)
2531.78       	(-1.592320e-05 9.158274e-03 1.200389e-05)	(-1.569348e-05 9.022483e-03 1.192511e-05)	(-2.297164e-07 1.357913e-04 7.877660e-08)
2531.79       	(-1.771396e-05 9.158564e-03 8.858515e-06)	(-1.748335e-05 9.022772e-03 8.781171e-06)	(-2.306083e-07 1.357918e-04 7.734374e-08)
2531.79       	(-1.594748e-05 9.158293e-03 1.198810e-05)	(-1.571767e-05 9.022502e-03 1.190971e-05)	(-2.298029e-07 1.357919e-04 7.839360e-08)
2531.8        	(-1.773943e-05 9.158583e-03 8.844206e-06)	(-1.750874e-05 9.022790e-03 8.767244e-06)	(-2.306973e-07 1.357924e-04 7.696168e-08)
2531.8        	(-1.597125e-05 9.158313e-03 1.197283e-05)	(-1.574136e-05 9.022520e-03 1.189482e-05)	(-2.298929e-07 1.357926e-04 7.801192e-08)
2531.81       	(-1.776425e-05 9.158602e-03 8.829889e-06)	(-1.753347e-05 9.022809e-03 8.753309e-06)	(-2.307890e-07 1.357930e-04 7.658064e-08)
2531.81       	(-1.599492e-05 9.158332e-03 1.195765e-05)	(-1.576493e-05 9.022539e-03 1.188002e-05)	(-2.299854e-07 1.357932e-04 7.763118e-08)
2531.82       	(-1.778868e-05 9.158621e-03 8.816028e-06)	(-1.755780e-05 9.022827e-03 8.739828e-06)	(-2.308828e-07 1.357937e-04 7.620057e-08)
2531.82       	(-1.601822e-05 9.158352e-03 1.194272e-05)	(-1.578814e-05 9.022558e-03 1.186547e-05)	(-2.300796e-07 1.357939e-04 7.725153e-08)
2531.83       	(-1.781296e-05 9.158640e-03 8.801763e-06)	(-1.758198e-05 9.022846e-03 8.725942e-06)	(-2.309783e-07 1.357943e-04 7.582134e-08)
2531.83       	(-1.604163e-05 9.158372e-03 1.192807e-05)	(-1.581146e-05 9.022577e-03 1.185120e-05)	(-2.301760e-07 1.357945e-04 7.687265e-08)
2531.84       	(-1.783726e-05 9.158660e-03 8.787816e-06)	(-1.760618e-05 9.022865e-03 8.712373e-06)	(-2.310762e-07 1.357950e-04 7.544316e-08)
2531.84       	(-1.606519e-05 9.158392e-03 1.191418e-05)	(-1.583492e-05 9.022597e-03 1.183768e-05)	(-2.302749e-07 1.357952e-04 7.649544e-08)
2531.85       	(-1.786100e-05 9.158680e-03 8.774258e-06)	(-1.762983e-05 9.022884e-03 8.699191e-06)	(-2.311762e-07 1.357957e-04 7.506721e-08)
2531.85       	(-1.608802e-05 9.158412e-03 1.190069e-05)	(-1.585764e-05 9.022616e-03 1.182457e-05)	(-2.303752e-07 1.357959e-04 7.612058e-08)
2531.86       	(-1.788465e-05 9.158700e-03 8.760552e-06)	(-1.765337e-05 9.022904e-03 8.685859e-06)	(-2.312776e-07 1.357964e-04 7.469284e-08)
2531.87       	(-1.611105e-05 9.158433e-03 1.188650e-05)	(-1.588058e-05 9.022636e-03 1.181075e-05)	(-2.304775e-07 1.357967e-04 7.574649e-08)
2531.87       	(-1.790803e-05 9.158720e-03 8.746307e-06)	(-1.767665e-05 9.022923e-03 8.671988e-06)	(-2.313809e-07 1.357972e-04 7.431870e-08)
2531.88       	(-1.613380e-05 9.158454e-03 1.187295e-05)	(-1.590322e-05 9.022657e-03 1.179757e-05)	(-2.305814e-07 1.357974e-04 7.537314e-08)
2531.88       	(-1.793074e-05 9.158740e-03 8.733450e-06)	(-1.769926e-05 9.022942e-03 8.659503e-06)	(-2.314853e-07 1.357979e-04 7.394649e-08)
2531.89       	(-1.615659e-05 9.158481e-03 1.185816e-05)	(-1.592591e-05 9.022683e-03 1.178316e-05)	(-2.306865e-07 1.357982e-04 7.500124e-08)
2531.89       	(-1.795306e-05 9.158759e-03 8.720694e-06)	(-1.772147e-05 9.022960e-03 8.647117e-06)	(-2.315910e-07 1.357987e-04 7.357753e-08)
2531.9        	(-1.617929e-05 9.158503e-03 1.184498e-05)	(-1.594850e-05 9.022704e-03 1.177035e-05)	(-2.307930e-07 1.357989e-04 7.463278e-08)
2531.9        	(-1.797535e-05 9.158778e-03 8.707550e-06)	(-1.774365e-05 9.022979e-03 8.634340e-06)	(-2.316982e-07 1.357994e-04 7.320978e-08)
2531.91       	(-1.620217e-05 9.158527e-03 1.183218e-05)	(-1.597127e-05 9.022727e-03 1.175791e-05)	(-2.309013e-07 1.357997e-04 7.426611e-08)
2531.91       	(-1.799650e-05 9.158796e-03 8.694926e-06)	(-1.776469e-05 9.022996e-03 8.622081e-06)	(-2.318061e-07 1.358002e-04 7.284490e-08)
2531.92       	(-1.622595e-05 9.158554e-03 1.181904e-05)	(-1.599494e-05 9.022753e-03 1.174514e-05)	(-2.310112e-07 1.358005e-04 7.390159e-08)
2531.92       	(-1.801589e-05 9.158810e-03 8.683311e-06)	(-1.778398e-05 9.023009e-03 8.610827e-06)	(-2.319141e-07 1.358010e-04 7.248456e-08)
2531.93       	(-1.625146e-05 9.158583e-03 1.180490e-05)	(-1.602034e-05 9.022782e-03 1.173136e-05)	(-2.311230e-07 1.358013e-04 7.353942e-08)
2531.93       	(-1.803326e-05 9.158820e-03 8.664947e-06)	(-1.780124e-05 9.023018e-03 8.592821e-06)	(-2.320227e-07 1.358018e-04 7.212571e-08)
2531.94       	(-1.627774e-05 9.158624e-03 1.179112e-05)	(-1.604650e-05 9.022821e-03 1.171794e-05)	(-2.312360e-07 1.358021e-04 7.317940e-08)
2531.94       	(-1.805326e-05 9.158836e-03 8.647072e-06)	(-1.782112e-05 9.023034e-03 8.575303e-06)	(-2.321349e-07 1.358026e-04 7.176897e-08)
2531.95       	(-1.629911e-05 9.158652e-03 1.178028e-05)	(-1.606776e-05 9.022849e-03 1.170746e-05)	(-2.313482e-07 1.358029e-04 7.282437e-08)
2531.95       	(-1.807453e-05 9.158858e-03 8.633435e-06)	(-1.784228e-05 9.023055e-03 8.562020e-06)	(-2.322473e-07 1.358034e-04 7.141445e-08)
2531.96       	(-1.631997e-05 9.158677e-03 1.176974e-05)	(-1.608851e-05 9.022873e-03 1.169727e-05)	(-2.314603e-07 1.358038e-04 7.247193e-08)
2531.96       	(-1.809574e-05 9.158881e-03 8.621226e-06)	(-1.786338e-05 9.023077e-03 8.550164e-06)	(-2.323598e-07 1.358043e-04 7.106290e-08)
2531.97       	(-1.634075e-05 9.158702e-03 1.175943e-05)	(-1.610918e-05 9.022897e-03 1.168731e-05)	(-2.315728e-07 1.358046e-04 7.212267e-08)
2531.97       	(-1.811648e-05 9.158904e-03 8.609015e-06)	(-1.788401e-05 9.023099e-03 8.538301e-06)	(-2.324723e-07 1.358051e-04 7.071456e-08)
2531.98       	(-1.636152e-05 9.158727e-03 1.174939e-05)	(-1.612984e-05 9.022922e-03 1.167761e-05)	(-2.316854e-07 1.358054e-04 7.177684e-08)
2531.98       	(-1.813707e-05 9.158927e-03 8.597379e-06)	(-1.790449e-05 9.023121e-03 8.527009e-06)	(-2.325849e-07 1.358059e-04 7.037010e-08)
2531.99       	(-1.638179e-05 9.158753e-03 1.174005e-05)	(-1.614999e-05 9.022946e-03 1.166862e-05)	(-2.317977e-07 1.358063e-04 7.143535e-08)
2531.99       	(-1.815741e-05 9.158950e-03 8.585921e-06)	(-1.792472e-05 9.023143e-03 8.515892e-06)	(-2.326973e-07 1.358068e-04 7.002989e-08)
2532          	(-1.640198e-05 9.158778e-03 1.173064e-05)	(-1.617007e-05 9.022971e-03 1.165954e-05)	(-2.319099e-07 1.358071e-04 7.109782e-08)
2532.01       	(-1.817748e-05 9.158974e-03 8.574799e-06)	(-1.794467e-05 9.023166e-03 8.505105e-06)	(-2.328094e-07 1.358077e-04 6.969364e-08)
2532.01       	(-1.642180e-05 9.158804e-03 1.172199e-05)	(-1.618978e-05 9.022996e-03 1.165123e-05)	(-2.320216e-07 1.358080e-04 7.076474e-08)
2532.02       	(-1.819743e-05 9.158998e-03 8.563829e-06)	(-1.796451e-05 9.023190e-03 8.494467e-06)	(-2.329210e-07 1.358085e-04 6.936177e-08)
2532.02       	(-1.644164e-05 9.158830e-03 1.171335e-05)	(-1.620950e-05 9.023021e-03 1.164292e-05)	(-2.321330e-07 1.358089e-04 7.043595e-08)
2532.03       	(-1.821718e-05 9.159023e-03 8.553338e-06)	(-1.798415e-05 9.023213e-03 8.484304e-06)	(-2.330323e-07 1.358094e-04 6.903443e-08)
2532.03       	(-1.646115e-05 9.158856e-03 1.170549e-05)	(-1.622891e-05 9.023047e-03 1.163538e-05)	(-2.322439e-07 1.358098e-04 7.011229e-08)
2532.04       	(-1.823690e-05 9.159047e-03 8.543356e-06)	(-1.800375e-05 9.023237e-03 8.474643e-06)	(-2.331434e-07 1.358103e-04 6.871255e-08)
2532.04       	(-1.648054e-05 9.158882e-03 1.169758e-05)	(-1.624818e-05 9.023072e-03 1.162779e-05)	(-2.323547e-07 1.358106e-04 6.979376e-08)
2532.05       	(-1.825644e-05 9.159072e-03 8.533056e-06)	(-1.802319e-05 9.023261e-03 8.464661e-06)	(-2.332543e-07 1.358112e-04 6.839508e-08)
2532.05       	(-1.649932e-05 9.158908e-03 1.169027e-05)	(-1.626685e-05 9.023097e-03 1.162079e-05)	(-2.324647e-07 1.358115e-04 6.948002e-08)
2532.06       	(-1.827520e-05 9.159098e-03 8.523961e-06)	(-1.804183e-05 9.023286e-03 8.455877e-06)	(-2.333635e-07 1.358120e-04 6.808332e-08)
2532.06       	(-1.651754e-05 9.158935e-03 1.168363e-05)	(-1.628497e-05 9.023122e-03 1.161446e-05)	(-2.325725e-07 1.358124e-04 6.917231e-08)
2532.07       	(-1.829404e-05 9.159123e-03 8.514763e-06)	(-1.806057e-05 9.023310e-03 8.446986e-06)	(-2.334710e-07 1.358129e-04 6.777701e-08)
2532.07       	(-1.653607e-05 9.158961e-03 1.167685e-05)	(-1.630339e-05 9.023147e-03 1.160798e-05)	(-2.326792e-07 1.358133e-04 6.886951e-08)
2532.08       	(-1.831320e-05 9.159148e-03 8.505112e-06)	(-1.807963e-05 9.023335e-03 8.437637e-06)	(-2.335781e-07 1.358138e-04 6.747486e-08)
2532.08       	(-1.655474e-05 9.158987e-03 1.166977e-05)	(-1.632196e-05 9.023172e-03 1.160120e-05)	(-2.327860e-07 1.358141e-04 6.857034e-08)
2532.09       	(-1.833228e-05 9.159174e-03 8.495783e-06)	(-1.809860e-05 9.023359e-03 8.428607e-06)	(-2.336851e-07 1.358147e-04 6.717634e-08)
2532.09       	(-1.657261e-05 9.159012e-03 1.166394e-05)	(-1.633972e-05 9.023197e-03 1.159566e-05)	(-2.328918e-07 1.358150e-04 6.827591e-08)
2532.1        	(-1.835095e-05 9.159199e-03 8.487276e-06)	(-1.811716e-05 9.023384e-03 8.420393e-06)	(-2.337909e-07 1.358155e-04 6.688307e-08)
2532.1        	(-1.659031e-05 9.159038e-03 1.165836e-05)	(-1.635731e-05 9.023222e-03 1.159038e-05)	(-2.329963e-07 1.358159e-04 6.798666e-08)
2532.11       	(-1.836969e-05 9.159225e-03 8.478602e-06)	(-1.813580e-05 9.023408e-03 8.412007e-06)	(-2.338955e-07 1.358164e-04 6.659448e-08)
2532.11       	(-1.660743e-05 9.159063e-03 1.165327e-05)	(-1.637433e-05 9.023246e-03 1.158557e-05)	(-2.330992e-07 1.358168e-04 6.770222e-08)
2532.12       	(-1.838847e-05 9.159250e-03 8.470098e-06)	(-1.815448e-05 9.023433e-03 8.403787e-06)	(-2.339987e-07 1.358173e-04 6.631058e-08)
2532.12       	(-1.662402e-05 9.159088e-03 1.164901e-05)	(-1.639082e-05 9.023271e-03 1.158159e-05)	(-2.332003e-07 1.358176e-04 6.742291e-08)
2532.13       	(-1.840741e-05 9.159276e-03 8.461690e-06)	(-1.817331e-05 9.023458e-03 8.395658e-06)	(-2.341003e-07 1.358181e-04 6.603153e-08)
2532.13       	(-1.664027e-05 9.159113e-03 1.164522e-05)	(-1.640697e-05 9.023295e-03 1.157807e-05)	(-2.332997e-07 1.358185e-04 6.714853e-08)
2532.14       	(-1.842634e-05 9.159301e-03 8.453237e-06)	(-1.819214e-05 9.023482e-03 8.387480e-06)	(-2.342003e-07 1.358190e-04 6.575704e-08)
2532.15       	(-1.665592e-05 9.159137e-03 1.164193e-05)	(-1.642252e-05 9.023318e-03 1.157505e-05)	(-2.333969e-07 1.358193e-04 6.687885e-08)
2532.15       	(-1.844551e-05 9.159326e-03 8.444525e-06)	(-1.821121e-05 9.023506e-03 8.379039e-06)	(-2.342985e-07 1.358198e-04 6.548666e-08)
2532.16       	(-1.667107e-05 9.159161e-03 1.163950e-05)	(-1.643758e-05 9.023341e-03 1.157288e-05)	(-2.334919e-07 1.358202e-04 6.661373e-08)
2532.16       	(-1.846495e-05 9.159351e-03 8.435943e-06)	(-1.823056e-05 9.023531e-03 8.370723e-06)	(-2.343949e-07 1.358207e-04 6.522058e-08)
2532.17       	(-1.668550e-05 9.159185e-03 1.163794e-05)	(-1.645191e-05 9.023364e-03 1.157158e-05)	(-2.335846e-07 1.358210e-04 6.635344e-08)
2532.17       	(-1.848437e-05 9.159377e-03 8.427748e-06)	(-1.824988e-05 9.023555e-03 8.362788e-06)	(-2.344890e-07 1.358215e-04 6.495923e-08)
2532.18       	(-1.670011e-05 9.159212e-03 1.163493e-05)	(-1.646644e-05 9.023390e-03 1.156883e-05)	(-2.336753e-07 1.358219e-04 6.609657e-08)
2532.18       	(-1.850410e-05 9.159401e-03 8.418915e-06)	(-1.826952e-05 9.023579e-03 8.354213e-06)	(-2.345817e-07 1.358224e-04 6.470158e-08)
2532.19       	(-1.671351e-05 9.159234e-03 1.163446e-05)	(-1.647975e-05 9.023412e-03 1.156862e-05)	(-2.337634e-07 1.358227e-04 6.584496e-08)
2532.19       	(-1.852437e-05 9.159425e-03 8.410109e-06)	(-1.828970e-05 9.023602e-03 8.345661e-06)	(-2.346725e-07 1.358232e-04 6.444754e-08)
2532.2        	(-1.672640e-05 9.159256e-03 1.163420e-05)	(-1.649255e-05 9.023433e-03 1.156860e-05)	(-2.338493e-07 1.358235e-04 6.559699e-08)
2532.2        	(-1.854533e-05 9.159449e-03 8.400650e-06)	(-1.831057e-05 9.023625e-03 8.336454e-06)	(-2.347618e-07 1.358240e-04 6.419634e-08)
2532.21       	(-1.673788e-05 9.159277e-03 1.163602e-05)	(-1.650395e-05 9.023453e-03 1.157067e-05)	(-2.339322e-07 1.358243e-04 6.535356e-08)
2532.21       	(-1.856675e-05 9.159472e-03 8.391170e-06)	(-1.833190e-05 9.023648e-03 8.327220e-06)	(-2.348487e-07 1.358248e-04 6.394953e-08)
2532.22       	(-1.674845e-05 9.159298e-03 1.163843e-05)	(-1.651444e-05 9.023473e-03 1.157332e-05)	(-2.340121e-07 1.358251e-04 6.511457e-08)
2532.22       	(-1.858963e-05 9.159495e-03 8.379495e-06)	(-1.835469e-05 9.023669e-03 8.315790e-06)	(-2.349343e-07 1.358256e-04 6.370498e-08)
2532.23       	(-1.675748e-05 9.159319e-03 1.164236e-05)	(-1.652339e-05 9.023493e-03 1.157748e-05)	(-2.340892e-07 1.358259e-04 6.487910e-08)
2532.23       	(-1.861384e-05 9.159517e-03 8.366283e-06)	(-1.837882e-05 9.023691e-03 8.302820e-06)	(-2.350185e-07 1.358264e-04 6.346262e-08)
2532.24       	(-1.676502e-05 9.159339e-03 1.164761e-05)	(-1.653085e-05 9.023513e-03 1.158296e-05)	(-2.341636e-07 1.358267e-04 6.464658e-08)
2532.24       	(-1.864019e-05 9.159539e-03 8.350632e-06)	(-1.840509e-05 9.023712e-03 8.287412e-06)	(-2.351022e-07 1.358271e-04 6.322047e-08)
2532.25       	(-1.676990e-05 9.159360e-03 1.165620e-05)	(-1.653567e-05 9.023533e-03 1.159178e-05)	(-2.342349e-07 1.358274e-04 6.441729e-08)
2532.25       	(-1.866828e-05 9.159559e-03 8.332274e-06)	(-1.843309e-05 9.023732e-03 8.269293e-06)	(-2.351844e-07 1.358279e-04 6.298064e-08)
2532.26       	(-1.677196e-05 9.159380e-03 1.166711e-05)	(-1.653765e-05 9.023552e-03 1.160292e-05)	(-2.343023e-07 1.358282e-04 6.419216e-08)
2532.26       	(-1.869932e-05 9.159581e-03 8.309662e-06)	(-1.846406e-05 9.023752e-03 8.246919e-06)	(-2.352656e-07 1.358286e-04 6.274221e-08)
2532.27       	(-1.677063e-05 9.159400e-03 1.168188e-05)	(-1.653626e-05 9.023571e-03 1.161791e-05)	(-2.343657e-07 1.358289e-04 6.397111e-08)
2532.27       	(-1.873351e-05 9.159602e-03 8.282999e-06)	(-1.849817e-05 9.023773e-03 8.220494e-06)	(-2.353457e-07 1.358294e-04 6.250496e-08)
2532.28       	(-1.676630e-05 9.159420e-03 1.169921e-05)	(-1.653187e-05 9.023591e-03 1.163546e-05)	(-2.344251e-07 1.358296e-04 6.375352e-08)
2532.28       	(-1.877066e-05 9.159624e-03 8.253157e-06)	(-1.853523e-05 9.023794e-03 8.190888e-06)	(-2.354249e-07 1.358301e-04 6.226887e-08)
2532.29       	(-1.676931e-05 9.159463e-03 1.170450e-05)	(-1.653483e-05 9.023632e-03 1.164096e-05)	(-2.344829e-07 1.358304e-04 6.354052e-08)
2532.3        	(-1.880337e-05 9.159616e-03 8.245233e-06)	(-1.856787e-05 9.023786e-03 8.183199e-06)	(-2.355042e-07 1.358308e-04 6.203413e-08)
2532.3        	(-1.675686e-05 9.159482e-03 1.172968e-05)	(-1.652233e-05 9.023651e-03 1.166635e-05)	(-2.345333e-07 1.358311e-04 6.332984e-08)
2532.31       	(-1.884771e-05 9.159639e-03 8.208080e-06)	(-1.861213e-05 9.023808e-03 8.146283e-06)	(-2.355823e-07 1.358315e-04 6.179737e-08)
2532.31       	(-1.674109e-05 9.159499e-03 1.175978e-05)	(-1.650651e-05 9.023667e-03 1.169665e-05)	(-2.345793e-07 1.358318e-04 6.312209e-08)
2532.32       	(-1.889745e-05 9.159660e-03 8.166234e-06)	(-1.866178e-05 9.023827e-03 8.104673e-06)	(-2.356612e-07 1.358322e-04 6.156063e-08)
2532.32       	(-1.672005e-05 9.159518e-03 1.179483e-05)	(-1.648543e-05 9.023685e-03 1.173191e-05)	(-2.346209e-07 1.358325e-04 6.291817e-08)
2532.33       	(-1.895190e-05 9.159679e-03 8.120868e-06)	(-1.871616e-05 9.023846e-03 8.059544e-06)	(-2.357405e-07 1.358329e-04 6.132398e-08)
2532.33       	(-1.669275e-05 9.159541e-03 1.183571e-05)	(-1.645809e-05 9.023708e-03 1.177299e-05)	(-2.346568e-07 1.358331e-04 6.271831e-08)
2532.34       	(-1.901241e-05 9.159691e-03 8.070318e-06)	(-1.877659e-05 9.023858e-03 8.009231e-06)	(-2.358200e-07 1.358336e-04 6.108650e-08)
2532.34       	(-1.665897e-05 9.159563e-03 1.188327e-05)	(-1.642429e-05 9.023729e-03 1.182075e-05)	(-2.346870e-07 1.358338e-04 6.252276e-08)
2532.35       	(-1.908008e-05 9.159708e-03 8.011584e-06)	(-1.884418e-05 9.023874e-03 7.950738e-06)	(-2.359011e-07 1.358343e-04 6.084676e-08)
2532.35       	(-1.661761e-05 9.159576e-03 1.193959e-05)	(-1.638290e-05 9.023741e-03 1.187726e-05)	(-2.347112e-07 1.358345e-04 6.233191e-08)
2532.36       	(-1.915491e-05 9.159732e-03 7.944395e-06)	(-1.891893e-05 9.023897e-03 7.883790e-06)	(-2.359833e-07 1.358349e-04 6.060507e-08)
2532.36       	(-1.657012e-05 9.159587e-03 1.200189e-05)	(-1.633538e-05 9.023751e-03 1.193975e-05)	(-2.347307e-07 1.358351e-04 6.214432e-08)
2532.37       	(-1.923369e-05 9.159750e-03 7.877501e-06)	(-1.899762e-05 9.023915e-03 7.817137e-06)	(-2.360646e-07 1.358356e-04 6.036486e-08)
2532.37       	(-1.651895e-05 9.159598e-03 1.206593e-05)	(-1.628421e-05 9.023762e-03 1.200397e-05)	(-2.347460e-07 1.358358e-04 6.195910e-08)
2532.38       	(-1.931667e-05 9.159774e-03 7.805167e-06)	(-1.908052e-05 9.023937e-03 7.745044e-06)	(-2.361461e-07 1.358362e-04 6.012256e-08)
2532.38       	(-1.648146e-05 9.159608e-03 1.211740e-05)	(-1.624669e-05 9.023771e-03 1.205564e-05)	(-2.347745e-07 1.358364e-04 6.176288e-08)
2532.39       	(-1.935727e-05 9.159793e-03 7.776087e-06)	(-1.912107e-05 9.023956e-03 7.716184e-06)	(-2.361991e-07 1.358368e-04 5.990331e-08)
2532.39       	(-1.648769e-05 9.159616e-03 1.212646e-05)	(-1.625287e-05 9.023779e-03 1.206490e-05)	(-2.348179e-07 1.358370e-04 6.155448e-08)
2532.4        	(-1.937220e-05 9.159814e-03 7.771210e-06)	(-1.913596e-05 9.023977e-03 7.711518e-06)	(-2.362419e-07 1.358375e-04 5.969237e-08)
2532.4        	(-1.650481e-05 9.159631e-03 1.212349e-05)	(-1.626995e-05 9.023793e-03 1.206214e-05)	(-2.348619e-07 1.358376e-04 6.134401e-08)
2532.41       	(-1.938434e-05 9.159830e-03 7.770216e-06)	(-1.914806e-05 9.023992e-03 7.710733e-06)	(-2.362827e-07 1.358381e-04 5.948288e-08)
2532.41       	(-1.652218e-05 9.159646e-03 1.212043e-05)	(-1.628728e-05 9.023808e-03 1.205929e-05)	(-2.349040e-07 1.358382e-04 6.113472e-08)
2532.42       	(-1.939675e-05 9.159846e-03 7.769263e-06)	(-1.916042e-05 9.024007e-03 7.709989e-06)	(-2.363220e-07 1.358387e-04 5.927451e-08)
2532.42       	(-1.653958e-05 9.159661e-03 1.211753e-05)	(-1.630464e-05 9.023822e-03 1.205660e-05)	(-2.349447e-07 1.358388e-04 6.092656e-08)
2532.43       	(-1.940919e-05 9.159862e-03 7.768327e-06)	(-1.917283e-05 9.024022e-03 7.709259e-06)	(-2.363600e-07 1.358393e-04 5.906726e-08)
2532.44       	(-1.655688e-05 9.159675e-03 1.211487e-05)	(-1.632190e-05 9.023836e-03 1.205415e-05)	(-2.349842e-07 1.358394e-04 6.071964e-08)
2532.44       	(-1.942188e-05 9.159877e-03 7.767283e-06)	(-1.918548e-05 9.024037e-03 7.708422e-06)	(-2.363970e-07 1.358398e-04 5.886117e-08)
2532.45       	(-1.657414e-05 9.159690e-03 1.211236e-05)	(-1.633912e-05 9.023850e-03 1.205184e-05)	(-2.350226e-07 1.358400e-04 6.051389e-08)
2532.45       	(-1.943463e-05 9.159892e-03 7.766238e-06)	(-1.919820e-05 9.024052e-03 7.707582e-06)	(-2.364330e-07 1.358404e-04 5.865616e-08)
2532.46       	(-1.659141e-05 9.159703e-03 1.210986e-05)	(-1.635635e-05 9.023863e-03 1.204955e-05)	(-2.350601e-07 1.358406e-04 6.030916e-08)
2532.46       	(-1.944745e-05 9.159907e-03 7.765310e-06)	(-1.921098e-05 9.024066e-03 7.706858e-06)	(-2.364684e-07 1.358410e-04 5.845226e-08)
2532.47       	(-1.660864e-05 9.159717e-03 1.210756e-05)	(-1.637354e-05 9.023876e-03 1.204746e-05)	(-2.350969e-07 1.358411e-04 6.010569e-08)
2532.47       	(-1.946037e-05 9.159922e-03 7.764412e-06)	(-1.922386e-05 9.024080e-03 7.706162e-06)	(-2.365030e-07 1.358415e-04 5.824959e-08)
2532.48       	(-1.662604e-05 9.159737e-03 1.210421e-05)	(-1.639091e-05 9.023895e-03 1.204431e-05)	(-2.351332e-07 1.358417e-04 5.990256e-08)
2532.48       	(-1.947313e-05 9.159931e-03 7.764472e-06)	(-1.923660e-05 9.024089e-03 7.706424e-06)	(-2.365369e-07 1.358421e-04 5.804818e-08)
2532.49       	(-1.664324e-05 9.159750e-03 1.210203e-05)	(-1.640807e-05 9.023908e-03 1.204233e-05)	(-2.351686e-07 1.358422e-04 5.970156e-08)
2532.49       	(-1.948599e-05 9.159946e-03 7.763724e-06)	(-1.924942e-05 9.024103e-03 7.705876e-06)	(-2.365700e-07 1.358426e-04 5.784800e-08)
2532.5        	(-1.666051e-05 9.159763e-03 1.209993e-05)	(-1.642531e-05 9.023920e-03 1.204043e-05)	(-2.352033e-07 1.358428e-04 5.950188e-08)
2532.5        	(-1.949892e-05 9.159960e-03 7.763219e-06)	(-1.926232e-05 9.024117e-03 7.705570e-06)	(-2.366027e-07 1.358432e-04 5.764936e-08)
2532.51       	(-1.667804e-05 9.159775e-03 1.209796e-05)	(-1.644280e-05 9.023932e-03 1.203865e-05)	(-2.352378e-07 1.358433e-04 5.930381e-08)
2532.51       	(-1.976024e-05 9.160155e-03 7.210148e-06)	(-1.952349e-05 9.024317e-03 7.152582e-06)	(-2.367552e-07 1.358388e-04 5.756615e-08)
2532.52       	(-1.695239e-05 9.159741e-03 1.176106e-05)	(-1.671719e-05 9.023909e-03 1.170195e-05)	(-2.352017e-07 1.358320e-04 5.911170e-08)
2532.53       	(-1.928444e-05 9.159957e-03 7.902403e-06)	(-1.904791e-05 9.024131e-03 7.845042e-06)	(-2.365307e-07 1.358261e-04 5.736138e-08)
2532.54       	(-1.767696e-05 9.159687e-03 1.039421e-05)	(-1.744076e-05 9.023867e-03 1.033651e-05)	(-2.361997e-07 1.358207e-04 5.770467e-08)
2532.55       	(-1.847984e-05 9.159786e-03 9.158433e-06)	(-1.824329e-05 9.023969e-03 9.101824e-06)	(-2.365493e-07 1.358166e-04 5.660891e-08)
2532.56       	(-1.819086e-05 9.159690e-03 9.796854e-06)	(-1.795342e-05 9.023877e-03 9.741443e-06)	(-2.374381e-07 1.358136e-04 5.541136e-08)
2532.58       	(-1.820601e-05 9.159706e-03 9.305157e-06)	(-1.796837e-05 9.023895e-03 9.251522e-06)	(-2.376417e-07 1.358109e-04 5.363501e-08)
2532.59       	(-1.827937e-05 9.159529e-03 9.605644e-06)	(-1.804115e-05 9.023716e-03 9.549780e-06)	(-2.382220e-07 1.358127e-04 5.586465e-08)
