# Moment      
# CofR        : (0.000000e+00 0.000000e+00 0.000000e+00)
#
# Time        	(total_x total_y total_z)	(pressure_x pressure_y pressure_z)	(viscous_x viscous_y viscous_z)
2801          	(-8.914133e-04 8.430399e-02 -9.617466e-05)	(-8.902606e-04 8.434898e-02 -9.521595e-05)	(-1.152712e-06 -4.498777e-05 -9.587152e-07)
2802          	(-8.978395e-04 8.430396e-02 -1.131716e-04)	(-8.966471e-04 8.434913e-02 -1.122194e-04)	(-1.192372e-06 -4.517425e-05 -9.522086e-07)
2803          	(-9.023189e-04 8.430221e-02 -1.270180e-04)	(-9.010880e-04 8.434758e-02 -1.260785e-04)	(-1.230909e-06 -4.537069e-05 -9.395256e-07)
2804          	(-9.069140e-04 8.429949e-02 -1.423175e-04)	(-9.056465e-04 8.434507e-02 -1.413937e-04)	(-1.267510e-06 -4.557718e-05 -9.237719e-07)
2805          	(-9.124878e-04 8.429492e-02 -1.609284e-04)	(-9.111850e-04 8.434072e-02 -1.600235e-04)	(-1.302812e-06 -4.579337e-05 -9.048801e-07)
2806          	(-9.185484e-04 8.428866e-02 -1.818262e-04)	(-9.172109e-04 8.433468e-02 -1.809417e-04)	(-1.337483e-06 -4.601799e-05 -8.845260e-07)
2807          	(-9.265139e-04 8.427886e-02 -2.085266e-04)	(-9.251409e-04 8.432511e-02 -2.076643e-04)	(-1.373013e-06 -4.624908e-05 -8.623021e-07)
2808          	(-9.368083e-04 8.426512e-02 -2.417964e-04)	(-9.353958e-04 8.431160e-02 -2.409573e-04)	(-1.412450e-06 -4.648506e-05 -8.391832e-07)
2809          	(-9.479034e-04 8.425055e-02 -2.804383e-04)	(-9.464478e-04 8.429727e-02 -2.796242e-04)	(-1.455646e-06 -4.672491e-05 -8.140989e-07)
2810          	(-9.587687e-04 8.423701e-02 -3.189329e-04)	(-9.572679e-04 8.428397e-02 -3.181465e-04)	(-1.500811e-06 -4.696739e-05 -7.864599e-07)
2811          	(-9.699606e-04 8.422467e-02 -3.595024e-04)	(-9.684133e-04 8.427188e-02 -3.587477e-04)	(-1.547275e-06 -4.721288e-05 -7.546784e-07)
2812          	(-9.796151e-04 8.421647e-02 -3.958147e-04)	(-9.780214e-04 8.426393e-02 -3.950969e-04)	(-1.593718e-06 -4.746086e-05 -7.178061e-07)
2813          	(-9.885879e-04 8.421164e-02 -4.288982e-04)	(-9.869490e-04 8.425935e-02 -4.282235e-04)	(-1.638882e-06 -4.771089e-05 -6.746012e-07)
2814          	(-9.969902e-04 8.421087e-02 -4.600209e-04)	(-9.953061e-04 8.425884e-02 -4.593915e-04)	(-1.684151e-06 -4.796312e-05 -6.294145e-07)
2815          	(-1.004884e-03 8.421221e-02 -4.882786e-04)	(-1.003155e-03 8.426043e-02 -4.876968e-04)	(-1.728992e-06 -4.821776e-05 -5.817209e-07)
2816          	(-1.012343e-03 8.421414e-02 -5.142430e-04)	(-1.010569e-03 8.426262e-02 -5.137104e-04)	(-1.774135e-06 -4.847566e-05 -5.326677e-07)
2817          	(-1.021498e-03 8.421946e-02 -5.510231e-04)	(-1.019677e-03 8.426819e-02 -5.505350e-04)	(-1.820806e-06 -4.873717e-05 -4.880491e-07)
2818          	(-1.030185e-03 8.422723e-02 -5.841848e-04)	(-1.028315e-03 8.427624e-02 -5.837375e-04)	(-1.870166e-06 -4.900260e-05 -4.473276e-07)
2819          	(-1.038416e-03 8.423705e-02 -6.113917e-04)	(-1.036495e-03 8.428632e-02 -6.109822e-04)	(-1.920752e-06 -4.927188e-05 -4.095035e-07)
2820          	(-1.044388e-03 8.424912e-02 -6.211800e-04)	(-1.042416e-03 8.429866e-02 -6.208067e-04)	(-1.972035e-06 -4.954574e-05 -3.732485e-07)
2821          	(-1.050429e-03 8.426550e-02 -6.303720e-04)	(-1.048405e-03 8.431532e-02 -6.300304e-04)	(-2.024023e-06 -4.982317e-05 -3.415904e-07)
2822          	(-1.056412e-03 8.428453e-02 -6.387108e-04)	(-1.054334e-03 8.433464e-02 -6.383933e-04)	(-2.078248e-06 -5.010488e-05 -3.175037e-07)
2823          	(-1.062360e-03 8.430358e-02 -6.503295e-04)	(-1.060226e-03 8.435397e-02 -6.500299e-04)	(-2.134319e-06 -5.039115e-05 -2.996797e-07)
2824          	(-1.068166e-03 8.431988e-02 -6.663319e-04)	(-1.065974e-03 8.437056e-02 -6.660426e-04)	(-2.191023e-06 -5.068206e-05 -2.892859e-07)
2825          	(-1.073833e-03 8.433133e-02 -6.871048e-04)	(-1.071586e-03 8.438231e-02 -6.868217e-04)	(-2.246530e-06 -5.097743e-05 -2.830987e-07)
2826          	(-1.079441e-03 8.433711e-02 -7.121897e-04)	(-1.077140e-03 8.438839e-02 -7.119085e-04)	(-2.300953e-06 -5.127577e-05 -2.812771e-07)
2827          	(-1.084241e-03 8.433559e-02 -7.361560e-04)	(-1.081889e-03 8.438716e-02 -7.358778e-04)	(-2.351832e-06 -5.157424e-05 -2.782119e-07)
2828          	(-1.089068e-03 8.433003e-02 -7.622679e-04)	(-1.086667e-03 8.438190e-02 -7.619936e-04)	(-2.400551e-06 -5.187094e-05 -2.742833e-07)
2829          	(-1.093922e-03 8.432010e-02 -7.902740e-04)	(-1.091475e-03 8.437227e-02 -7.900064e-04)	(-2.446529e-06 -5.216379e-05 -2.675176e-07)
2830          	(-1.098817e-03 8.430529e-02 -8.202947e-04)	(-1.096327e-03 8.435774e-02 -8.200374e-04)	(-2.490479e-06 -5.245141e-05 -2.572824e-07)
2831          	(-1.103818e-03 8.428593e-02 -8.516967e-04)	(-1.101286e-03 8.433866e-02 -8.514541e-04)	(-2.531769e-06 -5.273228e-05 -2.426013e-07)
2832          	(-1.109797e-03 8.425998e-02 -8.861668e-04)	(-1.107224e-03 8.431299e-02 -8.859417e-04)	(-2.573032e-06 -5.300472e-05 -2.250968e-07)
2833          	(-1.115954e-03 8.423155e-02 -9.219625e-04)	(-1.113340e-03 8.428482e-02 -9.217581e-04)	(-2.614407e-06 -5.326685e-05 -2.043748e-07)
2834          	(-1.128984e-03 8.408741e-02 -9.831771e-04)	(-1.126308e-03 8.414095e-02 -9.830099e-04)	(-2.676131e-06 -5.353934e-05 -1.671509e-07)
2835          	(-1.141289e-03 8.392894e-02 -1.043767e-03)	(-1.138540e-03 8.398275e-02 -1.043650e-03)	(-2.749171e-06 -5.380704e-05 -1.166311e-07)
2836          	(-1.149974e-03 8.376164e-02 -1.087437e-03)	(-1.147156e-03 8.381569e-02 -1.087374e-03)	(-2.817988e-06 -5.405578e-05 -6.216947e-08)
2837          	(-1.156835e-03 8.360767e-02 -1.123801e-03)	(-1.153962e-03 8.366195e-02 -1.123792e-03)	(-2.873053e-06 -5.427183e-05 -9.241108e-09)
2838          	(-1.157629e-03 8.367380e-02 -1.130684e-03)	(-1.154748e-03 8.372819e-02 -1.130707e-03)	(-2.881287e-06 -5.439484e-05 2.282764e-08)
2839          	(-1.151932e-03 8.360010e-02 -1.139045e-03)	(-1.149050e-03 8.365460e-02 -1.139091e-03)	(-2.881483e-06 -5.449750e-05 4.627032e-08)
2840          	(-1.144818e-03 8.362137e-02 -1.130251e-03)	(-1.141951e-03 8.367592e-02 -1.130309e-03)	(-2.867307e-06 -5.455033e-05 5.758058e-08)
2841          	(-1.136928e-03 8.376983e-02 -1.106645e-03)	(-1.134095e-03 8.382438e-02 -1.106708e-03)	(-2.832978e-06 -5.454477e-05 6.250735e-08)
2842          	(-1.138196e-03 8.381346e-02 -1.102306e-03)	(-1.135376e-03 8.386799e-02 -1.102382e-03)	(-2.820038e-06 -5.453555e-05 7.655715e-08)
2843          	(-1.138137e-03 8.386260e-02 -1.101196e-03)	(-1.135313e-03 8.391712e-02 -1.101289e-03)	(-2.823839e-06 -5.451312e-05 9.333155e-08)
2844          	(-1.135801e-03 8.391081e-02 -1.103205e-03)	(-1.132973e-03 8.396528e-02 -1.103316e-03)	(-2.828026e-06 -5.447565e-05 1.108569e-07)
2845          	(-1.131561e-03 8.396519e-02 -1.108207e-03)	(-1.128736e-03 8.401961e-02 -1.108329e-03)	(-2.825140e-06 -5.441686e-05 1.213946e-07)
2846          	(-1.122229e-03 8.414322e-02 -1.111557e-03)	(-1.119437e-03 8.419752e-02 -1.111672e-03)	(-2.791644e-06 -5.430279e-05 1.153977e-07)
2847          	(-1.119140e-03 8.416626e-02 -1.115565e-03)	(-1.116373e-03 8.422044e-02 -1.115684e-03)	(-2.766856e-06 -5.418549e-05 1.189782e-07)
2848          	(-1.115771e-03 8.418371e-02 -1.116693e-03)	(-1.113022e-03 8.423776e-02 -1.116820e-03)	(-2.749096e-06 -5.404702e-05 1.272470e-07)
2849          	(-1.111126e-03 8.419781e-02 -1.113988e-03)	(-1.108398e-03 8.425169e-02 -1.114123e-03)	(-2.728440e-06 -5.388069e-05 1.342156e-07)
2850          	(-1.105184e-03 8.420848e-02 -1.107692e-03)	(-1.102483e-03 8.426216e-02 -1.107829e-03)	(-2.700715e-06 -5.367957e-05 1.372186e-07)
2851          	(-1.098285e-03 8.421591e-02 -1.098399e-03)	(-1.095620e-03 8.426935e-02 -1.098532e-03)	(-2.665335e-06 -5.344008e-05 1.334004e-07)
2852          	(-1.090930e-03 8.422044e-02 -1.087280e-03)	(-1.088308e-03 8.427361e-02 -1.087405e-03)	(-2.622238e-06 -5.316245e-05 1.257004e-07)
2853          	(-1.083540e-03 8.422286e-02 -1.075171e-03)	(-1.080966e-03 8.427571e-02 -1.075283e-03)	(-2.574564e-06 -5.285048e-05 1.129500e-07)
2854          	(-1.074510e-03 8.422767e-02 -1.060739e-03)	(-1.071989e-03 8.428018e-02 -1.060836e-03)	(-2.521079e-06 -5.250732e-05 9.761765e-08)
2855          	(-1.066002e-03 8.423067e-02 -1.047584e-03)	(-1.063538e-03 8.428281e-02 -1.047664e-03)	(-2.464278e-06 -5.213727e-05 8.018055e-08)
2856          	(-1.057937e-03 8.423287e-02 -1.035721e-03)	(-1.055532e-03 8.428461e-02 -1.035787e-03)	(-2.405001e-06 -5.174320e-05 6.615207e-08)
2857          	(-1.050187e-03 8.423545e-02 -1.024420e-03)	(-1.047844e-03 8.428677e-02 -1.024476e-03)	(-2.343450e-06 -5.132673e-05 5.661788e-08)
2858          	(-1.042674e-03 8.423934e-02 -1.012635e-03)	(-1.040395e-03 8.429023e-02 -1.012689e-03)	(-2.279567e-06 -5.088988e-05 5.362033e-08)
2859          	(-1.035401e-03 8.424424e-02 -9.991659e-04)	(-1.033187e-03 8.429468e-02 -9.992258e-04)	(-2.213899e-06 -5.043855e-05 5.991267e-08)
2860          	(-1.028104e-03 8.424692e-02 -9.792216e-04)	(-1.025957e-03 8.429690e-02 -9.792965e-04)	(-2.147294e-06 -4.998051e-05 7.488086e-08)
2861          	(-1.024658e-03 8.420482e-02 -9.656296e-04)	(-1.022567e-03 8.425434e-02 -9.657337e-04)	(-2.090609e-06 -4.952821e-05 1.041141e-07)
2862          	(-1.018282e-03 8.417854e-02 -9.428748e-04)	(-1.016246e-03 8.422761e-02 -9.430197e-04)	(-2.035935e-06 -4.907470e-05 1.448805e-07)
2863          	(-1.002502e-03 8.419553e-02 -8.963755e-04)	(-1.000538e-03 8.424414e-02 -8.965589e-04)	(-1.963659e-06 -4.861426e-05 1.833994e-07)
2864          	(-9.889947e-04 8.423565e-02 -8.516297e-04)	(-9.871164e-04 8.428380e-02 -8.518408e-04)	(-1.878279e-06 -4.814616e-05 2.111611e-07)
2865          	(-9.772754e-04 8.426785e-02 -8.063546e-04)	(-9.754793e-04 8.431554e-02 -8.065886e-04)	(-1.796125e-06 -4.768679e-05 2.340077e-07)
2866          	(-9.682763e-04 8.429779e-02 -7.717551e-04)	(-9.665538e-04 8.434504e-02 -7.720051e-04)	(-1.722530e-06 -4.724128e-05 2.500118e-07)
2867          	(-9.618176e-04 8.435396e-02 -7.341890e-04)	(-9.601593e-04 8.440076e-02 -7.344492e-04)	(-1.658251e-06 -4.680352e-05 2.602645e-07)
2868          	(-9.546517e-04 8.438298e-02 -7.082185e-04)	(-9.530465e-04 8.442937e-02 -7.084846e-04)	(-1.605152e-06 -4.639215e-05 2.661215e-07)
2869          	(-9.487961e-04 8.440847e-02 -6.856336e-04)	(-9.472346e-04 8.445448e-02 -6.859023e-04)	(-1.561597e-06 -4.600865e-05 2.687003e-07)
2870          	(-9.431682e-04 8.443148e-02 -6.621942e-04)	(-9.416406e-04 8.447714e-02 -6.624611e-04)	(-1.527614e-06 -4.565276e-05 2.669622e-07)
2871          	(-9.402200e-04 8.444824e-02 -6.431396e-04)	(-9.387156e-04 8.449356e-02 -6.434007e-04)	(-1.504368e-06 -4.532532e-05 2.610828e-07)
2872          	(-9.369220e-04 8.446273e-02 -6.234377e-04)	(-9.354331e-04 8.450775e-02 -6.236932e-04)	(-1.488866e-06 -4.502624e-05 2.555160e-07)
2873          	(-9.332760e-04 8.447518e-02 -6.023123e-04)	(-9.317983e-04 8.451993e-02 -6.025636e-04)	(-1.477642e-06 -4.475543e-05 2.512215e-07)
2874          	(-9.292609e-04 8.448620e-02 -5.754967e-04)	(-9.277905e-04 8.453071e-02 -5.757437e-04)	(-1.470398e-06 -4.451254e-05 2.470050e-07)
2875          	(-9.226117e-04 8.449568e-02 -5.393869e-04)	(-9.211472e-04 8.453998e-02 -5.396309e-04)	(-1.464492e-06 -4.429652e-05 2.440272e-07)
2876          	(-9.155164e-04 8.450231e-02 -5.002036e-04)	(-9.140572e-04 8.454641e-02 -5.004454e-04)	(-1.459212e-06 -4.410543e-05 2.417656e-07)
2877          	(-9.079369e-04 8.450620e-02 -4.583138e-04)	(-9.064831e-04 8.455014e-02 -4.585512e-04)	(-1.453834e-06 -4.393789e-05 2.374035e-07)
2878          	(-9.012459e-04 8.450782e-02 -4.175692e-04)	(-8.997970e-04 8.455161e-02 -4.177995e-04)	(-1.448853e-06 -4.379226e-05 2.303589e-07)
2879          	(-8.939353e-04 8.450758e-02 -3.740828e-04)	(-8.924915e-04 8.455125e-02 -3.743019e-04)	(-1.443838e-06 -4.366687e-05 2.191378e-07)
2880          	(-8.859725e-04 8.450590e-02 -3.283832e-04)	(-8.845358e-04 8.454946e-02 -3.285854e-04)	(-1.436687e-06 -4.355962e-05 2.022216e-07)
2881          	(-8.758627e-04 8.450383e-02 -2.762915e-04)	(-8.744385e-04 8.454730e-02 -2.764720e-04)	(-1.424114e-06 -4.346862e-05 1.805531e-07)
2882          	(-8.623442e-04 8.450354e-02 -2.099965e-04)	(-8.609431e-04 8.454693e-02 -2.101520e-04)	(-1.401105e-06 -4.339058e-05 1.555348e-07)
2883          	(-8.523195e-04 8.457459e-02 -1.659803e-04)	(-8.509547e-04 8.461790e-02 -1.660934e-04)	(-1.364843e-06 -4.330722e-05 1.131553e-07)
2884          	(-8.426135e-04 8.465940e-02 -1.186470e-04)	(-8.412910e-04 8.470262e-02 -1.187104e-04)	(-1.322504e-06 -4.322472e-05 6.339223e-08)
2885          	(-8.338701e-04 8.474350e-02 -7.672687e-05)	(-8.325913e-04 8.478666e-02 -7.673219e-05)	(-1.278809e-06 -4.315084e-05 5.321060e-09)
2886          	(-8.262863e-04 8.482944e-02 -3.501911e-05)	(-8.250486e-04 8.487253e-02 -3.495737e-05)	(-1.237666e-06 -4.309003e-05 -6.173667e-08)
2887          	(-8.208908e-04 8.490522e-02 2.025528e-06)	(-8.196877e-04 8.494827e-02 2.162328e-06)	(-1.203125e-06 -4.304826e-05 -1.367998e-07)
2888          	(-8.155519e-04 8.491230e-02 2.027677e-05)	(-8.143701e-04 8.495534e-02 2.050075e-05)	(-1.181715e-06 -4.303697e-05 -2.239868e-07)
2889          	(-8.121232e-04 8.491691e-02 2.795393e-05)	(-8.109593e-04 8.495995e-02 2.827510e-05)	(-1.163838e-06 -4.304599e-05 -3.211728e-07)
2890          	(-8.103611e-04 8.492235e-02 2.871746e-05)	(-8.092148e-04 8.496542e-02 2.914028e-05)	(-1.146304e-06 -4.306865e-05 -4.228161e-07)
2891          	(-8.103994e-04 8.492550e-02 2.388200e-05)	(-8.092722e-04 8.496860e-02 2.440379e-05)	(-1.127167e-06 -4.309951e-05 -5.217909e-07)
2892          	(-8.279539e-04 8.453818e-02 -4.107108e-06)	(-8.267801e-04 8.458142e-02 -3.540737e-06)	(-1.173792e-06 -4.323447e-05 -5.663715e-07)
2893          	(-8.259001e-04 8.458778e-02 -1.255542e-05)	(-8.247221e-04 8.463107e-02 -1.192692e-05)	(-1.178015e-06 -4.329380e-05 -6.285000e-07)
2894          	(-8.390981e-04 8.425275e-02 -3.780611e-05)	(-8.378949e-04 8.429616e-02 -3.715808e-05)	(-1.203203e-06 -4.341122e-05 -6.480253e-07)
2895          	(-8.335604e-04 8.429629e-02 -3.893218e-05)	(-8.323846e-04 8.433973e-02 -3.823961e-05)	(-1.175836e-06 -4.343690e-05 -6.925720e-07)
2896          	(-8.287431e-04 8.433019e-02 -3.116190e-05)	(-8.276360e-04 8.437361e-02 -3.042128e-05)	(-1.107063e-06 -4.342260e-05 -7.406136e-07)
2897          	(-8.252136e-04 8.435772e-02 -1.598052e-05)	(-8.241810e-04 8.440111e-02 -1.519585e-05)	(-1.032607e-06 -4.338742e-05 -7.846744e-07)
2898          	(-8.229479e-04 8.433020e-02 3.985332e-07)	(-8.219804e-04 8.437356e-02 1.213309e-06)	(-9.674451e-07 -4.336050e-05 -8.147762e-07)
2899          	(-8.219080e-04 8.431330e-02 2.116501e-05)	(-8.209878e-04 8.435665e-02 2.199465e-05)	(-9.202222e-07 -4.335042e-05 -8.296390e-07)
2900          	(-8.216517e-04 8.430568e-02 4.292892e-05)	(-8.207606e-04 8.434904e-02 4.376129e-05)	(-8.911552e-07 -4.336345e-05 -8.323619e-07)
2901          	(-8.218634e-04 8.430780e-02 6.286550e-05)	(-8.209848e-04 8.435120e-02 6.369413e-05)	(-8.786397e-07 -4.340204e-05 -8.286332e-07)
2902          	(-8.222727e-04 8.431729e-02 7.861262e-05)	(-8.213963e-04 8.436075e-02 7.943583e-05)	(-8.764209e-07 -4.346411e-05 -8.232040e-07)
2903          	(-8.228412e-04 8.433029e-02 8.866367e-05)	(-8.219614e-04 8.437383e-02 8.948498e-05)	(-8.798644e-07 -4.354562e-05 -8.213120e-07)
2904          	(-8.318315e-04 8.416505e-02 7.617199e-05)	(-8.309129e-04 8.420874e-02 7.697398e-05)	(-9.186114e-07 -4.369613e-05 -8.019903e-07)
2905          	(-8.331433e-04 8.421382e-02 8.791747e-05)	(-8.322096e-04 8.425764e-02 8.871186e-05)	(-9.336375e-07 -4.381859e-05 -7.943934e-07)
2906          	(-8.325437e-04 8.421258e-02 8.768276e-05)	(-8.316122e-04 8.425652e-02 8.848216e-05)	(-9.315431e-07 -4.393666e-05 -7.994009e-07)
2907          	(-8.322424e-04 8.420039e-02 7.846771e-05)	(-8.313179e-04 8.424444e-02 7.929029e-05)	(-9.244937e-07 -4.405246e-05 -8.225795e-07)
2908          	(-8.324624e-04 8.418337e-02 6.862413e-05)	(-8.315460e-04 8.422754e-02 6.947569e-05)	(-9.163985e-07 -4.416950e-05 -8.515557e-07)
2909          	(-8.342260e-04 8.416984e-02 5.807008e-05)	(-8.333130e-04 8.421413e-02 5.895253e-05)	(-9.129892e-07 -4.429194e-05 -8.824513e-07)
2910          	(-8.374765e-04 8.416082e-02 4.615039e-05)	(-8.365601e-04 8.420525e-02 4.706108e-05)	(-9.164320e-07 -4.442235e-05 -9.106906e-07)
2911          	(-8.420189e-04 8.415635e-02 3.231743e-05)	(-8.410906e-04 8.420091e-02 3.325438e-05)	(-9.283510e-07 -4.456316e-05 -9.369449e-07)
2912          	(-8.475790e-04 8.415569e-02 1.606524e-05)	(-8.466319e-04 8.420041e-02 1.702437e-05)	(-9.471562e-07 -4.471520e-05 -9.591263e-07)
2913          	(-8.538873e-04 8.415785e-02 -2.705991e-06)	(-8.529155e-04 8.420273e-02 -1.727737e-06)	(-9.718132e-07 -4.487840e-05 -9.782540e-07)
2914          	(-8.601681e-04 8.416122e-02 -2.261049e-05)	(-8.591687e-04 8.420627e-02 -2.161734e-05)	(-9.993642e-07 -4.505192e-05 -9.931472e-07)
2915          	(-8.669128e-04 8.416628e-02 -4.412218e-05)	(-8.658836e-04 8.421152e-02 -4.311679e-05)	(-1.029208e-06 -4.523531e-05 -1.005384e-06)
2916          	(-8.740503e-04 8.417243e-02 -6.678360e-05)	(-8.729908e-04 8.421786e-02 -6.577152e-05)	(-1.059470e-06 -4.542785e-05 -1.012083e-06)
2917          	(-8.815392e-04 8.417905e-02 -9.021771e-05)	(-8.804497e-04 8.422468e-02 -8.920267e-05)	(-1.089515e-06 -4.562933e-05 -1.015038e-06)
2918          	(-8.901636e-04 8.418594e-02 -1.160359e-04)	(-8.890439e-04 8.423178e-02 -1.150236e-04)	(-1.119700e-06 -4.583877e-05 -1.012254e-06)
2919          	(-8.991161e-04 8.419225e-02 -1.425433e-04)	(-8.979656e-04 8.423831e-02 -1.415375e-04)	(-1.150547e-06 -4.605559e-05 -1.005803e-06)
2920          	(-9.119214e-04 8.419901e-02 -1.793970e-04)	(-9.107352e-04 8.424528e-02 -1.784010e-04)	(-1.186150e-06 -4.627714e-05 -9.960022e-07)
2921          	(-9.243227e-04 8.425509e-02 -2.134742e-04)	(-9.231026e-04 8.430158e-02 -2.124901e-04)	(-1.220172e-06 -4.649103e-05 -9.841201e-07)
2922          	(-9.367579e-04 8.430617e-02 -2.495696e-04)	(-9.355002e-04 8.435287e-02 -2.486048e-04)	(-1.257727e-06 -4.670657e-05 -9.647875e-07)
2923          	(-9.489537e-04 8.435165e-02 -2.864676e-04)	(-9.476515e-04 8.439858e-02 -2.855276e-04)	(-1.302211e-06 -4.692975e-05 -9.399594e-07)
2924          	(-9.587940e-04 8.436888e-02 -3.193497e-04)	(-9.574388e-04 8.441605e-02 -3.184421e-04)	(-1.355132e-06 -4.717201e-05 -9.075484e-07)
2925          	(-9.671385e-04 8.438758e-02 -3.493826e-04)	(-9.657274e-04 8.443501e-02 -3.485116e-04)	(-1.411102e-06 -4.743023e-05 -8.709616e-07)
2926          	(-9.746806e-04 8.440468e-02 -3.780913e-04)	(-9.732132e-04 8.445238e-02 -3.772629e-04)	(-1.467410e-06 -4.770055e-05 -8.284114e-07)
2927          	(-9.816868e-04 8.441898e-02 -4.054305e-04)	(-9.801635e-04 8.446696e-02 -4.046473e-04)	(-1.523284e-06 -4.797996e-05 -7.832620e-07)
2928          	(-9.883435e-04 8.442892e-02 -4.317306e-04)	(-9.867665e-04 8.447719e-02 -4.309948e-04)	(-1.576971e-06 -4.826533e-05 -7.357580e-07)
2929          	(-9.948992e-04 8.443420e-02 -4.586764e-04)	(-9.932710e-04 8.448276e-02 -4.579869e-04)	(-1.628227e-06 -4.855512e-05 -6.894351e-07)
2930          	(-1.001526e-03 8.443151e-02 -4.854741e-04)	(-9.998500e-04 8.448036e-02 -4.848310e-04)	(-1.676204e-06 -4.884759e-05 -6.431196e-07)
2931          	(-1.008776e-03 8.442009e-02 -5.148324e-04)	(-1.007053e-03 8.446924e-02 -5.142331e-04)	(-1.723023e-06 -4.914212e-05 -5.993145e-07)
2932          	(-1.016512e-03 8.440340e-02 -5.434283e-04)	(-1.014742e-03 8.445283e-02 -5.428676e-04)	(-1.769794e-06 -4.943710e-05 -5.606480e-07)
2933          	(-1.024809e-03 8.438500e-02 -5.708549e-04)	(-1.022991e-03 8.443473e-02 -5.703274e-04)	(-1.818070e-06 -4.973128e-05 -5.275144e-07)
2934          	(-1.033249e-03 8.436865e-02 -5.944845e-04)	(-1.031382e-03 8.441868e-02 -5.939860e-04)	(-1.867832e-06 -5.002344e-05 -4.985964e-07)
2935          	(-1.042263e-03 8.435319e-02 -6.186144e-04)	(-1.040342e-03 8.440350e-02 -6.181386e-04)	(-1.921106e-06 -5.031374e-05 -4.757806e-07)
2936          	(-1.051281e-03 8.433717e-02 -6.442019e-04)	(-1.049305e-03 8.438777e-02 -6.437451e-04)	(-1.976579e-06 -5.060267e-05 -4.567846e-07)
2937          	(-1.060137e-03 8.431941e-02 -6.720346e-04)	(-1.058103e-03 8.437030e-02 -6.715921e-04)	(-2.033994e-06 -5.089127e-05 -4.424755e-07)
2938          	(-1.068437e-03 8.430005e-02 -7.018457e-04)	(-1.066346e-03 8.435123e-02 -7.014174e-04)	(-2.091292e-06 -5.117963e-05 -4.283472e-07)
2939          	(-1.076516e-03 8.427983e-02 -7.329819e-04)	(-1.074367e-03 8.433129e-02 -7.325664e-04)	(-2.148702e-06 -5.146709e-05 -4.155025e-07)
2940          	(-1.084350e-03 8.425947e-02 -7.646439e-04)	(-1.082144e-03 8.431122e-02 -7.642429e-04)	(-2.205713e-06 -5.175182e-05 -4.010258e-07)
2941          	(-1.091544e-03 8.423830e-02 -7.935730e-04)	(-1.089282e-03 8.429034e-02 -7.931867e-04)	(-2.262617e-06 -5.203220e-05 -3.863262e-07)
2942          	(-1.098474e-03 8.421701e-02 -8.234894e-04)	(-1.096155e-03 8.426932e-02 -8.231191e-04)	(-2.318543e-06 -5.230805e-05 -3.703082e-07)
2943          	(-1.105181e-03 8.419512e-02 -8.544370e-04)	(-1.102807e-03 8.424769e-02 -8.540835e-04)	(-2.373866e-06 -5.257834e-05 -3.534496e-07)
2944          	(-1.111878e-03 8.417351e-02 -8.874135e-04)	(-1.109450e-03 8.422635e-02 -8.870791e-04)	(-2.428010e-06 -5.284228e-05 -3.344110e-07)
2945          	(-1.118392e-03 8.415226e-02 -9.200496e-04)	(-1.115910e-03 8.420535e-02 -9.197342e-04)	(-2.481781e-06 -5.309800e-05 -3.153946e-07)
2946          	(-1.130650e-03 8.403103e-02 -9.733722e-04)	(-1.128097e-03 8.408440e-02 -9.730897e-04)	(-2.552638e-06 -5.336635e-05 -2.824843e-07)
2947          	(-1.141646e-03 8.390915e-02 -1.024858e-03)	(-1.139014e-03 8.396278e-02 -1.024616e-03)	(-2.632044e-06 -5.363150e-05 -2.417423e-07)
2948          	(-1.144012e-03 8.388742e-02 -1.049471e-03)	(-1.141323e-03 8.394128e-02 -1.049257e-03)	(-2.689499e-06 -5.386029e-05 -2.136356e-07)
2949          	(-1.145504e-03 8.386226e-02 -1.071432e-03)	(-1.142776e-03 8.391632e-02 -1.071234e-03)	(-2.728460e-06 -5.405915e-05 -1.977727e-07)
2950          	(-1.153841e-03 8.370536e-02 -1.114464e-03)	(-1.151061e-03 8.375962e-02 -1.114294e-03)	(-2.779868e-06 -5.425643e-05 -1.702050e-07)
2951          	(-1.155064e-03 8.356601e-02 -1.130403e-03)	(-1.152235e-03 8.362044e-02 -1.130260e-03)	(-2.829011e-06 -5.442972e-05 -1.427396e-07)
2952          	(-1.155096e-03 8.355419e-02 -1.145094e-03)	(-1.152242e-03 8.360874e-02 -1.144965e-03)	(-2.853934e-06 -5.455125e-05 -1.287757e-07)
2953          	(-1.154510e-03 8.371473e-02 -1.152486e-03)	(-1.151666e-03 8.376931e-02 -1.152359e-03)	(-2.843407e-06 -5.458198e-05 -1.266517e-07)
2954          	(-1.148658e-03 8.377150e-02 -1.171910e-03)	(-1.145828e-03 8.382610e-02 -1.171784e-03)	(-2.829782e-06 -5.459238e-05 -1.266656e-07)
2955          	(-1.142281e-03 8.390698e-02 -1.176244e-03)	(-1.139472e-03 8.396155e-02 -1.176114e-03)	(-2.808973e-06 -5.456616e-05 -1.301441e-07)
2956          	(-1.146435e-03 8.395324e-02 -1.191001e-03)	(-1.143622e-03 8.400778e-02 -1.190883e-03)	(-2.813107e-06 -5.454611e-05 -1.181400e-07)
2957          	(-1.148440e-03 8.399889e-02 -1.203746e-03)	(-1.145606e-03 8.405341e-02 -1.203652e-03)	(-2.833769e-06 -5.451905e-05 -9.410385e-08)
2958          	(-1.148555e-03 8.404281e-02 -1.215598e-03)	(-1.145702e-03 8.409729e-02 -1.215533e-03)	(-2.853231e-06 -5.447835e-05 -6.423617e-08)
2959          	(-1.146949e-03 8.408519e-02 -1.225158e-03)	(-1.144083e-03 8.413961e-02 -1.225122e-03)	(-2.865954e-06 -5.441601e-05 -3.544277e-08)
2960          	(-1.143877e-03 8.412260e-02 -1.230529e-03)	(-1.141009e-03 8.417692e-02 -1.230520e-03)	(-2.868027e-06 -5.432527e-05 -9.191439e-09)
2961          	(-1.139556e-03 8.414976e-02 -1.231987e-03)	(-1.136695e-03 8.420396e-02 -1.231997e-03)	(-2.860447e-06 -5.420085e-05 1.051933e-08)
2962          	(-1.135785e-03 8.415736e-02 -1.231736e-03)	(-1.132941e-03 8.421140e-02 -1.231765e-03)	(-2.844607e-06 -5.403967e-05 2.916118e-08)
2963          	(-1.131048e-03 8.416071e-02 -1.227284e-03)	(-1.128226e-03 8.421455e-02 -1.227325e-03)	(-2.821604e-06 -5.383631e-05 4.151047e-08)
2964          	(-1.125531e-03 8.416086e-02 -1.218881e-03)	(-1.122741e-03 8.421445e-02 -1.218931e-03)	(-2.790629e-06 -5.358994e-05 5.048739e-08)
2965          	(-1.117021e-03 8.416731e-02 -1.201791e-03)	(-1.114270e-03 8.422061e-02 -1.201843e-03)	(-2.750293e-06 -5.330162e-05 5.194139e-08)
2966          	(-1.108583e-03 8.417031e-02 -1.184029e-03)	(-1.105879e-03 8.422328e-02 -1.184077e-03)	(-2.703392e-06 -5.297773e-05 4.863052e-08)
2967          	(-1.099841e-03 8.417287e-02 -1.166497e-03)	(-1.097187e-03 8.422549e-02 -1.166536e-03)	(-2.653921e-06 -5.262364e-05 3.869414e-08)
2968          	(-1.092712e-03 8.417113e-02 -1.155086e-03)	(-1.090108e-03 8.422338e-02 -1.155112e-03)	(-2.603879e-06 -5.224437e-05 2.628941e-08)
2969          	(-1.085544e-03 8.417018e-02 -1.145849e-03)	(-1.082990e-03 8.422202e-02 -1.145860e-03)	(-2.554103e-06 -5.184142e-05 1.138561e-08)
2970          	(-1.078248e-03 8.417118e-02 -1.138244e-03)	(-1.075747e-03 8.422259e-02 -1.138242e-03)	(-2.501022e-06 -5.141547e-05 -2.395105e-09)
2971          	(-1.070953e-03 8.417479e-02 -1.131243e-03)	(-1.068509e-03 8.422576e-02 -1.131229e-03)	(-2.444197e-06 -5.096951e-05 -1.398652e-08)
2972          	(-1.063888e-03 8.418057e-02 -1.124042e-03)	(-1.061504e-03 8.423108e-02 -1.124022e-03)	(-2.384645e-06 -5.050962e-05 -2.007409e-08)
2973          	(-1.059449e-03 8.420518e-02 -1.122931e-03)	(-1.057125e-03 8.425522e-02 -1.122913e-03)	(-2.324589e-06 -5.003199e-05 -1.742394e-08)
2974          	(-1.052137e-03 8.421743e-02 -1.108156e-03)	(-1.049872e-03 8.426698e-02 -1.108153e-03)	(-2.265030e-06 -4.955749e-05 -2.602642e-09)
2975          	(-1.038544e-03 8.427084e-02 -1.067430e-03)	(-1.036351e-03 8.431992e-02 -1.067445e-03)	(-2.192498e-06 -4.907508e-05 1.487488e-08)
2976          	(-1.031751e-03 8.429320e-02 -1.045024e-03)	(-1.029628e-03 8.434180e-02 -1.045063e-03)	(-2.123095e-06 -4.860413e-05 3.899328e-08)
2977          	(-1.024740e-03 8.431847e-02 -1.026447e-03)	(-1.022678e-03 8.436661e-02 -1.026517e-03)	(-2.061892e-06 -4.814413e-05 6.967228e-08)
2978          	(-1.017605e-03 8.434546e-02 -1.003654e-03)	(-1.015600e-03 8.439316e-02 -1.003759e-03)	(-2.004643e-06 -4.769586e-05 1.046265e-07)
2979          	(-1.006503e-03 8.438572e-02 -9.596822e-04)	(-1.004556e-03 8.443297e-02 -9.598217e-04)	(-1.946790e-06 -4.725706e-05 1.394812e-07)
2980          	(-1.001466e-03 8.441068e-02 -9.270262e-04)	(-9.995687e-04 8.445751e-02 -9.272014e-04)	(-1.897279e-06 -4.683650e-05 1.752448e-07)
2981          	(-9.942101e-04 8.443875e-02 -8.996124e-04)	(-9.923554e-04 8.448518e-02 -8.998214e-04)	(-1.854644e-06 -4.643932e-05 2.090916e-07)
2982          	(-9.870483e-04 8.446515e-02 -8.699874e-04)	(-9.852332e-04 8.451122e-02 -8.702260e-04)	(-1.815100e-06 -4.606657e-05 2.386385e-07)
2983          	(-9.830201e-04 8.448427e-02 -8.451026e-04)	(-9.812354e-04 8.452999e-02 -8.453656e-04)	(-1.784704e-06 -4.571971e-05 2.629891e-07)
2984          	(-9.787702e-04 8.450106e-02 -8.192821e-04)	(-9.770066e-04 8.454646e-02 -8.195650e-04)	(-1.763529e-06 -4.539970e-05 2.828744e-07)
2985          	(-9.742149e-04 8.451525e-02 -7.927096e-04)	(-9.724668e-04 8.456036e-02 -7.930101e-04)	(-1.748074e-06 -4.510705e-05 3.005381e-07)
2986          	(-9.693678e-04 8.452725e-02 -7.646064e-04)	(-9.676301e-04 8.457209e-02 -7.649219e-04)	(-1.737710e-06 -4.484187e-05 3.154448e-07)
2987          	(-9.615640e-04 8.453820e-02 -7.238849e-04)	(-9.598359e-04 8.458280e-02 -7.242153e-04)	(-1.728162e-06 -4.460358e-05 3.304459e-07)
2988          	(-9.534751e-04 8.454597e-02 -6.814057e-04)	(-9.517547e-04 8.459036e-02 -6.817451e-04)	(-1.720436e-06 -4.439076e-05 3.394805e-07)
2989          	(-9.451289e-04 8.455027e-02 -6.385357e-04)	(-9.434151e-04 8.459447e-02 -6.388795e-04)	(-1.713849e-06 -4.420186e-05 3.437887e-07)
2990          	(-9.379640e-04 8.455156e-02 -5.995193e-04)	(-9.362551e-04 8.459560e-02 -5.998603e-04)	(-1.708915e-06 -4.403528e-05 3.409680e-07)
2991          	(-9.304401e-04 8.455033e-02 -5.596851e-04)	(-9.287365e-04 8.459422e-02 -5.600160e-04)	(-1.703633e-06 -4.388950e-05 3.309426e-07)
2992          	(-9.225737e-04 8.454691e-02 -5.189588e-04)	(-9.208763e-04 8.459067e-02 -5.192717e-04)	(-1.697417e-06 -4.376264e-05 3.129225e-07)
2993          	(-9.143841e-04 8.454160e-02 -4.778329e-04)	(-9.126952e-04 8.458525e-02 -4.781188e-04)	(-1.688909e-06 -4.365285e-05 2.858839e-07)
2994          	(-9.059349e-04 8.453488e-02 -4.370261e-04)	(-9.042590e-04 8.457844e-02 -4.372785e-04)	(-1.675904e-06 -4.355813e-05 2.523728e-07)
2995          	(-8.960534e-04 8.452754e-02 -3.923140e-04)	(-8.943964e-04 8.457101e-02 -3.925277e-04)	(-1.656982e-06 -4.347683e-05 2.137632e-07)
2996          	(-8.860576e-04 8.452051e-02 -3.469694e-04)	(-8.844255e-04 8.456392e-02 -3.471393e-04)	(-1.632024e-06 -4.340645e-05 1.698136e-07)
2997          	(-8.728023e-04 8.451604e-02 -2.857669e-04)	(-8.712051e-04 8.455938e-02 -2.858897e-04)	(-1.597238e-06 -4.334321e-05 1.228251e-07)
2998          	(-8.656006e-04 8.456661e-02 -2.583132e-04)	(-8.640465e-04 8.460988e-02 -2.583704e-04)	(-1.554132e-06 -4.327447e-05 5.719850e-08)
2999          	(-8.590242e-04 8.463848e-02 -2.233823e-04)	(-8.575161e-04 8.468168e-02 -2.233691e-04)	(-1.508087e-06 -4.320450e-05 -1.321937e-08)
3000          	(-8.541228e-04 8.470686e-02 -1.966701e-04)	(-8.526591e-04 8.475000e-02 -1.965826e-04)	(-1.463691e-06 -4.314245e-05 -8.750966e-08)
3001          	(-8.508169e-04 8.476524e-02 -1.708337e-04)	(-8.493908e-04 8.480834e-02 -1.706665e-04)	(-1.426088e-06 -4.309544e-05 -1.672184e-07)
3002          	(-8.472722e-04 8.476878e-02 -1.577352e-04)	(-8.458715e-04 8.481186e-02 -1.574823e-04)	(-1.400638e-06 -4.307508e-05 -2.529226e-07)
3003          	(-8.448371e-04 8.477356e-02 -1.493915e-04)	(-8.434567e-04 8.481664e-02 -1.490491e-04)	(-1.380449e-06 -4.307481e-05 -3.424045e-07)
3004          	(-8.433026e-04 8.477939e-02 -1.443496e-04)	(-8.419403e-04 8.482248e-02 -1.439201e-04)	(-1.362302e-06 -4.308983e-05 -4.295239e-07)
3005          	(-8.428046e-04 8.478529e-02 -1.418502e-04)	(-8.414606e-04 8.482841e-02 -1.413400e-04)	(-1.343989e-06 -4.311649e-05 -5.102665e-07)
3006          	(-8.430742e-04 8.478972e-02 -1.400770e-04)	(-8.417509e-04 8.483287e-02 -1.394970e-04)	(-1.323264e-06 -4.315106e-05 -5.799425e-07)
3007          	(-8.573871e-04 8.446212e-02 -1.514249e-04)	(-8.560223e-04 8.450540e-02 -1.508337e-04)	(-1.364869e-06 -4.327750e-05 -5.912258e-07)
3008          	(-8.656383e-04 8.423082e-02 -1.602403e-04)	(-8.642235e-04 8.427423e-02 -1.596570e-04)	(-1.414820e-06 -4.341232e-05 -5.833029e-07)
3009          	(-8.590604e-04 8.427792e-02 -1.551066e-04)	(-8.576638e-04 8.432139e-02 -1.544988e-04)	(-1.396610e-06 -4.346762e-05 -6.077562e-07)
3010          	(-8.527357e-04 8.431679e-02 -1.441386e-04)	(-8.514006e-04 8.436027e-02 -1.434922e-04)	(-1.335072e-06 -4.348116e-05 -6.464453e-07)
3011          	(-8.475798e-04 8.434612e-02 -1.272335e-04)	(-8.463177e-04 8.438959e-02 -1.265468e-04)	(-1.262178e-06 -4.347130e-05 -6.867100e-07)
3012          	(-8.436287e-04 8.432059e-02 -1.099546e-04)	(-8.424333e-04 8.436406e-02 -1.092366e-04)	(-1.195409e-06 -4.346622e-05 -7.180394e-07)
3013          	(-8.414483e-04 8.430310e-02 -9.010034e-05)	(-8.403036e-04 8.434658e-02 -8.936290e-05)	(-1.144673e-06 -4.347465e-05 -7.374388e-07)
3014          	(-8.402721e-04 8.429401e-02 -6.921265e-05)	(-8.391597e-04 8.433751e-02 -6.846577e-05)	(-1.112446e-06 -4.350369e-05 -7.468728e-07)
3015          	(-8.398226e-04 8.429411e-02 -4.994348e-05)	(-8.387261e-04 8.433767e-02 -4.919451e-05)	(-1.096552e-06 -4.355609e-05 -7.489704e-07)
3016          	(-8.396571e-04 8.430283e-02 -3.300503e-05)	(-8.385654e-04 8.434646e-02 -3.225604e-05)	(-1.091693e-06 -4.363058e-05 -7.489950e-07)
3017          	(-8.397525e-04 8.431377e-02 -2.162690e-05)	(-8.386595e-04 8.435749e-02 -2.087554e-05)	(-1.093000e-06 -4.372296e-05 -7.513611e-07)
3018          	(-8.401776e-04 8.432499e-02 -1.603108e-05)	(-8.390812e-04 8.436882e-02 -1.527166e-05)	(-1.096469e-06 -4.382938e-05 -7.594184e-07)
3019          	(-8.410856e-04 8.433545e-02 -1.553225e-05)	(-8.399864e-04 8.437939e-02 -1.475942e-05)	(-1.099217e-06 -4.394586e-05 -7.728297e-07)
3020          	(-8.459992e-04 8.433723e-02 -1.134562e-05)	(-8.448945e-04 8.438131e-02 -1.056340e-05)	(-1.104634e-06 -4.407578e-05 -7.822208e-07)
3021          	(-8.473187e-04 8.433912e-02 -2.128189e-05)	(-8.462087e-04 8.438333e-02 -2.047855e-05)	(-1.110043e-06 -4.420746e-05 -8.033306e-07)
3022          	(-8.488729e-04 8.433441e-02 -3.379346e-05)	(-8.477612e-04 8.437876e-02 -3.295833e-05)	(-1.111711e-06 -4.434248e-05 -8.351398e-07)
3023          	(-8.508818e-04 8.432737e-02 -4.765674e-05)	(-8.497682e-04 8.437185e-02 -4.678559e-05)	(-1.113651e-06 -4.448116e-05 -8.711477e-07)
3024          	(-8.538728e-04 8.432215e-02 -6.219929e-05)	(-8.527550e-04 8.436678e-02 -6.129137e-05)	(-1.117839e-06 -4.462499e-05 -9.079173e-07)
3025          	(-8.578359e-04 8.431954e-02 -7.723457e-05)	(-8.567097e-04 8.436432e-02 -7.629237e-05)	(-1.126204e-06 -4.477599e-05 -9.422012e-07)
3026          	(-8.626450e-04 8.431936e-02 -9.299204e-05)	(-8.615058e-04 8.436430e-02 -9.201962e-05)	(-1.139205e-06 -4.493583e-05 -9.724226e-07)
3027          	(-8.681480e-04 8.432102e-02 -1.095561e-04)	(-8.669909e-04 8.436613e-02 -1.085586e-04)	(-1.157105e-06 -4.510546e-05 -9.975070e-07)
3028          	(-8.736058e-04 8.432343e-02 -1.259720e-04)	(-8.724274e-04 8.436872e-02 -1.249559e-04)	(-1.178422e-06 -4.528489e-05 -1.016076e-06)
3029          	(-8.794738e-04 8.432669e-02 -1.429166e-04)	(-8.782713e-04 8.437217e-02 -1.418870e-04)	(-1.202540e-06 -4.547410e-05 -1.029639e-06)
3030          	(-8.856803e-04 8.433015e-02 -1.605333e-04)	(-8.844520e-04 8.437583e-02 -1.594948e-04)	(-1.228267e-06 -4.567299e-05 -1.038467e-06)
3031          	(-8.922100e-04 8.433318e-02 -1.790742e-04)	(-8.909546e-04 8.437906e-02 -1.780336e-04)	(-1.255368e-06 -4.588143e-05 -1.040538e-06)
3032          	(-8.999080e-04 8.433464e-02 -2.006490e-04)	(-8.986241e-04 8.438074e-02 -1.996121e-04)	(-1.283928e-06 -4.609887e-05 -1.036959e-06)
3033          	(-9.080443e-04 8.433466e-02 -2.240408e-04)	(-9.067306e-04 8.438098e-02 -2.230122e-04)	(-1.313636e-06 -4.632436e-05 -1.028625e-06)
3034          	(-9.201489e-04 8.433041e-02 -2.583585e-04)	(-9.188005e-04 8.437696e-02 -2.573424e-04)	(-1.348399e-06 -4.655570e-05 -1.016125e-06)
3035          	(-9.293671e-04 8.438256e-02 -2.928780e-04)	(-9.279881e-04 8.442935e-02 -2.918710e-04)	(-1.379078e-06 -4.678249e-05 -1.007009e-06)
3036          	(-9.393834e-04 8.443199e-02 -3.271584e-04)	(-9.379745e-04 8.447900e-02 -3.261622e-04)	(-1.408845e-06 -4.701133e-05 -9.961766e-07)
3037          	(-9.492982e-04 8.446821e-02 -3.586807e-04)	(-9.478536e-04 8.451546e-02 -3.577034e-04)	(-1.444547e-06 -4.724869e-05 -9.772138e-07)
3038          	(-9.646243e-04 8.445963e-02 -4.042194e-04)	(-9.631267e-04 8.450713e-02 -4.032754e-04)	(-1.497529e-06 -4.750306e-05 -9.439266e-07)
3039          	(-9.755437e-04 8.445624e-02 -4.348763e-04)	(-9.739857e-04 8.450400e-02 -4.339814e-04)	(-1.558007e-06 -4.776805e-05 -8.949208e-07)
3040          	(-9.843346e-04 8.445380e-02 -4.596623e-04)	(-9.827183e-04 8.450185e-02 -4.588229e-04)	(-1.616359e-06 -4.804085e-05 -8.393981e-07)
3041          	(-9.917833e-04 8.445029e-02 -4.819805e-04)	(-9.901121e-04 8.449861e-02 -4.811991e-04)	(-1.671166e-06 -4.831919e-05 -7.814060e-07)
3042          	(-9.985229e-04 8.444361e-02 -5.061480e-04)	(-9.968002e-04 8.449221e-02 -5.054219e-04)	(-1.722707e-06 -4.860155e-05 -7.260861e-07)
3043          	(-1.004463e-03 8.443269e-02 -5.287741e-04)	(-1.002693e-03 8.448158e-02 -5.280999e-04)	(-1.770357e-06 -4.888625e-05 -6.742022e-07)
3044          	(-1.009972e-03 8.441664e-02 -5.505034e-04)	(-1.008158e-03 8.446581e-02 -5.498751e-04)	(-1.814466e-06 -4.917249e-05 -6.282476e-07)
3045          	(-1.015446e-03 8.439688e-02 -5.713662e-04)	(-1.013590e-03 8.444634e-02 -5.707767e-04)	(-1.856087e-06 -4.945924e-05 -5.895378e-07)
3046          	(-1.021220e-03 8.437652e-02 -5.914697e-04)	(-1.019322e-03 8.442627e-02 -5.909097e-04)	(-1.897494e-06 -4.974530e-05 -5.599898e-07)
3047          	(-1.027471e-03 8.435813e-02 -6.111511e-04)	(-1.025530e-03 8.440816e-02 -6.106109e-04)	(-1.940807e-06 -5.002998e-05 -5.401742e-07)
3048          	(-1.034458e-03 8.434292e-02 -6.315325e-04)	(-1.032471e-03 8.439323e-02 -6.310041e-04)	(-1.987150e-06 -5.031339e-05 -5.284312e-07)
3049          	(-1.041496e-03 8.433203e-02 -6.503230e-04)	(-1.039461e-03 8.438263e-02 -6.497997e-04)	(-2.035763e-06 -5.059566e-05 -5.233378e-07)
3050          	(-1.048677e-03 8.432260e-02 -6.718525e-04)	(-1.046591e-03 8.437348e-02 -6.713286e-04)	(-2.086295e-06 -5.087776e-05 -5.238662e-07)
3051          	(-1.055538e-03 8.431342e-02 -6.961349e-04)	(-1.053400e-03 8.436458e-02 -6.956084e-04)	(-2.137463e-06 -5.116028e-05 -5.265328e-07)
3052          	(-1.062357e-03 8.430418e-02 -7.233744e-04)	(-1.060168e-03 8.435562e-02 -7.228442e-04)	(-2.188665e-06 -5.144337e-05 -5.301614e-07)
3053          	(-1.068900e-03 8.429347e-02 -7.513550e-04)	(-1.066660e-03 8.434520e-02 -7.508212e-04)	(-2.239405e-06 -5.172629e-05 -5.337777e-07)
3054          	(-1.075197e-03 8.428222e-02 -7.796742e-04)	(-1.072908e-03 8.433423e-02 -7.791394e-04)	(-2.289034e-06 -5.200818e-05 -5.347759e-07)
3055          	(-1.081377e-03 8.427231e-02 -8.086266e-04)	(-1.079039e-03 8.432460e-02 -8.080933e-04)	(-2.338125e-06 -5.228764e-05 -5.333277e-07)
3056          	(-1.086679e-03 8.426604e-02 -8.355848e-04)	(-1.084294e-03 8.431860e-02 -8.350570e-04)	(-2.384906e-06 -5.256249e-05 -5.277998e-07)
3057          	(-1.091822e-03 8.425922e-02 -8.621840e-04)	(-1.089392e-03 8.431205e-02 -8.616663e-04)	(-2.430190e-06 -5.283160e-05 -5.177057e-07)
3058          	(-1.096753e-03 8.425052e-02 -8.885759e-04)	(-1.094279e-03 8.430361e-02 -8.880714e-04)	(-2.474167e-06 -5.309403e-05 -5.045585e-07)
3059          	(-1.102209e-03 8.423653e-02 -9.168354e-04)	(-1.099691e-03 8.428988e-02 -9.163473e-04)	(-2.517726e-06 -5.334871e-05 -4.880377e-07)
3060          	(-1.107499e-03 8.422128e-02 -9.456786e-04)	(-1.104939e-03 8.427487e-02 -9.452092e-04)	(-2.560529e-06 -5.359373e-05 -4.693732e-07)
3061          	(-1.112353e-03 8.420302e-02 -9.736351e-04)	(-1.109750e-03 8.425684e-02 -9.731848e-04)	(-2.602809e-06 -5.382581e-05 -4.502875e-07)
3062          	(-1.122047e-03 8.408238e-02 -1.018324e-03)	(-1.119386e-03 8.413645e-02 -1.017903e-03)	(-2.660951e-06 -5.406428e-05 -4.205655e-07)
3063          	(-1.130638e-03 8.395543e-02 -1.064300e-03)	(-1.127912e-03 8.400972e-02 -1.063915e-03)	(-2.726051e-06 -5.429272e-05 -3.841967e-07)
3064          	(-1.130752e-03 8.392454e-02 -1.082553e-03)	(-1.127986e-03 8.397902e-02 -1.082194e-03)	(-2.765969e-06 -5.447669e-05 -3.586446e-07)
3065          	(-1.137741e-03 8.378150e-02 -1.128816e-03)	(-1.134934e-03 8.383615e-02 -1.128481e-03)	(-2.806574e-06 -5.464443e-05 -3.350155e-07)
3066          	(-1.142465e-03 8.365258e-02 -1.165664e-03)	(-1.139620e-03 8.370735e-02 -1.165357e-03)	(-2.844313e-06 -5.477790e-05 -3.064553e-07)
3067          	(-1.138658e-03 8.362772e-02 -1.162141e-03)	(-1.135803e-03 8.368257e-02 -1.161858e-03)	(-2.854907e-06 -5.485341e-05 -2.832177e-07)
3068          	(-1.136768e-03 8.369423e-02 -1.163019e-03)	(-1.133932e-03 8.374908e-02 -1.162747e-03)	(-2.836583e-06 -5.485487e-05 -2.722795e-07)
3069          	(-1.132711e-03 8.377090e-02 -1.149481e-03)	(-1.129903e-03 8.382571e-02 -1.149221e-03)	(-2.808051e-06 -5.480508e-05 -2.599461e-07)
3070          	(-1.128984e-03 8.377359e-02 -1.135486e-03)	(-1.126192e-03 8.382833e-02 -1.135242e-03)	(-2.792097e-06 -5.474300e-05 -2.430617e-07)
3071          	(-1.122152e-03 8.380120e-02 -1.128122e-03)	(-1.119373e-03 8.385585e-02 -1.127887e-03)	(-2.779155e-06 -5.465146e-05 -2.351119e-07)
3072          	(-1.113607e-03 8.389606e-02 -1.123539e-03)	(-1.110854e-03 8.395058e-02 -1.123299e-03)	(-2.752908e-06 -5.451962e-05 -2.404253e-07)
3073          	(-1.107121e-03 8.393375e-02 -1.115523e-03)	(-1.104391e-03 8.398813e-02 -1.115276e-03)	(-2.729854e-06 -5.437573e-05 -2.467718e-07)
3074          	(-1.100835e-03 8.397791e-02 -1.111342e-03)	(-1.098127e-03 8.403212e-02 -1.111084e-03)	(-2.707440e-06 -5.420925e-05 -2.585834e-07)
3075          	(-1.095020e-03 8.402304e-02 -1.109881e-03)	(-1.092339e-03 8.407706e-02 -1.109606e-03)	(-2.681221e-06 -5.401817e-05 -2.752956e-07)
3076          	(-1.089532e-03 8.406772e-02 -1.109006e-03)	(-1.086882e-03 8.412152e-02 -1.108708e-03)	(-2.650350e-06 -5.379828e-05 -2.981423e-07)
3077          	(-1.081100e-03 8.425327e-02 -1.106561e-03)	(-1.078510e-03 8.430678e-02 -1.106230e-03)	(-2.590154e-06 -5.350610e-05 -3.311521e-07)
3078          	(-1.076528e-03 8.431627e-02 -1.110435e-03)	(-1.073991e-03 8.436947e-02 -1.110080e-03)	(-2.537006e-06 -5.319604e-05 -3.554632e-07)
3079          	(-1.071120e-03 8.435412e-02 -1.098184e-03)	(-1.068629e-03 8.440700e-02 -1.097812e-03)	(-2.491003e-06 -5.287471e-05 -3.716158e-07)
3080          	(-1.065452e-03 8.438338e-02 -1.085064e-03)	(-1.063006e-03 8.443592e-02 -1.084682e-03)	(-2.446707e-06 -5.253853e-05 -3.822385e-07)
3081          	(-1.062097e-03 8.436145e-02 -1.083354e-03)	(-1.059687e-03 8.441364e-02 -1.082969e-03)	(-2.409863e-06 -5.219378e-05 -3.853038e-07)
3082          	(-1.058231e-03 8.433537e-02 -1.080931e-03)	(-1.055857e-03 8.438720e-02 -1.080549e-03)	(-2.374197e-06 -5.183222e-05 -3.828615e-07)
3083          	(-1.051131e-03 8.434346e-02 -1.067579e-03)	(-1.048804e-03 8.439490e-02 -1.067201e-03)	(-2.326472e-06 -5.144367e-05 -3.789113e-07)
3084          	(-1.044635e-03 8.434614e-02 -1.056914e-03)	(-1.042365e-03 8.439717e-02 -1.056540e-03)	(-2.270148e-06 -5.103073e-05 -3.746311e-07)
3085          	(-1.037747e-03 8.434671e-02 -1.043841e-03)	(-1.035539e-03 8.439731e-02 -1.043474e-03)	(-2.208356e-06 -5.059431e-05 -3.678528e-07)
3086          	(-1.030576e-03 8.434608e-02 -1.028034e-03)	(-1.028432e-03 8.439622e-02 -1.027675e-03)	(-2.143607e-06 -5.013848e-05 -3.583404e-07)
3087          	(-1.023337e-03 8.434451e-02 -1.009873e-03)	(-1.021259e-03 8.439418e-02 -1.009528e-03)	(-2.078359e-06 -4.967158e-05 -3.447852e-07)
3088          	(-1.015994e-03 8.434313e-02 -9.918644e-04)	(-1.013979e-03 8.439233e-02 -9.915390e-04)	(-2.014571e-06 -4.920250e-05 -3.254171e-07)
3089          	(-1.008621e-03 8.434169e-02 -9.719301e-04)	(-1.006668e-03 8.439043e-02 -9.716302e-04)	(-1.953328e-06 -4.873748e-05 -2.998396e-07)
3090          	(-1.005374e-03 8.430069e-02 -9.571127e-04)	(-1.003469e-03 8.434898e-02 -9.568502e-04)	(-1.904694e-06 -4.828615e-05 -2.625176e-07)
3091          	(-9.971886e-04 8.430393e-02 -9.315399e-04)	(-9.953344e-04 8.435177e-02 -9.313174e-04)	(-1.854195e-06 -4.783948e-05 -2.225476e-07)
3092          	(-9.905235e-04 8.431014e-02 -9.065417e-04)	(-9.887205e-04 8.435755e-02 -9.063551e-04)	(-1.803011e-06 -4.740221e-05 -1.866328e-07)
3093          	(-9.823743e-04 8.431876e-02 -8.734949e-04)	(-9.806203e-04 8.436574e-02 -8.733438e-04)	(-1.753952e-06 -4.697775e-05 -1.511361e-07)
3094          	(-9.742345e-04 8.432898e-02 -8.376345e-04)	(-9.725258e-04 8.437555e-02 -8.375164e-04)	(-1.708722e-06 -4.657025e-05 -1.181715e-07)
3095          	(-9.661081e-04 8.433960e-02 -8.002877e-04)	(-9.644406e-04 8.438578e-02 -8.002016e-04)	(-1.667520e-06 -4.618391e-05 -8.610465e-08)
3096          	(-9.612182e-04 8.434940e-02 -7.703836e-04)	(-9.595835e-04 8.439522e-02 -7.703240e-04)	(-1.634717e-06 -4.582156e-05 -5.957805e-08)
3097          	(-9.563242e-04 8.435931e-02 -7.395966e-04)	(-9.547145e-04 8.440480e-02 -7.395592e-04)	(-1.609729e-06 -4.548500e-05 -3.744872e-08)
3098          	(-9.513172e-04 8.436931e-02 -7.082783e-04)	(-9.497251e-04 8.441448e-02 -7.082554e-04)	(-1.592059e-06 -4.517450e-05 -2.288383e-08)
3099          	(-9.429925e-04 8.437968e-02 -6.688032e-04)	(-9.414166e-04 8.442457e-02 -6.687917e-04)	(-1.575900e-06 -4.489060e-05 -1.147410e-08)
3100          	(-9.347849e-04 8.438910e-02 -6.306548e-04)	(-9.332243e-04 8.443373e-02 -6.306475e-04)	(-1.560671e-06 -4.463307e-05 -7.375995e-09)
3101          	(-9.268112e-04 8.439765e-02 -5.928593e-04)	(-9.252649e-04 8.444205e-02 -5.928508e-04)	(-1.546331e-06 -4.440216e-05 -8.478972e-09)
3102          	(-9.189522e-04 8.440567e-02 -5.514692e-04)	(-9.174180e-04 8.444986e-02 -5.514505e-04)	(-1.534192e-06 -4.419696e-05 -1.865155e-08)
3103          	(-9.113443e-04 8.441317e-02 -5.099513e-04)	(-9.098195e-04 8.445718e-02 -5.099132e-04)	(-1.524842e-06 -4.401617e-05 -3.816502e-08)
3104          	(-9.039217e-04 8.441973e-02 -4.697415e-04)	(-9.024043e-04 8.446359e-02 -4.696739e-04)	(-1.517316e-06 -4.385807e-05 -6.753602e-08)
3105          	(-8.966394e-04 8.442531e-02 -4.313326e-04)	(-8.951290e-04 8.446903e-02 -4.312273e-04)	(-1.510351e-06 -4.372142e-05 -1.053351e-07)
3106          	(-8.894914e-04 8.443022e-02 -3.944187e-04)	(-8.879881e-04 8.447382e-02 -3.942688e-04)	(-1.503248e-06 -4.360465e-05 -1.498506e-07)
3107          	(-8.824038e-04 8.443501e-02 -3.581613e-04)	(-8.809086e-04 8.447852e-02 -3.579605e-04)	(-1.495197e-06 -4.350639e-05 -2.007915e-07)
3108          	(-8.721785e-04 8.463679e-02 -2.905474e-04)	(-8.707207e-04 8.468017e-02 -2.902826e-04)	(-1.457764e-06 -4.338095e-05 -2.647907e-07)
3109          	(-8.617080e-04 8.464748e-02 -2.422810e-04)	(-8.602757e-04 8.469078e-02 -2.419590e-04)	(-1.432323e-06 -4.329668e-05 -3.219268e-07)
3110          	(-8.532399e-04 8.465972e-02 -2.064504e-04)	(-8.518277e-04 8.470296e-02 -2.060703e-04)	(-1.412218e-06 -4.323950e-05 -3.800737e-07)
3111          	(-8.466307e-04 8.467448e-02 -1.809406e-04)	(-8.452364e-04 8.471769e-02 -1.804990e-04)	(-1.394274e-06 -4.320323e-05 -4.415430e-07)
3112          	(-8.418578e-04 8.469263e-02 -1.633775e-04)	(-8.404820e-04 8.473581e-02 -1.628713e-04)	(-1.375838e-06 -4.318221e-05 -5.061568e-07)
3113          	(-8.404387e-04 8.470371e-02 -1.624645e-04)	(-8.390801e-04 8.474688e-02 -1.618863e-04)	(-1.358639e-06 -4.317431e-05 -5.781766e-07)
3114          	(-8.402970e-04 8.471186e-02 -1.640299e-04)	(-8.389550e-04 8.475504e-02 -1.633770e-04)	(-1.341968e-06 -4.317522e-05 -6.528753e-07)
3115          	(-8.410027e-04 8.471859e-02 -1.667675e-04)	(-8.396795e-04 8.476177e-02 -1.660415e-04)	(-1.323186e-06 -4.318208e-05 -7.259291e-07)
3116          	(-8.423076e-04 8.472380e-02 -1.693411e-04)	(-8.410048e-04 8.476699e-02 -1.685471e-04)	(-1.302834e-06 -4.319311e-05 -7.939920e-07)
3117          	(-8.441547e-04 8.472998e-02 -1.699593e-04)	(-8.428746e-04 8.477319e-02 -1.691080e-04)	(-1.280163e-06 -4.320744e-05 -8.513173e-07)
3118          	(-8.461857e-04 8.473676e-02 -1.669098e-04)	(-8.449280e-04 8.477999e-02 -1.660146e-04)	(-1.257619e-06 -4.322503e-05 -8.952392e-07)
3119          	(-8.477628e-04 8.480769e-02 -1.564123e-04)	(-8.465296e-04 8.485092e-02 -1.554868e-04)	(-1.233254e-06 -4.323551e-05 -9.255108e-07)
3120          	(-8.597870e-04 8.464236e-02 -1.448526e-04)	(-8.585322e-04 8.468568e-02 -1.439434e-04)	(-1.254762e-06 -4.331217e-05 -9.091893e-07)
3121          	(-8.561861e-04 8.469952e-02 -1.319701e-04)	(-8.549345e-04 8.474286e-02 -1.310606e-04)	(-1.251570e-06 -4.334835e-05 -9.094469e-07)
3122          	(-8.649042e-04 8.442679e-02 -1.246530e-04)	(-8.636255e-04 8.447025e-02 -1.237738e-04)	(-1.278613e-06 -4.345124e-05 -8.791634e-07)
3123          	(-8.560129e-04 8.445904e-02 -1.091808e-04)	(-8.547481e-04 8.450253e-02 -1.082927e-04)	(-1.264805e-06 -4.349021e-05 -8.880545e-07)
3124          	(-8.473296e-04 8.448103e-02 -9.021994e-05)	(-8.461124e-04 8.452454e-02 -8.929864e-05)	(-1.217165e-06 -4.350641e-05 -9.212990e-07)
3125          	(-8.395790e-04 8.445483e-02 -7.109751e-05)	(-8.384155e-04 8.449835e-02 -7.013214e-05)	(-1.163428e-06 -4.352008e-05 -9.653621e-07)
3126          	(-8.337967e-04 8.443489e-02 -4.933321e-05)	(-8.326808e-04 8.447843e-02 -4.832189e-05)	(-1.115895e-06 -4.353859e-05 -1.011321e-06)
3127          	(-8.299080e-04 8.441994e-02 -2.792141e-05)	(-8.288281e-04 8.446351e-02 -2.686772e-05)	(-1.079988e-06 -4.356945e-05 -1.053693e-06)
3128          	(-8.278561e-04 8.441125e-02 -9.809841e-06)	(-8.267982e-04 8.445487e-02 -8.716300e-06)	(-1.057958e-06 -4.361697e-05 -1.093541e-06)
3129          	(-8.273316e-04 8.440774e-02 2.718239e-06)	(-8.262844e-04 8.445142e-02 3.848234e-06)	(-1.047200e-06 -4.368194e-05 -1.129995e-06)
3130          	(-8.280735e-04 8.440582e-02 7.790828e-06)	(-8.270286e-04 8.444958e-02 8.955987e-06)	(-1.044958e-06 -4.376247e-05 -1.165159e-06)
3131          	(-8.392581e-04 8.409570e-02 -9.361998e-06)	(-8.381608e-04 8.413963e-02 -8.198524e-06)	(-1.097256e-06 -4.393152e-05 -1.163474e-06)
3132          	(-8.396238e-04 8.408577e-02 -2.011438e-05)	(-8.385031e-04 8.412983e-02 -1.892858e-05)	(-1.120648e-06 -4.405995e-05 -1.185794e-06)
3133          	(-8.409747e-04 8.407534e-02 -3.388706e-05)	(-8.398567e-04 8.411952e-02 -3.266405e-05)	(-1.118037e-06 -4.417221e-05 -1.223012e-06)
3134          	(-8.437382e-04 8.406644e-02 -4.843466e-05)	(-8.426310e-04 8.411072e-02 -4.717102e-05)	(-1.107129e-06 -4.427279e-05 -1.263632e-06)
3135          	(-8.466372e-04 8.405516e-02 -6.096579e-05)	(-8.455420e-04 8.409953e-02 -5.966582e-05)	(-1.095259e-06 -4.437006e-05 -1.299969e-06)
3136          	(-8.508959e-04 8.404954e-02 -7.236660e-05)	(-8.498064e-04 8.409401e-02 -7.103927e-05)	(-1.089418e-06 -4.447173e-05 -1.327334e-06)
3137          	(-8.563107e-04 8.405039e-02 -8.305107e-05)	(-8.552168e-04 8.409498e-02 -8.170564e-05)	(-1.093976e-06 -4.458340e-05 -1.345427e-06)
3138          	(-8.625555e-04 8.405749e-02 -9.390638e-05)	(-8.614452e-04 8.410220e-02 -9.255183e-05)	(-1.110306e-06 -4.470936e-05 -1.354553e-06)
3139          	(-8.692392e-04 8.406957e-02 -1.057662e-04)	(-8.681024e-04 8.411443e-02 -1.044099e-04)	(-1.136746e-06 -4.485155e-05 -1.356298e-06)
3140          	(-8.760450e-04 8.408509e-02 -1.192258e-04)	(-8.748735e-04 8.413010e-02 -1.178712e-04)	(-1.171415e-06 -4.500975e-05 -1.354647e-06)
3141          	(-8.820627e-04 8.410041e-02 -1.333401e-04)	(-8.808527e-04 8.414560e-02 -1.319910e-04)	(-1.210077e-06 -4.518299e-05 -1.349151e-06)
3142          	(-8.880189e-04 8.411717e-02 -1.488114e-04)	(-8.867687e-04 8.416254e-02 -1.474684e-04)	(-1.250215e-06 -4.536987e-05 -1.342966e-06)
3143          	(-8.939757e-04 8.413465e-02 -1.657056e-04)	(-8.926869e-04 8.418022e-02 -1.643701e-04)	(-1.288870e-06 -4.556908e-05 -1.335454e-06)
3144          	(-9.021818e-04 8.415742e-02 -1.892060e-04)	(-9.008549e-04 8.420320e-02 -1.878793e-04)	(-1.326883e-06 -4.577831e-05 -1.326754e-06)
3145          	(-9.143854e-04 8.428603e-02 -2.273595e-04)	(-9.130307e-04 8.433201e-02 -2.260371e-04)	(-1.354746e-06 -4.597394e-05 -1.322405e-06)
3146          	(-9.253814e-04 8.439511e-02 -2.612217e-04)	(-9.239971e-04 8.444128e-02 -2.599128e-04)	(-1.384210e-06 -4.617348e-05 -1.308851e-06)
3147          	(-9.335093e-04 8.448174e-02 -2.825450e-04)	(-9.320923e-04 8.452812e-02 -2.812567e-04)	(-1.417028e-06 -4.638435e-05 -1.288339e-06)
3148          	(-9.418063e-04 8.454292e-02 -3.067899e-04)	(-9.403482e-04 8.458953e-02 -3.055269e-04)	(-1.458087e-06 -4.661229e-05 -1.263034e-06)
3149          	(-9.508949e-04 8.458134e-02 -3.402127e-04)	(-9.493845e-04 8.462820e-02 -3.389813e-04)	(-1.510392e-06 -4.686070e-05 -1.231400e-06)
3150          	(-9.576881e-04 8.459930e-02 -3.702078e-04)	(-9.561184e-04 8.464644e-02 -3.690119e-04)	(-1.569674e-06 -4.713070e-05 -1.195907e-06)
3151          	(-9.634649e-04 8.461251e-02 -3.975740e-04)	(-9.618382e-04 8.465993e-02 -3.964155e-04)	(-1.626733e-06 -4.741550e-05 -1.158500e-06)
3152          	(-9.689302e-04 8.462216e-02 -4.254708e-04)	(-9.672509e-04 8.466987e-02 -4.243514e-04)	(-1.679317e-06 -4.770937e-05 -1.119450e-06)
3153          	(-9.743386e-04 8.462559e-02 -4.516215e-04)	(-9.726127e-04 8.467360e-02 -4.505427e-04)	(-1.725892e-06 -4.800672e-05 -1.078780e-06)
3154          	(-9.798789e-04 8.462296e-02 -4.767529e-04)	(-9.781115e-04 8.467126e-02 -4.757135e-04)	(-1.767445e-06 -4.830453e-05 -1.039372e-06)
3155          	(-9.856236e-04 8.461176e-02 -4.999362e-04)	(-9.838196e-04 8.466036e-02 -4.989363e-04)	(-1.804002e-06 -4.860066e-05 -9.998303e-07)
3156          	(-9.916638e-04 8.459115e-02 -5.216296e-04)	(-9.898259e-04 8.464004e-02 -5.206680e-04)	(-1.837904e-06 -4.889460e-05 -9.616374e-07)
3157          	(-9.984341e-04 8.455996e-02 -5.449520e-04)	(-9.965636e-04 8.460915e-02 -5.440260e-04)	(-1.870519e-06 -4.918644e-05 -9.260796e-07)
3158          	(-1.005684e-03 8.452297e-02 -5.656502e-04)	(-1.003778e-03 8.457245e-02 -5.647552e-04)	(-1.905480e-06 -4.947532e-05 -8.950442e-07)
3159          	(-1.013475e-03 8.448548e-02 -5.852501e-04)	(-1.011531e-03 8.453524e-02 -5.843814e-04)	(-1.943169e-06 -4.976147e-05 -8.686912e-07)
3160          	(-1.021775e-03 8.445075e-02 -6.058208e-04)	(-1.019789e-03 8.450080e-02 -6.049720e-04)	(-1.985801e-06 -5.004516e-05 -8.487934e-07)
3161          	(-1.029986e-03 8.442250e-02 -6.234522e-04)	(-1.027954e-03 8.447282e-02 -6.226190e-04)	(-2.031951e-06 -5.032620e-05 -8.332098e-07)
3162          	(-1.038603e-03 8.439662e-02 -6.430293e-04)	(-1.036520e-03 8.444723e-02 -6.422051e-04)	(-2.083113e-06 -5.060601e-05 -8.242225e-07)
3163          	(-1.047091e-03 8.437245e-02 -6.650424e-04)	(-1.044954e-03 8.442334e-02 -6.642238e-04)	(-2.137394e-06 -5.088523e-05 -8.186441e-07)
3164          	(-1.055532e-03 8.434509e-02 -6.937014e-04)	(-1.053337e-03 8.439625e-02 -6.928845e-04)	(-2.195008e-06 -5.116531e-05 -8.168642e-07)
3165          	(-1.064018e-03 8.413057e-02 -7.308223e-04)	(-1.061743e-03 8.418205e-02 -7.300187e-04)	(-2.274781e-06 -5.148769e-05 -8.035651e-07)
3166          	(-1.071275e-03 8.411238e-02 -7.596726e-04)	(-1.068940e-03 8.416416e-02 -7.588704e-04)	(-2.335551e-06 -5.178116e-05 -8.022028e-07)
3167          	(-1.077791e-03 8.409367e-02 -7.855061e-04)	(-1.075405e-03 8.414572e-02 -7.847064e-04)	(-2.385568e-06 -5.205437e-05 -7.996984e-07)
3168          	(-1.083707e-03 8.407604e-02 -8.106176e-04)	(-1.081279e-03 8.412836e-02 -8.098211e-04)	(-2.428396e-06 -5.231366e-05 -7.964870e-07)
3169          	(-1.088358e-03 8.406211e-02 -8.332514e-04)	(-1.085893e-03 8.411467e-02 -8.324632e-04)	(-2.465656e-06 -5.256095e-05 -7.882164e-07)
3170          	(-1.092437e-03 8.404700e-02 -8.552145e-04)	(-1.089936e-03 8.409980e-02 -8.544409e-04)	(-2.501344e-06 -5.279950e-05 -7.736042e-07)
3171          	(-1.095973e-03 8.403062e-02 -8.765670e-04)	(-1.093438e-03 8.408365e-02 -8.758143e-04)	(-2.535553e-06 -5.303167e-05 -7.527104e-07)
3172          	(-1.099577e-03 8.401098e-02 -8.989663e-04)	(-1.097005e-03 8.406424e-02 -8.982371e-04)	(-2.571468e-06 -5.325849e-05 -7.292413e-07)
3173          	(-1.102786e-03 8.399264e-02 -9.208933e-04)	(-1.100178e-03 8.404612e-02 -9.201893e-04)	(-2.607823e-06 -5.347902e-05 -7.040175e-07)
3174          	(-1.105614e-03 8.397497e-02 -9.432058e-04)	(-1.102970e-03 8.402866e-02 -9.425267e-04)	(-2.644695e-06 -5.369140e-05 -6.791790e-07)
3175          	(-1.108033e-03 8.395610e-02 -9.668954e-04)	(-1.105353e-03 8.401000e-02 -9.662374e-04)	(-2.680193e-06 -5.389387e-05 -6.579988e-07)
3176          	(-1.117291e-03 8.383054e-02 -1.018888e-03)	(-1.114557e-03 8.388465e-02 -1.018259e-03)	(-2.733871e-06 -5.410597e-05 -6.293026e-07)
3177          	(-1.123902e-03 8.369915e-02 -1.059751e-03)	(-1.121110e-03 8.375345e-02 -1.059158e-03)	(-2.791747e-06 -5.430907e-05 -5.932031e-07)
3178          	(-1.124156e-03 8.358378e-02 -1.077493e-03)	(-1.121323e-03 8.363826e-02 -1.076926e-03)	(-2.833555e-06 -5.448436e-05 -5.664778e-07)
3179          	(-1.123637e-03 8.371275e-02 -1.094092e-03)	(-1.120811e-03 8.376731e-02 -1.093524e-03)	(-2.825266e-06 -5.456691e-05 -5.678253e-07)
3180          	(-1.116173e-03 8.374227e-02 -1.102723e-03)	(-1.113367e-03 8.379689e-02 -1.102152e-03)	(-2.805629e-06 -5.461921e-05 -5.712320e-07)
3181          	(-1.117364e-03 8.375916e-02 -1.102552e-03)	(-1.114570e-03 8.381381e-02 -1.101988e-03)	(-2.793369e-06 -5.465039e-05 -5.646559e-07)
3182          	(-1.109117e-03 8.396637e-02 -1.090316e-03)	(-1.106357e-03 8.402098e-02 -1.089747e-03)	(-2.760288e-06 -5.461321e-05 -5.693385e-07)
3183          	(-1.104230e-03 8.412916e-02 -1.084850e-03)	(-1.101507e-03 8.418371e-02 -1.084276e-03)	(-2.722347e-06 -5.455013e-05 -5.738486e-07)
3184          	(-1.105786e-03 8.417099e-02 -1.085761e-03)	(-1.103073e-03 8.422548e-02 -1.085202e-03)	(-2.713320e-06 -5.449443e-05 -5.594211e-07)
3185          	(-1.105487e-03 8.421263e-02 -1.088484e-03)	(-1.102769e-03 8.426705e-02 -1.087948e-03)	(-2.718234e-06 -5.442882e-05 -5.351929e-07)
3186          	(-1.103133e-03 8.425063e-02 -1.091679e-03)	(-1.100412e-03 8.430497e-02 -1.091167e-03)	(-2.720889e-06 -5.434475e-05 -5.117676e-07)
3187          	(-1.099090e-03 8.427949e-02 -1.094077e-03)	(-1.096375e-03 8.433372e-02 -1.093582e-03)	(-2.715181e-06 -5.423455e-05 -4.944531e-07)
3188          	(-1.095405e-03 8.428960e-02 -1.096461e-03)	(-1.092702e-03 8.434369e-02 -1.095977e-03)	(-2.702224e-06 -5.409267e-05 -4.846761e-07)
3189          	(-1.090531e-03 8.429425e-02 -1.094803e-03)	(-1.087851e-03 8.434816e-02 -1.094321e-03)	(-2.679807e-06 -5.391180e-05 -4.824566e-07)
3190          	(-1.082091e-03 8.430142e-02 -1.082458e-03)	(-1.079448e-03 8.435511e-02 -1.081971e-03)	(-2.642947e-06 -5.368605e-05 -4.870531e-07)
3191          	(-1.072986e-03 8.430134e-02 -1.066325e-03)	(-1.070392e-03 8.435476e-02 -1.065826e-03)	(-2.593794e-06 -5.341576e-05 -4.991086e-07)
3192          	(-1.063394e-03 8.429530e-02 -1.047305e-03)	(-1.060858e-03 8.434840e-02 -1.046789e-03)	(-2.536448e-06 -5.310440e-05 -5.153724e-07)
3193          	(-1.054158e-03 8.428361e-02 -1.028007e-03)	(-1.051683e-03 8.433637e-02 -1.027472e-03)	(-2.474369e-06 -5.275811e-05 -5.349490e-07)
3194          	(-1.045371e-03 8.426829e-02 -1.010088e-03)	(-1.042961e-03 8.432067e-02 -1.009534e-03)	(-2.410226e-06 -5.238260e-05 -5.536524e-07)
3195          	(-1.040509e-03 8.420296e-02 -1.004816e-03)	(-1.038153e-03 8.425496e-02 -1.004244e-03)	(-2.355960e-06 -5.199210e-05 -5.720705e-07)
3196          	(-1.033209e-03 8.419000e-02 -9.945660e-04)	(-1.030913e-03 8.424158e-02 -9.939774e-04)	(-2.295704e-06 -5.157230e-05 -5.886014e-07)
3197          	(-1.025668e-03 8.417942e-02 -9.839852e-04)	(-1.023439e-03 8.423055e-02 -9.833855e-04)	(-2.228806e-06 -5.112857e-05 -5.997863e-07)
3198          	(-1.017862e-03 8.417235e-02 -9.716251e-04)	(-1.015705e-03 8.422302e-02 -9.710211e-04)	(-2.157191e-06 -5.066402e-05 -6.039897e-07)
3199          	(-1.014232e-03 8.410491e-02 -9.680597e-04)	(-1.012136e-03 8.415511e-02 -9.674629e-04)	(-2.095838e-06 -5.019688e-05 -5.967696e-07)
3200          	(-1.009591e-03 8.405435e-02 -9.597956e-04)	(-1.007554e-03 8.410407e-02 -9.592204e-04)	(-2.037246e-06 -4.972288e-05 -5.752319e-07)
3201          	(-1.000188e-03 8.406260e-02 -9.385635e-04)	(-9.982222e-04 8.411184e-02 -9.380183e-04)	(-1.966036e-06 -4.924059e-05 -5.452005e-07)
3202          	(-9.908818e-04 8.407544e-02 -9.127660e-04)	(-9.889940e-04 8.412420e-02 -9.122554e-04)	(-1.887767e-06 -4.875864e-05 -5.106090e-07)
3203          	(-9.818317e-04 8.409332e-02 -8.820559e-04)	(-9.800220e-04 8.414161e-02 -8.815845e-04)	(-1.809639e-06 -4.828138e-05 -4.714290e-07)
3204          	(-9.730637e-04 8.411627e-02 -8.467051e-04)	(-9.713270e-04 8.416408e-02 -8.462750e-04)	(-1.736678e-06 -4.781235e-05 -4.301167e-07)
3205          	(-9.591775e-04 8.433335e-02 -7.771860e-04)	(-9.575348e-04 8.438065e-02 -7.767822e-04)	(-1.642728e-06 -4.730668e-05 -4.037801e-07)
3206          	(-9.453658e-04 8.446772e-02 -7.114869e-04)	(-9.438080e-04 8.451455e-02 -7.111056e-04)	(-1.557782e-06 -4.682335e-05 -3.813195e-07)
3207          	(-9.376889e-04 8.450910e-02 -6.739083e-04)	(-9.361882e-04 8.455550e-02 -6.735525e-04)	(-1.500674e-06 -4.639564e-05 -3.558833e-07)
3208          	(-9.306801e-04 8.454980e-02 -6.413188e-04)	(-9.292158e-04 8.459582e-02 -6.409901e-04)	(-1.464226e-06 -4.601645e-05 -3.286298e-07)
3209          	(-9.252088e-04 8.458599e-02 -6.164923e-04)	(-9.237686e-04 8.463167e-02 -6.161852e-04)	(-1.440204e-06 -4.567960e-05 -3.071184e-07)
3210          	(-9.226909e-04 8.461260e-02 -5.990818e-04)	(-9.212635e-04 8.465798e-02 -5.987880e-04)	(-1.427452e-06 -4.537942e-05 -2.938389e-07)
3211          	(-9.200586e-04 8.463582e-02 -5.824030e-04)	(-9.186368e-04 8.468093e-02 -5.821123e-04)	(-1.421849e-06 -4.511037e-05 -2.907003e-07)
3212          	(-9.171341e-04 8.465445e-02 -5.660147e-04)	(-9.157159e-04 8.469932e-02 -5.657210e-04)	(-1.418220e-06 -4.486784e-05 -2.936559e-07)
3213          	(-9.139381e-04 8.466820e-02 -5.488620e-04)	(-9.125234e-04 8.471285e-02 -5.485606e-04)	(-1.414699e-06 -4.464896e-05 -3.013379e-07)
3214          	(-9.088628e-04 8.467818e-02 -5.248485e-04)	(-9.074535e-04 8.472263e-02 -5.245396e-04)	(-1.409229e-06 -4.445182e-05 -3.088940e-07)
3215          	(-9.036602e-04 8.468212e-02 -4.942641e-04)	(-9.022562e-04 8.472639e-02 -4.939476e-04)	(-1.403986e-06 -4.427448e-05 -3.164752e-07)
3216          	(-8.993251e-04 8.468061e-02 -4.632715e-04)	(-8.979228e-04 8.472473e-02 -4.629455e-04)	(-1.402252e-06 -4.411532e-05 -3.260407e-07)
3217          	(-8.944058e-04 8.467405e-02 -4.297089e-04)	(-8.930031e-04 8.471802e-02 -4.293731e-04)	(-1.402686e-06 -4.397315e-05 -3.357902e-07)
3218          	(-8.887859e-04 8.466326e-02 -3.936334e-04)	(-8.873827e-04 8.470711e-02 -3.932867e-04)	(-1.403197e-06 -4.384677e-05 -3.467641e-07)
3219          	(-8.823722e-04 8.464909e-02 -3.544208e-04)	(-8.809687e-04 8.469282e-02 -3.540606e-04)	(-1.403454e-06 -4.373533e-05 -3.602224e-07)
3220          	(-8.737125e-04 8.463022e-02 -3.075447e-04)	(-8.723121e-04 8.467386e-02 -3.071680e-04)	(-1.400417e-06 -4.363810e-05 -3.766821e-07)
3221          	(-8.630142e-04 8.460694e-02 -2.522164e-04)	(-8.616235e-04 8.465049e-02 -2.518199e-04)	(-1.390731e-06 -4.355362e-05 -3.964844e-07)
3222          	(-8.504454e-04 8.458076e-02 -1.913237e-04)	(-8.490745e-04 8.462423e-02 -1.909022e-04)	(-1.370920e-06 -4.347919e-05 -4.214824e-07)
3223          	(-8.387040e-04 8.455951e-02 -1.363029e-04)	(-8.373622e-04 8.460292e-02 -1.358459e-04)	(-1.341845e-06 -4.341208e-05 -4.569967e-07)
3224          	(-8.280245e-04 8.454608e-02 -8.724130e-05)	(-8.267190e-04 8.458943e-02 -8.673447e-05)	(-1.305519e-06 -4.334928e-05 -5.068325e-07)
3225          	(-8.224379e-04 8.460785e-02 -5.224373e-05)	(-8.211768e-04 8.465113e-02 -5.166478e-05)	(-1.261021e-06 -4.327768e-05 -5.789502e-07)
3226          	(-8.195233e-04 8.467339e-02 -2.725816e-05)	(-8.183025e-04 8.471660e-02 -2.659434e-05)	(-1.220803e-06 -4.320898e-05 -6.638120e-07)
3227          	(-8.161479e-04 8.467674e-02 -1.568315e-05)	(-8.149550e-04 8.471990e-02 -1.492399e-05)	(-1.192866e-06 -4.316194e-05 -7.591610e-07)
3228          	(-8.141969e-04 8.468292e-02 -1.094918e-05)	(-8.130261e-04 8.472605e-02 -1.008761e-05)	(-1.170841e-06 -4.313222e-05 -8.615712e-07)
3229          	(-8.135493e-04 8.469007e-02 -1.182891e-05)	(-8.123956e-04 8.473318e-02 -1.086531e-05)	(-1.153736e-06 -4.311695e-05 -9.636045e-07)
3230          	(-8.142972e-04 8.476864e-02 -1.338795e-05)	(-8.131591e-04 8.481175e-02 -1.232812e-05)	(-1.138139e-06 -4.310468e-05 -1.059827e-06)
3231          	(-8.316322e-04 8.457152e-02 -2.479159e-05)	(-8.304484e-04 8.461470e-02 -2.369123e-05)	(-1.183811e-06 -4.318256e-05 -1.100358e-06)
3232          	(-8.422341e-04 8.444268e-02 -4.129770e-05)	(-8.409939e-04 8.448594e-02 -4.017769e-05)	(-1.240252e-06 -4.326911e-05 -1.120006e-06)
3233          	(-8.358970e-04 8.449279e-02 -4.980827e-05)	(-8.346583e-04 8.453609e-02 -4.864258e-05)	(-1.238705e-06 -4.330304e-05 -1.165687e-06)
3234          	(-8.300363e-04 8.453221e-02 -5.227475e-05)	(-8.288395e-04 8.457552e-02 -5.105454e-05)	(-1.196775e-06 -4.331092e-05 -1.220205e-06)
3235          	(-8.247727e-04 8.450626e-02 -5.200069e-05)	(-8.236295e-04 8.454958e-02 -5.073277e-05)	(-1.143182e-06 -4.331305e-05 -1.267926e-06)
3236          	(-8.214500e-04 8.448273e-02 -4.223680e-05)	(-8.203583e-04 8.452605e-02 -4.093785e-05)	(-1.091748e-06 -4.331729e-05 -1.298948e-06)
3237          	(-8.206671e-04 8.446562e-02 -2.369103e-05)	(-8.196141e-04 8.450896e-02 -2.237808e-05)	(-1.053093e-06 -4.333394e-05 -1.312955e-06)
3238          	(-8.211163e-04 8.445742e-02 -1.321045e-06)	(-8.200869e-04 8.450079e-02 -9.390567e-09)	(-1.029350e-06 -4.336770e-05 -1.311654e-06)
3239          	(-8.221720e-04 8.445450e-02 2.104134e-05)	(-8.211535e-04 8.449792e-02 2.234263e-05)	(-1.018507e-06 -4.341957e-05 -1.301283e-06)
3240          	(-8.234281e-04 8.445644e-02 4.054979e-05)	(-8.224113e-04 8.449993e-02 4.183669e-05)	(-1.016780e-06 -4.348869e-05 -1.286896e-06)
3241          	(-8.246176e-04 8.446117e-02 5.553533e-05)	(-8.235981e-04 8.450474e-02 5.680926e-05)	(-1.019451e-06 -4.357230e-05 -1.273935e-06)
3242          	(-8.258104e-04 8.446519e-02 6.430480e-05)	(-8.247874e-04 8.450886e-02 6.557119e-05)	(-1.023089e-06 -4.366675e-05 -1.266393e-06)
3243          	(-8.356849e-04 8.416641e-02 6.050392e-05)	(-8.346110e-04 8.421026e-02 6.173182e-05)	(-1.073890e-06 -4.384330e-05 -1.227894e-06)
3244          	(-8.349055e-04 8.415548e-02 5.325839e-05)	(-8.338124e-04 8.419945e-02 5.448242e-05)	(-1.093116e-06 -4.397632e-05 -1.224027e-06)
3245          	(-8.345779e-04 8.414228e-02 4.352078e-05)	(-8.334923e-04 8.418637e-02 4.476353e-05)	(-1.085652e-06 -4.409114e-05 -1.242743e-06)
3246          	(-8.350556e-04 8.412696e-02 3.311888e-05)	(-8.339867e-04 8.417115e-02 3.439133e-05)	(-1.068915e-06 -4.419267e-05 -1.272455e-06)
3247          	(-8.363514e-04 8.411363e-02 2.436219e-05)	(-8.352986e-04 8.415792e-02 2.566805e-05)	(-1.052804e-06 -4.428952e-05 -1.305860e-06)
3248          	(-8.389102e-04 8.410483e-02 1.575709e-05)	(-8.378665e-04 8.414922e-02 1.709396e-05)	(-1.043753e-06 -4.438845e-05 -1.336873e-06)
3249          	(-8.425794e-04 8.410105e-02 6.673163e-06)	(-8.415336e-04 8.414555e-02 8.037812e-06)	(-1.045807e-06 -4.449563e-05 -1.364649e-06)
3250          	(-8.471323e-04 8.410200e-02 -3.857651e-06)	(-8.460730e-04 8.414661e-02 -2.469928e-06)	(-1.059239e-06 -4.461486e-05 -1.387723e-06)
3251          	(-8.523316e-04 8.410654e-02 -1.639755e-05)	(-8.512487e-04 8.415129e-02 -1.498999e-05)	(-1.082933e-06 -4.474779e-05 -1.407560e-06)
3252          	(-8.579651e-04 8.411347e-02 -3.129451e-05)	(-8.568504e-04 8.415836e-02 -2.986898e-05)	(-1.114636e-06 -4.489433e-05 -1.425537e-06)
3253          	(-8.639002e-04 8.412176e-02 -4.823295e-05)	(-8.627493e-04 8.416681e-02 -4.679117e-05)	(-1.150920e-06 -4.505357e-05 -1.441775e-06)
3254          	(-8.694123e-04 8.412990e-02 -6.538293e-05)	(-8.682238e-04 8.417513e-02 -6.392674e-05)	(-1.188523e-06 -4.522456e-05 -1.456196e-06)
3255          	(-8.752157e-04 8.413886e-02 -8.369485e-05)	(-8.739906e-04 8.418427e-02 -8.222774e-05)	(-1.225132e-06 -4.540711e-05 -1.467120e-06)
3256          	(-8.821585e-04 8.414898e-02 -1.052042e-04)	(-8.808977e-04 8.419458e-02 -1.037298e-04)	(-1.260804e-06 -4.560080e-05 -1.474351e-06)
3257          	(-8.896068e-04 8.415879e-02 -1.284596e-04)	(-8.883115e-04 8.420459e-02 -1.269825e-04)	(-1.295321e-06 -4.580534e-05 -1.477005e-06)
3258          	(-9.036141e-04 8.417410e-02 -1.728694e-04)	(-9.022791e-04 8.422012e-02 -1.713925e-04)	(-1.334977e-06 -4.601709e-05 -1.476938e-06)
3259          	(-9.134351e-04 8.425459e-02 -1.996862e-04)	(-9.120677e-04 8.430081e-02 -1.982163e-04)	(-1.367358e-06 -4.622007e-05 -1.469829e-06)
3260          	(-9.224793e-04 8.435692e-02 -2.291357e-04)	(-9.210846e-04 8.440334e-02 -2.276739e-04)	(-1.394629e-06 -4.642162e-05 -1.461799e-06)
3261          	(-9.321815e-04 8.444646e-02 -2.593569e-04)	(-9.307541e-04 8.449309e-02 -2.579099e-04)	(-1.427394e-06 -4.663281e-05 -1.447041e-06)
3262          	(-9.455892e-04 8.448661e-02 -2.982410e-04)	(-9.441119e-04 8.453347e-02 -2.968298e-04)	(-1.477333e-06 -4.686561e-05 -1.411214e-06)
3263          	(-9.563044e-04 8.450582e-02 -3.312311e-04)	(-9.547629e-04 8.455295e-02 -3.298734e-04)	(-1.541587e-06 -4.712307e-05 -1.357681e-06)
3264          	(-9.651027e-04 8.452292e-02 -3.596166e-04)	(-9.634956e-04 8.457032e-02 -3.583225e-04)	(-1.607172e-06 -4.739886e-05 -1.294107e-06)
3265          	(-9.727665e-04 8.453899e-02 -3.873764e-04)	(-9.710960e-04 8.458667e-02 -3.861514e-04)	(-1.670529e-06 -4.768763e-05 -1.224973e-06)
3266          	(-9.795483e-04 8.455049e-02 -4.132069e-04)	(-9.778199e-04 8.459848e-02 -4.120530e-04)	(-1.728405e-06 -4.798373e-05 -1.153910e-06)
3267          	(-9.858184e-04 8.455684e-02 -4.387094e-04)	(-9.840380e-04 8.460512e-02 -4.376252e-04)	(-1.780334e-06 -4.828385e-05 -1.084266e-06)
3268          	(-9.918854e-04 8.455488e-02 -4.630753e-04)	(-9.900585e-04 8.460347e-02 -4.620585e-04)	(-1.826896e-06 -4.858507e-05 -1.016805e-06)
3269          	(-9.980790e-04 8.454422e-02 -4.864242e-04)	(-9.962097e-04 8.459310e-02 -4.854701e-04)	(-1.869357e-06 -4.888570e-05 -9.540900e-07)
3270          	(-1.004919e-03 8.452548e-02 -5.114246e-04)	(-1.003008e-03 8.457466e-02 -5.105261e-04)	(-1.910677e-06 -4.918443e-05 -8.985378e-07)
3271          	(-1.012264e-03 8.450262e-02 -5.351688e-04)	(-1.010311e-03 8.455210e-02 -5.343168e-04)	(-1.953072e-06 -4.948001e-05 -8.519942e-07)
3272          	(-1.019852e-03 8.447982e-02 -5.555921e-04)	(-1.017854e-03 8.452959e-02 -5.547782e-04)	(-1.997644e-06 -4.977158e-05 -8.138985e-07)
3273          	(-1.027875e-03 8.445720e-02 -5.767405e-04)	(-1.025829e-03 8.450726e-02 -5.759543e-04)	(-2.045858e-06 -5.005981e-05 -7.862343e-07)
3274          	(-1.036187e-03 8.443542e-02 -5.995850e-04)	(-1.034090e-03 8.448576e-02 -5.988183e-04)	(-2.097674e-06 -5.034545e-05 -7.666675e-07)
3275          	(-1.044614e-03 8.441408e-02 -6.246982e-04)	(-1.042460e-03 8.446471e-02 -6.239413e-04)	(-2.153274e-06 -5.062937e-05 -7.569823e-07)
3276          	(-1.052989e-03 8.439222e-02 -6.525275e-04)	(-1.050778e-03 8.444313e-02 -6.517748e-04)	(-2.210947e-06 -5.091214e-05 -7.527091e-07)
3277          	(-1.061224e-03 8.436896e-02 -6.829933e-04)	(-1.058954e-03 8.442016e-02 -6.822408e-04)	(-2.269929e-06 -5.119417e-05 -7.524476e-07)
3278          	(-1.069262e-03 8.434452e-02 -7.153284e-04)	(-1.066933e-03 8.439600e-02 -7.145745e-04)	(-2.328956e-06 -5.147477e-05 -7.538842e-07)
3279          	(-1.077065e-03 8.431954e-02 -7.481891e-04)	(-1.074677e-03 8.437129e-02 -7.474344e-04)	(-2.387251e-06 -5.175274e-05 -7.547245e-07)
3280          	(-1.084323e-03 8.429397e-02 -7.793427e-04)	(-1.081878e-03 8.434599e-02 -7.785900e-04)	(-2.444913e-06 -5.202635e-05 -7.527258e-07)
3281          	(-1.096444e-03 8.414559e-02 -8.267559e-04)	(-1.093924e-03 8.419791e-02 -8.260257e-04)	(-2.520108e-06 -5.232304e-05 -7.302048e-07)
3282          	(-1.101713e-03 8.412194e-02 -8.538139e-04)	(-1.099130e-03 8.417453e-02 -8.531030e-04)	(-2.582803e-06 -5.259665e-05 -7.109974e-07)
3283          	(-1.106328e-03 8.409720e-02 -8.788532e-04)	(-1.103696e-03 8.415005e-02 -8.781584e-04)	(-2.632478e-06 -5.285333e-05 -6.947852e-07)
3284          	(-1.110493e-03 8.407192e-02 -9.017392e-04)	(-1.107817e-03 8.412501e-02 -9.010618e-04)	(-2.675791e-06 -5.309649e-05 -6.773329e-07)
3285          	(-1.120799e-03 8.392276e-02 -9.468806e-04)	(-1.118061e-03 8.397612e-02 -9.462382e-04)	(-2.737573e-06 -5.335447e-05 -6.424028e-07)
3286          	(-1.122836e-03 8.389923e-02 -9.630575e-04)	(-1.120050e-03 8.395281e-02 -9.624500e-04)	(-2.786147e-06 -5.358328e-05 -6.074997e-07)
3287          	(-1.124200e-03 8.387316e-02 -9.780400e-04)	(-1.121377e-03 8.392695e-02 -9.774608e-04)	(-2.822401e-06 -5.378977e-05 -5.792255e-07)
3288          	(-1.132867e-03 8.372392e-02 -1.024071e-03)	(-1.129992e-03 8.377792e-02 -1.023531e-03)	(-2.874923e-06 -5.400300e-05 -5.399391e-07)
3289          	(-1.131972e-03 8.369818e-02 -1.034290e-03)	(-1.129061e-03 8.375236e-02 -1.033787e-03)	(-2.911184e-06 -5.417993e-05 -5.037501e-07)
3290          	(-1.132649e-03 8.355519e-02 -1.046595e-03)	(-1.129703e-03 8.360954e-02 -1.046126e-03)	(-2.946029e-06 -5.434813e-05 -4.683299e-07)
3291          	(-1.130633e-03 8.367227e-02 -1.059541e-03)	(-1.127692e-03 8.372670e-02 -1.059084e-03)	(-2.941067e-06 -5.443339e-05 -4.568381e-07)
3292          	(-1.130425e-03 8.381504e-02 -1.066366e-03)	(-1.127504e-03 8.386951e-02 -1.065919e-03)	(-2.921005e-06 -5.446831e-05 -4.472356e-07)
3293          	(-1.126308e-03 8.384182e-02 -1.071927e-03)	(-1.123391e-03 8.389632e-02 -1.071496e-03)	(-2.916644e-06 -5.450229e-05 -4.313352e-07)
3294          	(-1.128205e-03 8.388429e-02 -1.081764e-03)	(-1.125279e-03 8.393882e-02 -1.081352e-03)	(-2.925833e-06 -5.453025e-05 -4.111923e-07)
3295          	(-1.128247e-03 8.392964e-02 -1.090850e-03)	(-1.125304e-03 8.398418e-02 -1.090464e-03)	(-2.943161e-06 -5.454599e-05 -3.861416e-07)
3296          	(-1.126456e-03 8.397657e-02 -1.101298e-03)	(-1.123500e-03 8.403111e-02 -1.100935e-03)	(-2.955827e-06 -5.454234e-05 -3.628078e-07)
3297          	(-1.122907e-03 8.402312e-02 -1.111544e-03)	(-1.119948e-03 8.407763e-02 -1.111199e-03)	(-2.958302e-06 -5.451147e-05 -3.445499e-07)
3298          	(-1.113307e-03 8.420810e-02 -1.115758e-03)	(-1.110383e-03 8.426251e-02 -1.115413e-03)	(-2.924624e-06 -5.441336e-05 -3.447167e-07)
3299          	(-1.111275e-03 8.422086e-02 -1.118372e-03)	(-1.108376e-03 8.427517e-02 -1.118041e-03)	(-2.899434e-06 -5.430819e-05 -3.303018e-07)
3300          	(-1.108504e-03 8.423075e-02 -1.116537e-03)	(-1.105622e-03 8.428493e-02 -1.116225e-03)	(-2.882030e-06 -5.417660e-05 -3.112211e-07)
