# Force       
# CofR        : (0.000000e+00 0.000000e+00 0.000000e+00)
#
# Time        	(total_x total_y total_z)	(pressure_x pressure_y pressure_z)	(viscous_x viscous_y viscous_z)
3701          	(1.928463e-01 3.800187e-01 -4.700239e+02)	(1.903120e-01 3.803825e-01 -4.700236e+02)	(2.534292e-03 -3.637541e-04 -3.016318e-04)
3702          	(1.929102e-01 3.802486e-01 -4.700239e+02)	(1.903767e-01 3.806117e-01 -4.700236e+02)	(2.533525e-03 -3.630968e-04 -3.018732e-04)
3703          	(1.929871e-01 3.804954e-01 -4.700238e+02)	(1.904542e-01 3.808579e-01 -4.700235e+02)	(2.532883e-03 -3.624739e-04 -3.021245e-04)
3704          	(1.932475e-01 3.812637e-01 -4.700238e+02)	(1.907152e-01 3.816255e-01 -4.700235e+02)	(2.532277e-03 -3.618026e-04 -3.023887e-04)
3705          	(1.933295e-01 3.814931e-01 -4.700237e+02)	(1.907977e-01 3.818543e-01 -4.700234e+02)	(2.531818e-03 -3.612042e-04 -3.026533e-04)
3706          	(1.940647e-01 3.829927e-01 -4.700231e+02)	(1.915322e-01 3.833536e-01 -4.700228e+02)	(2.532551e-03 -3.609187e-04 -3.029696e-04)
3707          	(1.941305e-01 3.831763e-01 -4.700230e+02)	(1.915974e-01 3.835369e-01 -4.700227e+02)	(2.533149e-03 -3.605836e-04 -3.032634e-04)
3708          	(1.941996e-01 3.833693e-01 -4.700230e+02)	(1.916661e-01 3.837295e-01 -4.700227e+02)	(2.533508e-03 -3.602482e-04 -3.035347e-04)
3709          	(1.942759e-01 3.835807e-01 -4.700230e+02)	(1.917422e-01 3.839406e-01 -4.700227e+02)	(2.533763e-03 -3.598985e-04 -3.037980e-04)
3710          	(1.943665e-01 3.838333e-01 -4.700230e+02)	(1.918326e-01 3.841928e-01 -4.700227e+02)	(2.533952e-03 -3.595415e-04 -3.040606e-04)
3711          	(1.944707e-01 3.841173e-01 -4.700230e+02)	(1.919366e-01 3.844765e-01 -4.700227e+02)	(2.534123e-03 -3.591873e-04 -3.043281e-04)
3712          	(1.945910e-01 3.844369e-01 -4.700229e+02)	(1.920567e-01 3.847958e-01 -4.700226e+02)	(2.534302e-03 -3.588403e-04 -3.046010e-04)
3713          	(1.949425e-01 3.853900e-01 -4.700229e+02)	(1.924081e-01 3.857485e-01 -4.700226e+02)	(2.534470e-03 -3.584265e-04 -3.048889e-04)
3714          	(1.953285e-01 3.863869e-01 -4.700228e+02)	(1.927937e-01 3.867449e-01 -4.700225e+02)	(2.534730e-03 -3.580130e-04 -3.051837e-04)
3715          	(1.954302e-01 3.866051e-01 -4.700228e+02)	(1.928951e-01 3.869627e-01 -4.700225e+02)	(2.535079e-03 -3.576890e-04 -3.054670e-04)
3716          	(1.958230e-01 3.875177e-01 -4.700228e+02)	(1.932873e-01 3.878751e-01 -4.700225e+02)	(2.535689e-03 -3.574216e-04 -3.057589e-04)
3717          	(1.961845e-01 3.883068e-01 -4.700228e+02)	(1.936479e-01 3.886640e-01 -4.700225e+02)	(2.536606e-03 -3.572322e-04 -3.060531e-04)
3718          	(1.962588e-01 3.884068e-01 -4.700228e+02)	(1.937213e-01 3.887639e-01 -4.700225e+02)	(2.537523e-03 -3.571031e-04 -3.063260e-04)
3719          	(1.963395e-01 3.885103e-01 -4.700228e+02)	(1.938011e-01 3.888673e-01 -4.700225e+02)	(2.538455e-03 -3.570206e-04 -3.065889e-04)
3720          	(1.964371e-01 3.886474e-01 -4.700229e+02)	(1.938976e-01 3.890043e-01 -4.700226e+02)	(2.539451e-03 -3.569692e-04 -3.068473e-04)
3721          	(1.970173e-01 3.898882e-01 -4.700230e+02)	(1.944763e-01 3.902452e-01 -4.700227e+02)	(2.540980e-03 -3.570002e-04 -3.071341e-04)
3722          	(1.971246e-01 3.900575e-01 -4.700230e+02)	(1.945821e-01 3.904145e-01 -4.700227e+02)	(2.542466e-03 -3.570296e-04 -3.074050e-04)
3723          	(1.973970e-01 3.909213e-01 -4.700240e+02)	(1.948537e-01 3.912781e-01 -4.700237e+02)	(2.543288e-03 -3.567820e-04 -3.076603e-04)
3724          	(1.975020e-01 3.911079e-01 -4.700241e+02)	(1.949579e-01 3.914645e-01 -4.700238e+02)	(2.544135e-03 -3.566147e-04 -3.079061e-04)
3725          	(1.977163e-01 3.918760e-01 -4.700250e+02)	(1.951719e-01 3.922321e-01 -4.700247e+02)	(2.544393e-03 -3.561938e-04 -3.081449e-04)
3726          	(1.978126e-01 3.920501e-01 -4.700251e+02)	(1.952678e-01 3.924060e-01 -4.700248e+02)	(2.544808e-03 -3.559013e-04 -3.083852e-04)
3727          	(1.979431e-01 3.923245e-01 -4.700251e+02)	(1.953977e-01 3.926802e-01 -4.700248e+02)	(2.545363e-03 -3.556620e-04 -3.086333e-04)
3728          	(1.980801e-01 3.926068e-01 -4.700251e+02)	(1.955341e-01 3.929623e-01 -4.700248e+02)	(2.546045e-03 -3.554681e-04 -3.088869e-04)
3729          	(1.982249e-01 3.928981e-01 -4.700251e+02)	(1.956780e-01 3.932534e-01 -4.700248e+02)	(2.546845e-03 -3.553182e-04 -3.091427e-04)
3730          	(1.985868e-01 3.937775e-01 -4.700252e+02)	(1.960391e-01 3.941327e-01 -4.700248e+02)	(2.547735e-03 -3.551495e-04 -3.094018e-04)
3731          	(1.987144e-01 3.939967e-01 -4.700252e+02)	(1.961656e-01 3.943517e-01 -4.700249e+02)	(2.548741e-03 -3.550591e-04 -3.096455e-04)
3732          	(1.988472e-01 3.942221e-01 -4.700252e+02)	(1.962974e-01 3.945772e-01 -4.700249e+02)	(2.549841e-03 -3.550276e-04 -3.098779e-04)
3733          	(1.993631e-01 3.954719e-01 -4.700253e+02)	(1.968121e-01 3.958268e-01 -4.700250e+02)	(2.551004e-03 -3.549389e-04 -3.101135e-04)
3734          	(1.994767e-01 3.956362e-01 -4.700254e+02)	(1.969245e-01 3.959911e-01 -4.700250e+02)	(2.552232e-03 -3.549136e-04 -3.103282e-04)
3735          	(1.995958e-01 3.958132e-01 -4.700254e+02)	(1.970423e-01 3.961682e-01 -4.700251e+02)	(2.553506e-03 -3.549516e-04 -3.105299e-04)
3736          	(2.000078e-01 3.968050e-01 -4.700255e+02)	(1.974530e-01 3.971600e-01 -4.700252e+02)	(2.554767e-03 -3.549191e-04 -3.107351e-04)
3737          	(2.001204e-01 3.969522e-01 -4.700255e+02)	(1.975643e-01 3.973071e-01 -4.700252e+02)	(2.556109e-03 -3.549630e-04 -3.109286e-04)
3738          	(2.002577e-01 3.971732e-01 -4.700255e+02)	(1.977002e-01 3.975283e-01 -4.700252e+02)	(2.557504e-03 -3.550523e-04 -3.111185e-04)
3739          	(2.004910e-01 3.976760e-01 -4.700255e+02)	(1.979321e-01 3.980311e-01 -4.700252e+02)	(2.558903e-03 -3.551231e-04 -3.113103e-04)
3740          	(2.007172e-01 3.981497e-01 -4.700256e+02)	(1.981569e-01 3.985049e-01 -4.700253e+02)	(2.560328e-03 -3.552026e-04 -3.114996e-04)
3741          	(2.008651e-01 3.983782e-01 -4.700256e+02)	(1.983032e-01 3.987336e-01 -4.700253e+02)	(2.561842e-03 -3.553559e-04 -3.116825e-04)
3742          	(2.010214e-01 3.986292e-01 -4.700256e+02)	(1.984580e-01 3.989848e-01 -4.700253e+02)	(2.563420e-03 -3.555550e-04 -3.118585e-04)
3743          	(2.012589e-01 3.991289e-01 -4.700256e+02)	(1.986939e-01 3.994846e-01 -4.700253e+02)	(2.564979e-03 -3.557376e-04 -3.120287e-04)
3744          	(2.014315e-01 3.994139e-01 -4.700256e+02)	(1.988649e-01 3.997699e-01 -4.700253e+02)	(2.566603e-03 -3.559727e-04 -3.121869e-04)
3745          	(2.016797e-01 3.999376e-01 -4.700256e+02)	(1.991115e-01 4.002938e-01 -4.700253e+02)	(2.568192e-03 -3.561924e-04 -3.123367e-04)
3746          	(2.018308e-01 4.001554e-01 -4.700256e+02)	(1.992609e-01 4.005119e-01 -4.700253e+02)	(2.569838e-03 -3.564794e-04 -3.124705e-04)
3747          	(2.022182e-01 4.010234e-01 -4.700256e+02)	(1.996467e-01 4.013801e-01 -4.700253e+02)	(2.571490e-03 -3.567394e-04 -3.126045e-04)
3748          	(2.023359e-01 4.011459e-01 -4.700256e+02)	(1.997627e-01 4.015030e-01 -4.700253e+02)	(2.573177e-03 -3.570768e-04 -3.127179e-04)
3749          	(2.024479e-01 4.012623e-01 -4.700256e+02)	(1.998731e-01 4.016198e-01 -4.700253e+02)	(2.574863e-03 -3.574696e-04 -3.128208e-04)
3750          	(2.029379e-01 4.022032e-01 -4.700255e+02)	(2.003609e-01 4.025612e-01 -4.700252e+02)	(2.577005e-03 -3.579771e-04 -3.129410e-04)
3751          	(2.030168e-01 4.022605e-01 -4.700255e+02)	(2.004378e-01 4.026189e-01 -4.700252e+02)	(2.579010e-03 -3.584613e-04 -3.130409e-04)
3752          	(2.030886e-01 4.023066e-01 -4.700255e+02)	(2.005077e-01 4.026655e-01 -4.700251e+02)	(2.580836e-03 -3.589410e-04 -3.131246e-04)
3753          	(2.031580e-01 4.023421e-01 -4.700254e+02)	(2.005754e-01 4.027015e-01 -4.700251e+02)	(2.582577e-03 -3.594193e-04 -3.131982e-04)
3754          	(2.037536e-01 4.032923e-01 -4.700249e+02)	(2.011682e-01 4.036525e-01 -4.700246e+02)	(2.585364e-03 -3.602087e-04 -3.133053e-04)
3755          	(2.038097e-01 4.033038e-01 -4.700249e+02)	(2.012219e-01 4.036647e-01 -4.700245e+02)	(2.587848e-03 -3.608944e-04 -3.133808e-04)
3756          	(2.038579e-01 4.033077e-01 -4.700248e+02)	(2.012679e-01 4.036693e-01 -4.700245e+02)	(2.589946e-03 -3.615341e-04 -3.134232e-04)
3757          	(2.038081e-01 4.029111e-01 -4.700242e+02)	(2.012160e-01 4.032734e-01 -4.700238e+02)	(2.592112e-03 -3.622854e-04 -3.134454e-04)
3758          	(2.038576e-01 4.029331e-01 -4.700241e+02)	(2.012635e-01 4.032961e-01 -4.700238e+02)	(2.594029e-03 -3.629575e-04 -3.134539e-04)
3759          	(2.039073e-01 4.029620e-01 -4.700241e+02)	(2.013116e-01 4.033256e-01 -4.700238e+02)	(2.595751e-03 -3.635732e-04 -3.134534e-04)
3760          	(2.039577e-01 4.029913e-01 -4.700241e+02)	(2.013604e-01 4.033554e-01 -4.700238e+02)	(2.597328e-03 -3.641593e-04 -3.134432e-04)
3761          	(2.040095e-01 4.030224e-01 -4.700241e+02)	(2.014107e-01 4.033871e-01 -4.700238e+02)	(2.598801e-03 -3.647229e-04 -3.134264e-04)
3762          	(2.040629e-01 4.030523e-01 -4.700240e+02)	(2.014627e-01 4.034176e-01 -4.700237e+02)	(2.600195e-03 -3.652709e-04 -3.134027e-04)
3763          	(2.041138e-01 4.030563e-01 -4.700240e+02)	(2.015122e-01 4.034222e-01 -4.700237e+02)	(2.601557e-03 -3.658251e-04 -3.133703e-04)
3764          	(2.041639e-01 4.030550e-01 -4.700240e+02)	(2.015610e-01 4.034213e-01 -4.700237e+02)	(2.602887e-03 -3.663834e-04 -3.133296e-04)
3765          	(2.042126e-01 4.030463e-01 -4.700240e+02)	(2.016084e-01 4.034132e-01 -4.700237e+02)	(2.604196e-03 -3.669454e-04 -3.132819e-04)
3766          	(2.042601e-01 4.030287e-01 -4.700240e+02)	(2.016546e-01 4.033962e-01 -4.700237e+02)	(2.605486e-03 -3.675151e-04 -3.132266e-04)
3767          	(2.043080e-01 4.030091e-01 -4.700239e+02)	(2.017012e-01 4.033772e-01 -4.700236e+02)	(2.606760e-03 -3.680928e-04 -3.131645e-04)
3768          	(2.046224e-01 4.032414e-01 -4.700229e+02)	(2.020133e-01 4.036105e-01 -4.700226e+02)	(2.609064e-03 -3.690622e-04 -3.131210e-04)
3769          	(2.046694e-01 4.031969e-01 -4.700228e+02)	(2.020582e-01 4.035669e-01 -4.700225e+02)	(2.611173e-03 -3.699503e-04 -3.130543e-04)
3770          	(2.047123e-01 4.031328e-01 -4.700228e+02)	(2.020993e-01 4.035036e-01 -4.700225e+02)	(2.613031e-03 -3.708090e-04 -3.129650e-04)
3771          	(2.047478e-01 4.030407e-01 -4.700228e+02)	(2.021331e-01 4.034124e-01 -4.700225e+02)	(2.614745e-03 -3.716759e-04 -3.128555e-04)
3772          	(2.047747e-01 4.024546e-01 -4.700218e+02)	(2.021573e-01 4.028276e-01 -4.700215e+02)	(2.617401e-03 -3.730220e-04 -3.127448e-04)
3773          	(2.048091e-01 4.023865e-01 -4.700218e+02)	(2.021894e-01 4.027607e-01 -4.700215e+02)	(2.619717e-03 -3.742090e-04 -3.126225e-04)
3774          	(2.047365e-01 4.020403e-01 -4.700218e+02)	(2.021149e-01 4.024156e-01 -4.700215e+02)	(2.621644e-03 -3.753095e-04 -3.124844e-04)
3775          	(2.047308e-01 4.019117e-01 -4.700218e+02)	(2.021075e-01 4.022881e-01 -4.700215e+02)	(2.623258e-03 -3.763232e-04 -3.123397e-04)
3776          	(2.044742e-01 4.011123e-01 -4.700215e+02)	(2.018495e-01 4.014896e-01 -4.700212e+02)	(2.624660e-03 -3.773551e-04 -3.121800e-04)
3777          	(2.043710e-01 4.007466e-01 -4.700215e+02)	(2.017451e-01 4.011249e-01 -4.700211e+02)	(2.625866e-03 -3.783301e-04 -3.120236e-04)
3778          	(2.040737e-01 3.999015e-01 -4.700212e+02)	(2.014469e-01 4.002808e-01 -4.700209e+02)	(2.626852e-03 -3.792842e-04 -3.118618e-04)
3779          	(2.040647e-01 3.995402e-01 -4.700206e+02)	(2.014364e-01 3.999206e-01 -4.700202e+02)	(2.628312e-03 -3.804303e-04 -3.117190e-04)
3780          	(2.037539e-01 3.987283e-01 -4.700203e+02)	(2.011245e-01 3.991097e-01 -4.700200e+02)	(2.629377e-03 -3.814390e-04 -3.115622e-04)
3781          	(2.036503e-01 3.981904e-01 -4.700198e+02)	(2.010197e-01 3.985729e-01 -4.700194e+02)	(2.630675e-03 -3.825689e-04 -3.114102e-04)
3782          	(2.034027e-01 3.975852e-01 -4.700196e+02)	(2.007712e-01 3.979687e-01 -4.700193e+02)	(2.631518e-03 -3.835051e-04 -3.112451e-04)
3783          	(2.031772e-01 3.969970e-01 -4.700194e+02)	(2.005452e-01 3.973814e-01 -4.700191e+02)	(2.632052e-03 -3.843519e-04 -3.110682e-04)
3784          	(2.031542e-01 3.968710e-01 -4.700194e+02)	(2.005217e-01 3.972561e-01 -4.700191e+02)	(2.632563e-03 -3.851452e-04 -3.108970e-04)
3785          	(2.031190e-01 3.967159e-01 -4.700194e+02)	(2.004860e-01 3.971018e-01 -4.700191e+02)	(2.633034e-03 -3.858911e-04 -3.107290e-04)
3786          	(2.030653e-01 3.965117e-01 -4.700194e+02)	(2.004318e-01 3.968983e-01 -4.700191e+02)	(2.633449e-03 -3.866135e-04 -3.105607e-04)
3787          	(2.029888e-01 3.962450e-01 -4.700194e+02)	(2.003550e-01 3.966324e-01 -4.700190e+02)	(2.633808e-03 -3.873214e-04 -3.103915e-04)
3788          	(2.026820e-01 3.952912e-01 -4.700189e+02)	(2.000477e-01 3.956794e-01 -4.700186e+02)	(2.634289e-03 -3.881557e-04 -3.102186e-04)
3789          	(2.025914e-01 3.949657e-01 -4.700189e+02)	(1.999566e-01 3.953546e-01 -4.700186e+02)	(2.634755e-03 -3.889670e-04 -3.100542e-04)
3790          	(2.024914e-01 3.946116e-01 -4.700189e+02)	(1.998561e-01 3.950014e-01 -4.700186e+02)	(2.635226e-03 -3.897629e-04 -3.098992e-04)
3791          	(2.023794e-01 3.942273e-01 -4.700189e+02)	(1.997437e-01 3.946179e-01 -4.700186e+02)	(2.635693e-03 -3.905614e-04 -3.097478e-04)
3792          	(2.022750e-01 3.938730e-01 -4.700189e+02)	(1.996389e-01 3.942644e-01 -4.700186e+02)	(2.636144e-03 -3.913523e-04 -3.096013e-04)
3793          	(2.021559e-01 3.934958e-01 -4.700189e+02)	(1.995193e-01 3.938879e-01 -4.700186e+02)	(2.636546e-03 -3.921277e-04 -3.094543e-04)
3794          	(2.020157e-01 3.930758e-01 -4.700189e+02)	(1.993788e-01 3.934687e-01 -4.700186e+02)	(2.636890e-03 -3.928912e-04 -3.093066e-04)
3795          	(2.015754e-01 3.918726e-01 -4.700189e+02)	(1.989383e-01 3.922663e-01 -4.700186e+02)	(2.637133e-03 -3.937073e-04 -3.091447e-04)
3796          	(2.014465e-01 3.915157e-01 -4.700189e+02)	(1.988092e-01 3.919102e-01 -4.700185e+02)	(2.637303e-03 -3.944600e-04 -3.089933e-04)
3797          	(2.013130e-01 3.911603e-01 -4.700188e+02)	(1.986756e-01 3.915555e-01 -4.700185e+02)	(2.637394e-03 -3.951493e-04 -3.088470e-04)
3798          	(2.007830e-01 3.897999e-01 -4.700188e+02)	(1.981457e-01 3.901957e-01 -4.700185e+02)	(2.637294e-03 -3.958591e-04 -3.086872e-04)
3799          	(2.006740e-01 3.895285e-01 -4.700188e+02)	(1.980368e-01 3.899250e-01 -4.700185e+02)	(2.637141e-03 -3.964952e-04 -3.085430e-04)
3800          	(2.001476e-01 3.882240e-01 -4.700187e+02)	(1.975108e-01 3.886211e-01 -4.700184e+02)	(2.636783e-03 -3.971087e-04 -3.083893e-04)
3801          	(2.000687e-01 3.880399e-01 -4.700186e+02)	(1.974323e-01 3.884376e-01 -4.700183e+02)	(2.636426e-03 -3.976640e-04 -3.082534e-04)
3802          	(1.999940e-01 3.878707e-01 -4.700186e+02)	(1.973579e-01 3.882689e-01 -4.700183e+02)	(2.636093e-03 -3.981602e-04 -3.081283e-04)
3803          	(1.994956e-01 3.866982e-01 -4.700183e+02)	(1.968601e-01 3.870968e-01 -4.700180e+02)	(2.635470e-03 -3.986427e-04 -3.079791e-04)
3804          	(1.990690e-01 3.856632e-01 -4.700179e+02)	(1.964343e-01 3.860623e-01 -4.700176e+02)	(2.634735e-03 -3.991435e-04 -3.078216e-04)
3805          	(1.990485e-01 3.852682e-01 -4.700172e+02)	(1.964136e-01 3.856682e-01 -4.700169e+02)	(2.634979e-03 -3.999485e-04 -3.076968e-04)
3806          	(1.989921e-01 3.851498e-01 -4.700172e+02)	(1.963569e-01 3.855504e-01 -4.700168e+02)	(2.635121e-03 -4.005807e-04 -3.075778e-04)
3807          	(1.989552e-01 3.851075e-01 -4.700171e+02)	(1.963203e-01 3.855085e-01 -4.700168e+02)	(2.634982e-03 -4.010684e-04 -3.074499e-04)
3808          	(1.989153e-01 3.850932e-01 -4.700171e+02)	(1.962807e-01 3.854946e-01 -4.700168e+02)	(2.634570e-03 -4.014144e-04 -3.073169e-04)
3809          	(1.988610e-01 3.847873e-01 -4.700164e+02)	(1.962265e-01 3.851892e-01 -4.700161e+02)	(2.634581e-03 -4.019335e-04 -3.071888e-04)
3810          	(1.988719e-01 3.848830e-01 -4.700164e+02)	(1.962375e-01 3.852853e-01 -4.700161e+02)	(2.634427e-03 -4.023181e-04 -3.070679e-04)
3811          	(1.988689e-01 3.849492e-01 -4.700164e+02)	(1.962349e-01 3.853518e-01 -4.700161e+02)	(2.634061e-03 -4.026083e-04 -3.069506e-04)
3812          	(1.988464e-01 3.849670e-01 -4.700164e+02)	(1.962129e-01 3.853699e-01 -4.700160e+02)	(2.633539e-03 -4.028449e-04 -3.068405e-04)
3813          	(1.988003e-01 3.849216e-01 -4.700163e+02)	(1.961674e-01 3.853246e-01 -4.700160e+02)	(2.632903e-03 -4.030518e-04 -3.067380e-04)
3814          	(1.987276e-01 3.848016e-01 -4.700163e+02)	(1.960954e-01 3.852048e-01 -4.700160e+02)	(2.632191e-03 -4.032455e-04 -3.066461e-04)
3815          	(1.986268e-01 3.845997e-01 -4.700163e+02)	(1.959954e-01 3.850031e-01 -4.700160e+02)	(2.631437e-03 -4.034403e-04 -3.065637e-04)
3816          	(1.984972e-01 3.843131e-01 -4.700163e+02)	(1.958665e-01 3.847167e-01 -4.700160e+02)	(2.630674e-03 -4.036443e-04 -3.064930e-04)
3817          	(1.983387e-01 3.839428e-01 -4.700163e+02)	(1.957088e-01 3.843467e-01 -4.700160e+02)	(2.629916e-03 -4.038608e-04 -3.064325e-04)
3818          	(1.981518e-01 3.834930e-01 -4.700163e+02)	(1.955226e-01 3.838970e-01 -4.700160e+02)	(2.629180e-03 -4.040889e-04 -3.063836e-04)
3819          	(1.976249e-01 3.821169e-01 -4.700164e+02)	(1.949964e-01 3.825214e-01 -4.700161e+02)	(2.628521e-03 -4.044371e-04 -3.063288e-04)
3820          	(1.974411e-01 3.816972e-01 -4.700164e+02)	(1.948133e-01 3.821019e-01 -4.700161e+02)	(2.627859e-03 -4.047135e-04 -3.063018e-04)
3821          	(1.972598e-01 3.812971e-01 -4.700164e+02)	(1.946326e-01 3.817020e-01 -4.700161e+02)	(2.627164e-03 -4.049082e-04 -3.062937e-04)
3822          	(1.971145e-01 3.810103e-01 -4.700164e+02)	(1.944881e-01 3.814153e-01 -4.700161e+02)	(2.626418e-03 -4.050147e-04 -3.063055e-04)
3823          	(1.969723e-01 3.807419e-01 -4.700164e+02)	(1.943467e-01 3.811470e-01 -4.700161e+02)	(2.625616e-03 -4.050433e-04 -3.063294e-04)
3824          	(1.968316e-01 3.804892e-01 -4.700164e+02)	(1.942069e-01 3.808942e-01 -4.700161e+02)	(2.624745e-03 -4.050041e-04 -3.063598e-04)
3825          	(1.966916e-01 3.802512e-01 -4.700164e+02)	(1.940678e-01 3.806561e-01 -4.700161e+02)	(2.623794e-03 -4.048990e-04 -3.063921e-04)
3826          	(1.965533e-01 3.800302e-01 -4.700164e+02)	(1.939306e-01 3.804350e-01 -4.700161e+02)	(2.622760e-03 -4.047321e-04 -3.064239e-04)
3827          	(1.964192e-01 3.798308e-01 -4.700164e+02)	(1.937975e-01 3.802353e-01 -4.700161e+02)	(2.621640e-03 -4.045041e-04 -3.064538e-04)
3828          	(1.963059e-01 3.796875e-01 -4.700164e+02)	(1.936854e-01 3.800917e-01 -4.700160e+02)	(2.620455e-03 -4.042152e-04 -3.064836e-04)
3829          	(1.962014e-01 3.795713e-01 -4.700163e+02)	(1.935822e-01 3.799752e-01 -4.700160e+02)	(2.619212e-03 -4.038707e-04 -3.065125e-04)
3830          	(1.961085e-01 3.794867e-01 -4.700163e+02)	(1.934906e-01 3.798902e-01 -4.700160e+02)	(2.617919e-03 -4.034780e-04 -3.065409e-04)
3831          	(1.960283e-01 3.794359e-01 -4.700163e+02)	(1.934117e-01 3.798390e-01 -4.700160e+02)	(2.616582e-03 -4.030412e-04 -3.065694e-04)
3832          	(1.959609e-01 3.794190e-01 -4.700163e+02)	(1.933457e-01 3.798216e-01 -4.700160e+02)	(2.615203e-03 -4.025636e-04 -3.065977e-04)
3833          	(1.959055e-01 3.794349e-01 -4.700163e+02)	(1.932917e-01 3.798369e-01 -4.700160e+02)	(2.613788e-03 -4.020510e-04 -3.066258e-04)
3834          	(1.958612e-01 3.794812e-01 -4.700163e+02)	(1.932489e-01 3.798827e-01 -4.700160e+02)	(2.612337e-03 -4.015056e-04 -3.066535e-04)
3835          	(1.958273e-01 3.795552e-01 -4.700163e+02)	(1.932164e-01 3.799561e-01 -4.700160e+02)	(2.610858e-03 -4.009335e-04 -3.066808e-04)
3836          	(1.958031e-01 3.796531e-01 -4.700163e+02)	(1.931938e-01 3.800535e-01 -4.700160e+02)	(2.609354e-03 -4.003390e-04 -3.067072e-04)
3837          	(1.957884e-01 3.797708e-01 -4.700163e+02)	(1.931806e-01 3.801705e-01 -4.700160e+02)	(2.607844e-03 -3.997298e-04 -3.067324e-04)
3838          	(1.957828e-01 3.799022e-01 -4.700163e+02)	(1.931765e-01 3.803013e-01 -4.700160e+02)	(2.606336e-03 -3.991141e-04 -3.067556e-04)
3839          	(1.957854e-01 3.800423e-01 -4.700163e+02)	(1.931805e-01 3.804408e-01 -4.700160e+02)	(2.604858e-03 -3.985041e-04 -3.067767e-04)
3840          	(1.958017e-01 3.802027e-01 -4.700164e+02)	(1.931983e-01 3.806006e-01 -4.700160e+02)	(2.603422e-03 -3.979114e-04 -3.067930e-04)
3841          	(1.958250e-01 3.803623e-01 -4.700164e+02)	(1.932230e-01 3.807597e-01 -4.700161e+02)	(2.602058e-03 -3.973494e-04 -3.068034e-04)
3842          	(1.958618e-01 3.805193e-01 -4.700164e+02)	(1.932610e-01 3.809162e-01 -4.700161e+02)	(2.600816e-03 -3.968497e-04 -3.068038e-04)
3843          	(1.960571e-01 3.815091e-01 -4.700178e+02)	(1.934584e-01 3.819051e-01 -4.700175e+02)	(2.598698e-03 -3.959544e-04 -3.067737e-04)
3844          	(1.961116e-01 3.818719e-01 -4.700191e+02)	(1.935152e-01 3.822669e-01 -4.700188e+02)	(2.596402e-03 -3.950647e-04 -3.067111e-04)
3845          	(1.958929e-01 3.814097e-01 -4.700202e+02)	(1.932986e-01 3.818040e-01 -4.700199e+02)	(2.594242e-03 -3.943311e-04 -3.066244e-04)
3846          	(1.955580e-01 3.803005e-01 -4.700204e+02)	(1.929650e-01 3.806946e-01 -4.700201e+02)	(2.592977e-03 -3.940622e-04 -3.065384e-04)
3847          	(1.952188e-01 3.792689e-01 -4.700204e+02)	(1.926265e-01 3.796630e-01 -4.700201e+02)	(2.592247e-03 -3.940210e-04 -3.064619e-04)
3848          	(1.949118e-01 3.784305e-01 -4.700205e+02)	(1.923201e-01 3.788245e-01 -4.700202e+02)	(2.591642e-03 -3.940299e-04 -3.063932e-04)
3849          	(1.946521e-01 3.778172e-01 -4.700206e+02)	(1.920612e-01 3.782112e-01 -4.700203e+02)	(2.590914e-03 -3.939751e-04 -3.063320e-04)
3850          	(1.945748e-01 3.777453e-01 -4.700206e+02)	(1.919848e-01 3.781390e-01 -4.700203e+02)	(2.589985e-03 -3.937829e-04 -3.062807e-04)
3851          	(1.944949e-01 3.776970e-01 -4.700206e+02)	(1.919060e-01 3.780905e-01 -4.700203e+02)	(2.588853e-03 -3.934744e-04 -3.062300e-04)
3852          	(1.944029e-01 3.776450e-01 -4.700206e+02)	(1.918154e-01 3.780380e-01 -4.700203e+02)	(2.587497e-03 -3.930638e-04 -3.061722e-04)
3853          	(1.941067e-01 3.772394e-01 -4.700205e+02)	(1.915212e-01 3.776319e-01 -4.700202e+02)	(2.585502e-03 -3.924349e-04 -3.060868e-04)
3854          	(1.938345e-01 3.768780e-01 -4.700205e+02)	(1.912515e-01 3.772696e-01 -4.700202e+02)	(2.583037e-03 -3.916573e-04 -3.059813e-04)
3855          	(1.937694e-01 3.768596e-01 -4.700205e+02)	(1.911886e-01 3.772505e-01 -4.700202e+02)	(2.580750e-03 -3.909060e-04 -3.058864e-04)
3856          	(1.935744e-01 3.765911e-01 -4.700204e+02)	(1.909960e-01 3.769813e-01 -4.700201e+02)	(2.578396e-03 -3.901228e-04 -3.057828e-04)
3857          	(1.933570e-01 3.762658e-01 -4.700203e+02)	(1.907810e-01 3.766551e-01 -4.700200e+02)	(2.575930e-03 -3.893069e-04 -3.056758e-04)
3858          	(1.929822e-01 3.752013e-01 -4.700195e+02)	(1.904080e-01 3.755901e-01 -4.700192e+02)	(2.574246e-03 -3.888591e-04 -3.055809e-04)
3859          	(1.929549e-01 3.752404e-01 -4.700194e+02)	(1.903823e-01 3.756288e-01 -4.700191e+02)	(2.572685e-03 -3.883792e-04 -3.055005e-04)
3860          	(1.929491e-01 3.753288e-01 -4.700194e+02)	(1.903780e-01 3.757166e-01 -4.700191e+02)	(2.571099e-03 -3.878471e-04 -3.054263e-04)
3861          	(1.930989e-01 3.754554e-01 -4.700182e+02)	(1.905285e-01 3.758431e-01 -4.700179e+02)	(2.570468e-03 -3.876413e-04 -3.053891e-04)
3862          	(1.930989e-01 3.755730e-01 -4.700181e+02)	(1.905292e-01 3.759604e-01 -4.700178e+02)	(2.569648e-03 -3.873105e-04 -3.053385e-04)
3863          	(1.930991e-01 3.756804e-01 -4.700181e+02)	(1.905305e-01 3.760673e-01 -4.700178e+02)	(2.568603e-03 -3.868942e-04 -3.052799e-04)
3864          	(1.930934e-01 3.757791e-01 -4.700181e+02)	(1.905259e-01 3.761655e-01 -4.700178e+02)	(2.567444e-03 -3.864358e-04 -3.052113e-04)
3865          	(1.930794e-01 3.758579e-01 -4.700181e+02)	(1.905132e-01 3.762438e-01 -4.700178e+02)	(2.566205e-03 -3.859485e-04 -3.051347e-04)
3866          	(1.930559e-01 3.759125e-01 -4.700181e+02)	(1.904910e-01 3.762979e-01 -4.700178e+02)	(2.564912e-03 -3.854481e-04 -3.050508e-04)
3867          	(1.930216e-01 3.759408e-01 -4.700181e+02)	(1.904580e-01 3.763258e-01 -4.700178e+02)	(2.563579e-03 -3.849375e-04 -3.049619e-04)
3868          	(1.929752e-01 3.759400e-01 -4.700181e+02)	(1.904130e-01 3.763245e-01 -4.700178e+02)	(2.562221e-03 -3.844195e-04 -3.048691e-04)
3869          	(1.929139e-01 3.759031e-01 -4.700181e+02)	(1.903530e-01 3.762870e-01 -4.700178e+02)	(2.560834e-03 -3.838913e-04 -3.047747e-04)
3870          	(1.928399e-01 3.758299e-01 -4.700181e+02)	(1.902805e-01 3.762132e-01 -4.700178e+02)	(2.559440e-03 -3.833581e-04 -3.046821e-04)
3871          	(1.927558e-01 3.757205e-01 -4.700181e+02)	(1.901978e-01 3.761033e-01 -4.700178e+02)	(2.558055e-03 -3.828248e-04 -3.045931e-04)
3872          	(1.926643e-01 3.755770e-01 -4.700181e+02)	(1.901075e-01 3.759594e-01 -4.700178e+02)	(2.556714e-03 -3.823052e-04 -3.045105e-04)
3873          	(1.924211e-01 3.749540e-01 -4.700182e+02)	(1.898655e-01 3.753359e-01 -4.700179e+02)	(2.555569e-03 -3.819062e-04 -3.044295e-04)
3874          	(1.921731e-01 3.742789e-01 -4.700183e+02)	(1.896184e-01 3.746605e-01 -4.700179e+02)	(2.554699e-03 -3.816246e-04 -3.043588e-04)
3875          	(1.915792e-01 3.734016e-01 -4.700199e+02)	(1.890268e-01 3.737824e-01 -4.700196e+02)	(2.552379e-03 -3.808082e-04 -3.042530e-04)
3876          	(1.914820e-01 3.735907e-01 -4.700213e+02)	(1.889325e-01 3.739705e-01 -4.700210e+02)	(2.549514e-03 -3.797809e-04 -3.041504e-04)
3877          	(1.915431e-01 3.739142e-01 -4.700224e+02)	(1.889960e-01 3.742931e-01 -4.700221e+02)	(2.547021e-03 -3.788203e-04 -3.040710e-04)
3878          	(1.916452e-01 3.741660e-01 -4.700230e+02)	(1.891000e-01 3.745441e-01 -4.700227e+02)	(2.545225e-03 -3.780503e-04 -3.040200e-04)
3879          	(1.915747e-01 3.737872e-01 -4.700231e+02)	(1.890303e-01 3.741648e-01 -4.700228e+02)	(2.544326e-03 -3.776168e-04 -3.039839e-04)
3880          	(1.915388e-01 3.735781e-01 -4.700231e+02)	(1.889949e-01 3.739555e-01 -4.700228e+02)	(2.543903e-03 -3.773339e-04 -3.039556e-04)
3881          	(1.915469e-01 3.735667e-01 -4.700232e+02)	(1.890033e-01 3.739438e-01 -4.700229e+02)	(2.543627e-03 -3.770657e-04 -3.039295e-04)
3882          	(1.916112e-01 3.739738e-01 -4.700236e+02)	(1.890684e-01 3.743504e-01 -4.700233e+02)	(2.542801e-03 -3.765350e-04 -3.038932e-04)
3883          	(1.916058e-01 3.740815e-01 -4.700236e+02)	(1.890640e-01 3.744575e-01 -4.700233e+02)	(2.541798e-03 -3.759526e-04 -3.038517e-04)
3884          	(1.916194e-01 3.742507e-01 -4.700236e+02)	(1.890787e-01 3.746261e-01 -4.700233e+02)	(2.540692e-03 -3.753250e-04 -3.038116e-04)
3885          	(1.916156e-01 3.743604e-01 -4.700236e+02)	(1.890761e-01 3.747350e-01 -4.700233e+02)	(2.539567e-03 -3.746904e-04 -3.037746e-04)
3886          	(1.916163e-01 3.744777e-01 -4.700237e+02)	(1.890779e-01 3.748518e-01 -4.700233e+02)	(2.538446e-03 -3.740587e-04 -3.037431e-04)
3887          	(1.916261e-01 3.746203e-01 -4.700237e+02)	(1.890887e-01 3.749937e-01 -4.700234e+02)	(2.537336e-03 -3.734264e-04 -3.037183e-04)
3888          	(1.916545e-01 3.748224e-01 -4.700237e+02)	(1.891183e-01 3.751951e-01 -4.700234e+02)	(2.536206e-03 -3.727769e-04 -3.037017e-04)
3889          	(1.917592e-01 3.752850e-01 -4.700237e+02)	(1.892242e-01 3.756570e-01 -4.700234e+02)	(2.534931e-03 -3.720394e-04 -3.036931e-04)
3890          	(1.918430e-01 3.756865e-01 -4.700237e+02)	(1.893095e-01 3.760577e-01 -4.700234e+02)	(2.533544e-03 -3.712471e-04 -3.036880e-04)
3891          	(1.918911e-01 3.759729e-01 -4.700237e+02)	(1.893590e-01 3.763433e-01 -4.700234e+02)	(2.532119e-03 -3.704396e-04 -3.036886e-04)
3892          	(1.919257e-01 3.762326e-01 -4.700237e+02)	(1.893951e-01 3.766023e-01 -4.700234e+02)	(2.530645e-03 -3.696114e-04 -3.036946e-04)
3893          	(1.919197e-01 3.763238e-01 -4.700237e+02)	(1.893905e-01 3.766926e-01 -4.700234e+02)	(2.529260e-03 -3.688290e-04 -3.037093e-04)
3894          	(1.919083e-01 3.763929e-01 -4.700237e+02)	(1.893803e-01 3.767610e-01 -4.700233e+02)	(2.527960e-03 -3.680777e-04 -3.037351e-04)
3895          	(1.918969e-01 3.764575e-01 -4.700236e+02)	(1.893702e-01 3.768248e-01 -4.700233e+02)	(2.526738e-03 -3.673481e-04 -3.037747e-04)
3896          	(1.918905e-01 3.765331e-01 -4.700236e+02)	(1.893650e-01 3.768997e-01 -4.700233e+02)	(2.525584e-03 -3.666293e-04 -3.038281e-04)
3897          	(1.918940e-01 3.766346e-01 -4.700236e+02)	(1.893695e-01 3.770005e-01 -4.700233e+02)	(2.524502e-03 -3.659114e-04 -3.038990e-04)
3898          	(1.920173e-01 3.768637e-01 -4.700228e+02)	(1.894934e-01 3.772291e-01 -4.700225e+02)	(2.523983e-03 -3.653471e-04 -3.040035e-04)
3899          	(1.920540e-01 3.770410e-01 -4.700227e+02)	(1.895305e-01 3.774057e-01 -4.700224e+02)	(2.523473e-03 -3.647462e-04 -3.041163e-04)
3900          	(1.921130e-01 3.772721e-01 -4.700227e+02)	(1.895901e-01 3.776362e-01 -4.700224e+02)	(2.522909e-03 -3.641107e-04 -3.042337e-04)
3901          	(1.928103e-01 3.788210e-01 -4.700221e+02)	(1.902870e-01 3.791846e-01 -4.700218e+02)	(2.523240e-03 -3.636502e-04 -3.044004e-04)
3902          	(1.928908e-01 3.791064e-01 -4.700221e+02)	(1.903674e-01 3.794695e-01 -4.700218e+02)	(2.523396e-03 -3.631098e-04 -3.045478e-04)
3903          	(1.929857e-01 3.794262e-01 -4.700220e+02)	(1.904624e-01 3.797888e-01 -4.700217e+02)	(2.523308e-03 -3.625406e-04 -3.046765e-04)
3904          	(1.930981e-01 3.797850e-01 -4.700220e+02)	(1.905750e-01 3.801470e-01 -4.700217e+02)	(2.523113e-03 -3.619433e-04 -3.047950e-04)
3905          	(1.934448e-01 3.807839e-01 -4.700220e+02)	(1.909219e-01 3.811452e-01 -4.700217e+02)	(2.522835e-03 -3.612582e-04 -3.049204e-04)
3906          	(1.935732e-01 3.811603e-01 -4.700219e+02)	(1.910507e-01 3.815209e-01 -4.700216e+02)	(2.522573e-03 -3.606130e-04 -3.050396e-04)
3907          	(1.940320e-01 3.823820e-01 -4.700219e+02)	(1.915096e-01 3.827420e-01 -4.700216e+02)	(2.522426e-03 -3.599522e-04 -3.051746e-04)
3908          	(1.944869e-01 3.835391e-01 -4.700219e+02)	(1.919644e-01 3.838984e-01 -4.700216e+02)	(2.522480e-03 -3.593245e-04 -3.053177e-04)
3909          	(1.949224e-01 3.845849e-01 -4.700219e+02)	(1.923996e-01 3.849437e-01 -4.700216e+02)	(2.522810e-03 -3.587863e-04 -3.054684e-04)
3910          	(1.952695e-01 3.853727e-01 -4.700220e+02)	(1.927461e-01 3.857310e-01 -4.700217e+02)	(2.523382e-03 -3.583490e-04 -3.056196e-04)
3911          	(1.953116e-01 3.854488e-01 -4.700220e+02)	(1.927877e-01 3.858068e-01 -4.700217e+02)	(2.523904e-03 -3.579714e-04 -3.057566e-04)
3912          	(1.953541e-01 3.855175e-01 -4.700221e+02)	(1.928297e-01 3.858752e-01 -4.700217e+02)	(2.524394e-03 -3.576429e-04 -3.058879e-04)
3913          	(1.954038e-01 3.855978e-01 -4.700221e+02)	(1.928789e-01 3.859551e-01 -4.700218e+02)	(2.524927e-03 -3.573502e-04 -3.060272e-04)
3914          	(1.955933e-01 3.864382e-01 -4.700231e+02)	(1.930687e-01 3.867949e-01 -4.700228e+02)	(2.524629e-03 -3.566690e-04 -3.061648e-04)
3915          	(1.958882e-01 3.874532e-01 -4.700240e+02)	(1.933643e-01 3.878090e-01 -4.700237e+02)	(2.523912e-03 -3.558078e-04 -3.063091e-04)
3916          	(1.960453e-01 3.876643e-01 -4.700241e+02)	(1.935214e-01 3.880196e-01 -4.700238e+02)	(2.523939e-03 -3.552882e-04 -3.064711e-04)
3917          	(1.963831e-01 3.885861e-01 -4.700247e+02)	(1.938591e-01 3.889408e-01 -4.700244e+02)	(2.524041e-03 -3.547152e-04 -3.066502e-04)
3918          	(1.963841e-01 3.885165e-01 -4.700248e+02)	(1.938598e-01 3.888708e-01 -4.700245e+02)	(2.524305e-03 -3.542755e-04 -3.068226e-04)
3919          	(1.963909e-01 3.884607e-01 -4.700248e+02)	(1.938662e-01 3.888146e-01 -4.700245e+02)	(2.524705e-03 -3.539360e-04 -3.069925e-04)
3920          	(1.964122e-01 3.884433e-01 -4.700248e+02)	(1.938870e-01 3.887970e-01 -4.700245e+02)	(2.525216e-03 -3.536525e-04 -3.071623e-04)
3921          	(1.964546e-01 3.884855e-01 -4.700248e+02)	(1.939288e-01 3.888389e-01 -4.700245e+02)	(2.525812e-03 -3.534066e-04 -3.073317e-04)
3922          	(1.965410e-01 3.886602e-01 -4.700248e+02)	(1.940145e-01 3.890134e-01 -4.700245e+02)	(2.526460e-03 -3.531652e-04 -3.075031e-04)
3923          	(1.970124e-01 3.898713e-01 -4.700252e+02)	(1.944853e-01 3.902241e-01 -4.700249e+02)	(2.527129e-03 -3.528277e-04 -3.076865e-04)
3924          	(1.971133e-01 3.901177e-01 -4.700252e+02)	(1.945856e-01 3.904702e-01 -4.700249e+02)	(2.527753e-03 -3.525029e-04 -3.078527e-04)
3925          	(1.973422e-01 3.907543e-01 -4.700252e+02)	(1.948140e-01 3.911064e-01 -4.700249e+02)	(2.528227e-03 -3.521305e-04 -3.080052e-04)
3926          	(1.976346e-01 3.915847e-01 -4.700252e+02)	(1.951061e-01 3.919363e-01 -4.700249e+02)	(2.528531e-03 -3.516839e-04 -3.081458e-04)
3927          	(1.977137e-01 3.917751e-01 -4.700252e+02)	(1.951849e-01 3.921264e-01 -4.700249e+02)	(2.528843e-03 -3.512948e-04 -3.082721e-04)
3928          	(1.978033e-01 3.919904e-01 -4.700253e+02)	(1.952741e-01 3.923414e-01 -4.700250e+02)	(2.529172e-03 -3.509353e-04 -3.083935e-04)
3929          	(1.981089e-01 3.928511e-01 -4.700253e+02)	(1.955795e-01 3.932016e-01 -4.700250e+02)	(2.529364e-03 -3.504606e-04 -3.085199e-04)
3930          	(1.983962e-01 3.936310e-01 -4.700254e+02)	(1.958666e-01 3.939809e-01 -4.700250e+02)	(2.529506e-03 -3.499425e-04 -3.086486e-04)
3931          	(1.986532e-01 3.942925e-01 -4.700254e+02)	(1.961235e-01 3.946420e-01 -4.700251e+02)	(2.529686e-03 -3.494355e-04 -3.087807e-04)
3932          	(1.987435e-01 3.944291e-01 -4.700254e+02)	(1.962134e-01 3.947782e-01 -4.700251e+02)	(2.530075e-03 -3.490608e-04 -3.089106e-04)
3933          	(1.988462e-01 3.945896e-01 -4.700254e+02)	(1.963156e-01 3.949384e-01 -4.700251e+02)	(2.530653e-03 -3.487831e-04 -3.090441e-04)
3934          	(1.991058e-01 3.952070e-01 -4.700254e+02)	(1.965745e-01 3.955555e-01 -4.700251e+02)	(2.531291e-03 -3.484924e-04 -3.091874e-04)
3935          	(1.993610e-01 3.957947e-01 -4.700254e+02)	(1.968290e-01 3.961429e-01 -4.700251e+02)	(2.532014e-03 -3.482226e-04 -3.093365e-04)
3936          	(1.996100e-01 3.963489e-01 -4.700254e+02)	(1.970772e-01 3.966969e-01 -4.700251e+02)	(2.532841e-03 -3.480002e-04 -3.094886e-04)
3937          	(1.998885e-01 3.969652e-01 -4.700254e+02)	(1.973547e-01 3.973130e-01 -4.700251e+02)	(2.533771e-03 -3.478264e-04 -3.096415e-04)
3938          	(2.002386e-01 3.977392e-01 -4.700254e+02)	(1.977038e-01 3.980869e-01 -4.700250e+02)	(2.534835e-03 -3.477055e-04 -3.097955e-04)
3939          	(2.003239e-01 3.978048e-01 -4.700254e+02)	(1.977879e-01 3.981525e-01 -4.700250e+02)	(2.535979e-03 -3.476893e-04 -3.099338e-04)
3940          	(2.004231e-01 3.979169e-01 -4.700254e+02)	(1.978859e-01 3.982646e-01 -4.700250e+02)	(2.537168e-03 -3.477387e-04 -3.100646e-04)
3941          	(2.009221e-01 3.987013e-01 -4.700249e+02)	(1.983828e-01 3.990494e-01 -4.700246e+02)	(2.539308e-03 -3.481043e-04 -3.102207e-04)
3942          	(2.010189e-01 3.988378e-01 -4.700249e+02)	(1.984777e-01 3.991862e-01 -4.700246e+02)	(2.541227e-03 -3.483897e-04 -3.103566e-04)
3943          	(2.011261e-01 3.990151e-01 -4.700249e+02)	(1.985833e-01 3.993638e-01 -4.700245e+02)	(2.542852e-03 -3.486288e-04 -3.104728e-04)
3944          	(2.012481e-01 3.992406e-01 -4.700248e+02)	(1.987038e-01 3.995894e-01 -4.700245e+02)	(2.544289e-03 -3.488221e-04 -3.105775e-04)
3945          	(2.013829e-01 3.995052e-01 -4.700248e+02)	(1.988373e-01 3.998541e-01 -4.700245e+02)	(2.545593e-03 -3.489785e-04 -3.106755e-04)
3946          	(2.015304e-01 3.998097e-01 -4.700248e+02)	(1.989836e-01 4.001588e-01 -4.700245e+02)	(2.546792e-03 -3.491028e-04 -3.107679e-04)
3947          	(2.016881e-01 4.001354e-01 -4.700248e+02)	(1.991402e-01 4.004846e-01 -4.700245e+02)	(2.547923e-03 -3.492073e-04 -3.108541e-04)
3948          	(2.020573e-01 4.009870e-01 -4.700248e+02)	(1.995082e-01 4.013363e-01 -4.700244e+02)	(2.549103e-03 -3.492914e-04 -3.109404e-04)
3949          	(2.022018e-01 4.012555e-01 -4.700247e+02)	(1.996516e-01 4.016049e-01 -4.700244e+02)	(2.550258e-03 -3.493956e-04 -3.110096e-04)
3950          	(2.023441e-01 4.015067e-01 -4.700247e+02)	(1.997927e-01 4.018563e-01 -4.700244e+02)	(2.551392e-03 -3.495266e-04 -3.110624e-04)
3951          	(2.024844e-01 4.017451e-01 -4.700247e+02)	(1.999319e-01 4.020948e-01 -4.700244e+02)	(2.552525e-03 -3.496781e-04 -3.111015e-04)
3952          	(2.028589e-01 4.025827e-01 -4.700247e+02)	(2.003052e-01 4.029325e-01 -4.700244e+02)	(2.553701e-03 -3.498102e-04 -3.111392e-04)
3953          	(2.029529e-01 4.026778e-01 -4.700247e+02)	(2.003980e-01 4.030278e-01 -4.700244e+02)	(2.554884e-03 -3.500039e-04 -3.111567e-04)
3954          	(2.030406e-01 4.027562e-01 -4.700247e+02)	(2.004845e-01 4.031065e-01 -4.700244e+02)	(2.556060e-03 -3.502535e-04 -3.111628e-04)
3955          	(2.032890e-01 4.032212e-01 -4.700246e+02)	(2.007317e-01 4.035717e-01 -4.700243e+02)	(2.557320e-03 -3.505258e-04 -3.111718e-04)
3956          	(2.034965e-01 4.035538e-01 -4.700246e+02)	(2.009378e-01 4.039047e-01 -4.700243e+02)	(2.558687e-03 -3.508500e-04 -3.111794e-04)
3957          	(2.035581e-01 4.035445e-01 -4.700246e+02)	(2.009980e-01 4.038958e-01 -4.700243e+02)	(2.560036e-03 -3.512237e-04 -3.111780e-04)
3958          	(2.036881e-01 4.036568e-01 -4.700245e+02)	(2.011266e-01 4.040085e-01 -4.700242e+02)	(2.561489e-03 -3.516670e-04 -3.111766e-04)
3959          	(2.037398e-01 4.036088e-01 -4.700245e+02)	(2.011768e-01 4.039609e-01 -4.700242e+02)	(2.562942e-03 -3.521491e-04 -3.111679e-04)
3960          	(2.037892e-01 4.035525e-01 -4.700245e+02)	(2.012248e-01 4.039052e-01 -4.700242e+02)	(2.564395e-03 -3.526727e-04 -3.111530e-04)
3961          	(2.038366e-01 4.034921e-01 -4.700245e+02)	(2.012708e-01 4.038453e-01 -4.700242e+02)	(2.565861e-03 -3.532286e-04 -3.111326e-04)
3962          	(2.038819e-01 4.034301e-01 -4.700245e+02)	(2.013146e-01 4.037839e-01 -4.700242e+02)	(2.567330e-03 -3.538091e-04 -3.111062e-04)
3963          	(2.039241e-01 4.033673e-01 -4.700245e+02)	(2.013553e-01 4.037217e-01 -4.700242e+02)	(2.568793e-03 -3.544052e-04 -3.110736e-04)
3964          	(2.039628e-01 4.033027e-01 -4.700245e+02)	(2.013925e-01 4.036578e-01 -4.700242e+02)	(2.570236e-03 -3.550103e-04 -3.110343e-04)
3965          	(2.040924e-01 4.031110e-01 -4.700235e+02)	(2.015199e-01 4.034670e-01 -4.700231e+02)	(2.572505e-03 -3.559587e-04 -3.110016e-04)
3966          	(2.041323e-01 4.030653e-01 -4.700234e+02)	(2.015577e-01 4.034221e-01 -4.700231e+02)	(2.574561e-03 -3.568020e-04 -3.109543e-04)
3967          	(2.042314e-01 4.029012e-01 -4.700226e+02)	(2.016544e-01 4.032590e-01 -4.700223e+02)	(2.576989e-03 -3.578209e-04 -3.109021e-04)
3968          	(2.042769e-01 4.028762e-01 -4.700226e+02)	(2.016978e-01 4.032349e-01 -4.700223e+02)	(2.579121e-03 -3.587299e-04 -3.108276e-04)
3969          	(2.042947e-01 4.028811e-01 -4.700226e+02)	(2.017140e-01 4.032405e-01 -4.700222e+02)	(2.580707e-03 -3.594666e-04 -3.107302e-04)
3970          	(2.043031e-01 4.028462e-01 -4.700225e+02)	(2.017212e-01 4.032064e-01 -4.700222e+02)	(2.581910e-03 -3.601099e-04 -3.106123e-04)
3971          	(2.042428e-01 4.023251e-01 -4.700219e+02)	(2.016593e-01 4.026861e-01 -4.700215e+02)	(2.583553e-03 -3.610219e-04 -3.104850e-04)
3972          	(2.042713e-01 4.022835e-01 -4.700218e+02)	(2.016863e-01 4.026454e-01 -4.700215e+02)	(2.585001e-03 -3.618576e-04 -3.103548e-04)
3973          	(2.043170e-01 4.022420e-01 -4.700218e+02)	(2.017306e-01 4.026047e-01 -4.700215e+02)	(2.586340e-03 -3.626737e-04 -3.102197e-04)
3974          	(2.043489e-01 4.021864e-01 -4.700218e+02)	(2.017613e-01 4.025499e-01 -4.700215e+02)	(2.587589e-03 -3.634687e-04 -3.100864e-04)
3975          	(2.043549e-01 4.020964e-01 -4.700218e+02)	(2.017662e-01 4.024606e-01 -4.700215e+02)	(2.588705e-03 -3.642184e-04 -3.099536e-04)
3976          	(2.043382e-01 4.019585e-01 -4.700218e+02)	(2.017485e-01 4.023234e-01 -4.700215e+02)	(2.589702e-03 -3.649326e-04 -3.098211e-04)
3977          	(2.042975e-01 4.017582e-01 -4.700218e+02)	(2.017069e-01 4.021239e-01 -4.700214e+02)	(2.590606e-03 -3.656309e-04 -3.096880e-04)
3978          	(2.039679e-01 4.007320e-01 -4.700217e+02)	(2.013764e-01 4.010985e-01 -4.700214e+02)	(2.591563e-03 -3.664524e-04 -3.095436e-04)
3979          	(2.036189e-01 3.996492e-01 -4.700216e+02)	(2.010263e-01 4.000165e-01 -4.700213e+02)	(2.592578e-03 -3.673762e-04 -3.093928e-04)
3980          	(2.032667e-01 3.985595e-01 -4.700215e+02)	(2.006731e-01 3.989278e-01 -4.700212e+02)	(2.593631e-03 -3.683737e-04 -3.092390e-04)
3981          	(2.031203e-01 3.979755e-01 -4.700209e+02)	(2.005256e-01 3.983449e-01 -4.700206e+02)	(2.594791e-03 -3.694302e-04 -3.090884e-04)
3982          	(2.031120e-01 3.978583e-01 -4.700209e+02)	(2.005162e-01 3.982287e-01 -4.700206e+02)	(2.595828e-03 -3.703846e-04 -3.089373e-04)
3983          	(2.030961e-01 3.977331e-01 -4.700209e+02)	(2.004994e-01 3.981043e-01 -4.700206e+02)	(2.596739e-03 -3.712626e-04 -3.087807e-04)
3984          	(2.030522e-01 3.975519e-01 -4.700209e+02)	(2.004547e-01 3.979240e-01 -4.700206e+02)	(2.597518e-03 -3.720802e-04 -3.086134e-04)
3985          	(2.029872e-01 3.973291e-01 -4.700209e+02)	(2.003890e-01 3.977019e-01 -4.700206e+02)	(2.598157e-03 -3.728370e-04 -3.084363e-04)
3986          	(2.028663e-01 3.967390e-01 -4.700202e+02)	(2.002671e-01 3.971128e-01 -4.700199e+02)	(2.599194e-03 -3.737687e-04 -3.082611e-04)
3987          	(2.028051e-01 3.965434e-01 -4.700202e+02)	(2.002051e-01 3.969179e-01 -4.700199e+02)	(2.600033e-03 -3.745737e-04 -3.080802e-04)
3988          	(2.027261e-01 3.963014e-01 -4.700202e+02)	(2.001254e-01 3.966767e-01 -4.700199e+02)	(2.600677e-03 -3.752989e-04 -3.078956e-04)
3989          	(2.026032e-01 3.959470e-01 -4.700202e+02)	(2.000020e-01 3.963230e-01 -4.700199e+02)	(2.601181e-03 -3.759834e-04 -3.077105e-04)
3990          	(2.024590e-01 3.955418e-01 -4.700202e+02)	(1.998574e-01 3.959185e-01 -4.700199e+02)	(2.601580e-03 -3.766374e-04 -3.075301e-04)
3991          	(2.019425e-01 3.942337e-01 -4.700201e+02)	(1.993408e-01 3.946110e-01 -4.700198e+02)	(2.601682e-03 -3.772701e-04 -3.073393e-04)
3992          	(2.018508e-01 3.939748e-01 -4.700201e+02)	(1.992491e-01 3.943527e-01 -4.700198e+02)	(2.601778e-03 -3.778677e-04 -3.071716e-04)
3993          	(2.017595e-01 3.937311e-01 -4.700201e+02)	(1.991577e-01 3.941095e-01 -4.700197e+02)	(2.601859e-03 -3.784144e-04 -3.070199e-04)
3994          	(2.012129e-01 3.924646e-01 -4.700199e+02)	(1.986115e-01 3.928434e-01 -4.700196e+02)	(2.601456e-03 -3.788671e-04 -3.068537e-04)
3995          	(2.011454e-01 3.922897e-01 -4.700199e+02)	(1.985442e-01 3.926690e-01 -4.700196e+02)	(2.601108e-03 -3.793107e-04 -3.067057e-04)
3996          	(2.010749e-01 3.921143e-01 -4.700198e+02)	(1.984741e-01 3.924941e-01 -4.700195e+02)	(2.600843e-03 -3.797268e-04 -3.065711e-04)
3997          	(2.009892e-01 3.915652e-01 -4.700187e+02)	(1.983879e-01 3.919457e-01 -4.700184e+02)	(2.601336e-03 -3.804709e-04 -3.064520e-04)
3998          	(2.005568e-01 3.905699e-01 -4.700183e+02)	(1.979554e-01 3.909510e-01 -4.700180e+02)	(2.601385e-03 -3.810767e-04 -3.063056e-04)
3999          	(2.005119e-01 3.904529e-01 -4.700183e+02)	(1.979106e-01 3.908345e-01 -4.700180e+02)	(2.601343e-03 -3.816214e-04 -3.061611e-04)
4000          	(2.003977e-01 3.901610e-01 -4.700183e+02)	(1.977965e-01 3.905432e-01 -4.700180e+02)	(2.601237e-03 -3.821135e-04 -3.060177e-04)
4001          	(2.003578e-01 3.900638e-01 -4.700183e+02)	(1.977567e-01 3.904464e-01 -4.700180e+02)	(2.601070e-03 -3.825541e-04 -3.058782e-04)
4002          	(2.003123e-01 3.899579e-01 -4.700183e+02)	(1.977114e-01 3.903409e-01 -4.700180e+02)	(2.600860e-03 -3.829564e-04 -3.057434e-04)
4003          	(2.001777e-01 3.896226e-01 -4.700183e+02)	(1.975772e-01 3.900060e-01 -4.700180e+02)	(2.600548e-03 -3.833383e-04 -3.056065e-04)
4004          	(2.001236e-01 3.895094e-01 -4.700183e+02)	(1.975235e-01 3.898931e-01 -4.700180e+02)	(2.600174e-03 -3.836698e-04 -3.054824e-04)
4005          	(1.996714e-01 3.883944e-01 -4.700178e+02)	(1.970718e-01 3.887784e-01 -4.700175e+02)	(2.599662e-03 -3.840514e-04 -3.053462e-04)
4006          	(1.996238e-01 3.882818e-01 -4.700178e+02)	(1.970245e-01 3.886662e-01 -4.700175e+02)	(2.599214e-03 -3.844099e-04 -3.052332e-04)
4007          	(1.992461e-01 3.872535e-01 -4.700173e+02)	(1.966472e-01 3.876384e-01 -4.700170e+02)	(2.598938e-03 -3.848827e-04 -3.051242e-04)
4008          	(1.991267e-01 3.869086e-01 -4.700173e+02)	(1.965279e-01 3.872940e-01 -4.700170e+02)	(2.598790e-03 -3.853612e-04 -3.050321e-04)
4009          	(1.991123e-01 3.868757e-01 -4.700173e+02)	(1.965136e-01 3.872615e-01 -4.700170e+02)	(2.598657e-03 -3.857719e-04 -3.049552e-04)
4010          	(1.990936e-01 3.868374e-01 -4.700173e+02)	(1.964951e-01 3.872235e-01 -4.700170e+02)	(2.598506e-03 -3.861468e-04 -3.048823e-04)
4011          	(1.990642e-01 3.867774e-01 -4.700173e+02)	(1.964659e-01 3.871639e-01 -4.700169e+02)	(2.598313e-03 -3.864922e-04 -3.048089e-04)
4012          	(1.990195e-01 3.866834e-01 -4.700172e+02)	(1.964215e-01 3.870702e-01 -4.700169e+02)	(2.598070e-03 -3.868149e-04 -3.047352e-04)
4013          	(1.989650e-01 3.865789e-01 -4.700172e+02)	(1.963673e-01 3.869660e-01 -4.700169e+02)	(2.597740e-03 -3.871016e-04 -3.046623e-04)
4014          	(1.988926e-01 3.864301e-01 -4.700172e+02)	(1.962952e-01 3.868175e-01 -4.700169e+02)	(2.597335e-03 -3.873644e-04 -3.045934e-04)
4015          	(1.988005e-01 3.862323e-01 -4.700172e+02)	(1.962037e-01 3.866199e-01 -4.700169e+02)	(2.596856e-03 -3.876094e-04 -3.045279e-04)
4016          	(1.986887e-01 3.859852e-01 -4.700172e+02)	(1.960924e-01 3.863730e-01 -4.700169e+02)	(2.596324e-03 -3.878396e-04 -3.044694e-04)
4017          	(1.985363e-01 3.856246e-01 -4.700172e+02)	(1.959406e-01 3.860127e-01 -4.700169e+02)	(2.595757e-03 -3.880748e-04 -3.044147e-04)
4018          	(1.983673e-01 3.852309e-01 -4.700172e+02)	(1.957721e-01 3.856192e-01 -4.700169e+02)	(2.595157e-03 -3.882988e-04 -3.043675e-04)
4019          	(1.981862e-01 3.848199e-01 -4.700172e+02)	(1.955917e-01 3.852084e-01 -4.700169e+02)	(2.594510e-03 -3.884929e-04 -3.043276e-04)
4020          	(1.979960e-01 3.844024e-01 -4.700172e+02)	(1.954022e-01 3.847911e-01 -4.700169e+02)	(2.593812e-03 -3.886453e-04 -3.042978e-04)
4021          	(1.973179e-01 3.828206e-01 -4.700172e+02)	(1.947251e-01 3.832094e-01 -4.700169e+02)	(2.592792e-03 -3.887720e-04 -3.042484e-04)
4022          	(1.971967e-01 3.826140e-01 -4.700172e+02)	(1.946049e-01 3.830028e-01 -4.700169e+02)	(2.591806e-03 -3.888135e-04 -3.042340e-04)
4023          	(1.970878e-01 3.824497e-01 -4.700172e+02)	(1.944970e-01 3.828384e-01 -4.700169e+02)	(2.590863e-03 -3.887618e-04 -3.042422e-04)
4024          	(1.970005e-01 3.823441e-01 -4.700172e+02)	(1.944105e-01 3.827328e-01 -4.700169e+02)	(2.589928e-03 -3.886450e-04 -3.042642e-04)
4025          	(1.969232e-01 3.822678e-01 -4.700172e+02)	(1.943342e-01 3.826562e-01 -4.700169e+02)	(2.588980e-03 -3.884755e-04 -3.042887e-04)
4026          	(1.968545e-01 3.822159e-01 -4.700172e+02)	(1.942665e-01 3.826042e-01 -4.700169e+02)	(2.588008e-03 -3.882661e-04 -3.043106e-04)
4027          	(1.967927e-01 3.821840e-01 -4.700171e+02)	(1.942057e-01 3.825720e-01 -4.700168e+02)	(2.586994e-03 -3.880243e-04 -3.043244e-04)
4028          	(1.967367e-01 3.821677e-01 -4.700171e+02)	(1.941507e-01 3.825554e-01 -4.700168e+02)	(2.585936e-03 -3.877584e-04 -3.043308e-04)
4029          	(1.966858e-01 3.821627e-01 -4.700171e+02)	(1.941009e-01 3.825501e-01 -4.700168e+02)	(2.584834e-03 -3.874749e-04 -3.043296e-04)
4030          	(1.966393e-01 3.821650e-01 -4.700171e+02)	(1.940556e-01 3.825521e-01 -4.700168e+02)	(2.583695e-03 -3.871794e-04 -3.043241e-04)
4031          	(1.965961e-01 3.821710e-01 -4.700171e+02)	(1.940136e-01 3.825579e-01 -4.700168e+02)	(2.582533e-03 -3.868758e-04 -3.043155e-04)
4032          	(1.965556e-01 3.821778e-01 -4.700171e+02)	(1.939742e-01 3.825644e-01 -4.700167e+02)	(2.581361e-03 -3.865680e-04 -3.043064e-04)
4033          	(1.965171e-01 3.821827e-01 -4.700170e+02)	(1.939369e-01 3.825689e-01 -4.700167e+02)	(2.580191e-03 -3.862578e-04 -3.042974e-04)
4034          	(1.964811e-01 3.821835e-01 -4.700170e+02)	(1.939020e-01 3.825694e-01 -4.700167e+02)	(2.579045e-03 -3.859515e-04 -3.042891e-04)
4035          	(1.964465e-01 3.821777e-01 -4.700170e+02)	(1.938685e-01 3.825634e-01 -4.700167e+02)	(2.577937e-03 -3.856541e-04 -3.042808e-04)
4036          	(1.964129e-01 3.821627e-01 -4.700170e+02)	(1.938360e-01 3.825481e-01 -4.700167e+02)	(2.576883e-03 -3.853723e-04 -3.042718e-04)
4037          	(1.963788e-01 3.821224e-01 -4.700170e+02)	(1.938028e-01 3.825075e-01 -4.700167e+02)	(2.575917e-03 -3.851285e-04 -3.042605e-04)
4038          	(1.963428e-01 3.820590e-01 -4.700170e+02)	(1.937678e-01 3.824439e-01 -4.700167e+02)	(2.575061e-03 -3.849312e-04 -3.042458e-04)
4039          	(1.963029e-01 3.819649e-01 -4.700170e+02)	(1.937286e-01 3.823497e-01 -4.700167e+02)	(2.574333e-03 -3.847879e-04 -3.042263e-04)
4040          	(1.962532e-01 3.818057e-01 -4.700170e+02)	(1.936794e-01 3.821904e-01 -4.700167e+02)	(2.573791e-03 -3.847316e-04 -3.041990e-04)
4041          	(1.961941e-01 3.816074e-01 -4.700171e+02)	(1.936207e-01 3.819921e-01 -4.700167e+02)	(2.573421e-03 -3.847539e-04 -3.041640e-04)
4042          	(1.961023e-01 3.812814e-01 -4.700171e+02)	(1.935290e-01 3.816663e-01 -4.700168e+02)	(2.573279e-03 -3.848881e-04 -3.041177e-04)
4043          	(1.959747e-01 3.808644e-01 -4.700172e+02)	(1.934014e-01 3.812495e-01 -4.700169e+02)	(2.573311e-03 -3.851066e-04 -3.040615e-04)
4044          	(1.957678e-01 3.802716e-01 -4.700173e+02)	(1.931944e-01 3.806569e-01 -4.700170e+02)	(2.573410e-03 -3.853584e-04 -3.039982e-04)
4045          	(1.950806e-01 3.789176e-01 -4.700180e+02)	(1.925082e-01 3.793029e-01 -4.700177e+02)	(2.572384e-03 -3.852683e-04 -3.038884e-04)
4046          	(1.947212e-01 3.783642e-01 -4.700187e+02)	(1.921505e-01 3.787492e-01 -4.700184e+02)	(2.570619e-03 -3.849241e-04 -3.037724e-04)
4047          	(1.947050e-01 3.784156e-01 -4.700187e+02)	(1.921359e-01 3.788002e-01 -4.700184e+02)	(2.569124e-03 -3.845870e-04 -3.036945e-04)
4048          	(1.946962e-01 3.785000e-01 -4.700187e+02)	(1.921283e-01 3.788842e-01 -4.700184e+02)	(2.567836e-03 -3.842347e-04 -3.036402e-04)
4049          	(1.946891e-01 3.786009e-01 -4.700187e+02)	(1.921225e-01 3.789848e-01 -4.700184e+02)	(2.566620e-03 -3.838606e-04 -3.035927e-04)
4050          	(1.946777e-01 3.786974e-01 -4.700187e+02)	(1.921123e-01 3.790808e-01 -4.700184e+02)	(2.565407e-03 -3.834617e-04 -3.035395e-04)
4051          	(1.946586e-01 3.787758e-01 -4.700187e+02)	(1.920945e-01 3.791588e-01 -4.700184e+02)	(2.564169e-03 -3.830361e-04 -3.034767e-04)
4052          	(1.946308e-01 3.788265e-01 -4.700187e+02)	(1.920679e-01 3.792091e-01 -4.700184e+02)	(2.562899e-03 -3.825978e-04 -3.034014e-04)
4053          	(1.945914e-01 3.788400e-01 -4.700187e+02)	(1.920298e-01 3.792222e-01 -4.700184e+02)	(2.561597e-03 -3.821597e-04 -3.033155e-04)
4054          	(1.945374e-01 3.788079e-01 -4.700187e+02)	(1.919771e-01 3.791896e-01 -4.700184e+02)	(2.560275e-03 -3.817323e-04 -3.032209e-04)
4055          	(1.944534e-01 3.786916e-01 -4.700187e+02)	(1.918945e-01 3.790729e-01 -4.700184e+02)	(2.558937e-03 -3.813310e-04 -3.031188e-04)
4056          	(1.943440e-01 3.785039e-01 -4.700187e+02)	(1.917864e-01 3.788849e-01 -4.700184e+02)	(2.557590e-03 -3.809568e-04 -3.030119e-04)
4057          	(1.938504e-01 3.774233e-01 -4.700187e+02)	(1.912944e-01 3.778039e-01 -4.700184e+02)	(2.555946e-03 -3.805803e-04 -3.028802e-04)
4058          	(1.937329e-01 3.772033e-01 -4.700187e+02)	(1.911785e-01 3.775835e-01 -4.700184e+02)	(2.554421e-03 -3.802287e-04 -3.027662e-04)
4059          	(1.936259e-01 3.770098e-01 -4.700187e+02)	(1.910728e-01 3.773896e-01 -4.700184e+02)	(2.553065e-03 -3.798773e-04 -3.026685e-04)
4060          	(1.934843e-01 3.767234e-01 -4.700187e+02)	(1.909325e-01 3.771029e-01 -4.700184e+02)	(2.551822e-03 -3.795518e-04 -3.025759e-04)
4061          	(1.933587e-01 3.764822e-01 -4.700186e+02)	(1.908080e-01 3.768614e-01 -4.700183e+02)	(2.550657e-03 -3.792311e-04 -3.024869e-04)
4062          	(1.932308e-01 3.762377e-01 -4.700186e+02)	(1.906812e-01 3.766166e-01 -4.700183e+02)	(2.549547e-03 -3.789107e-04 -3.023965e-04)
4063          	(1.930974e-01 3.759778e-01 -4.700186e+02)	(1.905489e-01 3.763564e-01 -4.700183e+02)	(2.548480e-03 -3.785979e-04 -3.023031e-04)
4064          	(1.929606e-01 3.757147e-01 -4.700186e+02)	(1.904132e-01 3.760929e-01 -4.700183e+02)	(2.547427e-03 -3.782865e-04 -3.022057e-04)
4065          	(1.928196e-01 3.754487e-01 -4.700186e+02)	(1.902732e-01 3.758266e-01 -4.700183e+02)	(2.546363e-03 -3.779694e-04 -3.021057e-04)
4066          	(1.926751e-01 3.751818e-01 -4.700186e+02)	(1.901298e-01 3.755594e-01 -4.700183e+02)	(2.545277e-03 -3.776415e-04 -3.020045e-04)
4067          	(1.925317e-01 3.749219e-01 -4.700186e+02)	(1.899875e-01 3.752992e-01 -4.700183e+02)	(2.544166e-03 -3.772972e-04 -3.019050e-04)
4068          	(1.923950e-01 3.746774e-01 -4.700186e+02)	(1.898520e-01 3.750543e-01 -4.700183e+02)	(2.543043e-03 -3.769386e-04 -3.018084e-04)
4069          	(1.922690e-01 3.744539e-01 -4.700186e+02)	(1.897271e-01 3.748305e-01 -4.700183e+02)	(2.541930e-03 -3.765704e-04 -3.017172e-04)
4070          	(1.921591e-01 3.742620e-01 -4.700186e+02)	(1.896182e-01 3.746382e-01 -4.700183e+02)	(2.540851e-03 -3.761977e-04 -3.016319e-04)
4071          	(1.919599e-01 3.737628e-01 -4.700186e+02)	(1.894199e-01 3.741388e-01 -4.700183e+02)	(2.539958e-03 -3.759193e-04 -3.015474e-04)
4072          	(1.918864e-01 3.736531e-01 -4.700185e+02)	(1.893473e-01 3.740287e-01 -4.700182e+02)	(2.539097e-03 -3.756098e-04 -3.014731e-04)
4073          	(1.917898e-01 3.733912e-01 -4.700186e+02)	(1.892513e-01 3.737665e-01 -4.700183e+02)	(2.538482e-03 -3.753816e-04 -3.014048e-04)
4074          	(1.917447e-01 3.732309e-01 -4.700186e+02)	(1.892065e-01 3.736061e-01 -4.700183e+02)	(2.538167e-03 -3.752344e-04 -3.013481e-04)
4075          	(1.917934e-01 3.738226e-01 -4.700197e+02)	(1.892565e-01 3.741972e-01 -4.700194e+02)	(2.536916e-03 -3.746326e-04 -3.012806e-04)
4076          	(1.918174e-01 3.742788e-01 -4.700208e+02)	(1.892823e-01 3.746526e-01 -4.700205e+02)	(2.535052e-03 -3.737921e-04 -3.011966e-04)
4077          	(1.916464e-01 3.741393e-01 -4.700217e+02)	(1.891135e-01 3.745122e-01 -4.700214e+02)	(2.532943e-03 -3.728935e-04 -3.011088e-04)
4078          	(1.915540e-01 3.740459e-01 -4.700223e+02)	(1.890229e-01 3.744180e-01 -4.700220e+02)	(2.531042e-03 -3.720869e-04 -3.010362e-04)
4079          	(1.915453e-01 3.740703e-01 -4.700228e+02)	(1.890157e-01 3.744417e-01 -4.700225e+02)	(2.529520e-03 -3.713987e-04 -3.009865e-04)
4080          	(1.916021e-01 3.741117e-01 -4.700228e+02)	(1.890735e-01 3.744827e-01 -4.700225e+02)	(2.528640e-03 -3.709313e-04 -3.009628e-04)
4081          	(1.916713e-01 3.742469e-01 -4.700228e+02)	(1.891432e-01 3.746174e-01 -4.700225e+02)	(2.528098e-03 -3.705510e-04 -3.009605e-04)
4082          	(1.917029e-01 3.743988e-01 -4.700228e+02)	(1.891754e-01 3.747690e-01 -4.700225e+02)	(2.527518e-03 -3.701250e-04 -3.009705e-04)
4083          	(1.917338e-01 3.745765e-01 -4.700228e+02)	(1.892069e-01 3.749461e-01 -4.700225e+02)	(2.526852e-03 -3.696487e-04 -3.009884e-04)
4084          	(1.917442e-01 3.747103e-01 -4.700228e+02)	(1.892181e-01 3.750795e-01 -4.700225e+02)	(2.526125e-03 -3.691441e-04 -3.010101e-04)
4085          	(1.917545e-01 3.748434e-01 -4.700228e+02)	(1.892292e-01 3.752120e-01 -4.700225e+02)	(2.525372e-03 -3.686288e-04 -3.010365e-04)
4086          	(1.917897e-01 3.750588e-01 -4.700228e+02)	(1.892651e-01 3.754269e-01 -4.700225e+02)	(2.524579e-03 -3.680771e-04 -3.010682e-04)
4087          	(1.918425e-01 3.753292e-01 -4.700228e+02)	(1.893188e-01 3.756967e-01 -4.700225e+02)	(2.523763e-03 -3.674881e-04 -3.011076e-04)
4088          	(1.920507e-01 3.760598e-01 -4.700228e+02)	(1.895279e-01 3.764265e-01 -4.700225e+02)	(2.522842e-03 -3.667889e-04 -3.011578e-04)
4089          	(1.922503e-01 3.767659e-01 -4.700227e+02)	(1.897285e-01 3.771319e-01 -4.700224e+02)	(2.521847e-03 -3.660153e-04 -3.012152e-04)
4090          	(1.923056e-01 3.770238e-01 -4.700227e+02)	(1.897847e-01 3.773891e-01 -4.700224e+02)	(2.520898e-03 -3.652752e-04 -3.012736e-04)
4091          	(1.924921e-01 3.776690e-01 -4.700227e+02)	(1.899722e-01 3.780334e-01 -4.700224e+02)	(2.519905e-03 -3.644759e-04 -3.013407e-04)
4092          	(1.925401e-01 3.778728e-01 -4.700227e+02)	(1.900211e-01 3.782366e-01 -4.700224e+02)	(2.519010e-03 -3.637346e-04 -3.014112e-04)
4093          	(1.925951e-01 3.780804e-01 -4.700227e+02)	(1.900769e-01 3.784434e-01 -4.700224e+02)	(2.518217e-03 -3.630365e-04 -3.014911e-04)
4094          	(1.926617e-01 3.783056e-01 -4.700227e+02)	(1.901441e-01 3.786680e-01 -4.700224e+02)	(2.517526e-03 -3.623721e-04 -3.015806e-04)
4095          	(1.928841e-01 3.789690e-01 -4.700226e+02)	(1.903672e-01 3.793306e-01 -4.700223e+02)	(2.516890e-03 -3.616808e-04 -3.016859e-04)
4096          	(1.929587e-01 3.791923e-01 -4.700226e+02)	(1.904423e-01 3.795533e-01 -4.700223e+02)	(2.516380e-03 -3.610516e-04 -3.017957e-04)
4097          	(1.930450e-01 3.794380e-01 -4.700226e+02)	(1.905290e-01 3.797985e-01 -4.700223e+02)	(2.515987e-03 -3.604704e-04 -3.019138e-04)
4098          	(1.931469e-01 3.797179e-01 -4.700226e+02)	(1.906312e-01 3.800778e-01 -4.700223e+02)	(2.515708e-03 -3.599287e-04 -3.020365e-04)
4099          	(1.935970e-01 3.809252e-01 -4.700225e+02)	(1.910814e-01 3.812846e-01 -4.700222e+02)	(2.515560e-03 -3.593462e-04 -3.021784e-04)
4100          	(1.936988e-01 3.811885e-01 -4.700225e+02)	(1.911833e-01 3.815473e-01 -4.700222e+02)	(2.515512e-03 -3.588291e-04 -3.023112e-04)
4101          	(1.938117e-01 3.814722e-01 -4.700225e+02)	(1.912961e-01 3.818306e-01 -4.700222e+02)	(2.515548e-03 -3.583651e-04 -3.024443e-04)
4102          	(1.944991e-01 3.831414e-01 -4.700223e+02)	(1.919831e-01 3.834993e-01 -4.700220e+02)	(2.515999e-03 -3.579241e-04 -3.026074e-04)
4103          	(1.945988e-01 3.833739e-01 -4.700223e+02)	(1.920823e-01 3.837314e-01 -4.700220e+02)	(2.516465e-03 -3.575238e-04 -3.027530e-04)
4104          	(1.951714e-01 3.846769e-01 -4.700222e+02)	(1.926541e-01 3.850342e-01 -4.700219e+02)	(2.517330e-03 -3.572346e-04 -3.029155e-04)
4105          	(1.952491e-01 3.848363e-01 -4.700222e+02)	(1.927310e-01 3.851933e-01 -4.700219e+02)	(2.518134e-03 -3.569669e-04 -3.030597e-04)
4106          	(1.953306e-01 3.849949e-01 -4.700222e+02)	(1.928117e-01 3.853517e-01 -4.700219e+02)	(2.518860e-03 -3.567430e-04 -3.031935e-04)
4107          	(1.954222e-01 3.851642e-01 -4.700222e+02)	(1.929026e-01 3.855208e-01 -4.700219e+02)	(2.519619e-03 -3.565597e-04 -3.033282e-04)
4108          	(1.958160e-01 3.859935e-01 -4.700222e+02)	(1.932952e-01 3.863500e-01 -4.700219e+02)	(2.520768e-03 -3.564759e-04 -3.034849e-04)
4109          	(1.961683e-01 3.867335e-01 -4.700222e+02)	(1.936461e-01 3.870899e-01 -4.700219e+02)	(2.522187e-03 -3.564540e-04 -3.036516e-04)
4110          	(1.962560e-01 3.868653e-01 -4.700223e+02)	(1.937325e-01 3.872217e-01 -4.700220e+02)	(2.523531e-03 -3.564615e-04 -3.038040e-04)
4111          	(1.963495e-01 3.870054e-01 -4.700223e+02)	(1.938247e-01 3.873619e-01 -4.700220e+02)	(2.524819e-03 -3.564931e-04 -3.039443e-04)
4112          	(1.965654e-01 3.877107e-01 -4.700231e+02)	(1.940399e-01 3.880670e-01 -4.700228e+02)	(2.525555e-03 -3.562729e-04 -3.040699e-04)
4113          	(1.967379e-01 3.883121e-01 -4.700240e+02)	(1.942121e-01 3.886680e-01 -4.700237e+02)	(2.525856e-03 -3.558946e-04 -3.041805e-04)
4114          	(1.968178e-01 3.884230e-01 -4.700240e+02)	(1.942915e-01 3.887787e-01 -4.700237e+02)	(2.526371e-03 -3.556607e-04 -3.042848e-04)
4115          	(1.969056e-01 3.885537e-01 -4.700240e+02)	(1.943786e-01 3.889092e-01 -4.700237e+02)	(2.527075e-03 -3.555001e-04 -3.043907e-04)
4116          	(1.973742e-01 3.896847e-01 -4.700244e+02)	(1.948463e-01 3.900400e-01 -4.700241e+02)	(2.527935e-03 -3.552849e-04 -3.045174e-04)
4117          	(1.974533e-01 3.897960e-01 -4.700244e+02)	(1.949245e-01 3.901512e-01 -4.700241e+02)	(2.528883e-03 -3.551326e-04 -3.046348e-04)
4118          	(1.975503e-01 3.899656e-01 -4.700244e+02)	(1.950205e-01 3.903206e-01 -4.700241e+02)	(2.529844e-03 -3.550211e-04 -3.047467e-04)
4119          	(1.976531e-01 3.901494e-01 -4.700244e+02)	(1.951223e-01 3.905044e-01 -4.700241e+02)	(2.530861e-03 -3.549339e-04 -3.048576e-04)
4120          	(1.979481e-01 3.911108e-01 -4.700249e+02)	(1.954169e-01 3.914654e-01 -4.700246e+02)	(2.531287e-03 -3.545616e-04 -3.049633e-04)
4121          	(1.980337e-01 3.912250e-01 -4.700250e+02)	(1.955017e-01 3.915793e-01 -4.700246e+02)	(2.531920e-03 -3.543433e-04 -3.050648e-04)
4122          	(1.981208e-01 3.913355e-01 -4.700250e+02)	(1.955880e-01 3.916897e-01 -4.700247e+02)	(2.532762e-03 -3.542418e-04 -3.051646e-04)
4123          	(1.982173e-01 3.914644e-01 -4.700250e+02)	(1.956835e-01 3.918187e-01 -4.700247e+02)	(2.533771e-03 -3.542198e-04 -3.052632e-04)
4124          	(1.983246e-01 3.916232e-01 -4.700250e+02)	(1.957897e-01 3.919774e-01 -4.700247e+02)	(2.534897e-03 -3.542548e-04 -3.053603e-04)
4125          	(1.984446e-01 3.918206e-01 -4.700250e+02)	(1.959084e-01 3.921749e-01 -4.700247e+02)	(2.536102e-03 -3.543250e-04 -3.054540e-04)
4126          	(1.986697e-01 3.923507e-01 -4.700250e+02)	(1.961325e-01 3.927050e-01 -4.700247e+02)	(2.537247e-03 -3.543406e-04 -3.055474e-04)
4127          	(1.988949e-01 3.928715e-01 -4.700250e+02)	(1.963566e-01 3.932258e-01 -4.700247e+02)	(2.538363e-03 -3.543295e-04 -3.056351e-04)
4128          	(1.991778e-01 3.934743e-01 -4.700251e+02)	(1.966382e-01 3.938287e-01 -4.700248e+02)	(2.539603e-03 -3.543572e-04 -3.057169e-04)
4129          	(1.994464e-01 3.940310e-01 -4.700251e+02)	(1.969054e-01 3.943855e-01 -4.700248e+02)	(2.540952e-03 -3.544210e-04 -3.057920e-04)
4130          	(1.996986e-01 3.945429e-01 -4.700252e+02)	(1.971562e-01 3.948974e-01 -4.700249e+02)	(2.542365e-03 -3.545192e-04 -3.058606e-04)
4131          	(1.999353e-01 3.950184e-01 -4.700252e+02)	(1.973914e-01 3.953730e-01 -4.700249e+02)	(2.543812e-03 -3.546423e-04 -3.059230e-04)
4132          	(2.000532e-01 3.952099e-01 -4.700252e+02)	(1.975080e-01 3.955647e-01 -4.700249e+02)	(2.545208e-03 -3.547871e-04 -3.059785e-04)
4133          	(2.002240e-01 3.955761e-01 -4.700252e+02)	(1.976776e-01 3.959310e-01 -4.700249e+02)	(2.546491e-03 -3.548981e-04 -3.060326e-04)
4134          	(2.003435e-01 3.957769e-01 -4.700252e+02)	(1.977958e-01 3.961319e-01 -4.700249e+02)	(2.547760e-03 -3.550311e-04 -3.060841e-04)
4135          	(2.006326e-01 3.964359e-01 -4.700252e+02)	(1.980836e-01 3.967910e-01 -4.700249e+02)	(2.549022e-03 -3.551401e-04 -3.061409e-04)
4136          	(2.007389e-01 3.965821e-01 -4.700252e+02)	(1.981886e-01 3.969374e-01 -4.700249e+02)	(2.550323e-03 -3.553036e-04 -3.061927e-04)
4137          	(2.008534e-01 3.967481e-01 -4.700252e+02)	(1.983017e-01 3.971036e-01 -4.700249e+02)	(2.551657e-03 -3.555097e-04 -3.062452e-04)
4138          	(2.012111e-01 3.974547e-01 -4.700251e+02)	(1.986578e-01 3.978105e-01 -4.700248e+02)	(2.553289e-03 -3.558006e-04 -3.063095e-04)
4139          	(2.013104e-01 3.975976e-01 -4.700251e+02)	(1.987555e-01 3.979537e-01 -4.700248e+02)	(2.554859e-03 -3.560896e-04 -3.063665e-04)
4140          	(2.014096e-01 3.977397e-01 -4.700251e+02)	(1.988533e-01 3.980960e-01 -4.700248e+02)	(2.556337e-03 -3.563857e-04 -3.064170e-04)
4141          	(2.015137e-01 3.978903e-01 -4.700251e+02)	(1.989560e-01 3.982470e-01 -4.700248e+02)	(2.557777e-03 -3.566901e-04 -3.064620e-04)
4142          	(2.016258e-01 3.980569e-01 -4.700251e+02)	(1.990666e-01 3.984139e-01 -4.700248e+02)	(2.559186e-03 -3.570066e-04 -3.065009e-04)
4143          	(2.021227e-01 3.988514e-01 -4.700246e+02)	(1.995613e-01 3.992090e-01 -4.700243e+02)	(2.561470e-03 -3.576080e-04 -3.065635e-04)
4144          	(2.022195e-01 3.989974e-01 -4.700246e+02)	(1.996560e-01 3.993555e-01 -4.700243e+02)	(2.563486e-03 -3.581198e-04 -3.065985e-04)
4145          	(2.023120e-01 3.991413e-01 -4.700246e+02)	(1.997468e-01 3.994999e-01 -4.700242e+02)	(2.565191e-03 -3.585929e-04 -3.066069e-04)
4146          	(2.023999e-01 3.992876e-01 -4.700245e+02)	(1.998332e-01 3.996466e-01 -4.700242e+02)	(2.566670e-03 -3.590219e-04 -3.065959e-04)
4147          	(2.025028e-01 3.995155e-01 -4.700245e+02)	(1.999349e-01 3.998749e-01 -4.700242e+02)	(2.567902e-03 -3.593710e-04 -3.065772e-04)
4148          	(2.025989e-01 3.997185e-01 -4.700244e+02)	(2.000300e-01 4.000781e-01 -4.700241e+02)	(2.568953e-03 -3.596748e-04 -3.065510e-04)
4149          	(2.029284e-01 4.003528e-01 -4.700238e+02)	(2.003580e-01 4.007129e-01 -4.700235e+02)	(2.570316e-03 -3.600731e-04 -3.065405e-04)
4150          	(2.029833e-01 4.003800e-01 -4.700238e+02)	(2.004117e-01 4.007405e-01 -4.700235e+02)	(2.571638e-03 -3.605021e-04 -3.065136e-04)
4151          	(2.030295e-01 4.003721e-01 -4.700238e+02)	(2.004566e-01 4.007330e-01 -4.700235e+02)	(2.572907e-03 -3.609692e-04 -3.064747e-04)
4152          	(2.030682e-01 4.003338e-01 -4.700238e+02)	(2.004941e-01 4.006953e-01 -4.700235e+02)	(2.574172e-03 -3.614714e-04 -3.064274e-04)
4153          	(2.031007e-01 4.002703e-01 -4.700238e+02)	(2.005252e-01 4.006323e-01 -4.700235e+02)	(2.575465e-03 -3.620090e-04 -3.063774e-04)
4154          	(2.031284e-01 4.001853e-01 -4.700238e+02)	(2.005516e-01 4.005479e-01 -4.700235e+02)	(2.576788e-03 -3.625822e-04 -3.063236e-04)
4155          	(2.031523e-01 4.000809e-01 -4.700238e+02)	(2.005742e-01 4.004441e-01 -4.700235e+02)	(2.578157e-03 -3.631956e-04 -3.062652e-04)
4156          	(2.031731e-01 3.999579e-01 -4.700237e+02)	(2.005936e-01 4.003218e-01 -4.700234e+02)	(2.579566e-03 -3.638500e-04 -3.062027e-04)
4157          	(2.032834e-01 3.996980e-01 -4.700231e+02)	(2.007016e-01 4.000628e-01 -4.700228e+02)	(2.581860e-03 -3.648782e-04 -3.061508e-04)
4158          	(2.033164e-01 3.996007e-01 -4.700231e+02)	(2.007324e-01 3.999666e-01 -4.700228e+02)	(2.584006e-03 -3.658390e-04 -3.060858e-04)
4159          	(2.033482e-01 3.995020e-01 -4.700231e+02)	(2.007623e-01 3.998687e-01 -4.700228e+02)	(2.585947e-03 -3.667732e-04 -3.060021e-04)
4160          	(2.033793e-01 3.994094e-01 -4.700231e+02)	(2.007916e-01 3.997771e-01 -4.700227e+02)	(2.587732e-03 -3.676947e-04 -3.059035e-04)
4161          	(2.034021e-01 3.993082e-01 -4.700231e+02)	(2.008127e-01 3.996768e-01 -4.700227e+02)	(2.589384e-03 -3.686043e-04 -3.057937e-04)
4162          	(2.034100e-01 3.991914e-01 -4.700230e+02)	(2.008191e-01 3.995609e-01 -4.700227e+02)	(2.590877e-03 -3.694893e-04 -3.056773e-04)
4163          	(2.033703e-01 3.989437e-01 -4.700230e+02)	(2.007781e-01 3.993141e-01 -4.700227e+02)	(2.592253e-03 -3.703787e-04 -3.055539e-04)
4164          	(2.033332e-01 3.987355e-01 -4.700230e+02)	(2.007398e-01 3.991067e-01 -4.700227e+02)	(2.593473e-03 -3.712316e-04 -3.054293e-04)
4165          	(2.032852e-01 3.985132e-01 -4.700230e+02)	(2.006907e-01 3.988852e-01 -4.700227e+02)	(2.594565e-03 -3.720474e-04 -3.053079e-04)
4166          	(2.029924e-01 3.975864e-01 -4.700230e+02)	(2.003967e-01 3.979593e-01 -4.700226e+02)	(2.595687e-03 -3.729503e-04 -3.051832e-04)
4167          	(2.028830e-01 3.970699e-01 -4.700224e+02)	(2.002860e-01 3.974439e-01 -4.700221e+02)	(2.597012e-03 -3.739562e-04 -3.050739e-04)
4168          	(2.025946e-01 3.962410e-01 -4.700222e+02)	(1.999965e-01 3.966159e-01 -4.700219e+02)	(2.598125e-03 -3.749160e-04 -3.049587e-04)
4169          	(2.023298e-01 3.954912e-01 -4.700219e+02)	(1.997308e-01 3.958671e-01 -4.700216e+02)	(2.599039e-03 -3.758479e-04 -3.048407e-04)
4170          	(2.022612e-01 3.950357e-01 -4.700213e+02)	(1.996609e-01 3.954126e-01 -4.700210e+02)	(2.600313e-03 -3.769128e-04 -3.047403e-04)
4171          	(2.022031e-01 3.948832e-01 -4.700213e+02)	(1.996019e-01 3.952610e-01 -4.700210e+02)	(2.601246e-03 -3.777848e-04 -3.046396e-04)
4172          	(2.020940e-01 3.944308e-01 -4.700208e+02)	(1.994918e-01 3.948095e-01 -4.700205e+02)	(2.602262e-03 -3.787132e-04 -3.045371e-04)
4173          	(2.020495e-01 3.943800e-01 -4.700208e+02)	(1.994466e-01 3.947595e-01 -4.700205e+02)	(2.602843e-03 -3.794323e-04 -3.044272e-04)
4174          	(2.020695e-01 3.944029e-01 -4.700208e+02)	(1.994662e-01 3.947830e-01 -4.700205e+02)	(2.603301e-03 -3.800898e-04 -3.043152e-04)
4175          	(2.020616e-01 3.943673e-01 -4.700208e+02)	(1.994579e-01 3.947480e-01 -4.700205e+02)	(2.603669e-03 -3.807093e-04 -3.042016e-04)
4176          	(2.020234e-01 3.942536e-01 -4.700207e+02)	(1.994194e-01 3.946349e-01 -4.700204e+02)	(2.603930e-03 -3.812999e-04 -3.040898e-04)
4177          	(2.019502e-01 3.940484e-01 -4.700207e+02)	(1.993461e-01 3.944302e-01 -4.700204e+02)	(2.604104e-03 -3.818738e-04 -3.039823e-04)
4178          	(2.018390e-01 3.937388e-01 -4.700207e+02)	(1.992348e-01 3.941213e-01 -4.700204e+02)	(2.604204e-03 -3.824425e-04 -3.038841e-04)
4179          	(2.013107e-01 3.923386e-01 -4.700206e+02)	(1.987065e-01 3.927217e-01 -4.700203e+02)	(2.604200e-03 -3.830946e-04 -3.037822e-04)
4180          	(2.011851e-01 3.919691e-01 -4.700206e+02)	(1.985808e-01 3.923529e-01 -4.700203e+02)	(2.604230e-03 -3.837436e-04 -3.037061e-04)
4181          	(2.010450e-01 3.915559e-01 -4.700206e+02)	(1.984407e-01 3.919403e-01 -4.700203e+02)	(2.604314e-03 -3.843831e-04 -3.036500e-04)
4182          	(2.008919e-01 3.911134e-01 -4.700205e+02)	(1.982875e-01 3.914985e-01 -4.700202e+02)	(2.604410e-03 -3.850227e-04 -3.036081e-04)
4183          	(2.004091e-01 3.897760e-01 -4.700205e+02)	(1.978045e-01 3.901617e-01 -4.700202e+02)	(2.604541e-03 -3.857496e-04 -3.035632e-04)
4184          	(2.003138e-01 3.895078e-01 -4.700204e+02)	(1.977091e-01 3.898942e-01 -4.700201e+02)	(2.604636e-03 -3.864030e-04 -3.035346e-04)
4185          	(2.002197e-01 3.892554e-01 -4.700204e+02)	(1.976150e-01 3.896424e-01 -4.700201e+02)	(2.604682e-03 -3.869875e-04 -3.035121e-04)
4186          	(2.001201e-01 3.890008e-01 -4.700204e+02)	(1.975155e-01 3.893883e-01 -4.700201e+02)	(2.604632e-03 -3.875203e-04 -3.034898e-04)
4187          	(2.000135e-01 3.887407e-01 -4.700204e+02)	(1.974090e-01 3.891287e-01 -4.700201e+02)	(2.604482e-03 -3.880009e-04 -3.034661e-04)
4188          	(1.994946e-01 3.874275e-01 -4.700203e+02)	(1.968905e-01 3.878160e-01 -4.700200e+02)	(2.604112e-03 -3.884974e-04 -3.034241e-04)
4189          	(1.994095e-01 3.872332e-01 -4.700203e+02)	(1.968058e-01 3.876222e-01 -4.700200e+02)	(2.603692e-03 -3.889328e-04 -3.033958e-04)
4190          	(1.989254e-01 3.860533e-01 -4.700199e+02)	(1.963223e-01 3.864427e-01 -4.700196e+02)	(2.603124e-03 -3.893862e-04 -3.033557e-04)
4191          	(1.988698e-01 3.859289e-01 -4.700199e+02)	(1.962672e-01 3.863187e-01 -4.700196e+02)	(2.602593e-03 -3.897933e-04 -3.033367e-04)
4192          	(1.985232e-01 3.850753e-01 -4.700194e+02)	(1.959212e-01 3.854655e-01 -4.700191e+02)	(2.602002e-03 -3.902006e-04 -3.033191e-04)
4193          	(1.984174e-01 3.848101e-01 -4.700194e+02)	(1.958160e-01 3.852007e-01 -4.700190e+02)	(2.601430e-03 -3.905623e-04 -3.033150e-04)
4194          	(1.983446e-01 3.846391e-01 -4.700193e+02)	(1.957437e-01 3.850300e-01 -4.700190e+02)	(2.600866e-03 -3.908579e-04 -3.033233e-04)
4195          	(1.983834e-01 3.844551e-01 -4.700185e+02)	(1.957824e-01 3.848465e-01 -4.700182e+02)	(2.601045e-03 -3.914117e-04 -3.033513e-04)
4196          	(1.983531e-01 3.844644e-01 -4.700184e+02)	(1.957522e-01 3.848561e-01 -4.700181e+02)	(2.600920e-03 -3.917669e-04 -3.033766e-04)
4197          	(1.983661e-01 3.845443e-01 -4.700184e+02)	(1.957655e-01 3.849363e-01 -4.700181e+02)	(2.600593e-03 -3.920267e-04 -3.033967e-04)
4198          	(1.983658e-01 3.845995e-01 -4.700184e+02)	(1.957657e-01 3.849917e-01 -4.700181e+02)	(2.600131e-03 -3.922244e-04 -3.034158e-04)
4199          	(1.983462e-01 3.846113e-01 -4.700184e+02)	(1.957466e-01 3.850037e-01 -4.700181e+02)	(2.599542e-03 -3.923739e-04 -3.034361e-04)
4200          	(1.983031e-01 3.845658e-01 -4.700184e+02)	(1.957043e-01 3.849583e-01 -4.700181e+02)	(2.598842e-03 -3.924931e-04 -3.034608e-04)
