# Moment      
# CofR        : (0.000000e+00 0.000000e+00 0.000000e+00)
#
# Time        	(total_x total_y total_z)	(pressure_x pressure_y pressure_z)	(viscous_x viscous_y viscous_z)
3701          	(-8.151410e-03 7.185223e-03 -1.839735e-02)	(-8.144501e-03 7.171701e-03 -1.834785e-02)	(-6.909121e-06 1.352192e-05 -4.949805e-05)
3702          	(-8.157348e-03 7.185497e-03 -1.838833e-02)	(-8.150441e-03 7.171936e-03 -1.833895e-02)	(-6.907167e-06 1.356090e-05 -4.938104e-05)
3703          	(-8.163560e-03 7.186438e-03 -1.837816e-02)	(-8.156656e-03 7.172835e-03 -1.832889e-02)	(-6.904504e-06 1.360292e-05 -4.926754e-05)
3704          	(-8.182776e-03 7.190213e-03 -1.835351e-02)	(-8.175874e-03 7.176566e-03 -1.830436e-02)	(-6.902640e-06 1.364714e-05 -4.915086e-05)
3705          	(-8.188338e-03 7.191931e-03 -1.834444e-02)	(-8.181438e-03 7.178238e-03 -1.829540e-02)	(-6.899825e-06 1.369283e-05 -4.904309e-05)
3706          	(-8.219321e-03 7.222666e-03 -1.835569e-02)	(-8.212431e-03 7.208902e-03 -1.830674e-02)	(-6.890023e-06 1.376434e-05 -4.894331e-05)
3707          	(-8.224035e-03 7.223324e-03 -1.834719e-02)	(-8.217152e-03 7.209495e-03 -1.829833e-02)	(-6.883080e-06 1.382916e-05 -4.885967e-05)
3708          	(-8.229030e-03 7.223909e-03 -1.833756e-02)	(-8.222154e-03 7.210020e-03 -1.828878e-02)	(-6.875850e-06 1.388890e-05 -4.877565e-05)
3709          	(-8.234493e-03 7.224592e-03 -1.832666e-02)	(-8.227624e-03 7.210646e-03 -1.827796e-02)	(-6.869064e-06 1.394559e-05 -4.869872e-05)
3710          	(-8.240985e-03 7.225484e-03 -1.831356e-02)	(-8.234123e-03 7.211483e-03 -1.826493e-02)	(-6.862398e-06 1.400080e-05 -4.862613e-05)
3711          	(-8.248210e-03 7.226752e-03 -1.829971e-02)	(-8.241354e-03 7.212697e-03 -1.825115e-02)	(-6.855522e-06 1.405574e-05 -4.855723e-05)
3712          	(-8.256245e-03 7.228514e-03 -1.828549e-02)	(-8.249397e-03 7.214403e-03 -1.823700e-02)	(-6.848287e-06 1.411120e-05 -4.849099e-05)
3713          	(-8.279885e-03 7.234431e-03 -1.826005e-02)	(-8.273044e-03 7.220262e-03 -1.821163e-02)	(-6.841723e-06 1.416881e-05 -4.842077e-05)
3714          	(-8.303986e-03 7.242766e-03 -1.824271e-02)	(-8.297151e-03 7.228537e-03 -1.819436e-02)	(-6.835072e-06 1.422905e-05 -4.835267e-05)
3715          	(-8.309003e-03 7.245716e-03 -1.823972e-02)	(-8.302176e-03 7.231427e-03 -1.819143e-02)	(-6.827208e-06 1.428911e-05 -4.829595e-05)
3716          	(-8.329952e-03 7.257357e-03 -1.823044e-02)	(-8.323134e-03 7.243001e-03 -1.818219e-02)	(-6.817758e-06 1.435584e-05 -4.824202e-05)
3717          	(-8.347517e-03 7.269454e-03 -1.822651e-02)	(-8.340710e-03 7.255026e-03 -1.817831e-02)	(-6.807239e-06 1.442786e-05 -4.819832e-05)
3718          	(-8.349332e-03 7.272809e-03 -1.823590e-02)	(-8.342535e-03 7.258311e-03 -1.818774e-02)	(-6.796087e-06 1.449798e-05 -4.816672e-05)
3719          	(-8.351153e-03 7.276530e-03 -1.824483e-02)	(-8.344369e-03 7.261963e-03 -1.819669e-02)	(-6.784096e-06 1.456741e-05 -4.814151e-05)
3720          	(-8.353740e-03 7.280767e-03 -1.825124e-02)	(-8.346968e-03 7.266129e-03 -1.820312e-02)	(-6.771629e-06 1.463744e-05 -4.812122e-05)
3721          	(-8.380811e-03 7.301592e-03 -1.824643e-02)	(-8.374054e-03 7.286873e-03 -1.819833e-02)	(-6.757067e-06 1.471955e-05 -4.809876e-05)
3722          	(-8.384492e-03 7.305163e-03 -1.825220e-02)	(-8.377749e-03 7.290365e-03 -1.820412e-02)	(-6.743687e-06 1.479778e-05 -4.808631e-05)
3723          	(-8.407248e-03 7.305775e-03 -1.824943e-02)	(-8.400512e-03 7.290914e-03 -1.820137e-02)	(-6.736448e-06 1.486102e-05 -4.806055e-05)
3724          	(-8.411673e-03 7.308380e-03 -1.825293e-02)	(-8.404946e-03 7.293456e-03 -1.820488e-02)	(-6.727066e-06 1.492476e-05 -4.804382e-05)
3725          	(-8.432921e-03 7.305467e-03 -1.824229e-02)	(-8.426198e-03 7.290490e-03 -1.819427e-02)	(-6.722748e-06 1.497703e-05 -4.801619e-05)
3726          	(-8.437141e-03 7.307610e-03 -1.824300e-02)	(-8.430426e-03 7.292576e-03 -1.819501e-02)	(-6.714991e-06 1.503348e-05 -4.799632e-05)
3727          	(-8.443862e-03 7.310272e-03 -1.823683e-02)	(-8.437157e-03 7.295178e-03 -1.818886e-02)	(-6.705672e-06 1.509386e-05 -4.797702e-05)
3728          	(-8.450669e-03 7.313367e-03 -1.822988e-02)	(-8.443974e-03 7.298210e-03 -1.818192e-02)	(-6.695362e-06 1.515714e-05 -4.795982e-05)
3729          	(-8.457578e-03 7.316958e-03 -1.822279e-02)	(-8.450893e-03 7.301736e-03 -1.817484e-02)	(-6.684367e-06 1.522221e-05 -4.794531e-05)
3730          	(-8.478823e-03 7.324883e-03 -1.820211e-02)	(-8.472149e-03 7.309594e-03 -1.815419e-02)	(-6.673877e-06 1.528914e-05 -4.792862e-05)
3731          	(-8.483732e-03 7.328829e-03 -1.820209e-02)	(-8.477069e-03 7.313474e-03 -1.815417e-02)	(-6.663133e-06 1.535453e-05 -4.792131e-05)
3732          	(-8.488722e-03 7.333092e-03 -1.820353e-02)	(-8.482070e-03 7.317673e-03 -1.815561e-02)	(-6.651877e-06 1.541937e-05 -4.791966e-05)
3733          	(-8.518344e-03 7.345943e-03 -1.821175e-02)	(-8.511702e-03 7.330458e-03 -1.816383e-02)	(-6.642056e-06 1.548518e-05 -4.791753e-05)
3734          	(-8.521802e-03 7.349950e-03 -1.821360e-02)	(-8.515170e-03 7.334401e-03 -1.816568e-02)	(-6.631873e-06 1.554891e-05 -4.792426e-05)
3735          	(-8.525560e-03 7.354100e-03 -1.821474e-02)	(-8.518940e-03 7.338487e-03 -1.816681e-02)	(-6.620216e-06 1.561313e-05 -4.793246e-05)
3736          	(-8.549318e-03 7.363682e-03 -1.821197e-02)	(-8.542708e-03 7.348005e-03 -1.816404e-02)	(-6.609858e-06 1.567742e-05 -4.793795e-05)
3737          	(-8.552216e-03 7.368083e-03 -1.821438e-02)	(-8.545618e-03 7.352341e-03 -1.816643e-02)	(-6.598255e-06 1.574174e-05 -4.795209e-05)
3738          	(-8.556993e-03 7.372754e-03 -1.821395e-02)	(-8.550407e-03 7.356947e-03 -1.816599e-02)	(-6.585419e-06 1.580708e-05 -4.796605e-05)
3739          	(-8.568911e-03 7.378559e-03 -1.820615e-02)	(-8.562339e-03 7.362687e-03 -1.815817e-02)	(-6.572981e-06 1.587239e-05 -4.798034e-05)
3740          	(-8.580041e-03 7.384452e-03 -1.820274e-02)	(-8.573481e-03 7.368515e-03 -1.815475e-02)	(-6.560652e-06 1.593693e-05 -4.799725e-05)
3741          	(-8.584870e-03 7.389724e-03 -1.820980e-02)	(-8.578323e-03 7.373722e-03 -1.816178e-02)	(-6.547279e-06 1.600125e-05 -4.802163e-05)
3742          	(-8.590305e-03 7.395005e-03 -1.821701e-02)	(-8.583771e-03 7.378940e-03 -1.816896e-02)	(-6.533226e-06 1.606538e-05 -4.805049e-05)
3743          	(-8.602197e-03 7.400777e-03 -1.821756e-02)	(-8.595677e-03 7.384649e-03 -1.816948e-02)	(-6.520038e-06 1.612747e-05 -4.808104e-05)
3744          	(-8.608479e-03 7.406348e-03 -1.822606e-02)	(-8.601972e-03 7.390160e-03 -1.817794e-02)	(-6.506351e-06 1.618852e-05 -4.811797e-05)
3745          	(-8.621016e-03 7.412177e-03 -1.822776e-02)	(-8.614523e-03 7.395929e-03 -1.817961e-02)	(-6.493308e-06 1.624751e-05 -4.815632e-05)
3746          	(-8.625701e-03 7.417219e-03 -1.823956e-02)	(-8.619221e-03 7.400914e-03 -1.819136e-02)	(-6.479438e-06 1.630504e-05 -4.820306e-05)
3747          	(-8.646338e-03 7.426675e-03 -1.824256e-02)	(-8.639872e-03 7.410313e-03 -1.819431e-02)	(-6.466203e-06 1.636229e-05 -4.824970e-05)
3748          	(-8.648727e-03 7.430979e-03 -1.825752e-02)	(-8.642275e-03 7.414562e-03 -1.820922e-02)	(-6.452173e-06 1.641709e-05 -4.830793e-05)
3749          	(-8.651011e-03 7.435030e-03 -1.827147e-02)	(-8.644574e-03 7.418559e-03 -1.822310e-02)	(-6.437240e-06 1.647040e-05 -4.837139e-05)
3750          	(-8.670862e-03 7.453876e-03 -1.829104e-02)	(-8.664442e-03 7.437343e-03 -1.824260e-02)	(-6.419897e-06 1.653311e-05 -4.843820e-05)
3751          	(-8.672048e-03 7.456276e-03 -1.830351e-02)	(-8.665643e-03 7.439687e-03 -1.825500e-02)	(-6.404373e-06 1.658943e-05 -4.851311e-05)
3752          	(-8.673035e-03 7.458322e-03 -1.831525e-02)	(-8.666646e-03 7.441681e-03 -1.826667e-02)	(-6.389080e-06 1.664078e-05 -4.858691e-05)
3753          	(-8.673743e-03 7.460386e-03 -1.832669e-02)	(-8.667369e-03 7.443698e-03 -1.827802e-02)	(-6.374516e-06 1.668790e-05 -4.866449e-05)
3754          	(-8.691288e-03 7.488724e-03 -1.835686e-02)	(-8.684934e-03 7.471969e-03 -1.830811e-02)	(-6.353539e-06 1.675520e-05 -4.875128e-05)
3755          	(-8.691706e-03 7.489690e-03 -1.836994e-02)	(-8.685369e-03 7.472879e-03 -1.832109e-02)	(-6.336827e-06 1.681090e-05 -4.884739e-05)
3756          	(-8.692071e-03 7.490114e-03 -1.838279e-02)	(-8.685750e-03 7.473257e-03 -1.833385e-02)	(-6.321238e-06 1.685692e-05 -4.893954e-05)
3757          	(-8.681737e-03 7.491353e-03 -1.839677e-02)	(-8.675433e-03 7.474451e-03 -1.834773e-02)	(-6.303536e-06 1.690214e-05 -4.904134e-05)
3758          	(-8.682540e-03 7.491795e-03 -1.840740e-02)	(-8.676251e-03 7.474856e-03 -1.835826e-02)	(-6.288416e-06 1.693941e-05 -4.914183e-05)
3759          	(-8.683534e-03 7.492164e-03 -1.841751e-02)	(-8.677259e-03 7.475194e-03 -1.836826e-02)	(-6.275222e-06 1.696997e-05 -4.924407e-05)
3760          	(-8.684532e-03 7.492568e-03 -1.842801e-02)	(-8.678269e-03 7.475572e-03 -1.837866e-02)	(-6.262976e-06 1.699582e-05 -4.934681e-05)
3761          	(-8.685584e-03 7.492979e-03 -1.843917e-02)	(-8.679333e-03 7.475961e-03 -1.838972e-02)	(-6.251383e-06 1.701827e-05 -4.945022e-05)
3762          	(-8.686586e-03 7.493488e-03 -1.845142e-02)	(-8.680346e-03 7.476450e-03 -1.840187e-02)	(-6.240143e-06 1.703830e-05 -4.955389e-05)
3763          	(-8.686797e-03 7.494413e-03 -1.846481e-02)	(-8.680568e-03 7.477356e-03 -1.841515e-02)	(-6.228848e-06 1.705669e-05 -4.965959e-05)
3764          	(-8.686818e-03 7.495483e-03 -1.847924e-02)	(-8.680600e-03 7.478410e-03 -1.842947e-02)	(-6.217547e-06 1.707366e-05 -4.976641e-05)
3765          	(-8.686584e-03 7.496741e-03 -1.849464e-02)	(-8.680378e-03 7.479652e-03 -1.844477e-02)	(-6.206417e-06 1.708912e-05 -4.987399e-05)
3766          	(-8.686043e-03 7.498226e-03 -1.851107e-02)	(-8.679848e-03 7.481123e-03 -1.846109e-02)	(-6.195403e-06 1.710315e-05 -4.998229e-05)
3767          	(-8.685389e-03 7.499899e-03 -1.853020e-02)	(-8.679205e-03 7.482784e-03 -1.848011e-02)	(-6.184720e-06 1.711522e-05 -5.009137e-05)
3768          	(-8.686016e-03 7.520943e-03 -1.855503e-02)	(-8.679850e-03 7.503795e-03 -1.850482e-02)	(-6.165718e-06 1.714784e-05 -5.021392e-05)
3769          	(-8.684698e-03 7.522773e-03 -1.857592e-02)	(-8.678548e-03 7.505601e-03 -1.852558e-02)	(-6.150563e-06 1.717162e-05 -5.034193e-05)
3770          	(-8.682841e-03 7.524704e-03 -1.859888e-02)	(-8.676704e-03 7.507516e-03 -1.854841e-02)	(-6.137026e-06 1.718706e-05 -5.047128e-05)
3771          	(-8.680230e-03 7.526694e-03 -1.862408e-02)	(-8.674105e-03 7.509498e-03 -1.857348e-02)	(-6.124537e-06 1.719578e-05 -5.060747e-05)
3772          	(-8.660875e-03 7.542121e-03 -1.866783e-02)	(-8.654772e-03 7.524901e-03 -1.861706e-02)	(-6.102773e-06 1.721984e-05 -5.077148e-05)
3773          	(-8.659004e-03 7.543620e-03 -1.869084e-02)	(-8.652918e-03 7.526386e-03 -1.863991e-02)	(-6.085743e-06 1.723424e-05 -5.093407e-05)
3774          	(-8.650467e-03 7.542660e-03 -1.873498e-02)	(-8.644395e-03 7.525423e-03 -1.868388e-02)	(-6.071827e-06 1.723681e-05 -5.109894e-05)
3775          	(-8.647400e-03 7.542520e-03 -1.876011e-02)	(-8.641340e-03 7.525288e-03 -1.870885e-02)	(-6.059867e-06 1.723239e-05 -5.126062e-05)
3776          	(-8.628218e-03 7.536707e-03 -1.877973e-02)	(-8.622170e-03 7.519484e-03 -1.872831e-02)	(-6.047514e-06 1.722290e-05 -5.142380e-05)
3777          	(-8.619332e-03 7.534694e-03 -1.881202e-02)	(-8.613295e-03 7.517485e-03 -1.876043e-02)	(-6.036552e-06 1.720867e-05 -5.158118e-05)
3778          	(-8.599535e-03 7.526606e-03 -1.882494e-02)	(-8.593509e-03 7.509416e-03 -1.877320e-02)	(-6.026028e-06 1.718989e-05 -5.173951e-05)
3779          	(-8.588224e-03 7.533795e-03 -1.884977e-02)	(-8.582213e-03 7.516614e-03 -1.879787e-02)	(-6.011340e-06 1.718076e-05 -5.189887e-05)
3780          	(-8.569819e-03 7.523724e-03 -1.886278e-02)	(-8.563818e-03 7.506563e-03 -1.881072e-02)	(-6.000977e-06 1.716060e-05 -5.205746e-05)
3781          	(-8.555103e-03 7.526429e-03 -1.889163e-02)	(-8.549115e-03 7.509285e-03 -1.883942e-02)	(-5.988427e-06 1.714408e-05 -5.221587e-05)
3782          	(-8.541989e-03 7.516867e-03 -1.890265e-02)	(-8.536008e-03 7.499751e-03 -1.885028e-02)	(-5.981377e-06 1.711565e-05 -5.236884e-05)
3783          	(-8.528674e-03 7.509510e-03 -1.891613e-02)	(-8.522697e-03 7.492429e-03 -1.886362e-02)	(-5.976340e-06 1.708066e-05 -5.251170e-05)
3784          	(-8.525505e-03 7.509392e-03 -1.893782e-02)	(-8.519533e-03 7.492347e-03 -1.888517e-02)	(-5.972728e-06 1.704467e-05 -5.264799e-05)
3785          	(-8.521610e-03 7.509076e-03 -1.896027e-02)	(-8.515640e-03 7.492067e-03 -1.890749e-02)	(-5.970192e-06 1.700815e-05 -5.278035e-05)
3786          	(-8.516477e-03 7.508493e-03 -1.898378e-02)	(-8.510509e-03 7.491521e-03 -1.893087e-02)	(-5.967909e-06 1.697141e-05 -5.290772e-05)
3787          	(-8.509761e-03 7.507622e-03 -1.900761e-02)	(-8.503795e-03 7.490687e-03 -1.895458e-02)	(-5.965503e-06 1.693500e-05 -5.303121e-05)
3788          	(-8.485900e-03 7.503326e-03 -1.902269e-02)	(-8.479940e-03 7.486424e-03 -1.896953e-02)	(-5.959926e-06 1.690266e-05 -5.315842e-05)
3789          	(-8.477367e-03 7.503251e-03 -1.904393e-02)	(-8.471412e-03 7.486380e-03 -1.899065e-02)	(-5.954723e-06 1.687116e-05 -5.327921e-05)
3790          	(-8.468040e-03 7.503260e-03 -1.906249e-02)	(-8.462090e-03 7.486420e-03 -1.900909e-02)	(-5.950287e-06 1.683975e-05 -5.339941e-05)
3791          	(-8.457942e-03 7.503121e-03 -1.907831e-02)	(-8.451996e-03 7.486313e-03 -1.902479e-02)	(-5.945967e-06 1.680843e-05 -5.351655e-05)
3792          	(-8.448654e-03 7.502902e-03 -1.909020e-02)	(-8.442712e-03 7.486125e-03 -1.903657e-02)	(-5.942013e-06 1.677690e-05 -5.363101e-05)
3793          	(-8.438922e-03 7.502050e-03 -1.910047e-02)	(-8.432984e-03 7.485305e-03 -1.904672e-02)	(-5.938518e-06 1.674437e-05 -5.374307e-05)
3794          	(-8.428247e-03 7.500481e-03 -1.911040e-02)	(-8.422312e-03 7.483770e-03 -1.905655e-02)	(-5.935424e-06 1.671042e-05 -5.385384e-05)
3795          	(-8.398848e-03 7.491864e-03 -1.912774e-02)	(-8.392916e-03 7.475191e-03 -1.907377e-02)	(-5.931692e-06 1.667270e-05 -5.397043e-05)
3796          	(-8.389952e-03 7.489823e-03 -1.913273e-02)	(-8.384023e-03 7.473187e-03 -1.907865e-02)	(-5.928663e-06 1.663526e-05 -5.407818e-05)
3797          	(-8.381216e-03 7.487319e-03 -1.913748e-02)	(-8.375289e-03 7.470721e-03 -1.908330e-02)	(-5.926750e-06 1.659738e-05 -5.418010e-05)
3798          	(-8.348845e-03 7.474425e-03 -1.914917e-02)	(-8.342920e-03 7.457871e-03 -1.909488e-02)	(-5.924756e-06 1.655442e-05 -5.428399e-05)
3799          	(-8.342275e-03 7.472065e-03 -1.915053e-02)	(-8.336352e-03 7.455552e-03 -1.909615e-02)	(-5.923112e-06 1.651379e-05 -5.437379e-05)
3800          	(-8.311713e-03 7.457952e-03 -1.915508e-02)	(-8.305791e-03 7.441484e-03 -1.910062e-02)	(-5.922520e-06 1.646803e-05 -5.446530e-05)
3801          	(-8.307265e-03 7.456196e-03 -1.915429e-02)	(-8.301343e-03 7.439770e-03 -1.909974e-02)	(-5.921979e-06 1.642570e-05 -5.454150e-05)
3802          	(-8.303194e-03 7.454479e-03 -1.915400e-02)	(-8.297271e-03 7.438094e-03 -1.909939e-02)	(-5.922767e-06 1.638483e-05 -5.461198e-05)
3803          	(-8.276256e-03 7.439707e-03 -1.914106e-02)	(-8.270332e-03 7.423368e-03 -1.908638e-02)	(-5.923450e-06 1.633939e-05 -5.467992e-05)
3804          	(-8.252046e-03 7.428168e-03 -1.913567e-02)	(-8.246123e-03 7.411875e-03 -1.908093e-02)	(-5.923231e-06 1.629306e-05 -5.474179e-05)
3805          	(-8.238176e-03 7.439883e-03 -1.913994e-02)	(-8.232260e-03 7.423615e-03 -1.908513e-02)	(-5.916587e-06 1.626746e-05 -5.481142e-05)
3806          	(-8.235226e-03 7.438844e-03 -1.916041e-02)	(-8.229311e-03 7.422606e-03 -1.910553e-02)	(-5.915064e-06 1.623716e-05 -5.487952e-05)
3807          	(-8.234336e-03 7.437609e-03 -1.917914e-02)	(-8.228420e-03 7.421407e-03 -1.912420e-02)	(-5.916130e-06 1.620231e-05 -5.493738e-05)
3808          	(-8.234490e-03 7.435266e-03 -1.919475e-02)	(-8.228570e-03 7.419102e-03 -1.913977e-02)	(-5.919163e-06 1.616447e-05 -5.498372e-05)
3809          	(-8.224771e-03 7.440604e-03 -1.918737e-02)	(-8.218854e-03 7.424463e-03 -1.913234e-02)	(-5.916438e-06 1.614059e-05 -5.502864e-05)
3810          	(-8.227317e-03 7.440106e-03 -1.918478e-02)	(-8.221402e-03 7.423989e-03 -1.912972e-02)	(-5.915617e-06 1.611650e-05 -5.506215e-05)
3811          	(-8.229132e-03 7.439348e-03 -1.918306e-02)	(-8.223216e-03 7.423258e-03 -1.912797e-02)	(-5.915954e-06 1.609090e-05 -5.508966e-05)
3812          	(-8.229720e-03 7.438319e-03 -1.918266e-02)	(-8.223803e-03 7.422255e-03 -1.912754e-02)	(-5.916915e-06 1.606397e-05 -5.511306e-05)
3813          	(-8.228697e-03 7.437008e-03 -1.918375e-02)	(-8.222778e-03 7.420972e-03 -1.912861e-02)	(-5.918147e-06 1.603625e-05 -5.513504e-05)
3814          	(-8.225770e-03 7.435405e-03 -1.918625e-02)	(-8.219851e-03 7.419397e-03 -1.913110e-02)	(-5.919478e-06 1.600814e-05 -5.515731e-05)
3815          	(-8.220761e-03 7.433491e-03 -1.918989e-02)	(-8.214840e-03 7.417511e-03 -1.913471e-02)	(-5.920665e-06 1.598011e-05 -5.518078e-05)
3816          	(-8.213611e-03 7.431224e-03 -1.919420e-02)	(-8.207689e-03 7.415272e-03 -1.913899e-02)	(-5.921648e-06 1.595259e-05 -5.520614e-05)
3817          	(-8.204369e-03 7.428540e-03 -1.919863e-02)	(-8.198446e-03 7.412614e-03 -1.914340e-02)	(-5.922267e-06 1.592611e-05 -5.523277e-05)
3818          	(-8.193175e-03 7.425329e-03 -1.920259e-02)	(-8.187253e-03 7.409428e-03 -1.914733e-02)	(-5.922573e-06 1.590089e-05 -5.525978e-05)
3819          	(-8.159220e-03 7.415855e-03 -1.921213e-02)	(-8.153299e-03 7.399979e-03 -1.915683e-02)	(-5.920930e-06 1.587561e-05 -5.529505e-05)
3820          	(-8.149075e-03 7.411823e-03 -1.920883e-02)	(-8.143156e-03 7.395969e-03 -1.915351e-02)	(-5.919517e-06 1.585437e-05 -5.531954e-05)
3821          	(-8.139569e-03 7.407387e-03 -1.920301e-02)	(-8.133650e-03 7.391551e-03 -1.914767e-02)	(-5.919131e-06 1.583544e-05 -5.533513e-05)
3822          	(-8.132967e-03 7.403259e-03 -1.919550e-02)	(-8.127048e-03 7.387440e-03 -1.914017e-02)	(-5.919344e-06 1.581957e-05 -5.533651e-05)
3823          	(-8.126906e-03 7.398927e-03 -1.918703e-02)	(-8.120986e-03 7.383121e-03 -1.913170e-02)	(-5.919967e-06 1.580630e-05 -5.532623e-05)
3824          	(-8.121311e-03 7.394369e-03 -1.917773e-02)	(-8.115390e-03 7.378574e-03 -1.912242e-02)	(-5.920862e-06 1.579495e-05 -5.530611e-05)
3825          	(-8.116158e-03 7.389576e-03 -1.916772e-02)	(-8.110236e-03 7.373791e-03 -1.911245e-02)	(-5.922005e-06 1.578502e-05 -5.527784e-05)
3826          	(-8.111496e-03 7.384591e-03 -1.915712e-02)	(-8.105572e-03 7.368814e-03 -1.910187e-02)	(-5.923375e-06 1.577615e-05 -5.524250e-05)
3827          	(-8.107423e-03 7.379496e-03 -1.914603e-02)	(-8.101498e-03 7.363728e-03 -1.909083e-02)	(-5.924975e-06 1.576804e-05 -5.520071e-05)
3828          	(-8.104692e-03 7.374892e-03 -1.913517e-02)	(-8.098765e-03 7.359131e-03 -1.908002e-02)	(-5.926827e-06 1.576105e-05 -5.515193e-05)
3829          	(-8.102653e-03 7.370381e-03 -1.912398e-02)	(-8.096724e-03 7.354627e-03 -1.906888e-02)	(-5.928983e-06 1.575475e-05 -5.509753e-05)
3830          	(-8.101400e-03 7.366057e-03 -1.911250e-02)	(-8.095469e-03 7.350309e-03 -1.905747e-02)	(-5.931550e-06 1.574862e-05 -5.503793e-05)
3831          	(-8.100981e-03 7.361964e-03 -1.910072e-02)	(-8.095047e-03 7.346222e-03 -1.904574e-02)	(-5.934602e-06 1.574234e-05 -5.497412e-05)
3832          	(-8.101397e-03 7.358106e-03 -1.908854e-02)	(-8.095458e-03 7.342371e-03 -1.903363e-02)	(-5.938261e-06 1.573545e-05 -5.490633e-05)
3833          	(-8.102619e-03 7.354463e-03 -1.907594e-02)	(-8.096676e-03 7.338736e-03 -1.902111e-02)	(-5.942561e-06 1.572763e-05 -5.483526e-05)
3834          	(-8.104596e-03 7.351011e-03 -1.906296e-02)	(-8.098649e-03 7.335292e-03 -1.900820e-02)	(-5.947520e-06 1.571874e-05 -5.476115e-05)
3835          	(-8.107251e-03 7.347751e-03 -1.904974e-02)	(-8.101298e-03 7.332042e-03 -1.899506e-02)	(-5.953040e-06 1.570883e-05 -5.468492e-05)
3836          	(-8.110483e-03 7.344711e-03 -1.903644e-02)	(-8.104524e-03 7.329013e-03 -1.898184e-02)	(-5.959044e-06 1.569798e-05 -5.460669e-05)
3837          	(-8.114165e-03 7.341952e-03 -1.902324e-02)	(-8.108200e-03 7.326266e-03 -1.896871e-02)	(-5.965404e-06 1.568642e-05 -5.452760e-05)
3838          	(-8.118113e-03 7.339581e-03 -1.901040e-02)	(-8.112141e-03 7.323906e-03 -1.895595e-02)	(-5.971947e-06 1.567443e-05 -5.444817e-05)
3839          	(-8.122170e-03 7.337672e-03 -1.899817e-02)	(-8.116191e-03 7.322009e-03 -1.894380e-02)	(-5.978515e-06 1.566232e-05 -5.436985e-05)
3840          	(-8.126596e-03 7.336406e-03 -1.898632e-02)	(-8.120611e-03 7.320755e-03 -1.893202e-02)	(-5.984923e-06 1.565017e-05 -5.429399e-05)
3841          	(-8.130808e-03 7.335840e-03 -1.897607e-02)	(-8.124817e-03 7.320202e-03 -1.892185e-02)	(-5.991034e-06 1.563824e-05 -5.422199e-05)
3842          	(-8.134575e-03 7.336646e-03 -1.896916e-02)	(-8.128579e-03 7.321019e-03 -1.891500e-02)	(-5.996337e-06 1.562707e-05 -5.415626e-05)
3843          	(-8.162336e-03 7.329870e-03 -1.897589e-02)	(-8.156325e-03 7.314275e-03 -1.892181e-02)	(-6.010968e-06 1.559461e-05 -5.407949e-05)
3844          	(-8.172271e-03 7.327625e-03 -1.898569e-02)	(-8.166245e-03 7.312070e-03 -1.893168e-02)	(-6.025969e-06 1.555528e-05 -5.400815e-05)
3845          	(-8.161544e-03 7.321576e-03 -1.899484e-02)	(-8.155506e-03 7.306060e-03 -1.894089e-02)	(-6.038011e-06 1.551571e-05 -5.394894e-05)
3846          	(-8.131630e-03 7.323085e-03 -1.900095e-02)	(-8.125590e-03 7.307590e-03 -1.894705e-02)	(-6.039991e-06 1.549433e-05 -5.390906e-05)
3847          	(-8.104741e-03 7.321267e-03 -1.900454e-02)	(-8.098703e-03 7.305784e-03 -1.895066e-02)	(-6.037717e-06 1.548309e-05 -5.388156e-05)
3848          	(-8.083775e-03 7.316598e-03 -1.900460e-02)	(-8.077740e-03 7.301125e-03 -1.895074e-02)	(-6.035127e-06 1.547350e-05 -5.385829e-05)
3849          	(-8.069317e-03 7.309937e-03 -1.900144e-02)	(-8.063282e-03 7.294476e-03 -1.894761e-02)	(-6.034418e-06 1.546085e-05 -5.383168e-05)
3850          	(-8.068465e-03 7.305712e-03 -1.899103e-02)	(-8.062429e-03 7.290266e-03 -1.893724e-02)	(-6.036376e-06 1.544542e-05 -5.379399e-05)
3851          	(-8.068400e-03 7.300810e-03 -1.898176e-02)	(-8.062360e-03 7.285383e-03 -1.892802e-02)	(-6.040383e-06 1.542703e-05 -5.374761e-05)
3852          	(-8.068468e-03 7.295002e-03 -1.897541e-02)	(-8.062422e-03 7.279596e-03 -1.892171e-02)	(-6.045769e-06 1.540567e-05 -5.369227e-05)
3853          	(-8.062070e-03 7.278901e-03 -1.898120e-02)	(-8.056015e-03 7.263529e-03 -1.892757e-02)	(-6.055041e-06 1.537213e-05 -5.362853e-05)
3854          	(-8.056358e-03 7.264386e-03 -1.898186e-02)	(-8.050292e-03 7.249055e-03 -1.892831e-02)	(-6.065995e-06 1.533139e-05 -5.355226e-05)
3855          	(-8.056668e-03 7.260760e-03 -1.896887e-02)	(-8.050594e-03 7.245462e-03 -1.891541e-02)	(-6.074613e-06 1.529829e-05 -5.346649e-05)
3856          	(-8.051860e-03 7.251702e-03 -1.896451e-02)	(-8.045776e-03 7.236438e-03 -1.891113e-02)	(-6.083846e-06 1.526369e-05 -5.337846e-05)
3857          	(-8.045764e-03 7.241917e-03 -1.895473e-02)	(-8.039671e-03 7.226689e-03 -1.890144e-02)	(-6.093342e-06 1.522773e-05 -5.328435e-05)
3858          	(-8.018342e-03 7.238539e-03 -1.889661e-02)	(-8.012248e-03 7.223330e-03 -1.884341e-02)	(-6.094734e-06 1.520911e-05 -5.319585e-05)
3859          	(-8.019916e-03 7.236113e-03 -1.890533e-02)	(-8.013817e-03 7.220923e-03 -1.885222e-02)	(-6.098414e-06 1.518977e-05 -5.311190e-05)
3860          	(-8.022570e-03 7.234458e-03 -1.891512e-02)	(-8.016465e-03 7.219291e-03 -1.886208e-02)	(-6.104682e-06 1.516717e-05 -5.303725e-05)
3861          	(-8.021694e-03 7.248736e-03 -1.889985e-02)	(-8.015591e-03 7.233568e-03 -1.884689e-02)	(-6.103186e-06 1.516744e-05 -5.296636e-05)
3862          	(-8.025329e-03 7.246427e-03 -1.891592e-02)	(-8.019223e-03 7.231266e-03 -1.886302e-02)	(-6.105981e-06 1.516103e-05 -5.289714e-05)
3863          	(-8.028424e-03 7.244941e-03 -1.891334e-02)	(-8.022314e-03 7.229789e-03 -1.886052e-02)	(-6.110001e-06 1.515187e-05 -5.282469e-05)
3864          	(-8.031281e-03 7.243392e-03 -1.891133e-02)	(-8.025166e-03 7.228250e-03 -1.885858e-02)	(-6.114463e-06 1.514144e-05 -5.274739e-05)
3865          	(-8.033614e-03 7.241790e-03 -1.890989e-02)	(-8.027494e-03 7.226660e-03 -1.885722e-02)	(-6.119140e-06 1.512976e-05 -5.266863e-05)
3866          	(-8.035338e-03 7.240047e-03 -1.890855e-02)	(-8.029214e-03 7.224930e-03 -1.885596e-02)	(-6.123972e-06 1.511653e-05 -5.258879e-05)
3867          	(-8.036433e-03 7.238055e-03 -1.890695e-02)	(-8.030304e-03 7.222954e-03 -1.885444e-02)	(-6.129074e-06 1.510156e-05 -5.250846e-05)
3868          	(-8.036851e-03 7.235729e-03 -1.890483e-02)	(-8.030717e-03 7.220645e-03 -1.885240e-02)	(-6.134650e-06 1.508465e-05 -5.242739e-05)
3869          	(-8.036458e-03 7.232905e-03 -1.890268e-02)	(-8.030318e-03 7.217839e-03 -1.885034e-02)	(-6.140808e-06 1.506579e-05 -5.234576e-05)
3870          	(-8.035221e-03 7.229729e-03 -1.890016e-02)	(-8.029073e-03 7.214684e-03 -1.884789e-02)	(-6.147589e-06 1.504528e-05 -5.226377e-05)
3871          	(-8.033102e-03 7.226363e-03 -1.889748e-02)	(-8.026947e-03 7.211339e-03 -1.884530e-02)	(-6.154766e-06 1.502402e-05 -5.218186e-05)
3872          	(-8.030103e-03 7.223003e-03 -1.889451e-02)	(-8.023941e-03 7.208000e-03 -1.884241e-02)	(-6.162063e-06 1.500296e-05 -5.210037e-05)
3873          	(-8.014905e-03 7.218117e-03 -1.889543e-02)	(-8.008738e-03 7.203132e-03 -1.884340e-02)	(-6.167244e-06 1.498489e-05 -5.202578e-05)
3874          	(-7.997980e-03 7.214453e-03 -1.888865e-02)	(-7.991810e-03 7.199481e-03 -1.883670e-02)	(-6.170192e-06 1.497231e-05 -5.195265e-05)
3875          	(-7.984028e-03 7.181095e-03 -1.886841e-02)	(-7.977841e-03 7.166169e-03 -1.881654e-02)	(-6.186527e-06 1.492518e-05 -5.186460e-05)
3876          	(-7.992417e-03 7.168093e-03 -1.884967e-02)	(-7.986211e-03 7.153223e-03 -1.879791e-02)	(-6.205723e-06 1.487058e-05 -5.175799e-05)
3877          	(-8.000756e-03 7.167841e-03 -1.883151e-02)	(-7.994534e-03 7.153013e-03 -1.877986e-02)	(-6.222018e-06 1.482753e-05 -5.164444e-05)
3878          	(-8.005782e-03 7.172975e-03 -1.881966e-02)	(-7.999549e-03 7.158173e-03 -1.876813e-02)	(-6.233023e-06 1.480183e-05 -5.153065e-05)
3879          	(-7.994014e-03 7.178810e-03 -1.879910e-02)	(-7.987778e-03 7.164014e-03 -1.874767e-02)	(-6.236221e-06 1.479601e-05 -5.142747e-05)
3880          	(-7.987308e-03 7.182683e-03 -1.878318e-02)	(-7.981072e-03 7.167882e-03 -1.873185e-02)	(-6.235893e-06 1.480140e-05 -5.132918e-05)
3881          	(-7.986293e-03 7.184917e-03 -1.877273e-02)	(-7.980058e-03 7.170107e-03 -1.872150e-02)	(-6.235413e-06 1.481024e-05 -5.123568e-05)
3882          	(-7.998389e-03 7.179888e-03 -1.876920e-02)	(-7.992148e-03 7.165080e-03 -1.871806e-02)	(-6.240887e-06 1.480794e-05 -5.113586e-05)
3883          	(-8.002068e-03 7.176701e-03 -1.876166e-02)	(-7.995821e-03 7.161898e-03 -1.871062e-02)	(-6.247023e-06 1.480303e-05 -5.103684e-05)
3884          	(-8.007189e-03 7.174041e-03 -1.875376e-02)	(-8.000935e-03 7.159244e-03 -1.870283e-02)	(-6.253630e-06 1.479725e-05 -5.093518e-05)
3885          	(-8.010387e-03 7.172341e-03 -1.874442e-02)	(-8.004127e-03 7.157549e-03 -1.869358e-02)	(-6.259979e-06 1.479203e-05 -5.083397e-05)
3886          	(-8.013663e-03 7.171043e-03 -1.873537e-02)	(-8.007397e-03 7.156255e-03 -1.868464e-02)	(-6.265808e-06 1.478797e-05 -5.073269e-05)
3887          	(-8.017571e-03 7.169874e-03 -1.872620e-02)	(-8.011300e-03 7.155089e-03 -1.867557e-02)	(-6.271310e-06 1.478491e-05 -5.063154e-05)
3888          	(-8.023083e-03 7.168647e-03 -1.871603e-02)	(-8.016806e-03 7.153865e-03 -1.866550e-02)	(-6.276991e-06 1.478195e-05 -5.052929e-05)
3889          	(-8.035601e-03 7.167061e-03 -1.870344e-02)	(-8.029316e-03 7.152284e-03 -1.865301e-02)	(-6.284283e-06 1.477707e-05 -5.042334e-05)
3890          	(-8.046595e-03 7.165155e-03 -1.869070e-02)	(-8.040302e-03 7.150384e-03 -1.864038e-02)	(-6.292615e-06 1.477054e-05 -5.031438e-05)
3891          	(-8.054625e-03 7.162999e-03 -1.867797e-02)	(-8.048323e-03 7.148235e-03 -1.862777e-02)	(-6.301195e-06 1.476381e-05 -5.020463e-05)
3892          	(-8.062153e-03 7.160150e-03 -1.866379e-02)	(-8.055842e-03 7.145393e-03 -1.861370e-02)	(-6.310252e-06 1.475669e-05 -5.009423e-05)
3893          	(-8.064960e-03 7.158256e-03 -1.865496e-02)	(-8.058642e-03 7.143504e-03 -1.860497e-02)	(-6.318420e-06 1.475163e-05 -4.998766e-05)
3894          	(-8.067205e-03 7.156341e-03 -1.864505e-02)	(-8.060879e-03 7.141592e-03 -1.859517e-02)	(-6.326062e-06 1.474870e-05 -4.988296e-05)
3895          	(-8.069336e-03 7.154442e-03 -1.863350e-02)	(-8.063003e-03 7.139694e-03 -1.858372e-02)	(-6.333281e-06 1.474808e-05 -4.977964e-05)
3896          	(-8.071749e-03 7.152617e-03 -1.861961e-02)	(-8.065409e-03 7.137867e-03 -1.856994e-02)	(-6.340154e-06 1.475000e-05 -4.967524e-05)
3897          	(-8.074812e-03 7.150942e-03 -1.860280e-02)	(-8.068465e-03 7.136188e-03 -1.855323e-02)	(-6.346853e-06 1.475440e-05 -4.956892e-05)
3898          	(-8.078819e-03 7.157918e-03 -1.856580e-02)	(-8.072470e-03 7.143143e-03 -1.851634e-02)	(-6.349145e-06 1.477453e-05 -4.945800e-05)
3899          	(-8.083752e-03 7.156864e-03 -1.854918e-02)	(-8.077399e-03 7.142070e-03 -1.849984e-02)	(-6.352746e-06 1.479443e-05 -4.934870e-05)
3900          	(-8.089947e-03 7.156404e-03 -1.853165e-02)	(-8.083590e-03 7.141590e-03 -1.848241e-02)	(-6.356954e-06 1.481376e-05 -4.923979e-05)
3901          	(-8.123576e-03 7.182191e-03 -1.852818e-02)	(-8.117219e-03 7.167336e-03 -1.847905e-02)	(-6.356466e-06 1.485497e-05 -4.913061e-05)
3902          	(-8.131238e-03 7.181772e-03 -1.851243e-02)	(-8.124879e-03 7.166882e-03 -1.846340e-02)	(-6.358691e-06 1.489081e-05 -4.903188e-05)
3903          	(-8.139678e-03 7.181815e-03 -1.849673e-02)	(-8.133317e-03 7.166891e-03 -1.844780e-02)	(-6.360558e-06 1.492334e-05 -4.892922e-05)
3904          	(-8.148954e-03 7.182531e-03 -1.848078e-02)	(-8.142591e-03 7.167577e-03 -1.843195e-02)	(-6.362734e-06 1.495432e-05 -4.883061e-05)
3905          	(-8.173913e-03 7.187696e-03 -1.845522e-02)	(-8.167547e-03 7.172710e-03 -1.840649e-02)	(-6.366059e-06 1.498560e-05 -4.872931e-05)
3906          	(-8.183216e-03 7.189872e-03 -1.844195e-02)	(-8.176847e-03 7.174856e-03 -1.839332e-02)	(-6.369003e-06 1.501608e-05 -4.863495e-05)
3907          	(-8.212537e-03 7.200333e-03 -1.842589e-02)	(-8.206165e-03 7.185283e-03 -1.837735e-02)	(-6.371878e-06 1.505027e-05 -4.854004e-05)
3908          	(-8.239720e-03 7.212332e-03 -1.841530e-02)	(-8.233346e-03 7.197244e-03 -1.836685e-02)	(-6.374563e-06 1.508804e-05 -4.845156e-05)
3909          	(-8.263509e-03 7.225910e-03 -1.841420e-02)	(-8.257133e-03 7.210780e-03 -1.836583e-02)	(-6.376079e-06 1.512991e-05 -4.837222e-05)
3910          	(-8.280907e-03 7.238027e-03 -1.841592e-02)	(-8.274531e-03 7.222852e-03 -1.836761e-02)	(-6.376357e-06 1.517485e-05 -4.830542e-05)
3911          	(-8.282221e-03 7.240419e-03 -1.841849e-02)	(-8.275845e-03 7.225203e-03 -1.837024e-02)	(-6.376423e-06 1.521590e-05 -4.825234e-05)
3912          	(-8.283333e-03 7.242896e-03 -1.842031e-02)	(-8.276957e-03 7.227640e-03 -1.837210e-02)	(-6.375816e-06 1.525508e-05 -4.820676e-05)
3913          	(-8.284740e-03 7.245501e-03 -1.842027e-02)	(-8.278365e-03 7.230208e-03 -1.837210e-02)	(-6.375078e-06 1.529334e-05 -4.816912e-05)
3914          	(-8.308463e-03 7.239939e-03 -1.840938e-02)	(-8.302080e-03 7.224626e-03 -1.836126e-02)	(-6.383240e-06 1.531305e-05 -4.811744e-05)
3915          	(-8.335369e-03 7.239598e-03 -1.840141e-02)	(-8.328974e-03 7.224273e-03 -1.835336e-02)	(-6.394682e-06 1.532496e-05 -4.805797e-05)
3916          	(-8.338402e-03 7.248880e-03 -1.837817e-02)	(-8.332004e-03 7.233527e-03 -1.833016e-02)	(-6.398220e-06 1.535312e-05 -4.800618e-05)
3917          	(-8.360856e-03 7.255686e-03 -1.838120e-02)	(-8.354452e-03 7.240305e-03 -1.833325e-02)	(-6.403581e-06 1.538170e-05 -4.795304e-05)
3918          	(-8.358802e-03 7.256817e-03 -1.837896e-02)	(-8.352395e-03 7.241404e-03 -1.833104e-02)	(-6.406553e-06 1.541239e-05 -4.791481e-05)
3919          	(-8.357151e-03 7.257885e-03 -1.837612e-02)	(-8.350744e-03 7.242439e-03 -1.832824e-02)	(-6.407496e-06 1.544515e-05 -4.788104e-05)
3920          	(-8.356491e-03 7.259100e-03 -1.837202e-02)	(-8.350083e-03 7.243620e-03 -1.832417e-02)	(-6.407647e-06 1.547936e-05 -4.785377e-05)
3921          	(-8.357339e-03 7.260575e-03 -1.836635e-02)	(-8.350932e-03 7.245060e-03 -1.831851e-02)	(-6.407518e-06 1.551405e-05 -4.783097e-05)
3922          	(-8.361535e-03 7.262592e-03 -1.835442e-02)	(-8.355128e-03 7.247043e-03 -1.830661e-02)	(-6.407600e-06 1.554919e-05 -4.780869e-05)
3923          	(-8.390730e-03 7.273031e-03 -1.835272e-02)	(-8.384320e-03 7.257447e-03 -1.830493e-02)	(-6.410360e-06 1.558353e-05 -4.778280e-05)
3924          	(-8.396969e-03 7.274466e-03 -1.834559e-02)	(-8.390555e-03 7.258850e-03 -1.829783e-02)	(-6.413266e-06 1.561557e-05 -4.776372e-05)
3925          	(-8.413207e-03 7.277049e-03 -1.832770e-02)	(-8.406790e-03 7.261403e-03 -1.827997e-02)	(-6.416579e-06 1.564563e-05 -4.773741e-05)
3926          	(-8.434250e-03 7.280642e-03 -1.832048e-02)	(-8.427828e-03 7.264969e-03 -1.827277e-02)	(-6.421419e-06 1.567226e-05 -4.771091e-05)
3927          	(-8.438994e-03 7.281984e-03 -1.832784e-02)	(-8.432569e-03 7.266287e-03 -1.828015e-02)	(-6.425552e-06 1.569704e-05 -4.769141e-05)
3928          	(-8.444308e-03 7.283654e-03 -1.833581e-02)	(-8.437879e-03 7.267932e-03 -1.828813e-02)	(-6.429053e-06 1.572168e-05 -4.767471e-05)
3929          	(-8.466069e-03 7.287581e-03 -1.833432e-02)	(-8.459634e-03 7.271837e-03 -1.828667e-02)	(-6.434884e-06 1.574382e-05 -4.765227e-05)
3930          	(-8.485520e-03 7.292127e-03 -1.833583e-02)	(-8.479078e-03 7.276362e-03 -1.828820e-02)	(-6.441801e-06 1.576454e-05 -4.762918e-05)
3931          	(-8.501709e-03 7.297162e-03 -1.833943e-02)	(-8.495261e-03 7.281377e-03 -1.829183e-02)	(-6.448489e-06 1.578568e-05 -4.760622e-05)
3932          	(-8.504300e-03 7.301180e-03 -1.834858e-02)	(-8.497848e-03 7.285370e-03 -1.830099e-02)	(-6.452742e-06 1.580943e-05 -4.759116e-05)
3933          	(-8.507454e-03 7.305518e-03 -1.835373e-02)	(-8.500999e-03 7.289682e-03 -1.830615e-02)	(-6.455312e-06 1.583563e-05 -4.758129e-05)
3934          	(-8.522215e-03 7.311650e-03 -1.834837e-02)	(-8.515757e-03 7.295787e-03 -1.830080e-02)	(-6.458485e-06 1.586257e-05 -4.757183e-05)
3935          	(-8.536129e-03 7.318056e-03 -1.834230e-02)	(-8.529667e-03 7.302166e-03 -1.829474e-02)	(-6.461872e-06 1.588953e-05 -4.756604e-05)
3936          	(-8.549127e-03 7.324638e-03 -1.833726e-02)	(-8.542662e-03 7.308721e-03 -1.828969e-02)	(-6.464800e-06 1.591706e-05 -4.756452e-05)
3937          	(-8.563519e-03 7.332151e-03 -1.833583e-02)	(-8.557052e-03 7.316206e-03 -1.828826e-02)	(-6.467209e-06 1.594528e-05 -4.756915e-05)
3938          	(-8.581386e-03 7.342165e-03 -1.834575e-02)	(-8.574917e-03 7.326190e-03 -1.829816e-02)	(-6.468917e-06 1.597513e-05 -4.758121e-05)
3939          	(-8.582191e-03 7.346316e-03 -1.835623e-02)	(-8.575722e-03 7.330312e-03 -1.830862e-02)	(-6.469090e-06 1.600436e-05 -4.760553e-05)
3940          	(-8.584255e-03 7.350377e-03 -1.836357e-02)	(-8.577787e-03 7.334344e-03 -1.831594e-02)	(-6.467980e-06 1.603374e-05 -4.763523e-05)
3941          	(-8.598339e-03 7.375047e-03 -1.838393e-02)	(-8.591878e-03 7.358964e-03 -1.833625e-02)	(-6.460142e-06 1.608262e-05 -4.767744e-05)
3942          	(-8.601631e-03 7.377278e-03 -1.839247e-02)	(-8.595176e-03 7.361154e-03 -1.834474e-02)	(-6.455414e-06 1.612359e-05 -4.773019e-05)
3943          	(-8.606104e-03 7.379202e-03 -1.839941e-02)	(-8.599652e-03 7.363044e-03 -1.835163e-02)	(-6.451369e-06 1.615821e-05 -4.778142e-05)
3944          	(-8.611854e-03 7.381119e-03 -1.840538e-02)	(-8.605406e-03 7.364931e-03 -1.835755e-02)	(-6.448346e-06 1.618818e-05 -4.783544e-05)
3945          	(-8.618572e-03 7.383247e-03 -1.841130e-02)	(-8.612126e-03 7.367032e-03 -1.836341e-02)	(-6.446122e-06 1.621466e-05 -4.789096e-05)
3946          	(-8.626262e-03 7.385623e-03 -1.841770e-02)	(-8.619818e-03 7.369384e-03 -1.836976e-02)	(-6.444489e-06 1.623864e-05 -4.794697e-05)
3947          	(-8.634352e-03 7.388532e-03 -1.842485e-02)	(-8.627908e-03 7.372272e-03 -1.837685e-02)	(-6.443182e-06 1.626081e-05 -4.800321e-05)
3948          	(-8.654635e-03 7.397451e-03 -1.842610e-02)	(-8.648193e-03 7.381166e-03 -1.837804e-02)	(-6.441997e-06 1.628459e-05 -4.805731e-05)
3949          	(-8.661109e-03 7.400730e-03 -1.843892e-02)	(-8.654668e-03 7.384424e-03 -1.839080e-02)	(-6.441053e-06 1.630547e-05 -4.811756e-05)
3950          	(-8.667056e-03 7.404277e-03 -1.845343e-02)	(-8.660616e-03 7.387952e-03 -1.840525e-02)	(-6.439752e-06 1.632442e-05 -4.818146e-05)
3951          	(-8.672613e-03 7.408005e-03 -1.846883e-02)	(-8.666175e-03 7.391663e-03 -1.842058e-02)	(-6.438390e-06 1.634158e-05 -4.825058e-05)
3952          	(-8.692433e-03 7.417403e-03 -1.848305e-02)	(-8.685996e-03 7.401044e-03 -1.843473e-02)	(-6.437455e-06 1.635935e-05 -4.832086e-05)
3953          	(-8.694324e-03 7.420709e-03 -1.850085e-02)	(-8.687888e-03 7.404335e-03 -1.845245e-02)	(-6.436131e-06 1.637406e-05 -4.840071e-05)
3954          	(-8.695810e-03 7.423878e-03 -1.851861e-02)	(-8.689377e-03 7.407491e-03 -1.847013e-02)	(-6.433807e-06 1.638731e-05 -4.848485e-05)
3955          	(-8.706391e-03 7.431237e-03 -1.853793e-02)	(-8.699960e-03 7.414836e-03 -1.848935e-02)	(-6.431057e-06 1.640179e-05 -4.857281e-05)
3956          	(-8.713540e-03 7.438375e-03 -1.855824e-02)	(-8.707112e-03 7.421958e-03 -1.850957e-02)	(-6.427619e-06 1.641709e-05 -4.866581e-05)
3957          	(-8.712717e-03 7.441521e-03 -1.857674e-02)	(-8.706294e-03 7.425091e-03 -1.852798e-02)	(-6.423733e-06 1.643014e-05 -4.876328e-05)
3958          	(-8.714448e-03 7.447256e-03 -1.859631e-02)	(-8.708030e-03 7.430811e-03 -1.854745e-02)	(-6.418410e-06 1.644475e-05 -4.886441e-05)
3959          	(-8.712563e-03 7.450541e-03 -1.861449e-02)	(-8.706150e-03 7.434084e-03 -1.856552e-02)	(-6.413084e-06 1.645701e-05 -4.897138e-05)
3960          	(-8.710461e-03 7.453828e-03 -1.863135e-02)	(-8.704054e-03 7.437360e-03 -1.858227e-02)	(-6.407192e-06 1.646795e-05 -4.908118e-05)
3961          	(-8.708278e-03 7.457025e-03 -1.864673e-02)	(-8.701877e-03 7.440548e-03 -1.859753e-02)	(-6.401095e-06 1.647746e-05 -4.919424e-05)
3962          	(-8.706107e-03 7.460030e-03 -1.866073e-02)	(-8.699712e-03 7.443544e-03 -1.861142e-02)	(-6.394879e-06 1.648560e-05 -4.930928e-05)
3963          	(-8.703994e-03 7.462747e-03 -1.867384e-02)	(-8.697606e-03 7.446255e-03 -1.862442e-02)	(-6.388659e-06 1.649239e-05 -4.942554e-05)
3964          	(-8.701930e-03 7.465131e-03 -1.868684e-02)	(-8.695548e-03 7.448633e-03 -1.863730e-02)	(-6.382580e-06 1.649759e-05 -4.954235e-05)
3965          	(-8.693070e-03 7.480041e-03 -1.870525e-02)	(-8.686701e-03 7.463522e-03 -1.865558e-02)	(-6.369041e-06 1.651918e-05 -4.967155e-05)
3966          	(-8.691768e-03 7.481585e-03 -1.871994e-02)	(-8.685409e-03 7.465052e-03 -1.867014e-02)	(-6.359278e-06 1.653319e-05 -4.979959e-05)
3967          	(-8.685144e-03 7.491422e-03 -1.873734e-02)	(-8.678798e-03 7.474869e-03 -1.868740e-02)	(-6.346098e-06 1.655333e-05 -4.993511e-05)
3968          	(-8.684437e-03 7.492820e-03 -1.875764e-02)	(-8.678100e-03 7.476257e-03 -1.870757e-02)	(-6.336849e-06 1.656331e-05 -5.007124e-05)
3969          	(-8.685687e-03 7.490135e-03 -1.878615e-02)	(-8.679355e-03 7.473575e-03 -1.873594e-02)	(-6.332016e-06 1.655955e-05 -5.020557e-05)
3970          	(-8.685684e-03 7.488065e-03 -1.881640e-02)	(-8.679355e-03 7.471519e-03 -1.876606e-02)	(-6.329470e-06 1.654601e-05 -5.034089e-05)
3971          	(-8.670699e-03 7.493662e-03 -1.883365e-02)	(-8.664378e-03 7.477120e-03 -1.878317e-02)	(-6.320472e-06 1.654187e-05 -5.048672e-05)
3972          	(-8.669643e-03 7.494528e-03 -1.886944e-02)	(-8.663330e-03 7.477996e-03 -1.881881e-02)	(-6.313456e-06 1.653262e-05 -5.063145e-05)
3973          	(-8.668142e-03 7.497030e-03 -1.889654e-02)	(-8.661835e-03 7.480509e-03 -1.884576e-02)	(-6.306924e-06 1.652074e-05 -5.077634e-05)
3974          	(-8.666443e-03 7.498822e-03 -1.891700e-02)	(-8.660142e-03 7.482315e-03 -1.886608e-02)	(-6.300970e-06 1.650695e-05 -5.091699e-05)
3975          	(-8.664100e-03 7.499507e-03 -1.893520e-02)	(-8.657804e-03 7.483017e-03 -1.888415e-02)	(-6.296167e-06 1.649028e-05 -5.105276e-05)
3976          	(-8.660604e-03 7.499672e-03 -1.895239e-02)	(-8.654312e-03 7.483201e-03 -1.890120e-02)	(-6.292432e-06 1.647062e-05 -5.118465e-05)
3977          	(-8.655566e-03 7.499414e-03 -1.897034e-02)	(-8.649277e-03 7.482966e-03 -1.891903e-02)	(-6.289516e-06 1.644802e-05 -5.131538e-05)
3978          	(-8.630135e-03 7.494170e-03 -1.898676e-02)	(-8.623851e-03 7.477746e-03 -1.893531e-02)	(-6.284859e-06 1.642366e-05 -5.145444e-05)
3979          	(-8.603365e-03 7.488428e-03 -1.900424e-02)	(-8.597086e-03 7.472030e-03 -1.895264e-02)	(-6.278696e-06 1.639798e-05 -5.159967e-05)
3980          	(-8.576544e-03 7.482304e-03 -1.902301e-02)	(-8.570272e-03 7.465934e-03 -1.897125e-02)	(-6.271920e-06 1.637021e-05 -5.175170e-05)
3981          	(-8.561379e-03 7.482204e-03 -1.905368e-02)	(-8.555115e-03 7.465860e-03 -1.900177e-02)	(-6.264140e-06 1.634385e-05 -5.190665e-05)
3982          	(-8.558108e-03 7.483310e-03 -1.907491e-02)	(-8.551848e-03 7.466996e-03 -1.902286e-02)	(-6.259567e-06 1.631319e-05 -5.205175e-05)
3983          	(-8.554688e-03 7.484107e-03 -1.909426e-02)	(-8.548431e-03 7.467827e-03 -1.904207e-02)	(-6.257002e-06 1.627950e-05 -5.218923e-05)
3984          	(-8.550006e-03 7.484033e-03 -1.911425e-02)	(-8.543750e-03 7.467790e-03 -1.906193e-02)	(-6.255858e-06 1.624294e-05 -5.231939e-05)
3985          	(-8.544377e-03 7.483323e-03 -1.913183e-02)	(-8.538121e-03 7.467118e-03 -1.907939e-02)	(-6.255510e-06 1.620503e-05 -5.244196e-05)
3986          	(-8.527629e-03 7.487777e-03 -1.915420e-02)	(-8.521379e-03 7.471600e-03 -1.910163e-02)	(-6.250733e-06 1.617685e-05 -5.256813e-05)
3987          	(-8.522744e-03 7.486889e-03 -1.916452e-02)	(-8.516496e-03 7.470743e-03 -1.911184e-02)	(-6.248377e-06 1.614617e-05 -5.268323e-05)
3988          	(-8.516714e-03 7.485689e-03 -1.917520e-02)	(-8.510466e-03 7.469576e-03 -1.912240e-02)	(-6.247437e-06 1.611283e-05 -5.279098e-05)
3989          	(-8.507918e-03 7.483670e-03 -1.918714e-02)	(-8.501670e-03 7.467593e-03 -1.913425e-02)	(-6.247221e-06 1.607733e-05 -5.289404e-05)
3990          	(-8.497932e-03 7.481090e-03 -1.919911e-02)	(-8.491684e-03 7.465049e-03 -1.914612e-02)	(-6.247611e-06 1.604008e-05 -5.299368e-05)
3991          	(-8.467371e-03 7.466976e-03 -1.920803e-02)	(-8.461122e-03 7.450981e-03 -1.915493e-02)	(-6.248862e-06 1.599550e-05 -5.309479e-05)
3992          	(-8.460904e-03 7.465580e-03 -1.921717e-02)	(-8.454654e-03 7.449627e-03 -1.916398e-02)	(-6.250088e-06 1.595279e-05 -5.318755e-05)
3993          	(-8.454901e-03 7.463907e-03 -1.922502e-02)	(-8.448649e-03 7.447997e-03 -1.917175e-02)	(-6.252377e-06 1.591061e-05 -5.327635e-05)
3994          	(-8.426543e-03 7.445751e-03 -1.923130e-02)	(-8.420286e-03 7.429893e-03 -1.917794e-02)	(-6.256985e-06 1.585766e-05 -5.336250e-05)
3995          	(-8.422105e-03 7.444856e-03 -1.923598e-02)	(-8.415845e-03 7.429047e-03 -1.918254e-02)	(-6.260565e-06 1.580898e-05 -5.343687e-05)
3996          	(-8.417734e-03 7.443676e-03 -1.924093e-02)	(-8.411470e-03 7.427914e-03 -1.918742e-02)	(-6.264872e-06 1.576262e-05 -5.350915e-05)
3997          	(-8.401025e-03 7.451539e-03 -1.925309e-02)	(-8.394764e-03 7.435804e-03 -1.919950e-02)	(-6.261204e-06 1.573492e-05 -5.359269e-05)
3998          	(-8.378502e-03 7.437833e-03 -1.923970e-02)	(-8.372241e-03 7.422135e-03 -1.918603e-02)	(-6.261262e-06 1.569741e-05 -5.366873e-05)
3999          	(-8.375495e-03 7.437319e-03 -1.924660e-02)	(-8.369233e-03 7.421660e-03 -1.919286e-02)	(-6.262414e-06 1.565902e-05 -5.373476e-05)
4000          	(-8.368315e-03 7.435161e-03 -1.927139e-02)	(-8.362049e-03 7.419545e-03 -1.921758e-02)	(-6.265854e-06 1.561684e-05 -5.380746e-05)
4001          	(-8.365767e-03 7.434806e-03 -1.927745e-02)	(-8.359498e-03 7.419230e-03 -1.922358e-02)	(-6.269506e-06 1.557603e-05 -5.387300e-05)
4002          	(-8.362992e-03 7.434373e-03 -1.928371e-02)	(-8.356719e-03 7.418836e-03 -1.922978e-02)	(-6.273127e-06 1.553702e-05 -5.393247e-05)
4003          	(-8.354701e-03 7.431938e-03 -1.930650e-02)	(-8.348425e-03 7.416441e-03 -1.925251e-02)	(-6.276715e-06 1.549703e-05 -5.399235e-05)
4004          	(-8.351728e-03 7.431366e-03 -1.930801e-02)	(-8.345448e-03 7.415906e-03 -1.925397e-02)	(-6.280060e-06 1.545971e-05 -5.404394e-05)
4005          	(-8.325079e-03 7.420680e-03 -1.929383e-02)	(-8.318798e-03 7.405258e-03 -1.923973e-02)	(-6.281465e-06 1.542221e-05 -5.409519e-05)
4006          	(-8.321881e-03 7.420927e-03 -1.929221e-02)	(-8.315598e-03 7.405539e-03 -1.923807e-02)	(-6.282746e-06 1.538807e-05 -5.413562e-05)
4007          	(-8.296157e-03 7.415172e-03 -1.928106e-02)	(-8.289875e-03 7.399816e-03 -1.922687e-02)	(-6.282281e-06 1.535648e-05 -5.418620e-05)
4008          	(-8.286762e-03 7.415515e-03 -1.929201e-02)	(-8.280480e-03 7.400189e-03 -1.923778e-02)	(-6.282361e-06 1.532598e-05 -5.423146e-05)
4009          	(-8.285523e-03 7.416399e-03 -1.928933e-02)	(-8.279239e-03 7.401102e-03 -1.923506e-02)	(-6.283916e-06 1.529669e-05 -5.427549e-05)
4010          	(-8.284232e-03 7.416965e-03 -1.928789e-02)	(-8.277946e-03 7.401697e-03 -1.923357e-02)	(-6.285952e-06 1.526826e-05 -5.431383e-05)
4011          	(-8.282489e-03 7.417094e-03 -1.928850e-02)	(-8.276201e-03 7.401854e-03 -1.923415e-02)	(-6.288078e-06 1.524072e-05 -5.434878e-05)
4012          	(-8.279983e-03 7.416726e-03 -1.929162e-02)	(-8.273693e-03 7.401512e-03 -1.923723e-02)	(-6.290157e-06 1.521396e-05 -5.438236e-05)
4013          	(-8.277374e-03 7.415712e-03 -1.929609e-02)	(-8.271082e-03 7.400524e-03 -1.924168e-02)	(-6.292205e-06 1.518801e-05 -5.441312e-05)
4014          	(-8.273691e-03 7.414315e-03 -1.930257e-02)	(-8.267397e-03 7.399153e-03 -1.924813e-02)	(-6.294178e-06 1.516267e-05 -5.444245e-05)
4015          	(-8.268803e-03 7.412547e-03 -1.931037e-02)	(-8.262507e-03 7.397409e-03 -1.925590e-02)	(-6.295954e-06 1.513785e-05 -5.447054e-05)
4016          	(-8.262706e-03 7.410405e-03 -1.931854e-02)	(-8.256408e-03 7.395292e-03 -1.926404e-02)	(-6.297725e-06 1.511323e-05 -5.449745e-05)
4017          	(-8.253779e-03 7.407638e-03 -1.932798e-02)	(-8.247479e-03 7.392550e-03 -1.927345e-02)	(-6.299267e-06 1.508840e-05 -5.452476e-05)
4018          	(-8.244129e-03 7.404290e-03 -1.933480e-02)	(-8.237828e-03 7.389227e-03 -1.928025e-02)	(-6.301007e-06 1.506316e-05 -5.455033e-05)
