# Force       
# CofR        : (0.000000e+00 0.000000e+00 0.000000e+00)
#
# Time        	(total_x total_y total_z)	(pressure_x pressure_y pressure_z)	(viscous_x viscous_y viscous_z)
1             	(2.747926e+01 2.189598e+01 -4.687831e+02)	(2.744336e+01 2.189630e+01 -4.687833e+02)	(3.590024e-02 -3.170992e-04 1.847587e-04)
2             	(2.815780e+01 2.226020e+01 -4.684879e+02)	(2.814453e+01 2.227347e+01 -4.684884e+02)	(1.327355e-02 -1.326380e-02 5.225363e-04)
3             	(2.169124e+01 1.702815e+01 -4.686132e+02)	(2.169442e+01 1.705094e+01 -4.686136e+02)	(-3.185697e-03 -2.278345e-02 4.488270e-04)
4             	(1.105318e+01 8.500967e+00 -4.689788e+02)	(1.106318e+01 8.527190e+00 -4.689790e+02)	(-1.000065e-02 -2.622252e-02 2.160461e-04)
5             	(-4.329869e-02 -3.664108e-01 -4.696091e+02)	(-3.398708e-02 -3.426348e-01 -4.696089e+02)	(-9.311611e-03 -2.377595e-02 -1.857247e-04)
6             	(-7.941453e+00 -6.597446e+00 -4.701765e+02)	(-7.938014e+00 -6.579925e+00 -4.701762e+02)	(-3.438626e-03 -1.752113e-02 -2.630010e-04)
7             	(-1.099225e+01 -8.907815e+00 -4.705465e+02)	(-1.099668e+01 -8.898016e+00 -4.705466e+02)	(4.425413e-03 -9.798693e-03 6.338043e-05)
8             	(-1.031713e+01 -8.227521e+00 -4.706567e+02)	(-1.032885e+01 -8.225077e+00 -4.706571e+02)	(1.172040e-02 -2.444014e-03 4.195838e-04)
9             	(-7.393059e+00 -5.774875e+00 -4.706604e+02)	(-7.409203e+00 -5.777249e+00 -4.706610e+02)	(1.614353e-02 2.373788e-03 6.138624e-04)
10            	(-3.185376e+00 -2.391231e+00 -4.705401e+02)	(-3.202636e+00 -2.395421e+00 -4.705407e+02)	(1.726071e-02 4.190586e-03 5.678822e-04)
11            	(9.508913e-01 9.106923e-01 -4.703024e+02)	(9.354331e-01 9.071525e-01 -4.703028e+02)	(1.545827e-02 3.539789e-03 4.023318e-04)
12            	(3.652704e+00 3.014129e+00 -4.700549e+02)	(3.640799e+00 3.012800e+00 -4.700552e+02)	(1.190513e-02 1.329734e-03 2.148793e-04)
13            	(4.800728e+00 3.873271e+00 -4.699009e+02)	(4.792881e+00 3.874679e+00 -4.699010e+02)	(7.846299e-03 -1.408403e-03 7.128357e-05)
14            	(4.589089e+00 3.648384e+00 -4.698342e+02)	(4.584757e+00 3.652221e+00 -4.698342e+02)	(4.331441e-03 -3.836576e-03 -5.243813e-05)
15            	(3.604020e+00 2.826578e+00 -4.698269e+02)	(3.601995e+00 2.831911e+00 -4.698267e+02)	(2.024939e-03 -5.333126e-03 -1.397276e-04)
16            	(2.264622e+00 1.746747e+00 -4.698285e+02)	(2.263596e+00 1.752505e+00 -4.698283e+02)	(1.026015e-03 -5.758680e-03 -1.638725e-04)
17            	(9.538972e-01 7.093557e-01 -4.698431e+02)	(9.528100e-01 7.146573e-01 -4.698430e+02)	(1.087193e-03 -5.301644e-03 -1.342938e-04)
18            	(-3.733959e-02 -5.155844e-02 -4.699213e+02)	(-3.908972e-02 -4.724129e-02 -4.699212e+02)	(1.750123e-03 -4.317152e-03 -7.533824e-05)
19            	(-4.567230e-01 -3.611725e-01 -4.699722e+02)	(-4.593428e-01 -3.579651e-01 -4.699722e+02)	(2.619840e-03 -3.207363e-03 -1.121948e-05)
20            	(-4.805055e-01 -3.555766e-01 -4.700055e+02)	(-4.838410e-01 -3.533350e-01 -4.700055e+02)	(3.335552e-03 -2.241646e-03 3.812743e-05)
21            	(-1.574232e-01 -8.595318e-02 -4.700103e+02)	(-1.611679e-01 -8.436239e-02 -4.700104e+02)	(3.744635e-03 -1.590794e-03 5.319492e-05)
22            	(2.955199e-01 2.821822e-01 -4.700090e+02)	(2.917264e-01 2.834521e-01 -4.700090e+02)	(3.793555e-03 -1.269976e-03 3.797408e-05)
23            	(7.885216e-01 6.762514e-01 -4.700073e+02)	(7.849561e-01 6.774723e-01 -4.700073e+02)	(3.565442e-03 -1.220919e-03 1.384047e-07)
24            	(1.170376e+00 9.773944e-01 -4.700042e+02)	(1.167183e+00 9.787320e-01 -4.700042e+02)	(3.193010e-03 -1.337594e-03 -4.852035e-05)
25            	(1.377696e+00 1.140985e+00 -4.700013e+02)	(1.374898e+00 1.142491e+00 -4.700012e+02)	(2.797809e-03 -1.505736e-03 -9.328702e-05)
26            	(1.419596e+00 1.175942e+00 -4.699998e+02)	(1.417131e+00 1.177588e+00 -4.699997e+02)	(2.465129e-03 -1.645915e-03 -1.282045e-04)
27            	(1.370011e+00 1.142225e+00 -4.700016e+02)	(1.367774e+00 1.143936e+00 -4.700015e+02)	(2.236920e-03 -1.710796e-03 -1.567758e-04)
28            	(1.289927e+00 1.084846e+00 -4.700002e+02)	(1.287800e+00 1.086525e+00 -4.700000e+02)	(2.127037e-03 -1.679119e-03 -1.772313e-04)
29            	(1.183323e+00 9.979120e-01 -4.699677e+02)	(1.181182e+00 9.994819e-01 -4.699675e+02)	(2.140960e-03 -1.569901e-03 -1.826557e-04)
30            	(1.074242e+00 9.132593e-01 -4.699478e+02)	(1.072023e+00 9.146702e-01 -4.699476e+02)	(2.218824e-03 -1.410977e-03 -1.784656e-04)
31            	(9.641459e-01 8.302693e-01 -4.699386e+02)	(9.618487e-01 8.315030e-01 -4.699384e+02)	(2.297238e-03 -1.233690e-03 -1.685693e-04)
32            	(9.360879e-01 8.164357e-01 -4.699361e+02)	(9.337567e-01 8.174944e-01 -4.699360e+02)	(2.331260e-03 -1.058647e-03 -1.570031e-04)
33            	(9.453617e-01 8.273053e-01 -4.699345e+02)	(9.430478e-01 8.282233e-01 -4.699343e+02)	(2.313878e-03 -9.179529e-04 -1.449620e-04)
34            	(9.597532e-01 8.390514e-01 -4.699327e+02)	(9.575067e-01 8.398749e-01 -4.699325e+02)	(2.246492e-03 -8.235279e-04 -1.326811e-04)
35            	(9.728538e-01 8.486193e-01 -4.699314e+02)	(9.707197e-01 8.493913e-01 -4.699313e+02)	(2.134104e-03 -7.719676e-04 -1.219708e-04)
36            	(9.930413e-01 8.631285e-01 -4.699321e+02)	(9.910502e-01 8.638793e-01 -4.699319e+02)	(1.991087e-03 -7.508014e-04 -1.136850e-04)
37            	(1.016369e+00 8.796274e-01 -4.699339e+02)	(1.014534e+00 8.803743e-01 -4.699338e+02)	(1.834874e-03 -7.469404e-04 -1.081392e-04)
38            	(1.043532e+00 8.992433e-01 -4.699370e+02)	(1.041850e+00 8.999903e-01 -4.699369e+02)	(1.681576e-03 -7.470106e-04 -1.062148e-04)
39            	(1.075457e+00 9.233710e-01 -4.699419e+02)	(1.073916e+00 9.241100e-01 -4.699418e+02)	(1.541498e-03 -7.389538e-04 -1.085842e-04)
40            	(1.109377e+00 9.519394e-01 -4.699611e+02)	(1.107952e+00 9.526512e-01 -4.699610e+02)	(1.424251e-03 -7.118372e-04 -1.140883e-04)
41            	(1.105923e+00 9.528368e-01 -4.699768e+02)	(1.104614e+00 9.534985e-01 -4.699767e+02)	(1.308844e-03 -6.616881e-04 -1.210021e-04)
42            	(1.120686e+00 9.660964e-01 -4.699806e+02)	(1.119474e+00 9.666986e-01 -4.699805e+02)	(1.211793e-03 -6.021415e-04 -1.279052e-04)
43            	(1.130296e+00 9.753857e-01 -4.699840e+02)	(1.129170e+00 9.759259e-01 -4.699838e+02)	(1.125912e-03 -5.402282e-04 -1.344366e-04)
44            	(1.131022e+00 9.774113e-01 -4.699844e+02)	(1.129976e+00 9.778924e-01 -4.699842e+02)	(1.046701e-03 -4.811021e-04 -1.408030e-04)
45            	(1.131441e+00 9.793620e-01 -4.699845e+02)	(1.130470e+00 9.797908e-01 -4.699844e+02)	(9.701543e-04 -4.288521e-04 -1.467192e-04)
46            	(1.131858e+00 9.817887e-01 -4.699846e+02)	(1.130962e+00 9.821734e-01 -4.699844e+02)	(8.955595e-04 -3.846873e-04 -1.518602e-04)
47            	(1.132509e+00 9.849845e-01 -4.699847e+02)	(1.131683e+00 9.853331e-01 -4.699845e+02)	(8.255121e-04 -3.485950e-04 -1.568175e-04)
48            	(1.138758e+00 9.933748e-01 -4.699864e+02)	(1.137996e+00 9.936937e-01 -4.699862e+02)	(7.613644e-04 -3.188877e-04 -1.619081e-04)
49            	(1.145070e+00 1.002575e+00 -4.699871e+02)	(1.144369e+00 1.002867e+00 -4.699869e+02)	(7.012766e-04 -2.913357e-04 -1.683326e-04)
50            	(1.152413e+00 1.012959e+00 -4.699877e+02)	(1.151768e+00 1.013223e+00 -4.699875e+02)	(6.456625e-04 -2.634442e-04 -1.759381e-04)
51            	(1.161991e+00 1.024998e+00 -4.699888e+02)	(1.161396e+00 1.025233e+00 -4.699886e+02)	(5.956954e-04 -2.353207e-04 -1.845570e-04)
52            	(1.172030e+00 1.037343e+00 -4.699896e+02)	(1.171479e+00 1.037549e+00 -4.699894e+02)	(5.510812e-04 -2.058447e-04 -1.937266e-04)
53            	(1.182635e+00 1.049937e+00 -4.699900e+02)	(1.182123e+00 1.050112e+00 -4.699898e+02)	(5.117403e-04 -1.748156e-04 -2.028126e-04)
54            	(1.194242e+00 1.063004e+00 -4.699901e+02)	(1.193764e+00 1.063146e+00 -4.699899e+02)	(4.779784e-04 -1.427464e-04 -2.111159e-04)
55            	(1.207726e+00 1.077105e+00 -4.699897e+02)	(1.207276e+00 1.077216e+00 -4.699895e+02)	(4.502970e-04 -1.106687e-04 -2.179965e-04)
56            	(1.222167e+00 1.091633e+00 -4.699889e+02)	(1.221738e+00 1.091713e+00 -4.699886e+02)	(4.286457e-04 -7.923589e-05 -2.232106e-04)
57            	(1.240783e+00 1.108766e+00 -4.699841e+02)	(1.240368e+00 1.108816e+00 -4.699839e+02)	(4.141323e-04 -5.005686e-05 -2.265664e-04)
58            	(1.256465e+00 1.123504e+00 -4.699797e+02)	(1.256060e+00 1.123528e+00 -4.699795e+02)	(4.051223e-04 -2.343223e-05 -2.279234e-04)
59            	(1.260477e+00 1.129732e+00 -4.699789e+02)	(1.260081e+00 1.129730e+00 -4.699787e+02)	(3.962902e-04 2.434986e-06 -2.274185e-04)
60            	(1.263432e+00 1.134964e+00 -4.699781e+02)	(1.263045e+00 1.134937e+00 -4.699779e+02)	(3.867696e-04 2.676094e-05 -2.252910e-04)
61            	(1.274545e+00 1.145647e+00 -4.699736e+02)	(1.274164e+00 1.145600e+00 -4.699733e+02)	(3.801195e-04 4.633185e-05 -2.215663e-04)
62            	(1.281946e+00 1.153349e+00 -4.699704e+02)	(1.281571e+00 1.153288e+00 -4.699702e+02)	(3.745199e-04 6.117287e-05 -2.168297e-04)
63            	(1.281207e+00 1.155192e+00 -4.699698e+02)	(1.280841e+00 1.155119e+00 -4.699696e+02)	(3.663350e-04 7.319532e-05 -2.117450e-04)
64            	(1.279574e+00 1.156179e+00 -4.699692e+02)	(1.279218e+00 1.156097e+00 -4.699690e+02)	(3.564133e-04 8.199370e-05 -2.068828e-04)
65            	(1.276772e+00 1.156014e+00 -4.699688e+02)	(1.276426e+00 1.155927e+00 -4.699686e+02)	(3.456554e-04 8.698729e-05 -2.023520e-04)
66            	(1.273594e+00 1.155393e+00 -4.699685e+02)	(1.273259e+00 1.155304e+00 -4.699683e+02)	(3.343133e-04 8.878353e-05 -1.983754e-04)
67            	(1.270143e+00 1.154335e+00 -4.699684e+02)	(1.269820e+00 1.154247e+00 -4.699682e+02)	(3.228599e-04 8.810473e-05 -1.949615e-04)
68            	(1.266768e+00 1.153109e+00 -4.699684e+02)	(1.266456e+00 1.153023e+00 -4.699682e+02)	(3.119119e-04 8.564678e-05 -1.919712e-04)
69            	(1.263470e+00 1.151715e+00 -4.699684e+02)	(1.263168e+00 1.151633e+00 -4.699682e+02)	(3.021719e-04 8.190719e-05 -1.888425e-04)
70            	(1.259959e+00 1.149861e+00 -4.699684e+02)	(1.259665e+00 1.149783e+00 -4.699682e+02)	(2.939955e-04 7.756293e-05 -1.850488e-04)
71            	(1.256693e+00 1.148022e+00 -4.699685e+02)	(1.256405e+00 1.147949e+00 -4.699683e+02)	(2.875577e-04 7.297932e-05 -1.800969e-04)
72            	(1.253607e+00 1.146113e+00 -4.699686e+02)	(1.253324e+00 1.146044e+00 -4.699684e+02)	(2.828532e-04 6.847132e-05 -1.737601e-04)
73            	(1.250789e+00 1.144220e+00 -4.699687e+02)	(1.250509e+00 1.144156e+00 -4.699685e+02)	(2.794660e-04 6.403028e-05 -1.661600e-04)
74            	(1.248386e+00 1.142494e+00 -4.699687e+02)	(1.248109e+00 1.142435e+00 -4.699686e+02)	(2.770289e-04 5.933970e-05 -1.575871e-04)
75            	(1.249302e+00 1.143178e+00 -4.699697e+02)	(1.249027e+00 1.143124e+00 -4.699695e+02)	(2.757767e-04 5.396714e-05 -1.482671e-04)
76            	(1.251207e+00 1.144724e+00 -4.699705e+02)	(1.250933e+00 1.144675e+00 -4.699703e+02)	(2.748653e-04 4.818791e-05 -1.385711e-04)
77            	(1.253237e+00 1.146274e+00 -4.699712e+02)	(1.252963e+00 1.146232e+00 -4.699710e+02)	(2.738814e-04 4.193795e-05 -1.288213e-04)
78            	(1.254943e+00 1.147352e+00 -4.699720e+02)	(1.254670e+00 1.147318e+00 -4.699719e+02)	(2.730630e-04 3.459264e-05 -1.192644e-04)
79            	(1.256823e+00 1.148541e+00 -4.699728e+02)	(1.256551e+00 1.148514e+00 -4.699727e+02)	(2.722036e-04 2.643432e-05 -1.101815e-04)
80            	(1.258881e+00 1.149846e+00 -4.699737e+02)	(1.258610e+00 1.149828e+00 -4.699736e+02)	(2.710750e-04 1.786475e-05 -1.017081e-04)
81            	(1.261112e+00 1.151237e+00 -4.699745e+02)	(1.260843e+00 1.151228e+00 -4.699744e+02)	(2.697290e-04 9.172291e-06 -9.391823e-05)
82            	(1.263442e+00 1.152617e+00 -4.699753e+02)	(1.263174e+00 1.152617e+00 -4.699752e+02)	(2.681415e-04 4.886062e-07 -8.686406e-05)
83            	(1.265778e+00 1.153869e+00 -4.699761e+02)	(1.265512e+00 1.153877e+00 -4.699760e+02)	(2.664131e-04 -8.068318e-06 -8.047627e-05)
84            	(1.268057e+00 1.154912e+00 -4.699768e+02)	(1.267792e+00 1.154929e+00 -4.699767e+02)	(2.645904e-04 -1.662167e-05 -7.483137e-05)
85            	(1.270243e+00 1.155699e+00 -4.699775e+02)	(1.269980e+00 1.155724e+00 -4.699774e+02)	(2.628865e-04 -2.542226e-05 -6.992472e-05)
86            	(1.272333e+00 1.156229e+00 -4.699781e+02)	(1.272071e+00 1.156264e+00 -4.699780e+02)	(2.614924e-04 -3.479199e-05 -6.567769e-05)
87            	(1.273674e+00 1.156058e+00 -4.699783e+02)	(1.273414e+00 1.156103e+00 -4.699782e+02)	(2.602256e-04 -4.483471e-05 -6.192455e-05)
88            	(1.275128e+00 1.155770e+00 -4.699785e+02)	(1.274868e+00 1.155826e+00 -4.699784e+02)	(2.593706e-04 -5.585106e-05 -5.855988e-05)
89            	(1.275289e+00 1.154537e+00 -4.699785e+02)	(1.275031e+00 1.154604e+00 -4.699784e+02)	(2.584238e-04 -6.757499e-05 -5.552725e-05)
90            	(1.277548e+00 1.154531e+00 -4.699787e+02)	(1.277289e+00 1.154612e+00 -4.699787e+02)	(2.587936e-04 -8.074881e-05 -5.271957e-05)
91            	(1.280115e+00 1.154745e+00 -4.699789e+02)	(1.279854e+00 1.154841e+00 -4.699788e+02)	(2.606723e-04 -9.530104e-05 -5.005559e-05)
92            	(1.282922e+00 1.155200e+00 -4.699789e+02)	(1.282658e+00 1.155311e+00 -4.699789e+02)	(2.639357e-04 -1.107594e-04 -4.735248e-05)
93            	(1.283529e+00 1.154358e+00 -4.699787e+02)	(1.283262e+00 1.154484e+00 -4.699787e+02)	(2.673502e-04 -1.262292e-04 -4.446674e-05)
94            	(1.287084e+00 1.155568e+00 -4.699784e+02)	(1.286811e+00 1.155710e+00 -4.699784e+02)	(2.728550e-04 -1.424162e-04 -4.134638e-05)
95            	(1.290756e+00 1.157091e+00 -4.699780e+02)	(1.290476e+00 1.157250e+00 -4.699779e+02)	(2.803362e-04 -1.589380e-04 -3.791010e-05)
96            	(1.294382e+00 1.158846e+00 -4.699773e+02)	(1.294093e+00 1.159021e+00 -4.699772e+02)	(2.892421e-04 -1.752545e-04 -3.418122e-05)
97            	(1.294143e+00 1.158178e+00 -4.699768e+02)	(1.293845e+00 1.158368e+00 -4.699767e+02)	(2.977369e-04 -1.903790e-04 -3.030344e-05)
98            	(1.293434e+00 1.157313e+00 -4.699762e+02)	(1.293128e+00 1.157518e+00 -4.699762e+02)	(3.061002e-04 -2.043916e-04 -2.644294e-05)
99            	(1.299565e+00 1.161164e+00 -4.699730e+02)	(1.299247e+00 1.161383e+00 -4.699730e+02)	(3.178736e-04 -2.189909e-04 -2.278845e-05)
100           	(1.298168e+00 1.160119e+00 -4.699724e+02)	(1.297839e+00 1.160351e+00 -4.699723e+02)	(3.285040e-04 -2.320540e-04 -1.947723e-05)
101           	(1.296456e+00 1.158917e+00 -4.699717e+02)	(1.296118e+00 1.159161e+00 -4.699717e+02)	(3.380210e-04 -2.434991e-04 -1.666501e-05)
102           	(1.294408e+00 1.157491e+00 -4.699711e+02)	(1.294061e+00 1.157745e+00 -4.699710e+02)	(3.469663e-04 -2.538116e-04 -1.450145e-05)
103           	(1.299293e+00 1.160576e+00 -4.699675e+02)	(1.298934e+00 1.160841e+00 -4.699675e+02)	(3.591455e-04 -2.650704e-04 -1.318029e-05)
104           	(1.297271e+00 1.159143e+00 -4.699670e+02)	(1.296901e+00 1.159418e+00 -4.699670e+02)	(3.701019e-04 -2.750085e-04 -1.271012e-05)
105           	(1.295275e+00 1.157663e+00 -4.699665e+02)	(1.294895e+00 1.157946e+00 -4.699665e+02)	(3.798038e-04 -2.836117e-04 -1.309406e-05)
106           	(1.293325e+00 1.156136e+00 -4.699661e+02)	(1.292936e+00 1.156427e+00 -4.699661e+02)	(3.888262e-04 -2.911205e-04 -1.416663e-05)
107           	(1.291443e+00 1.154574e+00 -4.699658e+02)	(1.291046e+00 1.154871e+00 -4.699658e+02)	(3.972826e-04 -2.973988e-04 -1.571601e-05)
108           	(1.289632e+00 1.152970e+00 -4.699655e+02)	(1.289227e+00 1.153273e+00 -4.699655e+02)	(4.052705e-04 -3.023000e-04 -1.749730e-05)
109           	(1.287773e+00 1.150997e+00 -4.699652e+02)	(1.287360e+00 1.151303e+00 -4.699651e+02)	(4.131502e-04 -3.062280e-04 -1.934804e-05)
110           	(1.286258e+00 1.149216e+00 -4.699649e+02)	(1.285837e+00 1.149525e+00 -4.699648e+02)	(4.209286e-04 -3.089452e-04 -2.099878e-05)
111           	(1.285273e+00 1.147753e+00 -4.699646e+02)	(1.284844e+00 1.148063e+00 -4.699646e+02)	(4.286871e-04 -3.103669e-04 -2.226117e-05)
112           	(1.284879e+00 1.146701e+00 -4.699644e+02)	(1.284443e+00 1.147012e+00 -4.699644e+02)	(4.364505e-04 -3.104349e-04 -2.293977e-05)
113           	(1.285123e+00 1.146101e+00 -4.699642e+02)	(1.284679e+00 1.146410e+00 -4.699642e+02)	(4.442460e-04 -3.091149e-04 -2.280901e-05)
114           	(1.286033e+00 1.145979e+00 -4.699641e+02)	(1.285581e+00 1.146285e+00 -4.699641e+02)	(4.520244e-04 -3.066058e-04 -2.166846e-05)
115           	(1.287616e+00 1.146348e+00 -4.699640e+02)	(1.287156e+00 1.146651e+00 -4.699640e+02)	(4.600618e-04 -3.031268e-04 -1.926453e-05)
116           	(1.289838e+00 1.147190e+00 -4.699639e+02)	(1.289370e+00 1.147489e+00 -4.699639e+02)	(4.680168e-04 -2.991242e-04 -1.557623e-05)
117           	(1.292840e+00 1.148598e+00 -4.699638e+02)	(1.292365e+00 1.148893e+00 -4.699638e+02)	(4.756055e-04 -2.951436e-04 -1.074110e-05)
118           	(1.296025e+00 1.150133e+00 -4.699638e+02)	(1.295542e+00 1.150425e+00 -4.699638e+02)	(4.826588e-04 -2.912715e-04 -4.963020e-06)
119           	(1.299492e+00 1.151846e+00 -4.699638e+02)	(1.299002e+00 1.152134e+00 -4.699638e+02)	(4.892527e-04 -2.877061e-04 1.669445e-06)
120           	(1.303220e+00 1.153709e+00 -4.699640e+02)	(1.302724e+00 1.153994e+00 -4.699640e+02)	(4.956616e-04 -2.847175e-04 9.107484e-06)
121           	(1.306957e+00 1.155502e+00 -4.699641e+02)	(1.306455e+00 1.155785e+00 -4.699641e+02)	(5.021379e-04 -2.826093e-04 1.734986e-05)
122           	(1.310239e+00 1.156830e+00 -4.699643e+02)	(1.309730e+00 1.157112e+00 -4.699644e+02)	(5.090741e-04 -2.816730e-04 2.637664e-05)
123           	(1.312787e+00 1.157474e+00 -4.699645e+02)	(1.312271e+00 1.157756e+00 -4.699646e+02)	(5.167529e-04 -2.822006e-04 3.619735e-05)
124           	(1.314560e+00 1.157437e+00 -4.699647e+02)	(1.314035e+00 1.157721e+00 -4.699648e+02)	(5.253848e-04 -2.843220e-04 4.675435e-05)
125           	(1.315298e+00 1.156559e+00 -4.699648e+02)	(1.314763e+00 1.156847e+00 -4.699649e+02)	(5.348942e-04 -2.880586e-04 5.790666e-05)
126           	(1.315319e+00 1.155116e+00 -4.699649e+02)	(1.314774e+00 1.155410e+00 -4.699650e+02)	(5.451949e-04 -2.934352e-04 6.948372e-05)
127           	(1.314373e+00 1.152989e+00 -4.699648e+02)	(1.313818e+00 1.153290e+00 -4.699648e+02)	(5.558918e-04 -3.003097e-04 8.130385e-05)
128           	(1.313109e+00 1.150649e+00 -4.699646e+02)	(1.312542e+00 1.150958e+00 -4.699646e+02)	(5.668972e-04 -3.086972e-04 9.306324e-05)
129           	(1.311726e+00 1.148219e+00 -4.699644e+02)	(1.311147e+00 1.148538e+00 -4.699645e+02)	(5.782742e-04 -3.187314e-04 1.043641e-04)
130           	(1.310530e+00 1.146137e+00 -4.699642e+02)	(1.309941e+00 1.146467e+00 -4.699643e+02)	(5.896262e-04 -3.301002e-04 1.148585e-04)
131           	(1.309327e+00 1.143846e+00 -4.699642e+02)	(1.308726e+00 1.144190e+00 -4.699643e+02)	(6.014741e-04 -3.433331e-04 1.242947e-04)
132           	(1.309021e+00 1.142305e+00 -4.699646e+02)	(1.308407e+00 1.142664e+00 -4.699647e+02)	(6.140256e-04 -3.583142e-04 1.324900e-04)
133           	(1.309100e+00 1.141220e+00 -4.699650e+02)	(1.308474e+00 1.141595e+00 -4.699651e+02)	(6.268974e-04 -3.744744e-04 1.393140e-04)
134           	(1.308880e+00 1.140353e+00 -4.699650e+02)	(1.308241e+00 1.140744e+00 -4.699651e+02)	(6.389260e-04 -3.905912e-04 1.446289e-04)
135           	(1.308566e+00 1.139510e+00 -4.699651e+02)	(1.307915e+00 1.139917e+00 -4.699652e+02)	(6.502441e-04 -4.065148e-04 1.483216e-04)
136           	(1.308027e+00 1.138559e+00 -4.699651e+02)	(1.307366e+00 1.138982e+00 -4.699653e+02)	(6.611194e-04 -4.221939e-04 1.503155e-04)
137           	(1.307249e+00 1.137397e+00 -4.699653e+02)	(1.306578e+00 1.137835e+00 -4.699654e+02)	(6.718819e-04 -4.376525e-04 1.506386e-04)
138           	(1.306296e+00 1.136142e+00 -4.699655e+02)	(1.305613e+00 1.136595e+00 -4.699656e+02)	(6.826255e-04 -4.527365e-04 1.493784e-04)
139           	(1.305233e+00 1.134828e+00 -4.699656e+02)	(1.304540e+00 1.135296e+00 -4.699658e+02)	(6.933682e-04 -4.674144e-04 1.466808e-04)
140           	(1.304142e+00 1.133500e+00 -4.699658e+02)	(1.303438e+00 1.133982e+00 -4.699659e+02)	(7.041534e-04 -4.817212e-04 1.427555e-04)
141           	(1.303183e+00 1.132256e+00 -4.699660e+02)	(1.302468e+00 1.132752e+00 -4.699661e+02)	(7.149825e-04 -4.957299e-04 1.377865e-04)
142           	(1.302387e+00 1.131113e+00 -4.699662e+02)	(1.301662e+00 1.131623e+00 -4.699663e+02)	(7.257947e-04 -5.094743e-04 1.319879e-04)
143           	(1.301778e+00 1.130080e+00 -4.699664e+02)	(1.301041e+00 1.130603e+00 -4.699666e+02)	(7.364245e-04 -5.229928e-04 1.254575e-04)
144           	(1.301352e+00 1.129148e+00 -4.699668e+02)	(1.300605e+00 1.129684e+00 -4.699669e+02)	(7.467000e-04 -5.362816e-04 1.182948e-04)
145           	(1.301078e+00 1.128281e+00 -4.699672e+02)	(1.300321e+00 1.128830e+00 -4.699673e+02)	(7.564087e-04 -5.493923e-04 1.104795e-04)
146           	(1.301415e+00 1.128387e+00 -4.699674e+02)	(1.300651e+00 1.128948e+00 -4.699675e+02)	(7.640723e-04 -5.611967e-04 1.019913e-04)
147           	(1.300578e+00 1.126759e+00 -4.699679e+02)	(1.299806e+00 1.127332e+00 -4.699679e+02)	(7.713102e-04 -5.735535e-04 9.285962e-05)
148           	(1.299542e+00 1.124854e+00 -4.699683e+02)	(1.298763e+00 1.125440e+00 -4.699684e+02)	(7.783739e-04 -5.864674e-04 8.304907e-05)
149           	(1.298352e+00 1.122708e+00 -4.699687e+02)	(1.297567e+00 1.123308e+00 -4.699688e+02)	(7.851075e-04 -5.997126e-04 7.274034e-05)
150           	(1.297102e+00 1.120388e+00 -4.699692e+02)	(1.296310e+00 1.121002e+00 -4.699693e+02)	(7.916698e-04 -6.133390e-04 6.218666e-05)
151           	(1.290268e+00 1.114523e+00 -4.699745e+02)	(1.289473e+00 1.115148e+00 -4.699746e+02)	(7.945752e-04 -6.251018e-04 5.155652e-05)
152           	(1.288874e+00 1.111805e+00 -4.699748e+02)	(1.288075e+00 1.112442e+00 -4.699749e+02)	(7.990059e-04 -6.376609e-04 4.140405e-05)
153           	(1.287681e+00 1.109090e+00 -4.699751e+02)	(1.286875e+00 1.109742e+00 -4.699751e+02)	(8.056186e-04 -6.512769e-04 3.187495e-05)
154           	(1.286852e+00 1.106530e+00 -4.699754e+02)	(1.286038e+00 1.107195e+00 -4.699754e+02)	(8.140039e-04 -6.653648e-04 2.326322e-05)
155           	(1.288812e+00 1.106163e+00 -4.699770e+02)	(1.287988e+00 1.106843e+00 -4.699770e+02)	(8.241981e-04 -6.795560e-04 1.577666e-05)
156           	(1.290994e+00 1.106025e+00 -4.699797e+02)	(1.290158e+00 1.106719e+00 -4.699797e+02)	(8.356855e-04 -6.937269e-04 9.607964e-06)
157           	(1.290540e+00 1.103566e+00 -4.699800e+02)	(1.289691e+00 1.104274e+00 -4.699800e+02)	(8.484254e-04 -7.082372e-04 4.799086e-06)
158           	(1.292106e+00 1.103007e+00 -4.699831e+02)	(1.291244e+00 1.103730e+00 -4.699831e+02)	(8.616955e-04 -7.223814e-04 1.400416e-06)
159           	(1.291991e+00 1.100867e+00 -4.699833e+02)	(1.291115e+00 1.101603e+00 -4.699833e+02)	(8.756258e-04 -7.366800e-04 -6.618419e-07)
160           	(1.291971e+00 1.098744e+00 -4.699835e+02)	(1.291081e+00 1.099496e+00 -4.699834e+02)	(8.905243e-04 -7.515742e-04 -1.530546e-06)
161           	(1.292026e+00 1.096628e+00 -4.699836e+02)	(1.291120e+00 1.097395e+00 -4.699836e+02)	(9.063571e-04 -7.672126e-04 -1.397971e-06)
162           	(1.292080e+00 1.094480e+00 -4.699838e+02)	(1.291157e+00 1.095264e+00 -4.699838e+02)	(9.232691e-04 -7.838722e-04 -5.263139e-07)
163           	(1.291828e+00 1.092004e+00 -4.699842e+02)	(1.290886e+00 1.092806e+00 -4.699842e+02)	(9.416245e-04 -8.019919e-04 7.459499e-07)
164           	(1.291523e+00 1.089537e+00 -4.699846e+02)	(1.290562e+00 1.090358e+00 -4.699846e+02)	(9.614689e-04 -8.216224e-04 2.101616e-06)
165           	(1.292043e+00 1.088579e+00 -4.699893e+02)	(1.291062e+00 1.089420e+00 -4.699893e+02)	(9.808376e-04 -8.410877e-04 3.328203e-06)
166           	(1.289996e+00 1.085093e+00 -4.699895e+02)	(1.288994e+00 1.085955e+00 -4.699895e+02)	(1.001320e-03 -8.620391e-04 4.211744e-06)
167           	(1.286731e+00 1.080711e+00 -4.699898e+02)	(1.285708e+00 1.081595e+00 -4.699898e+02)	(1.023438e-03 -8.848906e-04 4.683070e-06)
168           	(1.282763e+00 1.075956e+00 -4.699901e+02)	(1.281717e+00 1.076865e+00 -4.699901e+02)	(1.046650e-03 -9.091481e-04 4.809399e-06)
169           	(1.278156e+00 1.070908e+00 -4.699904e+02)	(1.277086e+00 1.071842e+00 -4.699904e+02)	(1.070450e-03 -9.344665e-04 4.686162e-06)
170           	(1.264810e+00 1.060727e+00 -4.699970e+02)	(1.263721e+00 1.061683e+00 -4.699970e+02)	(1.088548e-03 -9.564897e-04 4.398048e-06)
171           	(1.261418e+00 1.057174e+00 -4.699970e+02)	(1.260310e+00 1.058153e+00 -4.699970e+02)	(1.108075e-03 -9.791512e-04 3.974894e-06)
172           	(1.256472e+00 1.052278e+00 -4.699969e+02)	(1.255342e+00 1.053280e+00 -4.699969e+02)	(1.129421e-03 -1.002895e-03 3.260083e-06)
173           	(1.250929e+00 1.046957e+00 -4.699968e+02)	(1.249778e+00 1.047983e+00 -4.699968e+02)	(1.151435e-03 -1.026808e-03 2.176379e-06)
174           	(1.245199e+00 1.041589e+00 -4.699966e+02)	(1.244025e+00 1.042639e+00 -4.699966e+02)	(1.173531e-03 -1.050447e-03 5.321681e-07)
175           	(1.239104e+00 1.035960e+00 -4.699964e+02)	(1.237908e+00 1.037033e+00 -4.699964e+02)	(1.195470e-03 -1.073701e-03 -1.902885e-06)
176           	(1.233624e+00 1.030971e+00 -4.699962e+02)	(1.232408e+00 1.032067e+00 -4.699962e+02)	(1.216883e-03 -1.096083e-03 -5.319728e-06)
177           	(1.228967e+00 1.026784e+00 -4.699960e+02)	(1.227730e+00 1.027901e+00 -4.699960e+02)	(1.237425e-03 -1.117301e-03 -9.855846e-06)
178           	(1.224854e+00 1.023093e+00 -4.699960e+02)	(1.223597e+00 1.024230e+00 -4.699960e+02)	(1.256981e-03 -1.137492e-03 -1.559474e-05)
179           	(1.223010e+00 1.021566e+00 -4.699960e+02)	(1.221735e+00 1.022722e+00 -4.699960e+02)	(1.275042e-03 -1.156081e-03 -2.247014e-05)
180           	(1.219932e+00 1.018751e+00 -4.699962e+02)	(1.218640e+00 1.019926e+00 -4.699962e+02)	(1.292173e-03 -1.174407e-03 -3.015105e-05)
181           	(1.217322e+00 1.016300e+00 -4.699965e+02)	(1.216014e+00 1.017493e+00 -4.699965e+02)	(1.308381e-03 -1.192405e-03 -3.828391e-05)
182           	(1.216675e+00 1.015675e+00 -4.699967e+02)	(1.215352e+00 1.016884e+00 -4.699966e+02)	(1.323122e-03 -1.209246e-03 -4.640430e-05)
183           	(1.214301e+00 1.013145e+00 -4.699973e+02)	(1.212964e+00 1.014371e+00 -4.699973e+02)	(1.337273e-03 -1.226370e-03 -5.412114e-05)
184           	(1.212103e+00 1.011684e+00 -4.700032e+02)	(1.210755e+00 1.012925e+00 -4.700032e+02)	(1.348275e-03 -1.241224e-03 -6.118636e-05)
185           	(1.209948e+00 1.009195e+00 -4.700035e+02)	(1.208589e+00 1.010452e+00 -4.700034e+02)	(1.359445e-03 -1.256443e-03 -6.732446e-05)
186           	(1.207964e+00 1.006762e+00 -4.700037e+02)	(1.206592e+00 1.008034e+00 -4.700036e+02)	(1.371429e-03 -1.272125e-03 -7.257080e-05)
187           	(1.206275e+00 1.004512e+00 -4.700039e+02)	(1.204891e+00 1.005799e+00 -4.700038e+02)	(1.383719e-03 -1.287712e-03 -7.694212e-05)
188           	(1.206003e+00 1.003582e+00 -4.700040e+02)	(1.204607e+00 1.004885e+00 -4.700040e+02)	(1.395856e-03 -1.302671e-03 -8.059607e-05)
189           	(1.204761e+00 1.001530e+00 -4.700043e+02)	(1.203352e+00 1.002848e+00 -4.700043e+02)	(1.408485e-03 -1.317944e-03 -8.374543e-05)
190           	(1.203982e+00 9.998056e-01 -4.700047e+02)	(1.202561e+00 1.001139e+00 -4.700047e+02)	(1.421787e-03 -1.333524e-03 -8.666729e-05)
191           	(1.203844e+00 9.985585e-01 -4.700053e+02)	(1.202408e+00 9.999079e-01 -4.700052e+02)	(1.435754e-03 -1.349341e-03 -8.958490e-05)
192           	(1.204594e+00 9.979841e-01 -4.700062e+02)	(1.203143e+00 9.993496e-01 -4.700061e+02)	(1.450497e-03 -1.365477e-03 -9.269272e-05)
193           	(1.201467e+00 9.958821e-01 -4.700128e+02)	(1.200007e+00 9.972602e-01 -4.700127e+02)	(1.460788e-03 -1.378092e-03 -9.610277e-05)
194           	(1.202395e+00 9.953720e-01 -4.700134e+02)	(1.200922e+00 9.967640e-01 -4.700133e+02)	(1.473059e-03 -1.392005e-03 -9.986757e-05)
195           	(1.203703e+00 9.952839e-01 -4.700140e+02)	(1.202216e+00 9.966910e-01 -4.700139e+02)	(1.487455e-03 -1.407155e-03 -1.041863e-04)
196           	(1.204819e+00 9.954945e-01 -4.700142e+02)	(1.203317e+00 9.969163e-01 -4.700141e+02)	(1.501838e-03 -1.421773e-03 -1.089517e-04)
197           	(1.206219e+00 9.957685e-01 -4.700147e+02)	(1.204702e+00 9.972051e-01 -4.700145e+02)	(1.516691e-03 -1.436510e-03 -1.141403e-04)
198           	(1.207205e+00 9.961000e-01 -4.700148e+02)	(1.205674e+00 9.975506e-01 -4.700147e+02)	(1.530956e-03 -1.450667e-03 -1.197292e-04)
199           	(1.207917e+00 9.963347e-01 -4.700150e+02)	(1.206373e+00 9.977988e-01 -4.700148e+02)	(1.544297e-03 -1.464112e-03 -1.255889e-04)
200           	(1.207976e+00 9.959982e-01 -4.700151e+02)	(1.206418e+00 9.974756e-01 -4.700149e+02)	(1.557159e-03 -1.477334e-03 -1.315325e-04)
201           	(1.207943e+00 9.958252e-01 -4.700151e+02)	(1.206374e+00 9.973152e-01 -4.700150e+02)	(1.569199e-03 -1.490011e-03 -1.373920e-04)
202           	(1.207638e+00 9.955288e-01 -4.700152e+02)	(1.206057e+00 9.970310e-01 -4.700150e+02)	(1.580355e-03 -1.502232e-03 -1.429902e-04)
203           	(1.207104e+00 9.951280e-01 -4.700152e+02)	(1.205514e+00 9.966422e-01 -4.700151e+02)	(1.590701e-03 -1.514193e-03 -1.481878e-04)
204           	(1.206388e+00 9.946480e-01 -4.700153e+02)	(1.204788e+00 9.961740e-01 -4.700152e+02)	(1.600245e-03 -1.525999e-03 -1.529300e-04)
205           	(1.205958e+00 9.944916e-01 -4.700154e+02)	(1.204349e+00 9.960292e-01 -4.700153e+02)	(1.608978e-03 -1.537676e-03 -1.572195e-04)
206           	(1.204793e+00 9.937739e-01 -4.700155e+02)	(1.203176e+00 9.953231e-01 -4.700153e+02)	(1.616752e-03 -1.549134e-03 -1.611216e-04)
207           	(1.204225e+00 9.935986e-01 -4.700156e+02)	(1.202602e+00 9.951592e-01 -4.700155e+02)	(1.623779e-03 -1.560526e-03 -1.646976e-04)
208           	(1.203443e+00 9.932986e-01 -4.700157e+02)	(1.201813e+00 9.948703e-01 -4.700156e+02)	(1.629914e-03 -1.571665e-03 -1.680760e-04)
209           	(1.202498e+00 9.929226e-01 -4.700158e+02)	(1.200862e+00 9.945051e-01 -4.700157e+02)	(1.635228e-03 -1.582527e-03 -1.713698e-04)
210           	(1.201110e+00 9.922440e-01 -4.700159e+02)	(1.199471e+00 9.938370e-01 -4.700158e+02)	(1.639715e-03 -1.593014e-03 -1.746590e-04)
211           	(1.199639e+00 9.915122e-01 -4.700160e+02)	(1.197995e+00 9.931154e-01 -4.700158e+02)	(1.643627e-03 -1.603274e-03 -1.779877e-04)
212           	(1.198146e+00 9.907670e-01 -4.700161e+02)	(1.196499e+00 9.923804e-01 -4.700159e+02)	(1.647126e-03 -1.613402e-03 -1.813836e-04)
213           	(1.196663e+00 9.900322e-01 -4.700162e+02)	(1.195012e+00 9.916557e-01 -4.700160e+02)	(1.650333e-03 -1.623507e-03 -1.848809e-04)
214           	(1.195208e+00 9.893205e-01 -4.700164e+02)	(1.193555e+00 9.909542e-01 -4.700162e+02)	(1.653292e-03 -1.633630e-03 -1.885089e-04)
215           	(1.192058e+00 9.873379e-01 -4.700166e+02)	(1.190402e+00 9.889813e-01 -4.700164e+02)	(1.655497e-03 -1.643407e-03 -1.923007e-04)
216           	(1.189462e+00 9.857627e-01 -4.700169e+02)	(1.187804e+00 9.874157e-01 -4.700167e+02)	(1.657417e-03 -1.652986e-03 -1.962606e-04)
217           	(1.173295e+00 9.747272e-01 -4.700241e+02)	(1.171643e+00 9.763861e-01 -4.700239e+02)	(1.652846e-03 -1.658926e-03 -2.004459e-04)
218           	(1.173083e+00 9.746242e-01 -4.700245e+02)	(1.171431e+00 9.762905e-01 -4.700243e+02)	(1.651716e-03 -1.666327e-03 -2.046465e-04)
219           	(1.173455e+00 9.749625e-01 -4.700251e+02)	(1.171802e+00 9.766374e-01 -4.700248e+02)	(1.653723e-03 -1.674974e-03 -2.091291e-04)
220           	(1.175164e+00 9.763232e-01 -4.700258e+02)	(1.173506e+00 9.780071e-01 -4.700255e+02)	(1.657616e-03 -1.683848e-03 -2.137180e-04)
221           	(1.180210e+00 9.800769e-01 -4.700271e+02)	(1.178546e+00 9.817705e-01 -4.700269e+02)	(1.663845e-03 -1.693563e-03 -2.183520e-04)
222           	(1.187449e+00 9.855743e-01 -4.700289e+02)	(1.185777e+00 9.872781e-01 -4.700287e+02)	(1.671677e-03 -1.703769e-03 -2.229571e-04)
223           	(1.194574e+00 9.912388e-01 -4.700309e+02)	(1.192895e+00 9.929524e-01 -4.700307e+02)	(1.679416e-03 -1.713563e-03 -2.274347e-04)
224           	(1.200467e+00 9.962398e-01 -4.700336e+02)	(1.198781e+00 9.979619e-01 -4.700334e+02)	(1.685506e-03 -1.722176e-03 -2.316999e-04)
225           	(1.202495e+00 9.984963e-01 -4.700340e+02)	(1.200806e+00 1.000225e+00 -4.700337e+02)	(1.688866e-03 -1.729081e-03 -2.356779e-04)
226           	(1.203989e+00 1.000350e+00 -4.700343e+02)	(1.202299e+00 1.002085e+00 -4.700340e+02)	(1.690443e-03 -1.735025e-03 -2.393527e-04)
227           	(1.204929e+00 1.001749e+00 -4.700346e+02)	(1.203238e+00 1.003490e+00 -4.700344e+02)	(1.690918e-03 -1.740433e-03 -2.427092e-04)
228           	(1.205604e+00 1.002760e+00 -4.700349e+02)	(1.203913e+00 1.004506e+00 -4.700346e+02)	(1.691338e-03 -1.746110e-03 -2.458005e-04)
229           	(1.205904e+00 1.003476e+00 -4.700352e+02)	(1.204213e+00 1.005228e+00 -4.700349e+02)	(1.691823e-03 -1.751959e-03 -2.487262e-04)
230           	(1.205240e+00 1.003626e+00 -4.700356e+02)	(1.203548e+00 1.005383e+00 -4.700353e+02)	(1.691655e-03 -1.757279e-03 -2.516022e-04)
231           	(1.198458e+00 9.992316e-01 -4.700368e+02)	(1.196769e+00 1.000993e+00 -4.700365e+02)	(1.689133e-03 -1.761407e-03 -2.545220e-04)
232           	(1.198077e+00 9.992769e-01 -4.700372e+02)	(1.196389e+00 1.001043e+00 -4.700369e+02)	(1.688053e-03 -1.766398e-03 -2.575945e-04)
233           	(1.197616e+00 9.992609e-01 -4.700376e+02)	(1.195928e+00 1.001033e+00 -4.700373e+02)	(1.688122e-03 -1.772043e-03 -2.610328e-04)
234           	(1.197146e+00 9.992574e-01 -4.700380e+02)	(1.195457e+00 1.001035e+00 -4.700378e+02)	(1.688708e-03 -1.777882e-03 -2.649227e-04)
235           	(1.196716e+00 9.993225e-01 -4.700385e+02)	(1.195027e+00 1.001106e+00 -4.700382e+02)	(1.689486e-03 -1.783717e-03 -2.693594e-04)
236           	(1.196338e+00 9.994906e-01 -4.700389e+02)	(1.194647e+00 1.001280e+00 -4.700386e+02)	(1.690174e-03 -1.789316e-03 -2.743837e-04)
237           	(1.195889e+00 9.997198e-01 -4.700393e+02)	(1.194199e+00 1.001514e+00 -4.700390e+02)	(1.690404e-03 -1.794372e-03 -2.800652e-04)
238           	(1.195251e+00 9.999505e-01 -4.700397e+02)	(1.193561e+00 1.001749e+00 -4.700394e+02)	(1.689818e-03 -1.798543e-03 -2.864180e-04)
239           	(1.194457e+00 1.000134e+00 -4.700400e+02)	(1.192768e+00 1.001936e+00 -4.700397e+02)	(1.688392e-03 -1.801790e-03 -2.934720e-04)
240           	(1.193646e+00 1.000294e+00 -4.700403e+02)	(1.191960e+00 1.002099e+00 -4.700400e+02)	(1.686437e-03 -1.804348e-03 -3.012132e-04)
241           	(1.192831e+00 1.000414e+00 -4.700405e+02)	(1.191147e+00 1.002220e+00 -4.700402e+02)	(1.684263e-03 -1.806412e-03 -3.096510e-04)
242           	(1.192043e+00 1.000492e+00 -4.700407e+02)	(1.190361e+00 1.002300e+00 -4.700404e+02)	(1.682168e-03 -1.808175e-03 -3.187701e-04)
243           	(1.191313e+00 1.000536e+00 -4.700408e+02)	(1.189633e+00 1.002346e+00 -4.700405e+02)	(1.680410e-03 -1.809833e-03 -3.285561e-04)
244           	(1.190669e+00 1.000562e+00 -4.700409e+02)	(1.188990e+00 1.002374e+00 -4.700406e+02)	(1.679152e-03 -1.811536e-03 -3.389835e-04)
245           	(1.187463e+00 9.984177e-01 -4.700393e+02)	(1.185785e+00 1.000231e+00 -4.700390e+02)	(1.678216e-03 -1.813607e-03 -3.500893e-04)
246           	(1.189758e+00 9.999296e-01 -4.700348e+02)	(1.188078e+00 1.001747e+00 -4.700344e+02)	(1.680652e-03 -1.817837e-03 -3.619024e-04)
247           	(1.190535e+00 1.000706e+00 -4.700352e+02)	(1.188852e+00 1.002528e+00 -4.700349e+02)	(1.683785e-03 -1.822307e-03 -3.740580e-04)
248           	(1.191742e+00 1.001858e+00 -4.700357e+02)	(1.190055e+00 1.003685e+00 -4.700353e+02)	(1.687087e-03 -1.826951e-03 -3.866512e-04)
249           	(1.193397e+00 1.003422e+00 -4.700362e+02)	(1.191706e+00 1.005253e+00 -4.700358e+02)	(1.690211e-03 -1.831649e-03 -3.997343e-04)
250           	(1.195457e+00 1.005346e+00 -4.700367e+02)	(1.193764e+00 1.007182e+00 -4.700363e+02)	(1.692939e-03 -1.836372e-03 -4.133327e-04)
251           	(1.197576e+00 1.007296e+00 -4.700373e+02)	(1.195881e+00 1.009138e+00 -4.700368e+02)	(1.695282e-03 -1.841295e-03 -4.274753e-04)
252           	(1.199633e+00 1.009174e+00 -4.700378e+02)	(1.197935e+00 1.011020e+00 -4.700374e+02)	(1.697312e-03 -1.846526e-03 -4.421622e-04)
253           	(1.201544e+00 1.010914e+00 -4.700384e+02)	(1.199845e+00 1.012767e+00 -4.700379e+02)	(1.699111e-03 -1.852134e-03 -4.574082e-04)
254           	(1.203259e+00 1.012483e+00 -4.700390e+02)	(1.201558e+00 1.014342e+00 -4.700385e+02)	(1.700765e-03 -1.858133e-03 -4.732008e-04)
255           	(1.204754e+00 1.013873e+00 -4.700396e+02)	(1.203052e+00 1.015737e+00 -4.700391e+02)	(1.702346e-03 -1.864526e-03 -4.895296e-04)
256           	(1.206028e+00 1.015091e+00 -4.700402e+02)	(1.204324e+00 1.016963e+00 -4.700397e+02)	(1.703862e-03 -1.871274e-03 -5.063815e-04)
257           	(1.207097e+00 1.016165e+00 -4.700409e+02)	(1.205392e+00 1.018043e+00 -4.700403e+02)	(1.705275e-03 -1.878336e-03 -5.237425e-04)
258           	(1.207857e+00 1.017002e+00 -4.700415e+02)	(1.206151e+00 1.018888e+00 -4.700410e+02)	(1.706534e-03 -1.885730e-03 -5.415864e-04)
259           	(1.208426e+00 1.017731e+00 -4.700422e+02)	(1.206719e+00 1.019624e+00 -4.700416e+02)	(1.707470e-03 -1.893329e-03 -5.599006e-04)
260           	(1.208790e+00 1.018346e+00 -4.700428e+02)	(1.207082e+00 1.020247e+00 -4.700423e+02)	(1.707925e-03 -1.901048e-03 -5.786683e-04)
261           	(1.208927e+00 1.018832e+00 -4.700435e+02)	(1.207219e+00 1.020741e+00 -4.700429e+02)	(1.707745e-03 -1.908794e-03 -5.978639e-04)
262           	(1.208809e+00 1.019168e+00 -4.700440e+02)	(1.207102e+00 1.021084e+00 -4.700434e+02)	(1.706818e-03 -1.916485e-03 -6.174577e-04)
263           	(1.214806e+00 1.023565e+00 -4.700374e+02)	(1.213098e+00 1.025491e+00 -4.700367e+02)	(1.708727e-03 -1.926391e-03 -6.377899e-04)
264           	(1.211919e+00 1.021950e+00 -4.700365e+02)	(1.210211e+00 1.023885e+00 -4.700359e+02)	(1.707941e-03 -1.934998e-03 -6.582619e-04)
265           	(1.213568e+00 1.023413e+00 -4.700333e+02)	(1.211861e+00 1.025357e+00 -4.700326e+02)	(1.707313e-03 -1.944119e-03 -6.788308e-04)
266           	(1.211954e+00 1.022745e+00 -4.700334e+02)	(1.210249e+00 1.024697e+00 -4.700327e+02)	(1.705107e-03 -1.952517e-03 -6.994065e-04)
267           	(1.211425e+00 1.022706e+00 -4.700341e+02)	(1.209722e+00 1.024667e+00 -4.700334e+02)	(1.702524e-03 -1.961080e-03 -7.199558e-04)
268           	(1.210795e+00 1.022605e+00 -4.700348e+02)	(1.209095e+00 1.024575e+00 -4.700341e+02)	(1.699745e-03 -1.969866e-03 -7.406322e-04)
269           	(1.210063e+00 1.022448e+00 -4.700356e+02)	(1.208366e+00 1.024426e+00 -4.700348e+02)	(1.696691e-03 -1.978740e-03 -7.614327e-04)
270           	(1.208568e+00 1.021931e+00 -4.700362e+02)	(1.206875e+00 1.023918e+00 -4.700354e+02)	(1.692554e-03 -1.986858e-03 -7.823236e-04)
271           	(1.206667e+00 1.021054e+00 -4.700366e+02)	(1.204979e+00 1.023049e+00 -4.700358e+02)	(1.687715e-03 -1.994556e-03 -8.031696e-04)
272           	(1.203656e+00 1.019258e+00 -4.700368e+02)	(1.201974e+00 1.021260e+00 -4.700360e+02)	(1.682340e-03 -2.002039e-03 -8.238377e-04)
273           	(1.202264e+00 1.018355e+00 -4.700373e+02)	(1.200586e+00 1.020366e+00 -4.700364e+02)	(1.678197e-03 -2.010530e-03 -8.441544e-04)
274           	(1.200845e+00 1.017415e+00 -4.700377e+02)	(1.199170e+00 1.019435e+00 -4.700368e+02)	(1.675036e-03 -2.019736e-03 -8.640675e-04)
275           	(1.197150e+00 1.014867e+00 -4.700373e+02)	(1.195479e+00 1.016896e+00 -4.700365e+02)	(1.671367e-03 -2.028719e-03 -8.834932e-04)
276           	(1.196028e+00 1.014098e+00 -4.700377e+02)	(1.194360e+00 1.016137e+00 -4.700368e+02)	(1.668618e-03 -2.038447e-03 -9.023261e-04)
277           	(1.195104e+00 1.013486e+00 -4.700379e+02)	(1.193438e+00 1.015535e+00 -4.700370e+02)	(1.666539e-03 -2.048743e-03 -9.205842e-04)
278           	(1.194389e+00 1.013050e+00 -4.700382e+02)	(1.192725e+00 1.015110e+00 -4.700373e+02)	(1.664786e-03 -2.059426e-03 -9.382406e-04)
279           	(1.197700e+00 1.015249e+00 -4.700338e+02)	(1.196034e+00 1.017321e+00 -4.700329e+02)	(1.665640e-03 -2.071966e-03 -9.553215e-04)
280           	(1.197652e+00 1.015393e+00 -4.700341e+02)	(1.195986e+00 1.017477e+00 -4.700331e+02)	(1.665900e-03 -2.084223e-03 -9.718305e-04)
281           	(1.197821e+00 1.015741e+00 -4.700343e+02)	(1.196156e+00 1.017837e+00 -4.700333e+02)	(1.665232e-03 -2.096020e-03 -9.875927e-04)
282           	(1.198141e+00 1.016235e+00 -4.700345e+02)	(1.196477e+00 1.018343e+00 -4.700335e+02)	(1.664012e-03 -2.107574e-03 -1.002675e-03)
283           	(1.198650e+00 1.017093e+00 -4.700345e+02)	(1.196988e+00 1.019211e+00 -4.700335e+02)	(1.661792e-03 -2.118252e-03 -1.017090e-03)
284           	(1.199091e+00 1.017861e+00 -4.700344e+02)	(1.197432e+00 1.019990e+00 -4.700334e+02)	(1.659001e-03 -2.128384e-03 -1.030816e-03)
285           	(1.198125e+00 1.017110e+00 -4.700317e+02)	(1.196468e+00 1.019250e+00 -4.700306e+02)	(1.656988e-03 -2.139269e-03 -1.043821e-03)
286           	(1.198816e+00 1.017962e+00 -4.700316e+02)	(1.197160e+00 1.020112e+00 -4.700305e+02)	(1.655195e-03 -2.149836e-03 -1.056162e-03)
287           	(1.199127e+00 1.018300e+00 -4.700316e+02)	(1.197473e+00 1.020461e+00 -4.700306e+02)	(1.654071e-03 -2.160672e-03 -1.067752e-03)
288           	(1.199481e+00 1.018692e+00 -4.700317e+02)	(1.197828e+00 1.020864e+00 -4.700306e+02)	(1.653571e-03 -2.171671e-03 -1.078620e-03)
289           	(1.199881e+00 1.019162e+00 -4.700317e+02)	(1.198228e+00 1.021344e+00 -4.700306e+02)	(1.653447e-03 -2.182589e-03 -1.088773e-03)
290           	(1.200303e+00 1.019702e+00 -4.700316e+02)	(1.198650e+00 1.021895e+00 -4.700305e+02)	(1.653457e-03 -2.193222e-03 -1.098236e-03)
291           	(1.200928e+00 1.020663e+00 -4.700314e+02)	(1.199275e+00 1.022865e+00 -4.700302e+02)	(1.652765e-03 -2.202744e-03 -1.107058e-03)
292           	(1.205005e+00 1.023622e+00 -4.700264e+02)	(1.203350e+00 1.025835e+00 -4.700252e+02)	(1.654524e-03 -2.213493e-03 -1.115265e-03)
293           	(1.205201e+00 1.024222e+00 -4.700261e+02)	(1.203546e+00 1.026445e+00 -4.700250e+02)	(1.655165e-03 -2.223122e-03 -1.123068e-03)
294           	(1.204913e+00 1.024443e+00 -4.700257e+02)	(1.203258e+00 1.026674e+00 -4.700246e+02)	(1.654473e-03 -2.231606e-03 -1.130287e-03)
295           	(1.204059e+00 1.024172e+00 -4.700253e+02)	(1.202406e+00 1.026411e+00 -4.700242e+02)	(1.653168e-03 -2.239505e-03 -1.137073e-03)
296           	(1.200616e+00 1.021611e+00 -4.700239e+02)	(1.198964e+00 1.023859e+00 -4.700227e+02)	(1.651986e-03 -2.247569e-03 -1.143415e-03)
297           	(1.201874e+00 1.022227e+00 -4.700201e+02)	(1.200220e+00 1.024484e+00 -4.700190e+02)	(1.653870e-03 -2.257305e-03 -1.149407e-03)
298           	(1.201669e+00 1.022137e+00 -4.700200e+02)	(1.200012e+00 1.024404e+00 -4.700189e+02)	(1.656342e-03 -2.266835e-03 -1.155125e-03)
299           	(1.201591e+00 1.022184e+00 -4.700200e+02)	(1.199932e+00 1.024460e+00 -4.700188e+02)	(1.658942e-03 -2.275907e-03 -1.160481e-03)
300           	(1.201623e+00 1.022362e+00 -4.700199e+02)	(1.199961e+00 1.024646e+00 -4.700187e+02)	(1.661750e-03 -2.284531e-03 -1.165572e-03)
301           	(1.201731e+00 1.022641e+00 -4.700199e+02)	(1.200066e+00 1.024934e+00 -4.700187e+02)	(1.664647e-03 -2.292598e-03 -1.170451e-03)
302           	(1.201871e+00 1.022979e+00 -4.700198e+02)	(1.200204e+00 1.025279e+00 -4.700186e+02)	(1.667558e-03 -2.300042e-03 -1.175141e-03)
303           	(1.202012e+00 1.023303e+00 -4.700197e+02)	(1.200341e+00 1.025610e+00 -4.700186e+02)	(1.670540e-03 -2.306957e-03 -1.179677e-03)
304           	(1.202136e+00 1.023633e+00 -4.700197e+02)	(1.200463e+00 1.025946e+00 -4.700185e+02)	(1.673574e-03 -2.313317e-03 -1.184068e-03)
305           	(1.202235e+00 1.023958e+00 -4.700196e+02)	(1.200559e+00 1.026277e+00 -4.700184e+02)	(1.676652e-03 -2.319131e-03 -1.188335e-03)
306           	(1.202313e+00 1.024276e+00 -4.700195e+02)	(1.200633e+00 1.026600e+00 -4.700183e+02)	(1.679833e-03 -2.324404e-03 -1.192466e-03)
307           	(1.202382e+00 1.024590e+00 -4.700195e+02)	(1.200699e+00 1.026919e+00 -4.700183e+02)	(1.683183e-03 -2.329157e-03 -1.196474e-03)
308           	(1.202462e+00 1.024911e+00 -4.700194e+02)	(1.200775e+00 1.027245e+00 -4.700182e+02)	(1.686789e-03 -2.333409e-03 -1.200341e-03)
309           	(1.202578e+00 1.025259e+00 -4.700193e+02)	(1.200887e+00 1.027596e+00 -4.700181e+02)	(1.690704e-03 -2.337184e-03 -1.204067e-03)
310           	(1.202752e+00 1.025646e+00 -4.700192e+02)	(1.201057e+00 1.027987e+00 -4.700180e+02)	(1.694971e-03 -2.340492e-03 -1.207615e-03)
311           	(1.202957e+00 1.026034e+00 -4.700191e+02)	(1.201257e+00 1.028377e+00 -4.700179e+02)	(1.699651e-03 -2.343389e-03 -1.210972e-03)
312           	(1.203242e+00 1.026483e+00 -4.700190e+02)	(1.201537e+00 1.028828e+00 -4.700178e+02)	(1.704735e-03 -2.345871e-03 -1.214099e-03)
313           	(1.203601e+00 1.026993e+00 -4.700188e+02)	(1.201891e+00 1.029341e+00 -4.700176e+02)	(1.710143e-03 -2.347901e-03 -1.216982e-03)
314           	(1.204076e+00 1.027611e+00 -4.700187e+02)	(1.202360e+00 1.029961e+00 -4.700175e+02)	(1.715810e-03 -2.349435e-03 -1.219578e-03)
315           	(1.204575e+00 1.028250e+00 -4.700185e+02)	(1.202853e+00 1.030600e+00 -4.700173e+02)	(1.721694e-03 -2.350466e-03 -1.221856e-03)
316           	(1.205071e+00 1.028881e+00 -4.700183e+02)	(1.203344e+00 1.031232e+00 -4.700170e+02)	(1.727804e-03 -2.350996e-03 -1.223763e-03)
317           	(1.205540e+00 1.029482e+00 -4.700180e+02)	(1.203806e+00 1.031833e+00 -4.700168e+02)	(1.734157e-03 -2.351032e-03 -1.225254e-03)
318           	(1.205961e+00 1.030036e+00 -4.700177e+02)	(1.204221e+00 1.032386e+00 -4.700164e+02)	(1.740783e-03 -2.350579e-03 -1.226262e-03)
319           	(1.206325e+00 1.030538e+00 -4.700173e+02)	(1.204577e+00 1.032887e+00 -4.700161e+02)	(1.747699e-03 -2.349649e-03 -1.226736e-03)
320           	(1.206624e+00 1.030981e+00 -4.700168e+02)	(1.204869e+00 1.033330e+00 -4.700156e+02)	(1.754916e-03 -2.348249e-03 -1.226595e-03)
321           	(1.206817e+00 1.031324e+00 -4.700163e+02)	(1.205054e+00 1.033670e+00 -4.700151e+02)	(1.762469e-03 -2.346416e-03 -1.225779e-03)
322           	(1.206969e+00 1.031624e+00 -4.700158e+02)	(1.205198e+00 1.033968e+00 -4.700145e+02)	(1.770366e-03 -2.344188e-03 -1.224217e-03)
323           	(1.207084e+00 1.031884e+00 -4.700151e+02)	(1.205306e+00 1.034226e+00 -4.700139e+02)	(1.778578e-03 -2.341603e-03 -1.221869e-03)
324           	(1.207168e+00 1.032108e+00 -4.700145e+02)	(1.205381e+00 1.034447e+00 -4.700132e+02)	(1.787065e-03 -2.338708e-03 -1.218680e-03)
325           	(1.207216e+00 1.032300e+00 -4.700137e+02)	(1.205421e+00 1.034636e+00 -4.700125e+02)	(1.795729e-03 -2.335541e-03 -1.214632e-03)
326           	(1.207215e+00 1.032447e+00 -4.700129e+02)	(1.205410e+00 1.034779e+00 -4.700117e+02)	(1.804481e-03 -2.332132e-03 -1.209700e-03)
327           	(1.207162e+00 1.032550e+00 -4.700121e+02)	(1.205349e+00 1.034879e+00 -4.700109e+02)	(1.813226e-03 -2.328533e-03 -1.203905e-03)
328           	(1.207060e+00 1.032610e+00 -4.700112e+02)	(1.205238e+00 1.034935e+00 -4.700100e+02)	(1.821863e-03 -2.324787e-03 -1.197254e-03)
329           	(1.206908e+00 1.032626e+00 -4.700104e+02)	(1.205077e+00 1.034947e+00 -4.700092e+02)	(1.830276e-03 -2.320946e-03 -1.189798e-03)
330           	(1.206706e+00 1.032597e+00 -4.700095e+02)	(1.204868e+00 1.034914e+00 -4.700083e+02)	(1.838375e-03 -2.317067e-03 -1.181577e-03)
331           	(1.206460e+00 1.032525e+00 -4.700086e+02)	(1.204614e+00 1.034838e+00 -4.700074e+02)	(1.846065e-03 -2.313211e-03 -1.172659e-03)
332           	(1.206171e+00 1.032410e+00 -4.700077e+02)	(1.204318e+00 1.034719e+00 -4.700065e+02)	(1.853267e-03 -2.309434e-03 -1.163093e-03)
333           	(1.205840e+00 1.032249e+00 -4.700068e+02)	(1.203980e+00 1.034555e+00 -4.700057e+02)	(1.859918e-03 -2.305804e-03 -1.152955e-03)
334           	(1.205463e+00 1.032041e+00 -4.700060e+02)	(1.203597e+00 1.034344e+00 -4.700048e+02)	(1.865960e-03 -2.302366e-03 -1.142302e-03)
335           	(1.202922e+00 1.030238e+00 -4.700049e+02)	(1.201052e+00 1.032537e+00 -4.700038e+02)	(1.870550e-03 -2.298850e-03 -1.131195e-03)
336           	(1.202568e+00 1.029998e+00 -4.700042e+02)	(1.200693e+00 1.032293e+00 -4.700031e+02)	(1.874774e-03 -2.295702e-03 -1.119722e-03)
337           	(1.200419e+00 1.028368e+00 -4.700033e+02)	(1.198541e+00 1.030660e+00 -4.700021e+02)	(1.878187e-03 -2.292951e-03 -1.107948e-03)
338           	(1.200199e+00 1.028184e+00 -4.700026e+02)	(1.198318e+00 1.030475e+00 -4.700015e+02)	(1.881294e-03 -2.290605e-03 -1.095928e-03)
339           	(1.200099e+00 1.028091e+00 -4.700020e+02)	(1.198215e+00 1.030380e+00 -4.700009e+02)	(1.884029e-03 -2.288693e-03 -1.083740e-03)
340           	(1.199977e+00 1.027938e+00 -4.700015e+02)	(1.198090e+00 1.030225e+00 -4.700004e+02)	(1.886289e-03 -2.287262e-03 -1.071402e-03)
341           	(1.199892e+00 1.027803e+00 -4.700010e+02)	(1.198004e+00 1.030089e+00 -4.699999e+02)	(1.887998e-03 -2.286271e-03 -1.058979e-03)
342           	(1.199817e+00 1.027670e+00 -4.700006e+02)	(1.197928e+00 1.029956e+00 -4.699995e+02)	(1.889111e-03 -2.285676e-03 -1.046527e-03)
343           	(1.199762e+00 1.027553e+00 -4.700002e+02)	(1.197872e+00 1.029838e+00 -4.699992e+02)	(1.889610e-03 -2.285429e-03 -1.034125e-03)
344           	(1.199774e+00 1.027506e+00 -4.699999e+02)	(1.197884e+00 1.029792e+00 -4.699989e+02)	(1.889487e-03 -2.285416e-03 -1.021836e-03)
345           	(1.199782e+00 1.027453e+00 -4.699997e+02)	(1.197893e+00 1.029739e+00 -4.699987e+02)	(1.888811e-03 -2.285642e-03 -1.009738e-03)
346           	(1.199485e+00 1.027164e+00 -4.699996e+02)	(1.197598e+00 1.029450e+00 -4.699986e+02)	(1.887557e-03 -2.286128e-03 -9.978936e-04)
347           	(1.199206e+00 1.026905e+00 -4.699995e+02)	(1.197321e+00 1.029192e+00 -4.699986e+02)	(1.885771e-03 -2.286728e-03 -9.863906e-04)
348           	(1.198896e+00 1.026640e+00 -4.699995e+02)	(1.197013e+00 1.028927e+00 -4.699985e+02)	(1.883544e-03 -2.287359e-03 -9.752845e-04)
349           	(1.198534e+00 1.026345e+00 -4.699995e+02)	(1.196653e+00 1.028633e+00 -4.699986e+02)	(1.880949e-03 -2.287948e-03 -9.646461e-04)
350           	(1.198053e+00 1.025962e+00 -4.699996e+02)	(1.196175e+00 1.028250e+00 -4.699986e+02)	(1.878076e-03 -2.288465e-03 -9.545102e-04)
351           	(1.197408e+00 1.025445e+00 -4.699996e+02)	(1.195533e+00 1.027733e+00 -4.699987e+02)	(1.875016e-03 -2.288909e-03 -9.449125e-04)
352           	(1.196956e+00 1.025052e+00 -4.699997e+02)	(1.195084e+00 1.027342e+00 -4.699987e+02)	(1.872003e-03 -2.289297e-03 -9.358544e-04)
353           	(1.196377e+00 1.024539e+00 -4.699998e+02)	(1.194507e+00 1.026829e+00 -4.699989e+02)	(1.869117e-03 -2.289723e-03 -9.273516e-04)
354           	(1.195676e+00 1.023907e+00 -4.699999e+02)	(1.193810e+00 1.026197e+00 -4.699990e+02)	(1.866401e-03 -2.290231e-03 -9.193799e-04)
355           	(1.194611e+00 1.022955e+00 -4.700001e+02)	(1.192747e+00 1.025246e+00 -4.699992e+02)	(1.863859e-03 -2.290932e-03 -9.119239e-04)
356           	(1.193459e+00 1.021923e+00 -4.700003e+02)	(1.191597e+00 1.024215e+00 -4.699994e+02)	(1.861502e-03 -2.291807e-03 -9.049583e-04)
357           	(1.192267e+00 1.020857e+00 -4.700006e+02)	(1.190408e+00 1.023150e+00 -4.699997e+02)	(1.859345e-03 -2.292836e-03 -8.984611e-04)
358           	(1.191081e+00 1.019796e+00 -4.700008e+02)	(1.189224e+00 1.022090e+00 -4.699999e+02)	(1.857385e-03 -2.293989e-03 -8.924054e-04)
359           	(1.190214e+00 1.019013e+00 -4.700010e+02)	(1.188358e+00 1.021308e+00 -4.700001e+02)	(1.855604e-03 -2.295154e-03 -8.867806e-04)
360           	(1.189531e+00 1.018392e+00 -4.700011e+02)	(1.187677e+00 1.020688e+00 -4.700003e+02)	(1.853989e-03 -2.296297e-03 -8.815627e-04)
361           	(1.188687e+00 1.017596e+00 -4.700013e+02)	(1.186834e+00 1.019894e+00 -4.700005e+02)	(1.852599e-03 -2.297586e-03 -8.767230e-04)
362           	(1.187879e+00 1.016821e+00 -4.700015e+02)	(1.186028e+00 1.019120e+00 -4.700007e+02)	(1.851429e-03 -2.299007e-03 -8.722290e-04)
363           	(1.187119e+00 1.016080e+00 -4.700018e+02)	(1.185268e+00 1.018380e+00 -4.700009e+02)	(1.850474e-03 -2.300541e-03 -8.680523e-04)
364           	(1.180716e+00 1.011151e+00 -4.700026e+02)	(1.178869e+00 1.013452e+00 -4.700017e+02)	(1.847711e-03 -2.301376e-03 -8.641335e-04)
365           	(1.180304e+00 1.010654e+00 -4.700028e+02)	(1.178458e+00 1.012956e+00 -4.700019e+02)	(1.845956e-03 -2.302553e-03 -8.604505e-04)
366           	(1.180053e+00 1.010272e+00 -4.700030e+02)	(1.178207e+00 1.012576e+00 -4.700021e+02)	(1.845317e-03 -2.304134e-03 -8.570406e-04)
367           	(1.179980e+00 1.010033e+00 -4.700032e+02)	(1.178135e+00 1.012339e+00 -4.700023e+02)	(1.845329e-03 -2.305916e-03 -8.538773e-04)
368           	(1.180086e+00 1.009946e+00 -4.700034e+02)	(1.178241e+00 1.012254e+00 -4.700025e+02)	(1.845767e-03 -2.307795e-03 -8.509419e-04)
369           	(1.180356e+00 1.010005e+00 -4.700036e+02)	(1.178509e+00 1.012315e+00 -4.700027e+02)	(1.846441e-03 -2.309692e-03 -8.482316e-04)
370           	(1.180814e+00 1.010206e+00 -4.700038e+02)	(1.178967e+00 1.012518e+00 -4.700030e+02)	(1.847291e-03 -2.311647e-03 -8.457282e-04)
371           	(1.181378e+00 1.010524e+00 -4.700040e+02)	(1.179530e+00 1.012837e+00 -4.700032e+02)	(1.848171e-03 -2.313582e-03 -8.434341e-04)
372           	(1.182001e+00 1.010922e+00 -4.700042e+02)	(1.180152e+00 1.013237e+00 -4.700034e+02)	(1.848988e-03 -2.315444e-03 -8.413335e-04)
373           	(1.180530e+00 1.009983e+00 -4.700078e+02)	(1.178681e+00 1.012299e+00 -4.700070e+02)	(1.848331e-03 -2.316420e-03 -8.394415e-04)
374           	(1.180912e+00 1.010263e+00 -4.700079e+02)	(1.179064e+00 1.012581e+00 -4.700071e+02)	(1.847812e-03 -2.317391e-03 -8.377251e-04)
375           	(1.181220e+00 1.010493e+00 -4.700080e+02)	(1.179372e+00 1.012811e+00 -4.700071e+02)	(1.847656e-03 -2.318466e-03 -8.362027e-04)
376           	(1.181464e+00 1.010671e+00 -4.700080e+02)	(1.179616e+00 1.012990e+00 -4.700072e+02)	(1.847665e-03 -2.319534e-03 -8.348441e-04)
377           	(1.181649e+00 1.010796e+00 -4.700081e+02)	(1.179801e+00 1.013117e+00 -4.700072e+02)	(1.847817e-03 -2.320615e-03 -8.336361e-04)
378           	(1.181776e+00 1.010871e+00 -4.700081e+02)	(1.179928e+00 1.013192e+00 -4.700073e+02)	(1.848090e-03 -2.321700e-03 -8.325461e-04)
379           	(1.181847e+00 1.010895e+00 -4.700081e+02)	(1.179999e+00 1.013218e+00 -4.700073e+02)	(1.848458e-03 -2.322803e-03 -8.315561e-04)
380           	(1.181858e+00 1.010869e+00 -4.700081e+02)	(1.180009e+00 1.013193e+00 -4.700073e+02)	(1.848884e-03 -2.323922e-03 -8.306503e-04)
381           	(1.181784e+00 1.010757e+00 -4.700081e+02)	(1.179934e+00 1.013082e+00 -4.700073e+02)	(1.849377e-03 -2.325108e-03 -8.298170e-04)
