# Force       
# CofR        : (0.000000e+00 0.000000e+00 0.000000e+00)
#
# Time        	(total_x total_y total_z)	(pressure_x pressure_y pressure_z)	(viscous_x viscous_y viscous_z)
1             	(2.166029e+01 2.088124e+01 -4.675216e+02)	(2.162730e+01 2.088137e+01 -4.675217e+02)	(3.299682e-02 -1.303099e-04 1.220658e-04)
2             	(2.236627e+01 2.127732e+01 -4.672824e+02)	(2.235099e+01 2.129025e+01 -4.672828e+02)	(1.528065e-02 -1.292296e-02 4.612329e-04)
3             	(1.745999e+01 1.642922e+01 -4.673789e+02)	(1.745771e+01 1.645118e+01 -4.673792e+02)	(2.278842e-03 -2.195942e-02 3.052624e-04)
4             	(9.112004e+00 8.357541e+00 -4.677388e+02)	(9.115513e+00 8.382802e+00 -4.677389e+02)	(-3.508703e-03 -2.526117e-02 1.446559e-04)
5             	(2.300697e-01 -2.128110e-01 -4.682282e+02)	(2.334611e-01 -1.896536e-01 -4.682282e+02)	(-3.391468e-03 -2.315743e-02 3.471517e-05)
6             	(-6.021673e+00 -6.156217e+00 -4.686445e+02)	(-6.021950e+00 -6.138494e+00 -4.686445e+02)	(2.768014e-04 -1.772295e-02 -2.262024e-05)
7             	(-8.503157e+00 -8.382791e+00 -4.689512e+02)	(-8.508868e+00 -8.372021e+00 -4.689514e+02)	(5.711877e-03 -1.076965e-02 2.203673e-04)
8             	(-8.056202e+00 -7.788174e+00 -4.690404e+02)	(-8.067043e+00 -7.783856e+00 -4.690409e+02)	(1.084115e-02 -4.318036e-03 5.236849e-04)
9             	(-5.822837e+00 -5.496538e+00 -4.690390e+02)	(-5.836870e+00 -5.496699e+00 -4.690397e+02)	(1.403288e-02 1.609373e-04 6.862095e-04)
10            	(-2.450917e+00 -2.195611e+00 -4.689581e+02)	(-2.465759e+00 -2.197644e+00 -4.689587e+02)	(1.484244e-02 2.032721e-03 6.088767e-04)
11            	(7.731696e-01 8.793507e-01 -4.687470e+02)	(7.594717e-01 8.777017e-01 -4.687474e+02)	(1.369788e-02 1.649000e-03 4.448097e-04)
12            	(2.879041e+00 2.832824e+00 -4.685487e+02)	(2.867744e+00 2.832981e+00 -4.685489e+02)	(1.129708e-02 -1.575017e-04 2.463994e-04)
13            	(3.721303e+00 3.558942e+00 -4.684388e+02)	(3.712799e+00 3.561429e+00 -4.684389e+02)	(8.503375e-03 -2.486533e-03 7.431866e-05)
14            	(3.570260e+00 3.358019e+00 -4.683914e+02)	(3.564254e+00 3.362561e+00 -4.683913e+02)	(6.005547e-03 -4.542504e-03 -7.386943e-05)
15            	(2.766082e+00 2.545024e+00 -4.683835e+02)	(2.761795e+00 2.550859e+00 -4.683833e+02)	(4.286732e-03 -5.835096e-03 -1.695190e-04)
16            	(1.708605e+00 1.519599e+00 -4.683862e+02)	(1.705167e+00 1.525782e+00 -4.683860e+02)	(3.437485e-03 -6.182706e-03 -1.885870e-04)
17            	(6.833094e-01 5.566434e-01 -4.683943e+02)	(6.800252e-01 5.623840e-01 -4.683942e+02)	(3.284191e-03 -5.740610e-03 -1.634761e-04)
18            	(-2.816934e-02 -8.957429e-02 -4.684063e+02)	(-3.172669e-02 -8.474242e-02 -4.684062e+02)	(3.557347e-03 -4.831873e-03 -1.297917e-04)
19            	(-3.422840e-01 -3.577029e-01 -4.684503e+02)	(-3.462753e-01 -3.539175e-01 -4.684503e+02)	(3.991357e-03 -3.785464e-03 -9.530611e-05)
20            	(-3.818461e-01 -3.685790e-01 -4.684740e+02)	(-3.862080e-01 -3.657244e-01 -4.684739e+02)	(4.361933e-03 -2.854606e-03 -5.352773e-05)
21            	(-2.268512e-01 -1.909613e-01 -4.685119e+02)	(-2.313737e-01 -1.887939e-01 -4.685119e+02)	(4.522504e-03 -2.167440e-03 -1.971039e-05)
22            	(8.409229e-02 1.117159e-01 -4.685168e+02)	(7.961656e-02 1.134940e-01 -4.685168e+02)	(4.475734e-03 -1.778130e-03 3.681988e-06)
23            	(4.220395e-01 4.353836e-01 -4.685171e+02)	(4.177965e-01 4.370205e-01 -4.685172e+02)	(4.243015e-03 -1.636857e-03 1.434456e-05)
24            	(7.260620e-01 7.207433e-01 -4.685165e+02)	(7.221592e-01 7.224054e-01 -4.685165e+02)	(3.902780e-03 -1.662136e-03 8.612916e-06)
25            	(9.286111e-01 9.067312e-01 -4.685151e+02)	(9.250677e-01 9.084804e-01 -4.685151e+02)	(3.543396e-03 -1.749235e-03 -4.944673e-06)
26            	(1.011906e+00 9.816426e-01 -4.685139e+02)	(1.008674e+00 9.834474e-01 -4.685139e+02)	(3.231979e-03 -1.804724e-03 -1.728291e-05)
27            	(9.830628e-01 9.526540e-01 -4.685138e+02)	(9.800910e-01 9.544757e-01 -4.685138e+02)	(2.971797e-03 -1.821697e-03 -2.605052e-05)
28            	(9.444555e-01 9.133054e-01 -4.685142e+02)	(9.416764e-01 9.150742e-01 -4.685142e+02)	(2.779112e-03 -1.768853e-03 -3.104273e-05)
29            	(8.913137e-01 8.595434e-01 -4.685121e+02)	(8.886545e-01 8.611925e-01 -4.685121e+02)	(2.659145e-03 -1.649142e-03 -3.188351e-05)
30            	(8.280979e-01 7.920453e-01 -4.684814e+02)	(8.254818e-01 7.935281e-01 -4.684813e+02)	(2.616089e-03 -1.482810e-03 -2.433269e-05)
31            	(7.586737e-01 7.247095e-01 -4.684598e+02)	(7.560761e-01 7.260044e-01 -4.684597e+02)	(2.597602e-03 -1.294895e-03 -1.501626e-05)
32            	(7.416777e-01 7.123755e-01 -4.684603e+02)	(7.391202e-01 7.134812e-01 -4.684603e+02)	(2.557546e-03 -1.105723e-03 -3.107501e-06)
33            	(6.758396e-01 6.571709e-01 -4.684572e+02)	(6.733531e-01 6.581229e-01 -4.684572e+02)	(2.486448e-03 -9.519707e-04 9.093726e-06)
34            	(6.824512e-01 6.659540e-01 -4.684574e+02)	(6.800671e-01 6.667985e-01 -4.684575e+02)	(2.384147e-03 -8.444932e-04 1.957872e-05)
35            	(6.884080e-01 6.748469e-01 -4.684573e+02)	(6.861463e-01 6.756315e-01 -4.684574e+02)	(2.261779e-03 -7.845865e-04 2.899337e-05)
36            	(6.929691e-01 6.831062e-01 -4.684570e+02)	(6.908492e-01 6.838642e-01 -4.684571e+02)	(2.119927e-03 -7.580125e-04 3.577351e-05)
37            	(6.955582e-01 6.903341e-01 -4.684566e+02)	(6.935872e-01 6.910858e-01 -4.684566e+02)	(1.971067e-03 -7.516743e-04 3.939140e-05)
38            	(7.006089e-01 7.003166e-01 -4.684566e+02)	(6.987832e-01 7.010696e-01 -4.684566e+02)	(1.825690e-03 -7.529781e-04 3.964552e-05)
39            	(7.086155e-01 7.131290e-01 -4.684568e+02)	(7.069234e-01 7.138798e-01 -4.684568e+02)	(1.692162e-03 -7.507243e-04 3.817650e-05)
40            	(7.232241e-01 7.320644e-01 -4.684577e+02)	(7.216472e-01 7.328031e-01 -4.684578e+02)	(1.576890e-03 -7.387111e-04 3.638805e-05)
41            	(7.482526e-01 7.604503e-01 -4.684611e+02)	(7.467728e-01 7.611620e-01 -4.684611e+02)	(1.479726e-03 -7.116853e-04 3.666627e-05)
42            	(7.706087e-01 7.854422e-01 -4.684824e+02)	(7.692040e-01 7.861213e-01 -4.684824e+02)	(1.404728e-03 -6.790674e-04 4.055089e-05)
43            	(7.699290e-01 7.920667e-01 -4.684983e+02)	(7.686051e-01 7.926920e-01 -4.684984e+02)	(1.323929e-03 -6.252536e-04 4.556330e-05)
44            	(7.842151e-01 8.074093e-01 -4.685014e+02)	(7.829667e-01 8.079778e-01 -4.685014e+02)	(1.248384e-03 -5.685598e-04 5.180213e-05)
45            	(7.933394e-01 8.174035e-01 -4.685039e+02)	(7.921617e-01 8.179196e-01 -4.685039e+02)	(1.177724e-03 -5.160469e-04 5.771033e-05)
46            	(7.993910e-01 8.245578e-01 -4.685059e+02)	(7.982815e-01 8.250261e-01 -4.685059e+02)	(1.109487e-03 -4.683125e-04 6.044188e-05)
47            	(8.037643e-01 8.303533e-01 -4.685075e+02)	(8.027206e-01 8.307812e-01 -4.685076e+02)	(1.043647e-03 -4.279022e-04 6.068471e-05)
48            	(8.070709e-01 8.354759e-01 -4.685089e+02)	(8.060900e-01 8.358694e-01 -4.685089e+02)	(9.809018e-04 -3.934353e-04 5.954464e-05)
49            	(8.098148e-01 8.403255e-01 -4.685100e+02)	(8.088919e-01 8.406866e-01 -4.685100e+02)	(9.228992e-04 -3.610697e-04 5.772133e-05)
50            	(8.118972e-01 8.447485e-01 -4.685107e+02)	(8.110264e-01 8.450784e-01 -4.685108e+02)	(8.707165e-04 -3.299883e-04 5.486171e-05)
51            	(8.139902e-01 8.493031e-01 -4.685112e+02)	(8.131657e-01 8.496009e-01 -4.685112e+02)	(8.244860e-04 -2.978469e-04 5.035771e-05)
52            	(8.169715e-01 8.548015e-01 -4.685115e+02)	(8.161877e-01 8.550664e-01 -4.685115e+02)	(7.837255e-04 -2.649083e-04 4.491279e-05)
53            	(8.200625e-01 8.603788e-01 -4.685116e+02)	(8.193152e-01 8.606103e-01 -4.685116e+02)	(7.473053e-04 -2.314471e-04 3.819283e-05)
54            	(8.236824e-01 8.663232e-01 -4.685115e+02)	(8.229683e-01 8.665219e-01 -4.685115e+02)	(7.141543e-04 -1.987632e-04 3.046427e-05)
55            	(8.274569e-01 8.722050e-01 -4.685113e+02)	(8.267739e-01 8.723738e-01 -4.685113e+02)	(6.829919e-04 -1.688042e-04 2.250184e-05)
56            	(8.310823e-01 8.776770e-01 -4.685110e+02)	(8.304306e-01 8.778189e-01 -4.685110e+02)	(6.516528e-04 -1.418744e-04 1.545899e-05)
57            	(8.347668e-01 8.829071e-01 -4.685106e+02)	(8.341467e-01 8.830241e-01 -4.685106e+02)	(6.201646e-04 -1.170386e-04 1.047306e-05)
58            	(8.429954e-01 8.916491e-01 -4.685081e+02)	(8.424038e-01 8.917422e-01 -4.685081e+02)	(5.916636e-04 -9.308000e-05 9.115206e-06)
59            	(8.496275e-01 8.989688e-01 -4.685046e+02)	(8.490623e-01 8.990376e-01 -4.685047e+02)	(5.652572e-04 -6.878332e-05 9.889044e-06)
60            	(8.540469e-01 9.044098e-01 -4.685014e+02)	(8.535060e-01 9.044546e-01 -4.685014e+02)	(5.408798e-04 -4.475274e-05 1.253351e-05)
61            	(8.590111e-01 9.102889e-01 -4.684981e+02)	(8.584923e-01 9.103111e-01 -4.684981e+02)	(5.187772e-04 -2.224534e-05 1.584435e-05)
62            	(8.613311e-01 9.141558e-01 -4.684976e+02)	(8.608335e-01 9.141574e-01 -4.684977e+02)	(4.976752e-04 -1.598663e-06 1.983625e-05)
63            	(8.637671e-01 9.181002e-01 -4.684973e+02)	(8.632885e-01 9.180840e-01 -4.684973e+02)	(4.785997e-04 1.626311e-05 2.420960e-05)
64            	(8.666165e-01 9.223682e-01 -4.684971e+02)	(8.661545e-01 9.223368e-01 -4.684971e+02)	(4.619647e-04 3.131220e-05 2.914844e-05)
65            	(8.749331e-01 9.309407e-01 -4.684945e+02)	(8.744829e-01 9.308984e-01 -4.684945e+02)	(4.502567e-04 4.226358e-05 3.426096e-05)
66            	(8.812682e-01 9.377363e-01 -4.684937e+02)	(8.808264e-01 9.376865e-01 -4.684937e+02)	(4.418462e-04 4.972034e-05 3.910470e-05)
67            	(8.844533e-01 9.420991e-01 -4.684936e+02)	(8.840195e-01 9.420434e-01 -4.684937e+02)	(4.338072e-04 5.562247e-05 4.296594e-05)
68            	(8.877227e-01 9.464369e-01 -4.684936e+02)	(8.872960e-01 9.463779e-01 -4.684936e+02)	(4.267379e-04 5.903183e-05 4.611832e-05)
69            	(8.909686e-01 9.506272e-01 -4.684935e+02)	(8.905475e-01 9.505678e-01 -4.684936e+02)	(4.211224e-04 5.938591e-05 4.819467e-05)
70            	(8.955256e-01 9.555457e-01 -4.684933e+02)	(8.951075e-01 9.554893e-01 -4.684934e+02)	(4.180880e-04 5.646921e-05 4.902388e-05)
71            	(8.994236e-01 9.597864e-01 -4.684931e+02)	(8.990064e-01 9.597353e-01 -4.684932e+02)	(4.172742e-04 5.106840e-05 4.925390e-05)
72            	(9.026632e-01 9.634108e-01 -4.684930e+02)	(9.022455e-01 9.633668e-01 -4.684931e+02)	(4.177576e-04 4.399668e-05 4.937025e-05)
73            	(9.053942e-01 9.664843e-01 -4.684929e+02)	(9.049749e-01 9.664485e-01 -4.684930e+02)	(4.193204e-04 3.582378e-05 4.951662e-05)
74            	(9.076985e-01 9.690945e-01 -4.684929e+02)	(9.072767e-01 9.690674e-01 -4.684929e+02)	(4.218083e-04 2.703792e-05 4.990319e-05)
75            	(9.096821e-01 9.713420e-01 -4.684929e+02)	(9.092570e-01 9.713240e-01 -4.684930e+02)	(4.250794e-04 1.802716e-05 5.042192e-05)
76            	(9.114760e-01 9.733539e-01 -4.684930e+02)	(9.110470e-01 9.733447e-01 -4.684931e+02)	(4.290018e-04 9.131874e-06 5.041081e-05)
77            	(9.132072e-01 9.752589e-01 -4.684933e+02)	(9.127738e-01 9.752587e-01 -4.684933e+02)	(4.334147e-04 2.034799e-07 4.976806e-05)
78            	(9.149519e-01 9.771508e-01 -4.684936e+02)	(9.145137e-01 9.771594e-01 -4.684937e+02)	(4.382137e-04 -8.585682e-06 4.813340e-05)
79            	(9.167678e-01 9.791039e-01 -4.684940e+02)	(9.163241e-01 9.791209e-01 -4.684941e+02)	(4.436558e-04 -1.706441e-05 4.553906e-05)
80            	(9.186739e-01 9.811515e-01 -4.684945e+02)	(9.182245e-01 9.811766e-01 -4.684946e+02)	(4.494380e-04 -2.517637e-05 4.207203e-05)
81            	(9.206384e-01 9.832333e-01 -4.684951e+02)	(9.201829e-01 9.832666e-01 -4.684951e+02)	(4.554261e-04 -3.330204e-05 3.814967e-05)
82            	(9.225880e-01 9.853022e-01 -4.684957e+02)	(9.221264e-01 9.853440e-01 -4.684957e+02)	(4.616149e-04 -4.173231e-05 3.397980e-05)
83            	(9.245336e-01 9.873994e-01 -4.684963e+02)	(9.240658e-01 9.874495e-01 -4.684963e+02)	(4.677830e-04 -5.005496e-05 3.011609e-05)
84            	(9.264069e-01 9.894515e-01 -4.684969e+02)	(9.259335e-01 9.895096e-01 -4.684969e+02)	(4.734299e-04 -5.807871e-05 2.687589e-05)
85            	(9.280157e-01 9.912460e-01 -4.684975e+02)	(9.275374e-01 9.913119e-01 -4.684975e+02)	(4.783546e-04 -6.592508e-05 2.449491e-05)
86            	(9.293725e-01 9.927777e-01 -4.684982e+02)	(9.288900e-01 9.928513e-01 -4.684982e+02)	(4.825608e-04 -7.357674e-05 2.298218e-05)
87            	(9.303831e-01 9.939147e-01 -4.684988e+02)	(9.298968e-01 9.939959e-01 -4.684989e+02)	(4.862303e-04 -8.113038e-05 2.217057e-05)
88            	(9.296826e-01 9.934007e-01 -4.684987e+02)	(9.291934e-01 9.934896e-01 -4.684987e+02)	(4.892068e-04 -8.889221e-05 2.179967e-05)
89            	(9.289581e-01 9.926984e-01 -4.684986e+02)	(9.284663e-01 9.927957e-01 -4.684986e+02)	(4.917839e-04 -9.728050e-05 2.164254e-05)
90            	(9.298155e-01 9.931741e-01 -4.684990e+02)	(9.293206e-01 9.932810e-01 -4.684990e+02)	(4.948577e-04 -1.068949e-04 2.145157e-05)
91            	(9.306542e-01 9.935139e-01 -4.684992e+02)	(9.301557e-01 9.936318e-01 -4.684993e+02)	(4.984963e-04 -1.178803e-04 2.099376e-05)
92            	(9.313153e-01 9.934828e-01 -4.684994e+02)	(9.308122e-01 9.936129e-01 -4.684995e+02)	(5.030256e-04 -1.300851e-04 2.012207e-05)
93            	(9.316801e-01 9.929666e-01 -4.684996e+02)	(9.311712e-01 9.931100e-01 -4.684996e+02)	(5.088487e-04 -1.434408e-04 1.876338e-05)
94            	(9.317199e-01 9.920162e-01 -4.684997e+02)	(9.312037e-01 9.921739e-01 -4.684997e+02)	(5.161680e-04 -1.576372e-04 1.686294e-05)
95            	(9.315766e-01 9.908546e-01 -4.684997e+02)	(9.310517e-01 9.910270e-01 -4.684997e+02)	(5.248381e-04 -1.723574e-04 1.444610e-05)
96            	(9.314566e-01 9.897286e-01 -4.684997e+02)	(9.309219e-01 9.899158e-01 -4.684997e+02)	(5.346687e-04 -1.872384e-04 1.154355e-05)
97            	(9.306369e-01 9.882044e-01 -4.684996e+02)	(9.300921e-01 9.884061e-01 -4.684996e+02)	(5.447913e-04 -2.016375e-04 8.288520e-06)
98            	(9.310666e-01 9.875878e-01 -4.684996e+02)	(9.305106e-01 9.878039e-01 -4.684996e+02)	(5.559517e-04 -2.160672e-04 4.696109e-06)
99            	(9.317419e-01 9.872254e-01 -4.684995e+02)	(9.311739e-01 9.874558e-01 -4.684995e+02)	(5.680298e-04 -2.304178e-04 8.856253e-07)
100           	(9.313716e-01 9.861712e-01 -4.684994e+02)	(9.307918e-01 9.864152e-01 -4.684994e+02)	(5.797802e-04 -2.439404e-04 -2.966201e-06)
101           	(9.325674e-01 9.862855e-01 -4.684993e+02)	(9.319752e-01 9.865428e-01 -4.684993e+02)	(5.921945e-04 -2.572857e-04 -6.752161e-06)
102           	(9.339273e-01 9.865687e-01 -4.684991e+02)	(9.333221e-01 9.868390e-01 -4.684991e+02)	(6.051694e-04 -2.702404e-04 -1.025555e-05)
103           	(9.337115e-01 9.856890e-01 -4.684989e+02)	(9.330940e-01 9.859712e-01 -4.684989e+02)	(6.174987e-04 -2.821837e-04 -1.338148e-05)
104           	(9.358200e-01 9.866122e-01 -4.684987e+02)	(9.351894e-01 9.869062e-01 -4.684986e+02)	(6.306046e-04 -2.939453e-04 -1.606855e-05)
105           	(9.379887e-01 9.875936e-01 -4.684983e+02)	(9.373443e-01 9.878991e-01 -4.684983e+02)	(6.443912e-04 -3.055582e-04 -1.823647e-05)
106           	(9.401298e-01 9.885684e-01 -4.684979e+02)	(9.394713e-01 9.888853e-01 -4.684979e+02)	(6.584459e-04 -3.168727e-04 -1.987989e-05)
107           	(9.398699e-01 9.876969e-01 -4.684976e+02)	(9.391986e-01 9.880242e-01 -4.684976e+02)	(6.713445e-04 -3.273571e-04 -2.098000e-05)
108           	(9.396919e-01 9.868126e-01 -4.684973e+02)	(9.390084e-01 9.871500e-01 -4.684972e+02)	(6.834940e-04 -3.373415e-04 -2.164414e-05)
109           	(9.423091e-01 9.880338e-01 -4.684967e+02)	(9.416122e-01 9.883817e-01 -4.684967e+02)	(6.969304e-04 -3.479553e-04 -2.184894e-05)
110           	(9.451872e-01 9.894785e-01 -4.684960e+02)	(9.444759e-01 9.898375e-01 -4.684960e+02)	(7.112994e-04 -3.589911e-04 -2.160708e-05)
111           	(9.450947e-01 9.886662e-01 -4.684957e+02)	(9.443702e-01 9.890356e-01 -4.684957e+02)	(7.244847e-04 -3.694204e-04 -2.098438e-05)
112           	(9.450416e-01 9.878435e-01 -4.684954e+02)	(9.443048e-01 9.882229e-01 -4.684954e+02)	(7.367480e-04 -3.794539e-04 -2.006860e-05)
113           	(9.488989e-01 9.900288e-01 -4.684947e+02)	(9.481482e-01 9.904193e-01 -4.684946e+02)	(7.507444e-04 -3.904710e-04 -1.881321e-05)
114           	(9.489621e-01 9.893155e-01 -4.684944e+02)	(9.481982e-01 9.897167e-01 -4.684944e+02)	(7.638633e-04 -4.011580e-04 -1.728522e-05)
115           	(9.526625e-01 9.914365e-01 -4.684937e+02)	(9.518843e-01 9.918491e-01 -4.684937e+02)	(7.781917e-04 -4.125859e-04 -1.567822e-05)
116           	(9.526576e-01 9.907012e-01 -4.684934e+02)	(9.518660e-01 9.911249e-01 -4.684934e+02)	(7.915330e-04 -4.237253e-04 -1.390509e-05)
117           	(9.525371e-01 9.898618e-01 -4.684931e+02)	(9.517330e-01 9.902963e-01 -4.684931e+02)	(8.040731e-04 -4.345190e-04 -1.216348e-05)
118           	(9.559809e-01 9.917491e-01 -4.684924e+02)	(9.551627e-01 9.921955e-01 -4.684924e+02)	(8.181954e-04 -4.463557e-04 -1.053377e-05)
119           	(9.556859e-01 9.908104e-01 -4.684920e+02)	(9.548545e-01 9.912682e-01 -4.684920e+02)	(8.313961e-04 -4.577350e-04 -9.030801e-06)
120           	(9.588727e-01 9.924318e-01 -4.684912e+02)	(9.580267e-01 9.929019e-01 -4.684912e+02)	(8.460749e-04 -4.700429e-04 -7.588641e-06)
121           	(9.586698e-01 9.916958e-01 -4.684908e+02)	(9.578100e-01 9.921777e-01 -4.684908e+02)	(8.597983e-04 -4.819044e-04 -6.201788e-06)
122           	(9.614588e-01 9.930719e-01 -4.684900e+02)	(9.605839e-01 9.935667e-01 -4.684900e+02)	(8.749259e-04 -4.947906e-04 -4.892570e-06)
123           	(9.615942e-01 9.927418e-01 -4.684897e+02)	(9.607050e-01 9.932491e-01 -4.684897e+02)	(8.891919e-04 -5.072912e-04 -3.849894e-06)
124           	(9.642324e-01 9.941285e-01 -4.684892e+02)	(9.633282e-01 9.946491e-01 -4.684892e+02)	(9.042795e-04 -5.206159e-04 -3.107081e-06)
125           	(9.645842e-01 9.940410e-01 -4.684889e+02)	(9.636660e-01 9.945744e-01 -4.684889e+02)	(9.182899e-04 -5.333847e-04 -2.958092e-06)
126           	(9.668398e-01 9.951340e-01 -4.684886e+02)	(9.659071e-01 9.956808e-01 -4.684886e+02)	(9.327267e-04 -5.467330e-04 -3.201830e-06)
127           	(9.675366e-01 9.950765e-01 -4.684884e+02)	(9.665899e-01 9.956365e-01 -4.684884e+02)	(9.467410e-04 -5.600608e-04 -3.885373e-06)
128           	(9.686545e-01 9.952216e-01 -4.684882e+02)	(9.676939e-01 9.957953e-01 -4.684882e+02)	(9.606287e-04 -5.736715e-04 -4.870708e-06)
129           	(9.698129e-01 9.953524e-01 -4.684881e+02)	(9.688382e-01 9.959399e-01 -4.684881e+02)	(9.746961e-04 -5.875782e-04 -6.228960e-06)
130           	(9.710124e-01 9.954694e-01 -4.684881e+02)	(9.700236e-01 9.960711e-01 -4.684881e+02)	(9.888512e-04 -6.017342e-04 -7.881781e-06)
131           	(9.722547e-01 9.955800e-01 -4.684881e+02)	(9.712516e-01 9.961961e-01 -4.684881e+02)	(1.003149e-03 -6.161305e-04 -9.880398e-06)
132           	(9.734019e-01 9.955842e-01 -4.684881e+02)	(9.723844e-01 9.962148e-01 -4.684881e+02)	(1.017440e-03 -6.306422e-04 -1.218409e-05)
133           	(9.744114e-01 9.954448e-01 -4.684881e+02)	(9.733798e-01 9.960901e-01 -4.684881e+02)	(1.031600e-03 -6.452438e-04 -1.480684e-05)
134           	(9.748489e-01 9.951793e-01 -4.684881e+02)	(9.738045e-01 9.958384e-01 -4.684881e+02)	(1.044450e-03 -6.590834e-04 -1.774765e-05)
135           	(9.752916e-01 9.943609e-01 -4.684880e+02)	(9.742342e-01 9.950341e-01 -4.684880e+02)	(1.057441e-03 -6.732805e-04 -2.097999e-05)
136           	(9.754282e-01 9.936915e-01 -4.684880e+02)	(9.743586e-01 9.943785e-01 -4.684880e+02)	(1.069551e-03 -6.870176e-04 -2.448040e-05)
137           	(9.753231e-01 9.922565e-01 -4.684880e+02)	(9.742412e-01 9.929577e-01 -4.684879e+02)	(1.081914e-03 -7.011820e-04 -2.823549e-05)
138           	(9.753864e-01 9.909208e-01 -4.684880e+02)	(9.742915e-01 9.916366e-01 -4.684879e+02)	(1.094863e-03 -7.158433e-04 -3.219061e-05)
139           	(9.756400e-01 9.897522e-01 -4.684880e+02)	(9.745318e-01 9.904830e-01 -4.684880e+02)	(1.108165e-03 -7.308007e-04 -3.636728e-05)
140           	(9.757894e-01 9.889822e-01 -4.684881e+02)	(9.746691e-01 9.897271e-01 -4.684880e+02)	(1.120261e-03 -7.448855e-04 -4.081016e-05)
141           	(9.765668e-01 9.881538e-01 -4.684884e+02)	(9.754340e-01 9.889133e-01 -4.684884e+02)	(1.132815e-03 -7.595111e-04 -4.550657e-05)
142           	(9.774817e-01 9.874727e-01 -4.684889e+02)	(9.763356e-01 9.882476e-01 -4.684888e+02)	(1.146119e-03 -7.749015e-04 -5.041831e-05)
143           	(9.785873e-01 9.870269e-01 -4.684895e+02)	(9.774276e-01 9.878174e-01 -4.684895e+02)	(1.159647e-03 -7.905359e-04 -5.555874e-05)
144           	(9.796226e-01 9.866104e-01 -4.684905e+02)	(9.784494e-01 9.874166e-01 -4.684904e+02)	(1.173148e-03 -8.062285e-04 -6.092858e-05)
145           	(9.806601e-01 9.863847e-01 -4.684922e+02)	(9.794741e-01 9.872061e-01 -4.684921e+02)	(1.185964e-03 -8.214856e-04 -6.643811e-05)
146           	(9.742996e-01 9.803679e-01 -4.684974e+02)	(9.731056e-01 9.812023e-01 -4.684974e+02)	(1.194047e-03 -8.343937e-04 -7.209214e-05)
147           	(9.736591e-01 9.784696e-01 -4.684999e+02)	(9.724560e-01 9.793176e-01 -4.684998e+02)	(1.203062e-03 -8.479871e-04 -7.759437e-05)
148           	(9.710918e-01 9.745574e-01 -4.684998e+02)	(9.698782e-01 9.754199e-01 -4.684998e+02)	(1.213604e-03 -8.624143e-04 -8.301199e-05)
149           	(9.678476e-01 9.698749e-01 -4.684998e+02)	(9.666223e-01 9.707524e-01 -4.684997e+02)	(1.225324e-03 -8.774881e-04 -8.810567e-05)
150           	(9.643400e-01 9.648977e-01 -4.684998e+02)	(9.631018e-01 9.657907e-01 -4.684997e+02)	(1.238162e-03 -8.930454e-04 -9.294110e-05)
151           	(9.608974e-01 9.600152e-01 -4.684999e+02)	(9.596455e-01 9.609241e-01 -4.684998e+02)	(1.251941e-03 -9.089561e-04 -9.735766e-05)
152           	(9.517909e-01 9.509913e-01 -4.685066e+02)	(9.505286e-01 9.519140e-01 -4.685065e+02)	(1.262285e-03 -9.227473e-04 -1.014904e-04)
153           	(9.488980e-01 9.468263e-01 -4.685067e+02)	(9.476237e-01 9.477636e-01 -4.685066e+02)	(1.274246e-03 -9.373133e-04 -1.051669e-04)
154           	(9.461679e-01 9.429045e-01 -4.685068e+02)	(9.448803e-01 9.438566e-01 -4.685067e+02)	(1.287595e-03 -9.521099e-04 -1.086674e-04)
155           	(9.435218e-01 9.391256e-01 -4.685069e+02)	(9.422203e-01 9.400924e-01 -4.685068e+02)	(1.301461e-03 -9.668621e-04 -1.118452e-04)
156           	(9.409164e-01 9.354273e-01 -4.685068e+02)	(9.396009e-01 9.364087e-01 -4.685067e+02)	(1.315586e-03 -9.813754e-04 -1.148280e-04)
157           	(9.381647e-01 9.315546e-01 -4.685068e+02)	(9.368347e-01 9.325505e-01 -4.685067e+02)	(1.329988e-03 -9.958570e-04 -1.175324e-04)
158           	(9.360643e-01 9.286319e-01 -4.685096e+02)	(9.347203e-01 9.296416e-01 -4.685095e+02)	(1.343968e-03 -1.009691e-03 -1.200692e-04)
159           	(9.339747e-01 9.254760e-01 -4.685094e+02)	(9.326164e-01 9.264995e-01 -4.685093e+02)	(1.358309e-03 -1.023554e-03 -1.224380e-04)
160           	(9.324835e-01 9.229055e-01 -4.685092e+02)	(9.311103e-01 9.239430e-01 -4.685091e+02)	(1.373204e-03 -1.037457e-03 -1.247637e-04)
161           	(9.316795e-01 9.209985e-01 -4.685091e+02)	(9.302910e-01 9.220499e-01 -4.685089e+02)	(1.388594e-03 -1.051414e-03 -1.270807e-04)
162           	(9.318723e-01 9.198411e-01 -4.685091e+02)	(9.304672e-01 9.209070e-01 -4.685090e+02)	(1.405128e-03 -1.065836e-03 -1.294671e-04)
163           	(9.329948e-01 9.196160e-01 -4.685093e+02)	(9.315723e-01 9.206966e-01 -4.685092e+02)	(1.422457e-03 -1.080581e-03 -1.319331e-04)
164           	(9.346061e-01 9.199629e-01 -4.685094e+02)	(9.331662e-01 9.210582e-01 -4.685093e+02)	(1.439979e-03 -1.095337e-03 -1.345331e-04)
165           	(9.367546e-01 9.208476e-01 -4.685096e+02)	(9.352971e-01 9.219579e-01 -4.685095e+02)	(1.457524e-03 -1.110206e-03 -1.372415e-04)
166           	(9.389284e-01 9.218555e-01 -4.685098e+02)	(9.374536e-01 9.229804e-01 -4.685096e+02)	(1.474781e-03 -1.124928e-03 -1.400782e-04)
167           	(9.410698e-01 9.228794e-01 -4.685100e+02)	(9.395783e-01 9.240190e-01 -4.685099e+02)	(1.491536e-03 -1.139608e-03 -1.429906e-04)
168           	(9.417902e-01 9.228993e-01 -4.685099e+02)	(9.402834e-01 9.240528e-01 -4.685098e+02)	(1.506748e-03 -1.153511e-03 -1.460097e-04)
169           	(9.421410e-01 9.225262e-01 -4.685098e+02)	(9.406202e-01 9.236932e-01 -4.685097e+02)	(1.520851e-03 -1.167044e-03 -1.490723e-04)
170           	(9.420956e-01 9.216320e-01 -4.685097e+02)	(9.405611e-01 9.228125e-01 -4.685096e+02)	(1.534466e-03 -1.180496e-03 -1.521885e-04)
171           	(9.416934e-01 9.200330e-01 -4.685096e+02)	(9.401448e-01 9.212276e-01 -4.685095e+02)	(1.548610e-03 -1.194585e-03 -1.553055e-04)
172           	(9.408583e-01 9.179974e-01 -4.685095e+02)	(9.392951e-01 9.192065e-01 -4.685093e+02)	(1.563127e-03 -1.209096e-03 -1.584555e-04)
173           	(9.396612e-01 9.155893e-01 -4.685093e+02)	(9.380832e-01 9.168132e-01 -4.685091e+02)	(1.577998e-03 -1.223907e-03 -1.615477e-04)
174           	(9.382783e-01 9.130017e-01 -4.685090e+02)	(9.366851e-01 9.142407e-01 -4.685089e+02)	(1.593198e-03 -1.239005e-03 -1.646173e-04)
175           	(9.369920e-01 9.105497e-01 -4.685088e+02)	(9.353832e-01 9.118039e-01 -4.685086e+02)	(1.608747e-03 -1.254248e-03 -1.676169e-04)
176           	(9.360214e-01 9.084688e-01 -4.685086e+02)	(9.343969e-01 9.097384e-01 -4.685084e+02)	(1.624517e-03 -1.269536e-03 -1.705827e-04)
177           	(9.354235e-01 9.068235e-01 -4.685084e+02)	(9.337831e-01 9.081082e-01 -4.685082e+02)	(1.640401e-03 -1.284730e-03 -1.734874e-04)
178           	(9.351697e-01 9.055133e-01 -4.685083e+02)	(9.335133e-01 9.068132e-01 -4.685082e+02)	(1.656423e-03 -1.299942e-03 -1.763728e-04)
179           	(9.353460e-01 9.046456e-01 -4.685084e+02)	(9.336734e-01 9.059607e-01 -4.685082e+02)	(1.672594e-03 -1.315124e-03 -1.792068e-04)
180           	(9.359188e-01 9.042740e-01 -4.685085e+02)	(9.342303e-01 9.056041e-01 -4.685084e+02)	(1.688584e-03 -1.330096e-03 -1.820324e-04)
181           	(9.367462e-01 9.042578e-01 -4.685088e+02)	(9.350419e-01 9.056024e-01 -4.685086e+02)	(1.704242e-03 -1.344652e-03 -1.847885e-04)
182           	(9.376577e-01 9.043848e-01 -4.685091e+02)	(9.359382e-01 9.057437e-01 -4.685090e+02)	(1.719501e-03 -1.358819e-03 -1.874993e-04)
183           	(9.383238e-01 9.043577e-01 -4.685096e+02)	(9.365895e-01 9.057302e-01 -4.685094e+02)	(1.734324e-03 -1.372474e-03 -1.901033e-04)
184           	(9.385093e-01 9.039255e-01 -4.685100e+02)	(9.367607e-01 9.053112e-01 -4.685098e+02)	(1.748606e-03 -1.385668e-03 -1.926221e-04)
185           	(9.381200e-01 9.029737e-01 -4.685105e+02)	(9.363575e-01 9.043721e-01 -4.685103e+02)	(1.762470e-03 -1.398397e-03 -1.949894e-04)
186           	(9.373290e-01 9.016787e-01 -4.685108e+02)	(9.355531e-01 9.030894e-01 -4.685106e+02)	(1.775888e-03 -1.410763e-03 -1.972223e-04)
187           	(9.362062e-01 9.000512e-01 -4.685112e+02)	(9.344171e-01 9.014741e-01 -4.685110e+02)	(1.789114e-03 -1.422883e-03 -1.992365e-04)
188           	(9.350701e-01 8.984433e-01 -4.685115e+02)	(9.332679e-01 8.998782e-01 -4.685113e+02)	(1.802198e-03 -1.434880e-03 -2.010440e-04)
189           	(9.338289e-01 8.966900e-01 -4.685118e+02)	(9.320135e-01 8.981370e-01 -4.685116e+02)	(1.815412e-03 -1.446928e-03 -2.026014e-04)
190           	(9.330433e-01 8.960042e-01 -4.685153e+02)	(9.312162e-01 8.974621e-01 -4.685151e+02)	(1.827080e-03 -1.457950e-03 -2.039823e-04)
191           	(9.312912e-01 8.936778e-01 -4.685155e+02)	(9.294517e-01 8.951475e-01 -4.685153e+02)	(1.839491e-03 -1.469666e-03 -2.050990e-04)
192           	(9.295718e-01 8.913719e-01 -4.685157e+02)	(9.277192e-01 8.928541e-01 -4.685155e+02)	(1.852602e-03 -1.482183e-03 -2.060619e-04)
193           	(9.280070e-01 8.892236e-01 -4.685159e+02)	(9.261408e-01 8.907188e-01 -4.685157e+02)	(1.866258e-03 -1.495233e-03 -2.068868e-04)
194           	(9.266827e-01 8.873380e-01 -4.685161e+02)	(9.248024e-01 8.888468e-01 -4.685159e+02)	(1.880275e-03 -1.508860e-03 -2.076304e-04)
195           	(9.256584e-01 8.857992e-01 -4.685165e+02)	(9.237639e-01 8.873221e-01 -4.685163e+02)	(1.894466e-03 -1.522941e-03 -2.082864e-04)
196           	(9.225489e-01 8.833384e-01 -4.685207e+02)	(9.206433e-01 8.848738e-01 -4.685205e+02)	(1.905565e-03 -1.535387e-03 -2.089337e-04)
197           	(9.215581e-01 8.819207e-01 -4.685209e+02)	(9.196407e-01 8.834694e-01 -4.685207e+02)	(1.917450e-03 -1.548688e-03 -2.095190e-04)
198           	(9.206317e-01 8.806112e-01 -4.685211e+02)	(9.187017e-01 8.821740e-01 -4.685209e+02)	(1.929994e-03 -1.562771e-03 -2.102064e-04)
199           	(9.197927e-01 8.794317e-01 -4.685212e+02)	(9.178499e-01 8.810089e-01 -4.685210e+02)	(1.942732e-03 -1.577168e-03 -2.109848e-04)
200           	(9.190477e-01 8.783850e-01 -4.685213e+02)	(9.170923e-01 8.799768e-01 -4.685211e+02)	(1.955368e-03 -1.591776e-03 -2.119023e-04)
201           	(9.184548e-01 8.775678e-01 -4.685213e+02)	(9.164872e-01 8.791742e-01 -4.685211e+02)	(1.967665e-03 -1.606362e-03 -2.129835e-04)
202           	(9.184327e-01 8.774748e-01 -4.685214e+02)	(9.164536e-01 8.790954e-01 -4.685211e+02)	(1.979146e-03 -1.620622e-03 -2.143100e-04)
203           	(9.175104e-01 8.762769e-01 -4.685214e+02)	(9.155200e-01 8.779120e-01 -4.685211e+02)	(1.990427e-03 -1.635056e-03 -2.159070e-04)
204           	(9.164797e-01 8.749505e-01 -4.685213e+02)	(9.144783e-01 8.766001e-01 -4.685211e+02)	(2.001405e-03 -1.649680e-03 -2.178426e-04)
205           	(9.158970e-01 8.741868e-01 -4.685213e+02)	(9.138852e-01 8.758508e-01 -4.685211e+02)	(2.011777e-03 -1.663967e-03 -2.201365e-04)
206           	(9.150785e-01 8.731550e-01 -4.685213e+02)	(9.130569e-01 8.748330e-01 -4.685211e+02)	(2.021591e-03 -1.678056e-03 -2.228404e-04)
207           	(9.131696e-01 8.708533e-01 -4.685212e+02)	(9.111383e-01 8.725457e-01 -4.685209e+02)	(2.031397e-03 -1.692402e-03 -2.259237e-04)
208           	(9.120720e-01 8.695299e-01 -4.685211e+02)	(9.100315e-01 8.712363e-01 -4.685209e+02)	(2.040567e-03 -1.706378e-03 -2.293900e-04)
209           	(9.108239e-01 8.680563e-01 -4.685210e+02)	(9.087746e-01 8.697763e-01 -4.685208e+02)	(2.049318e-03 -1.719998e-03 -2.331500e-04)
210           	(9.094669e-01 8.664839e-01 -4.685210e+02)	(9.074093e-01 8.682172e-01 -4.685207e+02)	(2.057562e-03 -1.733357e-03 -2.371786e-04)
211           	(9.083053e-01 8.651459e-01 -4.685209e+02)	(9.062400e-01 8.668922e-01 -4.685207e+02)	(2.065305e-03 -1.746307e-03 -2.414136e-04)
212           	(9.068788e-01 8.635635e-01 -4.685208e+02)	(9.048063e-01 8.653223e-01 -4.685206e+02)	(2.072461e-03 -1.758822e-03 -2.458409e-04)
213           	(9.051655e-01 8.617135e-01 -4.685207e+02)	(9.030864e-01 8.634843e-01 -4.685205e+02)	(2.079059e-03 -1.770829e-03 -2.503764e-04)
214           	(9.030904e-01 8.595203e-01 -4.685206e+02)	(9.010054e-01 8.613026e-01 -4.685203e+02)	(2.085001e-03 -1.782302e-03 -2.549266e-04)
215           	(9.002332e-01 8.565574e-01 -4.685204e+02)	(8.981429e-01 8.583507e-01 -4.685201e+02)	(2.090272e-03 -1.793234e-03 -2.594160e-04)
216           	(8.972854e-01 8.535156e-01 -4.685202e+02)	(8.951904e-01 8.553193e-01 -4.685200e+02)	(2.094954e-03 -1.803717e-03 -2.637857e-04)
217           	(8.943116e-01 8.504434e-01 -4.685200e+02)	(8.922123e-01 8.522573e-01 -4.685198e+02)	(2.099310e-03 -1.813898e-03 -2.679117e-04)
218           	(8.914004e-01 8.474277e-01 -4.685199e+02)	(8.892970e-01 8.492514e-01 -4.685196e+02)	(2.103465e-03 -1.823724e-03 -2.719308e-04)
219           	(8.886518e-01 8.445797e-01 -4.685197e+02)	(8.865442e-01 8.464127e-01 -4.685194e+02)	(2.107587e-03 -1.833029e-03 -2.758710e-04)
220           	(8.860886e-01 8.419364e-01 -4.685196e+02)	(8.839769e-01 8.437783e-01 -4.685193e+02)	(2.111733e-03 -1.841833e-03 -2.796698e-04)
221           	(8.837420e-01 8.395403e-01 -4.685194e+02)	(8.816260e-01 8.413905e-01 -4.685192e+02)	(2.116006e-03 -1.850189e-03 -2.832254e-04)
222           	(8.816011e-01 8.373824e-01 -4.685193e+02)	(8.794808e-01 8.392405e-01 -4.685190e+02)	(2.120319e-03 -1.858190e-03 -2.864913e-04)
223           	(8.796156e-01 8.354076e-01 -4.685192e+02)	(8.774910e-01 8.372734e-01 -4.685189e+02)	(2.124642e-03 -1.865838e-03 -2.893816e-04)
224           	(8.777399e-01 8.335600e-01 -4.685191e+02)	(8.756111e-01 8.354331e-01 -4.685188e+02)	(2.128854e-03 -1.873154e-03 -2.919136e-04)
225           	(8.759552e-01 8.318072e-01 -4.685189e+02)	(8.738222e-01 8.336874e-01 -4.685186e+02)	(2.132958e-03 -1.880117e-03 -2.941106e-04)
226           	(8.742428e-01 8.301176e-01 -4.685188e+02)	(8.721058e-01 8.320043e-01 -4.685185e+02)	(2.136953e-03 -1.886783e-03 -2.960513e-04)
227           	(8.725913e-01 8.284662e-01 -4.685186e+02)	(8.704504e-01 8.303594e-01 -4.685183e+02)	(2.140906e-03 -1.893219e-03 -2.977632e-04)
228           	(8.715933e-01 8.274095e-01 -4.685185e+02)	(8.694483e-01 8.293092e-01 -4.685182e+02)	(2.144997e-03 -1.899606e-03 -2.993169e-04)
229           	(8.699678e-01 8.257227e-01 -4.685184e+02)	(8.678187e-01 8.276286e-01 -4.685181e+02)	(2.149042e-03 -1.905840e-03 -3.007878e-04)
230           	(8.687362e-01 8.243916e-01 -4.685183e+02)	(8.665830e-01 8.263037e-01 -4.685180e+02)	(2.153267e-03 -1.912073e-03 -3.022084e-04)
231           	(8.673205e-01 8.228401e-01 -4.685183e+02)	(8.651628e-01 8.247584e-01 -4.685179e+02)	(2.157696e-03 -1.918294e-03 -3.036182e-04)
232           	(8.661017e-01 8.214612e-01 -4.685182e+02)	(8.639393e-01 8.233858e-01 -4.685179e+02)	(2.162419e-03 -1.924560e-03 -3.050605e-04)
233           	(8.650833e-01 8.202705e-01 -4.685183e+02)	(8.629159e-01 8.222014e-01 -4.685180e+02)	(2.167368e-03 -1.930835e-03 -3.065897e-04)
234           	(8.644600e-01 8.194880e-01 -4.685183e+02)	(8.622875e-01 8.214251e-01 -4.685180e+02)	(2.172502e-03 -1.937123e-03 -3.082394e-04)
235           	(8.639412e-01 8.188239e-01 -4.685184e+02)	(8.617634e-01 8.207673e-01 -4.685181e+02)	(2.177730e-03 -1.943424e-03 -3.100281e-04)
236           	(8.635296e-01 8.182918e-01 -4.685186e+02)	(8.613466e-01 8.202415e-01 -4.685183e+02)	(2.182970e-03 -1.949713e-03 -3.119936e-04)
237           	(8.631696e-01 8.178449e-01 -4.685188e+02)	(8.609814e-01 8.198008e-01 -4.685185e+02)	(2.188120e-03 -1.955929e-03 -3.141648e-04)
238           	(8.618325e-01 8.164221e-01 -4.685193e+02)	(8.596393e-01 8.183842e-01 -4.685190e+02)	(2.193212e-03 -1.962142e-03 -3.166031e-04)
239           	(8.616937e-01 8.162775e-01 -4.685196e+02)	(8.594956e-01 8.182456e-01 -4.685192e+02)	(2.198113e-03 -1.968141e-03 -3.193285e-04)
240           	(8.569834e-01 8.127125e-01 -4.685244e+02)	(8.547842e-01 8.146842e-01 -4.685241e+02)	(2.199255e-03 -1.971737e-03 -3.224742e-04)
241           	(8.566666e-01 8.124181e-01 -4.685247e+02)	(8.544653e-01 8.143939e-01 -4.685243e+02)	(2.201281e-03 -1.975807e-03 -3.258736e-04)
242           	(8.557985e-01 8.116860e-01 -4.685250e+02)	(8.535946e-01 8.136658e-01 -4.685247e+02)	(2.203942e-03 -1.979880e-03 -3.297303e-04)
243           	(8.548406e-01 8.108945e-01 -4.685253e+02)	(8.526339e-01 8.128783e-01 -4.685250e+02)	(2.206681e-03 -1.983771e-03 -3.339995e-04)
244           	(8.538786e-01 8.101097e-01 -4.685256e+02)	(8.516692e-01 8.120971e-01 -4.685253e+02)	(2.209347e-03 -1.987428e-03 -3.387355e-04)
245           	(8.527780e-01 8.092032e-01 -4.685259e+02)	(8.505661e-01 8.111941e-01 -4.685256e+02)	(2.211870e-03 -1.990904e-03 -3.439722e-04)
246           	(8.515681e-01 8.081873e-01 -4.685263e+02)	(8.493538e-01 8.101815e-01 -4.685259e+02)	(2.214241e-03 -1.994234e-03 -3.497504e-04)
247           	(8.502918e-01 8.070970e-01 -4.685266e+02)	(8.480753e-01 8.090945e-01 -4.685263e+02)	(2.216513e-03 -1.997510e-03 -3.561069e-04)
248           	(8.489715e-01 8.059573e-01 -4.685270e+02)	(8.467528e-01 8.079581e-01 -4.685266e+02)	(2.218671e-03 -2.000769e-03 -3.630434e-04)
249           	(8.476115e-01 8.047788e-01 -4.685273e+02)	(8.453907e-01 8.067828e-01 -4.685270e+02)	(2.220743e-03 -2.004027e-03 -3.706263e-04)
250           	(8.462479e-01 8.035958e-01 -4.685277e+02)	(8.440253e-01 8.056031e-01 -4.685274e+02)	(2.222653e-03 -2.007339e-03 -3.788428e-04)
251           	(8.449309e-01 8.024413e-01 -4.685281e+02)	(8.427064e-01 8.044519e-01 -4.685278e+02)	(2.224527e-03 -2.010677e-03 -3.877601e-04)
252           	(8.437169e-01 8.013538e-01 -4.685286e+02)	(8.414905e-01 8.033680e-01 -4.685282e+02)	(2.226382e-03 -2.014170e-03 -3.973291e-04)
253           	(8.426499e-01 8.003693e-01 -4.685290e+02)	(8.404215e-01 8.023871e-01 -4.685286e+02)	(2.228416e-03 -2.017792e-03 -4.076734e-04)
254           	(8.422906e-01 7.999753e-01 -4.685296e+02)	(8.400597e-01 8.019972e-01 -4.685292e+02)	(2.230866e-03 -2.021882e-03 -4.186962e-04)
255           	(8.419646e-01 7.996242e-01 -4.685301e+02)	(8.397310e-01 8.016503e-01 -4.685297e+02)	(2.233619e-03 -2.026156e-03 -4.305314e-04)
256           	(8.416660e-01 7.993178e-01 -4.685307e+02)	(8.394296e-01 8.013485e-01 -4.685303e+02)	(2.236422e-03 -2.030648e-03 -4.430598e-04)
257           	(8.413832e-01 7.990492e-01 -4.685314e+02)	(8.391439e-01 8.010844e-01 -4.685309e+02)	(2.239254e-03 -2.035176e-03 -4.563258e-04)
258           	(8.411101e-01 7.988110e-01 -4.685320e+02)	(8.388681e-01 8.008508e-01 -4.685316e+02)	(2.241948e-03 -2.039818e-03 -4.701925e-04)
259           	(8.408303e-01 7.985868e-01 -4.685327e+02)	(8.385858e-01 8.006312e-01 -4.685322e+02)	(2.244514e-03 -2.044405e-03 -4.846887e-04)
260           	(8.405203e-01 7.983538e-01 -4.685334e+02)	(8.382735e-01 8.004028e-01 -4.685329e+02)	(2.246808e-03 -2.049039e-03 -4.996863e-04)
261           	(8.398779e-01 7.979224e-01 -4.685341e+02)	(8.376293e-01 7.999757e-01 -4.685336e+02)	(2.248516e-03 -2.053334e-03 -5.152059e-04)
262           	(8.391815e-01 7.974204e-01 -4.685348e+02)	(8.369317e-01 7.994780e-01 -4.685343e+02)	(2.249747e-03 -2.057608e-03 -5.311440e-04)
263           	(8.382057e-01 7.966862e-01 -4.685354e+02)	(8.359552e-01 7.987479e-01 -4.685349e+02)	(2.250527e-03 -2.061712e-03 -5.476850e-04)
264           	(8.370958e-01 7.957871e-01 -4.685361e+02)	(8.348448e-01 7.978531e-01 -4.685355e+02)	(2.250973e-03 -2.065968e-03 -5.647175e-04)
265           	(8.364540e-01 7.951242e-01 -4.685368e+02)	(8.342020e-01 7.971949e-01 -4.685362e+02)	(2.252077e-03 -2.070782e-03 -5.823564e-04)
266           	(8.357342e-01 7.943842e-01 -4.685375e+02)	(8.334808e-01 7.964605e-01 -4.685369e+02)	(2.253406e-03 -2.076246e-03 -6.006234e-04)
267           	(8.349635e-01 7.935974e-01 -4.685382e+02)	(8.327086e-01 7.956796e-01 -4.685376e+02)	(2.254889e-03 -2.082168e-03 -6.196714e-04)
268           	(8.326994e-01 7.916868e-01 -4.685386e+02)	(8.304443e-01 7.937748e-01 -4.685380e+02)	(2.255043e-03 -2.087928e-03 -6.392826e-04)
269           	(8.319453e-01 7.908439e-01 -4.685393e+02)	(8.296893e-01 7.929385e-01 -4.685387e+02)	(2.255982e-03 -2.094564e-03 -6.594365e-04)
270           	(8.278500e-01 7.871289e-01 -4.685391e+02)	(8.255940e-01 7.892301e-01 -4.685384e+02)	(2.255924e-03 -2.101223e-03 -6.798518e-04)
271           	(8.273311e-01 7.864027e-01 -4.685397e+02)	(8.250739e-01 7.885116e-01 -4.685390e+02)	(2.257240e-03 -2.108936e-03 -7.005112e-04)
272           	(8.269676e-01 7.858138e-01 -4.685404e+02)	(8.247079e-01 7.879314e-01 -4.685396e+02)	(2.259694e-03 -2.117635e-03 -7.212005e-04)
273           	(8.267638e-01 7.853914e-01 -4.685410e+02)	(8.245009e-01 7.875183e-01 -4.685402e+02)	(2.262887e-03 -2.126913e-03 -7.419604e-04)
274           	(8.246488e-01 7.831851e-01 -4.685395e+02)	(8.223829e-01 7.853218e-01 -4.685387e+02)	(2.265925e-03 -2.136683e-03 -7.625902e-04)
275           	(8.256166e-01 7.837037e-01 -4.685373e+02)	(8.233465e-01 7.858509e-01 -4.685365e+02)	(2.270133e-03 -2.147230e-03 -7.830792e-04)
276           	(8.261854e-01 7.840608e-01 -4.685378e+02)	(8.239110e-01 7.862188e-01 -4.685370e+02)	(2.274380e-03 -2.158077e-03 -8.030857e-04)
277           	(8.271491e-01 7.848845e-01 -4.685384e+02)	(8.248708e-01 7.870533e-01 -4.685376e+02)	(2.278288e-03 -2.168828e-03 -8.226693e-04)
278           	(8.282964e-01 7.859345e-01 -4.685390e+02)	(8.260148e-01 7.881141e-01 -4.685381e+02)	(2.281669e-03 -2.179574e-03 -8.415661e-04)
279           	(8.295305e-01 7.871185e-01 -4.685395e+02)	(8.272459e-01 7.893086e-01 -4.685386e+02)	(2.284590e-03 -2.190042e-03 -8.598196e-04)
280           	(8.307419e-01 7.883277e-01 -4.685399e+02)	(8.284551e-01 7.905280e-01 -4.685390e+02)	(2.286886e-03 -2.200324e-03 -8.771914e-04)
281           	(8.318548e-01 7.894834e-01 -4.685403e+02)	(8.295661e-01 7.916936e-01 -4.685394e+02)	(2.288747e-03 -2.210198e-03 -8.937861e-04)
282           	(8.328297e-01 7.905438e-01 -4.685406e+02)	(8.305396e-01 7.927637e-01 -4.685397e+02)	(2.290073e-03 -2.219879e-03 -9.094207e-04)
283           	(8.336325e-01 7.914725e-01 -4.685408e+02)	(8.313415e-01 7.937017e-01 -4.685399e+02)	(2.291061e-03 -2.229225e-03 -9.242370e-04)
284           	(8.342176e-01 7.922172e-01 -4.685410e+02)	(8.319259e-01 7.944557e-01 -4.685401e+02)	(2.291624e-03 -2.238486e-03 -9.380667e-04)
285           	(8.345406e-01 7.927227e-01 -4.685412e+02)	(8.322486e-01 7.949703e-01 -4.685402e+02)	(2.291971e-03 -2.247535e-03 -9.510350e-04)
286           	(8.344571e-01 7.929504e-01 -4.685412e+02)	(8.321655e-01 7.952067e-01 -4.685402e+02)	(2.291613e-03 -2.256284e-03 -9.629975e-04)
287           	(8.319400e-01 7.909595e-01 -4.685400e+02)	(8.296499e-01 7.932240e-01 -4.685390e+02)	(2.290165e-03 -2.264431e-03 -9.740525e-04)
288           	(8.293664e-01 7.887144e-01 -4.685386e+02)	(8.270778e-01 7.909872e-01 -4.685376e+02)	(2.288540e-03 -2.272844e-03 -9.840912e-04)
289           	(8.291124e-01 7.879305e-01 -4.685353e+02)	(8.268225e-01 7.902137e-01 -4.685343e+02)	(2.289927e-03 -2.283157e-03 -9.932875e-04)
290           	(8.291886e-01 7.879351e-01 -4.685354e+02)	(8.268967e-01 7.902289e-01 -4.685344e+02)	(2.291916e-03 -2.293798e-03 -1.001691e-03)
291           	(8.296421e-01 7.883176e-01 -4.685354e+02)	(8.273480e-01 7.906222e-01 -4.685344e+02)	(2.294083e-03 -2.304636e-03 -1.009278e-03)
292           	(8.304041e-01 7.890456e-01 -4.685354e+02)	(8.281081e-01 7.913612e-01 -4.685344e+02)	(2.296022e-03 -2.315670e-03 -1.016044e-03)
293           	(8.313692e-01 7.900741e-01 -4.685352e+02)	(8.290716e-01 7.924006e-01 -4.685342e+02)	(2.297525e-03 -2.326460e-03 -1.022124e-03)
294           	(8.323145e-01 7.911443e-01 -4.685350e+02)	(8.300162e-01 7.934813e-01 -4.685339e+02)	(2.298358e-03 -2.336974e-03 -1.027454e-03)
295           	(8.348875e-01 7.932263e-01 -4.685316e+02)	(8.325866e-01 7.955748e-01 -4.685306e+02)	(2.300857e-03 -2.348488e-03 -1.032123e-03)
296           	(8.356645e-01 7.942026e-01 -4.685314e+02)	(8.333622e-01 7.965618e-01 -4.685303e+02)	(2.302271e-03 -2.359240e-03 -1.036140e-03)
297           	(8.361614e-01 7.946892e-01 -4.685312e+02)	(8.338577e-01 7.970592e-01 -4.685302e+02)	(2.303702e-03 -2.369984e-03 -1.039506e-03)
298           	(8.366830e-01 7.952786e-01 -4.685311e+02)	(8.343780e-01 7.976591e-01 -4.685301e+02)	(2.304916e-03 -2.380578e-03 -1.042222e-03)
299           	(8.371391e-01 7.958428e-01 -4.685310e+02)	(8.348331e-01 7.982336e-01 -4.685300e+02)	(2.306039e-03 -2.390804e-03 -1.044378e-03)
300           	(8.375104e-01 7.963509e-01 -4.685309e+02)	(8.352034e-01 7.987517e-01 -4.685298e+02)	(2.306920e-03 -2.400754e-03 -1.045950e-03)
301           	(8.377838e-01 7.967748e-01 -4.685307e+02)	(8.354760e-01 7.991851e-01 -4.685297e+02)	(2.307715e-03 -2.410278e-03 -1.047080e-03)
302           	(8.379629e-01 7.971042e-01 -4.685306e+02)	(8.356545e-01 7.995237e-01 -4.685295e+02)	(2.308399e-03 -2.419534e-03 -1.047747e-03)
303           	(8.380736e-01 7.973518e-01 -4.685304e+02)	(8.357644e-01 7.997802e-01 -4.685294e+02)	(2.309210e-03 -2.428398e-03 -1.048101e-03)
304           	(8.381620e-01 7.975560e-01 -4.685303e+02)	(8.358519e-01 7.999931e-01 -4.685292e+02)	(2.310096e-03 -2.437094e-03 -1.048121e-03)
305           	(8.382601e-01 7.977281e-01 -4.685302e+02)	(8.359487e-01 8.001737e-01 -4.685291e+02)	(2.311367e-03 -2.445563e-03 -1.047960e-03)
306           	(8.384568e-01 7.979872e-01 -4.685300e+02)	(8.361439e-01 8.004411e-01 -4.685290e+02)	(2.312944e-03 -2.453909e-03 -1.047585e-03)
307           	(8.387960e-01 7.983811e-01 -4.685300e+02)	(8.364812e-01 8.008431e-01 -4.685289e+02)	(2.314835e-03 -2.462045e-03 -1.047137e-03)
308           	(8.393052e-01 7.989420e-01 -4.685299e+02)	(8.369883e-01 8.014120e-01 -4.685288e+02)	(2.316962e-03 -2.470047e-03 -1.046583e-03)
309           	(8.399988e-01 7.996909e-01 -4.685298e+02)	(8.376794e-01 8.021686e-01 -4.685288e+02)	(2.319380e-03 -2.477780e-03 -1.046043e-03)
310           	(8.408741e-01 8.006332e-01 -4.685298e+02)	(8.385522e-01 8.031185e-01 -4.685288e+02)	(2.321903e-03 -2.485337e-03 -1.045475e-03)
311           	(8.419233e-01 8.017713e-01 -4.685299e+02)	(8.395988e-01 8.042638e-01 -4.685288e+02)	(2.324535e-03 -2.492508e-03 -1.044991e-03)
312           	(8.432467e-01 8.032379e-01 -4.685299e+02)	(8.409198e-01 8.057371e-01 -4.685289e+02)	(2.326969e-03 -2.499284e-03 -1.044529e-03)
313           	(8.446178e-01 8.047870e-01 -4.685300e+02)	(8.422885e-01 8.072925e-01 -4.685289e+02)	(2.329276e-03 -2.505478e-03 -1.044200e-03)
314           	(8.461795e-01 8.066336e-01 -4.685300e+02)	(8.438485e-01 8.091445e-01 -4.685290e+02)	(2.331005e-03 -2.510932e-03 -1.043959e-03)
315           	(8.474274e-01 8.081710e-01 -4.685301e+02)	(8.450950e-01 8.106867e-01 -4.685290e+02)	(2.332359e-03 -2.515660e-03 -1.043863e-03)
316           	(8.483390e-01 8.094156e-01 -4.685300e+02)	(8.460058e-01 8.119353e-01 -4.685290e+02)	(2.333205e-03 -2.519739e-03 -1.043862e-03)
317           	(8.487397e-01 8.101808e-01 -4.685298e+02)	(8.464060e-01 8.127039e-01 -4.685288e+02)	(2.333702e-03 -2.523077e-03 -1.044026e-03)
318           	(8.503755e-01 8.114026e-01 -4.685260e+02)	(8.480388e-01 8.139303e-01 -4.685250e+02)	(2.336718e-03 -2.527716e-03 -1.044312e-03)
319           	(8.484261e-01 8.098975e-01 -4.685248e+02)	(8.460872e-01 8.124289e-01 -4.685238e+02)	(2.338878e-03 -2.531410e-03 -1.044789e-03)
320           	(8.485275e-01 8.102765e-01 -4.685247e+02)	(8.461870e-01 8.128112e-01 -4.685236e+02)	(2.340516e-03 -2.534623e-03 -1.045265e-03)
321           	(8.501104e-01 8.114569e-01 -4.685215e+02)	(8.477658e-01 8.139958e-01 -4.685204e+02)	(2.344645e-03 -2.538912e-03 -1.045903e-03)
322           	(8.505710e-01 8.122078e-01 -4.685214e+02)	(8.482230e-01 8.147501e-01 -4.685204e+02)	(2.348038e-03 -2.542297e-03 -1.046641e-03)
323           	(8.509959e-01 8.129711e-01 -4.685213e+02)	(8.486455e-01 8.155159e-01 -4.685203e+02)	(2.350465e-03 -2.544709e-03 -1.047452e-03)
324           	(8.512984e-01 8.136185e-01 -4.685212e+02)	(8.489462e-01 8.161649e-01 -4.685201e+02)	(2.352241e-03 -2.546438e-03 -1.048293e-03)
325           	(8.498566e-01 8.124389e-01 -4.685197e+02)	(8.475025e-01 8.149869e-01 -4.685186e+02)	(2.354129e-03 -2.547952e-03 -1.049265e-03)
326           	(8.501064e-01 8.127566e-01 -4.685197e+02)	(8.477497e-01 8.153062e-01 -4.685187e+02)	(2.356734e-03 -2.549603e-03 -1.050296e-03)
327           	(8.506826e-01 8.135153e-01 -4.685198e+02)	(8.483229e-01 8.160661e-01 -4.685187e+02)	(2.359674e-03 -2.550796e-03 -1.051477e-03)
328           	(8.513590e-01 8.144042e-01 -4.685198e+02)	(8.489965e-01 8.169558e-01 -4.685187e+02)	(2.362512e-03 -2.551617e-03 -1.052694e-03)
329           	(8.521227e-01 8.154000e-01 -4.685198e+02)	(8.497574e-01 8.179519e-01 -4.685187e+02)	(2.365268e-03 -2.551894e-03 -1.054022e-03)
330           	(8.529551e-01 8.164720e-01 -4.685198e+02)	(8.505873e-01 8.190238e-01 -4.685187e+02)	(2.367813e-03 -2.551771e-03 -1.055349e-03)
331           	(8.538598e-01 8.176156e-01 -4.685197e+02)	(8.514895e-01 8.201667e-01 -4.685187e+02)	(2.370270e-03 -2.551117e-03 -1.056720e-03)
332           	(8.549728e-01 8.189764e-01 -4.685197e+02)	(8.526003e-01 8.215264e-01 -4.685186e+02)	(2.372489e-03 -2.550035e-03 -1.058021e-03)
333           	(8.555850e-01 8.197711e-01 -4.685196e+02)	(8.532101e-01 8.223198e-01 -4.685186e+02)	(2.374883e-03 -2.548721e-03 -1.059289e-03)
334           	(8.604714e-01 8.241391e-01 -4.685174e+02)	(8.580919e-01 8.266876e-01 -4.685164e+02)	(2.379497e-03 -2.548541e-03 -1.060470e-03)
335           	(8.615397e-01 8.255651e-01 -4.685173e+02)	(8.591567e-01 8.281124e-01 -4.685163e+02)	(2.382972e-03 -2.547268e-03 -1.061585e-03)
336           	(8.625335e-01 8.269687e-01 -4.685172e+02)	(8.601486e-01 8.295140e-01 -4.685162e+02)	(2.384850e-03 -2.545207e-03 -1.062422e-03)
337           	(8.632730e-01 8.281519e-01 -4.685170e+02)	(8.608872e-01 8.306943e-01 -4.685160e+02)	(2.385836e-03 -2.542446e-03 -1.063086e-03)
338           	(8.636602e-01 8.289616e-01 -4.685169e+02)	(8.612739e-01 8.315008e-01 -4.685158e+02)	(2.386305e-03 -2.539280e-03 -1.063463e-03)
339           	(8.636941e-01 8.294223e-01 -4.685166e+02)	(8.613075e-01 8.319580e-01 -4.685155e+02)	(2.386548e-03 -2.535704e-03 -1.063630e-03)
340           	(8.634490e-01 8.295825e-01 -4.685163e+02)	(8.610622e-01 8.321144e-01 -4.685153e+02)	(2.386750e-03 -2.531876e-03 -1.063456e-03)
341           	(8.630073e-01 8.295293e-01 -4.685160e+02)	(8.606201e-01 8.320571e-01 -4.685149e+02)	(2.387165e-03 -2.527761e-03 -1.063036e-03)
342           	(8.611928e-01 8.281938e-01 -4.685147e+02)	(8.588052e-01 8.307172e-01 -4.685137e+02)	(2.387522e-03 -2.523390e-03 -1.062264e-03)
343           	(8.618372e-01 8.286931e-01 -4.685121e+02)	(8.594471e-01 8.312131e-01 -4.685111e+02)	(2.390107e-03 -2.519971e-03 -1.061243e-03)
344           	(8.620255e-01 8.291146e-01 -4.685119e+02)	(8.596323e-01 8.316309e-01 -4.685108e+02)	(2.393138e-03 -2.516343e-03 -1.059933e-03)
345           	(8.624281e-01 8.297792e-01 -4.685116e+02)	(8.600320e-01 8.322916e-01 -4.685106e+02)	(2.396113e-03 -2.512328e-03 -1.058372e-03)
346           	(8.629949e-01 8.306365e-01 -4.685113e+02)	(8.605960e-01 8.331445e-01 -4.685102e+02)	(2.398875e-03 -2.507972e-03 -1.056485e-03)
347           	(8.636705e-01 8.316235e-01 -4.685110e+02)	(8.612691e-01 8.341267e-01 -4.685099e+02)	(2.401447e-03 -2.503161e-03 -1.054372e-03)
348           	(8.644031e-01 8.326746e-01 -4.685106e+02)	(8.619994e-01 8.351726e-01 -4.685095e+02)	(2.403699e-03 -2.497993e-03 -1.051920e-03)
349           	(8.647913e-01 8.333006e-01 -4.685102e+02)	(8.623852e-01 8.357933e-01 -4.685092e+02)	(2.406089e-03 -2.492712e-03 -1.049203e-03)
350           	(8.652581e-01 8.340126e-01 -4.685098e+02)	(8.628496e-01 8.365000e-01 -4.685088e+02)	(2.408450e-03 -2.487376e-03 -1.046116e-03)
351           	(8.658093e-01 8.348108e-01 -4.685094e+02)	(8.633985e-01 8.372927e-01 -4.685084e+02)	(2.410806e-03 -2.481887e-03 -1.042733e-03)
352           	(8.664374e-01 8.356797e-01 -4.685090e+02)	(8.640243e-01 8.381561e-01 -4.685080e+02)	(2.413060e-03 -2.476398e-03 -1.038974e-03)
353           	(8.671322e-01 8.366075e-01 -4.685086e+02)	(8.647169e-01 8.390783e-01 -4.685076e+02)	(2.415269e-03 -2.470837e-03 -1.034941e-03)
354           	(8.678663e-01 8.375552e-01 -4.685083e+02)	(8.654490e-01 8.400205e-01 -4.685072e+02)	(2.417360e-03 -2.465384e-03 -1.030573e-03)
355           	(8.686265e-01 8.385068e-01 -4.685079e+02)	(8.662072e-01 8.409668e-01 -4.685068e+02)	(2.419381e-03 -2.459946e-03 -1.025980e-03)
356           	(8.693765e-01 8.394216e-01 -4.685075e+02)	(8.669553e-01 8.418762e-01 -4.685065e+02)	(2.421248e-03 -2.454678e-03 -1.021094e-03)
357           	(8.701217e-01 8.403087e-01 -4.685072e+02)	(8.676987e-01 8.427582e-01 -4.685061e+02)	(2.423037e-03 -2.449489e-03 -1.016040e-03)
358           	(8.708527e-01 8.411602e-01 -4.685068e+02)	(8.684280e-01 8.436048e-01 -4.685058e+02)	(2.424655e-03 -2.444553e-03 -1.010791e-03)
359           	(8.715899e-01 8.420022e-01 -4.685065e+02)	(8.691637e-01 8.444420e-01 -4.685055e+02)	(2.426185e-03 -2.439761e-03 -1.005471e-03)
360           	(8.723299e-01 8.428345e-01 -4.685062e+02)	(8.699023e-01 8.452698e-01 -4.685052e+02)	(2.427528e-03 -2.435245e-03 -1.000029e-03)
361           	(8.730927e-01 8.436836e-01 -4.685059e+02)	(8.706639e-01 8.461145e-01 -4.685049e+02)	(2.428752e-03 -2.430874e-03 -9.945812e-04)
362           	(8.738804e-01 8.445568e-01 -4.685057e+02)	(8.714506e-01 8.469835e-01 -4.685047e+02)	(2.429722e-03 -2.426752e-03 -9.890556e-04)
363           	(8.746881e-01 8.454553e-01 -4.685054e+02)	(8.722576e-01 8.478780e-01 -4.685045e+02)	(2.430518e-03 -2.422723e-03 -9.835427e-04)
364           	(8.755035e-01 8.463720e-01 -4.685052e+02)	(8.730725e-01 8.487908e-01 -4.685042e+02)	(2.430972e-03 -2.418868e-03 -9.779797e-04)
365           	(8.766523e-01 8.476959e-01 -4.685050e+02)	(8.742213e-01 8.501107e-01 -4.685040e+02)	(2.430952e-03 -2.414828e-03 -9.724472e-04)
366           	(8.776267e-01 8.488435e-01 -4.685048e+02)	(8.751963e-01 8.512543e-01 -4.685039e+02)	(2.430401e-03 -2.410812e-03 -9.668624e-04)
367           	(8.781025e-01 8.494174e-01 -4.685046e+02)	(8.756727e-01 8.518244e-01 -4.685036e+02)	(2.429766e-03 -2.406972e-03 -9.613009e-04)
368           	(8.785176e-01 8.499328e-01 -4.685044e+02)	(8.760886e-01 8.523362e-01 -4.685034e+02)	(2.428948e-03 -2.403371e-03 -9.556971e-04)
369           	(8.788901e-01 8.504113e-01 -4.685042e+02)	(8.764620e-01 8.528111e-01 -4.685032e+02)	(2.428054e-03 -2.399877e-03 -9.501159e-04)
370           	(8.793882e-01 8.510973e-01 -4.685040e+02)	(8.769615e-01 8.534937e-01 -4.685031e+02)	(2.426733e-03 -2.396394e-03 -9.445181e-04)
371           	(8.796088e-01 8.514230e-01 -4.685038e+02)	(8.771834e-01 8.538161e-01 -4.685029e+02)	(2.425399e-03 -2.393115e-03 -9.389545e-04)
372           	(8.797654e-01 8.516854e-01 -4.685037e+02)	(8.773414e-01 8.540755e-01 -4.685027e+02)	(2.423990e-03 -2.390118e-03 -9.333986e-04)
373           	(8.798609e-01 8.518893e-01 -4.685035e+02)	(8.774384e-01 8.542766e-01 -4.685026e+02)	(2.422570e-03 -2.387256e-03 -9.279080e-04)
374           	(8.798992e-01 8.520401e-01 -4.685033e+02)	(8.774781e-01 8.544247e-01 -4.685024e+02)	(2.421027e-03 -2.384631e-03 -9.224621e-04)
375           	(8.798824e-01 8.521418e-01 -4.685032e+02)	(8.774629e-01 8.545239e-01 -4.685023e+02)	(2.419462e-03 -2.382123e-03 -9.171065e-04)
376           	(8.798164e-01 8.521974e-01 -4.685031e+02)	(8.773986e-01 8.545772e-01 -4.685022e+02)	(2.417778e-03 -2.379810e-03 -9.118362e-04)
377           	(8.796996e-01 8.522108e-01 -4.685029e+02)	(8.772836e-01 8.545883e-01 -4.685020e+02)	(2.416017e-03 -2.377555e-03 -9.066797e-04)
378           	(8.795351e-01 8.521846e-01 -4.685028e+02)	(8.771210e-01 8.545600e-01 -4.685019e+02)	(2.414096e-03 -2.375412e-03 -9.016190e-04)
379           	(8.793346e-01 8.521257e-01 -4.685027e+02)	(8.769225e-01 8.544990e-01 -4.685018e+02)	(2.412103e-03 -2.373273e-03 -8.966810e-04)
380           	(8.784316e-01 8.516856e-01 -4.685024e+02)	(8.760227e-01 8.540561e-01 -4.685015e+02)	(2.408872e-03 -2.370480e-03 -8.918813e-04)
381           	(8.780675e-01 8.514232e-01 -4.685022e+02)	(8.756616e-01 8.537911e-01 -4.685013e+02)	(2.405910e-03 -2.367924e-03 -8.871614e-04)
382           	(8.776870e-01 8.511350e-01 -4.685021e+02)	(8.752836e-01 8.535007e-01 -4.685012e+02)	(2.403394e-03 -2.365686e-03 -8.825824e-04)
383           	(8.773232e-01 8.508593e-01 -4.685019e+02)	(8.749221e-01 8.532229e-01 -4.685010e+02)	(2.401152e-03 -2.363591e-03 -8.781323e-04)
384           	(8.773774e-01 8.505614e-01 -4.684980e+02)	(8.749767e-01 8.529242e-01 -4.684971e+02)	(2.400709e-03 -2.362817e-03 -8.738123e-04)
385           	(8.753937e-01 8.489816e-01 -4.684963e+02)	(8.729946e-01 8.513429e-01 -4.684955e+02)	(2.399153e-03 -2.361303e-03 -8.696449e-04)
386           	(8.756854e-01 8.493304e-01 -4.684962e+02)	(8.732880e-01 8.516903e-01 -4.684954e+02)	(2.397421e-03 -2.359900e-03 -8.655631e-04)
387           	(8.761382e-01 8.498237e-01 -4.684961e+02)	(8.737422e-01 8.521823e-01 -4.684953e+02)	(2.396006e-03 -2.358611e-03 -8.616103e-04)
388           	(8.767089e-01 8.504260e-01 -4.684960e+02)	(8.743143e-01 8.527834e-01 -4.684952e+02)	(2.394643e-03 -2.357454e-03 -8.578061e-04)
389           	(8.771613e-01 8.509104e-01 -4.684959e+02)	(8.747681e-01 8.532668e-01 -4.684951e+02)	(2.393246e-03 -2.356316e-03 -8.541182e-04)
390           	(8.776640e-01 8.514477e-01 -4.684959e+02)	(8.752722e-01 8.538029e-01 -4.684950e+02)	(2.391801e-03 -2.355239e-03 -8.505767e-04)
391           	(8.784638e-01 8.522591e-01 -4.684958e+02)	(8.760733e-01 8.546132e-01 -4.684950e+02)	(2.390447e-03 -2.354170e-03 -8.471714e-04)
