# Force       
# CofR        : (0.000000e+00 0.000000e+00 0.000000e+00)
#
# Time        	(total_x total_y total_z)	(pressure_x pressure_y pressure_z)	(viscous_x viscous_y viscous_z)
2532.01       	(3.403672e-01 -1.222272e-05 8.702264e-02)	(3.341946e-01 -1.018489e-05 8.636480e-02)	(6.172595e-03 -2.037831e-06 6.578309e-04)
2532.01       	(3.403609e-01 -1.374868e-05 8.703979e-02)	(3.341883e-01 -1.170469e-05 8.638194e-02)	(6.172604e-03 -2.043989e-06 6.578529e-04)
2532.02       	(3.403681e-01 -1.222563e-05 8.702352e-02)	(3.341955e-01 -1.017783e-05 8.636566e-02)	(6.172617e-03 -2.047801e-06 6.578599e-04)
2532.02       	(3.403618e-01 -1.375245e-05 8.704062e-02)	(3.341892e-01 -1.169851e-05 8.638274e-02)	(6.172625e-03 -2.053949e-06 6.578816e-04)
2532.03       	(3.403690e-01 -1.222791e-05 8.702438e-02)	(3.341963e-01 -1.017016e-05 8.636649e-02)	(6.172638e-03 -2.057749e-06 6.578883e-04)
2532.03       	(3.403628e-01 -1.375499e-05 8.704143e-02)	(3.341902e-01 -1.169110e-05 8.638352e-02)	(6.172647e-03 -2.063887e-06 6.579096e-04)
2532.04       	(3.403699e-01 -1.222914e-05 8.702522e-02)	(3.341972e-01 -1.016146e-05 8.636730e-02)	(6.172660e-03 -2.067675e-06 6.579160e-04)
2532.04       	(3.403638e-01 -1.375792e-05 8.704223e-02)	(3.341911e-01 -1.168412e-05 8.638429e-02)	(6.172668e-03 -2.073803e-06 6.579371e-04)
2532.05       	(3.403708e-01 -1.223108e-05 8.702603e-02)	(3.341981e-01 -1.015349e-05 8.636809e-02)	(6.172681e-03 -2.077581e-06 6.579432e-04)
2532.05       	(3.403647e-01 -1.376071e-05 8.704300e-02)	(3.341920e-01 -1.167701e-05 8.638504e-02)	(6.172690e-03 -2.083699e-06 6.579638e-04)
2532.06       	(3.403717e-01 -1.223313e-05 8.702682e-02)	(3.341990e-01 -1.014566e-05 8.636885e-02)	(6.172702e-03 -2.087467e-06 6.579696e-04)
2532.06       	(3.403657e-01 -1.376302e-05 8.704376e-02)	(3.341930e-01 -1.166944e-05 8.638577e-02)	(6.172711e-03 -2.093576e-06 6.579900e-04)
2532.07       	(3.403726e-01 -1.223425e-05 8.702760e-02)	(3.341999e-01 -1.013692e-05 8.636960e-02)	(6.172724e-03 -2.097332e-06 6.579954e-04)
2532.07       	(3.403666e-01 -1.376382e-05 8.704450e-02)	(3.341939e-01 -1.166039e-05 8.638648e-02)	(6.172732e-03 -2.103429e-06 6.580154e-04)
2532.08       	(3.403736e-01 -1.223457e-05 8.702835e-02)	(3.342008e-01 -1.012739e-05 8.637033e-02)	(6.172745e-03 -2.107172e-06 6.580205e-04)
2532.08       	(3.403676e-01 -1.376387e-05 8.704522e-02)	(3.341948e-01 -1.165061e-05 8.638718e-02)	(6.172753e-03 -2.113257e-06 6.580401e-04)
2532.09       	(3.403745e-01 -1.223434e-05 8.702907e-02)	(3.342017e-01 -1.011735e-05 8.637103e-02)	(6.172766e-03 -2.116986e-06 6.580448e-04)
2532.09       	(3.403685e-01 -1.376389e-05 8.704592e-02)	(3.341957e-01 -1.164083e-05 8.638786e-02)	(6.172774e-03 -2.123061e-06 6.580641e-04)
2532.1        	(3.403754e-01 -1.223409e-05 8.702978e-02)	(3.342026e-01 -1.010731e-05 8.637171e-02)	(6.172787e-03 -2.126777e-06 6.580685e-04)
2532.1        	(3.403694e-01 -1.376299e-05 8.704661e-02)	(3.341966e-01 -1.163015e-05 8.638852e-02)	(6.172795e-03 -2.132840e-06 6.580874e-04)
2532.11       	(3.403764e-01 -1.223317e-05 8.703046e-02)	(3.342036e-01 -1.009662e-05 8.637237e-02)	(6.172808e-03 -2.136543e-06 6.580914e-04)
2532.11       	(3.403704e-01 -1.376178e-05 8.704728e-02)	(3.341976e-01 -1.161919e-05 8.638917e-02)	(6.172816e-03 -2.142595e-06 6.581099e-04)
2532.12       	(3.403773e-01 -1.223211e-05 8.703112e-02)	(3.342045e-01 -1.008582e-05 8.637301e-02)	(6.172828e-03 -2.146284e-06 6.581136e-04)
2532.12       	(3.403713e-01 -1.376052e-05 8.704793e-02)	(3.341985e-01 -1.160820e-05 8.638979e-02)	(6.172836e-03 -2.152325e-06 6.581318e-04)
2532.13       	(3.403782e-01 -1.223031e-05 8.703176e-02)	(3.342054e-01 -1.007431e-05 8.637363e-02)	(6.172848e-03 -2.155999e-06 6.581351e-04)
2532.13       	(3.403722e-01 -1.375870e-05 8.704856e-02)	(3.341993e-01 -1.159667e-05 8.639041e-02)	(6.172856e-03 -2.162029e-06 6.581529e-04)
2532.14       	(3.403792e-01 -1.222789e-05 8.703238e-02)	(3.342063e-01 -1.006220e-05 8.637423e-02)	(6.172868e-03 -2.165688e-06 6.581559e-04)
2532.15       	(3.403731e-01 -1.375658e-05 8.704919e-02)	(3.342002e-01 -1.158487e-05 8.639102e-02)	(6.172876e-03 -2.171707e-06 6.581734e-04)
2532.15       	(3.403801e-01 -1.222439e-05 8.703298e-02)	(3.342072e-01 -1.004904e-05 8.637481e-02)	(6.172888e-03 -2.175349e-06 6.581759e-04)
2532.16       	(3.403740e-01 -1.375401e-05 8.704981e-02)	(3.342011e-01 -1.157265e-05 8.639162e-02)	(6.172896e-03 -2.181357e-06 6.581931e-04)
2532.16       	(3.403810e-01 -1.222032e-05 8.703356e-02)	(3.342081e-01 -1.003533e-05 8.637537e-02)	(6.172907e-03 -2.184981e-06 6.581953e-04)
2532.17       	(3.403748e-01 -1.375180e-05 8.705042e-02)	(3.342019e-01 -1.156082e-05 8.639220e-02)	(6.172915e-03 -2.190979e-06 6.582122e-04)
2532.17       	(3.403819e-01 -1.221597e-05 8.703412e-02)	(3.342090e-01 -1.002139e-05 8.637590e-02)	(6.172926e-03 -2.194584e-06 6.582140e-04)
2532.18       	(3.403758e-01 -1.374553e-05 8.705102e-02)	(3.342029e-01 -1.154496e-05 8.639279e-02)	(6.172934e-03 -2.200569e-06 6.582306e-04)
2532.18       	(3.403828e-01 -1.221490e-05 8.703465e-02)	(3.342099e-01 -1.001075e-05 8.637642e-02)	(6.172945e-03 -2.204155e-06 6.582321e-04)
2532.19       	(3.403766e-01 -1.374442e-05 8.705160e-02)	(3.342037e-01 -1.153429e-05 8.639336e-02)	(6.172952e-03 -2.210133e-06 6.582483e-04)
2532.19       	(3.403837e-01 -1.220870e-05 8.703517e-02)	(3.342107e-01 -9.995007e-06 8.637692e-02)	(6.172963e-03 -2.213697e-06 6.582495e-04)
2532.2        	(3.403774e-01 -1.374252e-05 8.705218e-02)	(3.342044e-01 -1.152285e-05 8.639391e-02)	(6.172970e-03 -2.219668e-06 6.582654e-04)
2532.2        	(3.403846e-01 -1.220084e-05 8.703568e-02)	(3.342116e-01 -9.977636e-06 8.637741e-02)	(6.172981e-03 -2.223206e-06 6.582662e-04)
2532.21       	(3.403782e-01 -1.374164e-05 8.705275e-02)	(3.342052e-01 -1.151247e-05 8.639446e-02)	(6.172988e-03 -2.229171e-06 6.582819e-04)
2532.21       	(3.403854e-01 -1.219122e-05 8.703616e-02)	(3.342124e-01 -9.958540e-06 8.637788e-02)	(6.172998e-03 -2.232682e-06 6.582824e-04)
2532.22       	(3.403790e-01 -1.374103e-05 8.705331e-02)	(3.342060e-01 -1.150239e-05 8.639501e-02)	(6.173005e-03 -2.238643e-06 6.582978e-04)
2532.22       	(3.403862e-01 -1.217962e-05 8.703662e-02)	(3.342132e-01 -9.937493e-06 8.637833e-02)	(6.173015e-03 -2.242124e-06 6.582980e-04)
2532.23       	(3.403797e-01 -1.374125e-05 8.705387e-02)	(3.342067e-01 -1.149317e-05 8.639555e-02)	(6.173022e-03 -2.248083e-06 6.583132e-04)
2532.23       	(3.403871e-01 -1.216598e-05 8.703707e-02)	(3.342140e-01 -9.914447e-06 8.637875e-02)	(6.173032e-03 -2.251530e-06 6.583130e-04)
2532.24       	(3.403805e-01 -1.374201e-05 8.705442e-02)	(3.342074e-01 -1.148452e-05 8.639609e-02)	(6.173038e-03 -2.257490e-06 6.583280e-04)
2532.24       	(3.403878e-01 -1.214544e-05 8.703748e-02)	(3.342148e-01 -9.884540e-06 8.637916e-02)	(6.173048e-03 -2.260896e-06 6.583275e-04)
2532.25       	(3.403812e-01 -1.374578e-05 8.705498e-02)	(3.342082e-01 -1.147892e-05 8.639664e-02)	(6.173054e-03 -2.266864e-06 6.583423e-04)
2532.25       	(3.403886e-01 -1.212859e-05 8.703788e-02)	(3.342155e-01 -9.858359e-06 8.637954e-02)	(6.173064e-03 -2.270230e-06 6.583415e-04)
2532.26       	(3.403819e-01 -1.375013e-05 8.705554e-02)	(3.342089e-01 -1.147393e-05 8.639719e-02)	(6.173070e-03 -2.276206e-06 6.583561e-04)
2532.26       	(3.403894e-01 -1.210517e-05 8.703824e-02)	(3.342163e-01 -9.825641e-06 8.637988e-02)	(6.173080e-03 -2.279526e-06 6.583549e-04)
2532.27       	(3.403827e-01 -1.375814e-05 8.705612e-02)	(3.342096e-01 -1.147263e-05 8.639775e-02)	(6.173085e-03 -2.285515e-06 6.583694e-04)
2532.27       	(3.403901e-01 -1.207624e-05 8.703856e-02)	(3.342170e-01 -9.787459e-06 8.638020e-02)	(6.173095e-03 -2.288784e-06 6.583679e-04)
2532.28       	(3.403834e-01 -1.376687e-05 8.705670e-02)	(3.342103e-01 -1.147208e-05 8.639831e-02)	(6.173100e-03 -2.294790e-06 6.583823e-04)
2532.28       	(3.403909e-01 -1.204035e-05 8.703886e-02)	(3.342178e-01 -9.742342e-06 8.638048e-02)	(6.173109e-03 -2.298004e-06 6.583804e-04)
2532.29       	(3.403850e-01 -1.377865e-05 8.705719e-02)	(3.342119e-01 -1.147463e-05 8.639879e-02)	(6.173114e-03 -2.304025e-06 6.583947e-04)
2532.3        	(3.403907e-01 -1.198310e-05 8.703919e-02)	(3.342175e-01 -9.675924e-06 8.638080e-02)	(6.173124e-03 -2.307181e-06 6.583925e-04)
2532.3        	(3.403857e-01 -1.380157e-05 8.705781e-02)	(3.342125e-01 -1.148833e-05 8.639940e-02)	(6.173128e-03 -2.313238e-06 6.584067e-04)
2532.31       	(3.403915e-01 -1.193889e-05 8.703939e-02)	(3.342184e-01 -9.622567e-06 8.638099e-02)	(6.173138e-03 -2.316325e-06 6.584041e-04)
2532.31       	(3.403863e-01 -1.382356e-05 8.705844e-02)	(3.342132e-01 -1.150114e-05 8.640002e-02)	(6.173142e-03 -2.322419e-06 6.584183e-04)
2532.32       	(3.403922e-01 -1.188174e-05 8.703961e-02)	(3.342191e-01 -9.556321e-06 8.638120e-02)	(6.173151e-03 -2.325421e-06 6.584154e-04)
2532.32       	(3.403870e-01 -1.385411e-05 8.705902e-02)	(3.342138e-01 -1.152254e-05 8.640059e-02)	(6.173155e-03 -2.331566e-06 6.584295e-04)
2532.33       	(3.403929e-01 -1.182487e-05 8.703982e-02)	(3.342198e-01 -9.490391e-06 8.638139e-02)	(6.173165e-03 -2.334481e-06 6.584262e-04)
2532.33       	(3.403878e-01 -1.389204e-05 8.705961e-02)	(3.342146e-01 -1.155136e-05 8.640117e-02)	(6.173168e-03 -2.340688e-06 6.584404e-04)
2532.34       	(3.403934e-01 -1.176065e-05 8.703999e-02)	(3.342202e-01 -9.417144e-06 8.638156e-02)	(6.173178e-03 -2.343502e-06 6.584367e-04)
2532.34       	(3.403886e-01 -1.393974e-05 8.706023e-02)	(3.342154e-01 -1.158996e-05 8.640178e-02)	(6.173181e-03 -2.349783e-06 6.584509e-04)
2532.35       	(3.403940e-01 -1.167818e-05 8.704011e-02)	(3.342208e-01 -9.325711e-06 8.638167e-02)	(6.173190e-03 -2.352471e-06 6.584468e-04)
2532.35       	(3.403891e-01 -1.400422e-05 8.706089e-02)	(3.342159e-01 -1.164537e-05 8.640243e-02)	(6.173193e-03 -2.358853e-06 6.584611e-04)
2532.36       	(3.403949e-01 -1.158798e-05 8.704016e-02)	(3.342217e-01 -9.226574e-06 8.638170e-02)	(6.173203e-03 -2.361403e-06 6.584565e-04)
2532.36       	(3.403895e-01 -1.406782e-05 8.706160e-02)	(3.342163e-01 -1.169994e-05 8.640312e-02)	(6.173205e-03 -2.367886e-06 6.584709e-04)
2532.37       	(3.403955e-01 -1.151017e-05 8.704016e-02)	(3.342223e-01 -9.139866e-06 8.638169e-02)	(6.173215e-03 -2.370309e-06 6.584659e-04)
2532.37       	(3.403899e-01 -1.412415e-05 8.706231e-02)	(3.342167e-01 -1.174726e-05 8.640383e-02)	(6.173217e-03 -2.376885e-06 6.584805e-04)
2532.38       	(3.403964e-01 -1.142241e-05 8.704012e-02)	(3.342232e-01 -9.043249e-06 8.638165e-02)	(6.173226e-03 -2.379164e-06 6.584749e-04)
2532.38       	(3.403902e-01 -1.417291e-05 8.706294e-02)	(3.342170e-01 -1.178709e-05 8.640445e-02)	(6.173229e-03 -2.385821e-06 6.584896e-04)
2532.39       	(3.403971e-01 -1.138295e-05 8.704030e-02)	(3.342238e-01 -8.994914e-06 8.638181e-02)	(6.173238e-03 -2.388039e-06 6.584837e-04)
2532.39       	(3.403905e-01 -1.417428e-05 8.706333e-02)	(3.342173e-01 -1.177958e-05 8.640483e-02)	(6.173240e-03 -2.394695e-06 6.584983e-04)
2532.4        	(3.403979e-01 -1.137109e-05 8.704059e-02)	(3.342246e-01 -8.974196e-06 8.638210e-02)	(6.173249e-03 -2.396897e-06 6.584923e-04)
2532.4        	(3.403911e-01 -1.416004e-05 8.706365e-02)	(3.342178e-01 -1.175651e-05 8.640514e-02)	(6.173251e-03 -2.403531e-06 6.585068e-04)
2532.41       	(3.403984e-01 -1.136392e-05 8.704088e-02)	(3.342252e-01 -8.958200e-06 8.638238e-02)	(6.173260e-03 -2.405723e-06 6.585005e-04)
2532.41       	(3.403916e-01 -1.414560e-05 8.706396e-02)	(3.342183e-01 -1.173327e-05 8.640544e-02)	(6.173262e-03 -2.412334e-06 6.585148e-04)
2532.42       	(3.403990e-01 -1.135627e-05 8.704116e-02)	(3.342257e-01 -8.941752e-06 8.638265e-02)	(6.173271e-03 -2.414515e-06 6.585084e-04)
2532.42       	(3.403921e-01 -1.413098e-05 8.706425e-02)	(3.342189e-01 -1.170988e-05 8.640573e-02)	(6.173272e-03 -2.421104e-06 6.585226e-04)
2532.43       	(3.403996e-01 -1.134846e-05 8.704143e-02)	(3.342263e-01 -8.925185e-06 8.638291e-02)	(6.173282e-03 -2.423273e-06 6.585160e-04)
2532.44       	(3.403927e-01 -1.411676e-05 8.706454e-02)	(3.342194e-01 -1.168692e-05 8.640601e-02)	(6.173283e-03 -2.429841e-06 6.585300e-04)
2532.44       	(3.404001e-01 -1.134022e-05 8.704167e-02)	(3.342268e-01 -8.908223e-06 8.638315e-02)	(6.173292e-03 -2.431998e-06 6.585233e-04)
2532.45       	(3.403932e-01 -1.410233e-05 8.706481e-02)	(3.342199e-01 -1.166379e-05 8.640627e-02)	(6.173293e-03 -2.438545e-06 6.585372e-04)
2532.45       	(3.404007e-01 -1.133145e-05 8.704191e-02)	(3.342274e-01 -8.890757e-06 8.638338e-02)	(6.173302e-03 -2.440690e-06 6.585302e-04)
2532.46       	(3.403937e-01 -1.408779e-05 8.706507e-02)	(3.342204e-01 -1.164057e-05 8.640653e-02)	(6.173303e-03 -2.447215e-06 6.585440e-04)
2532.46       	(3.404012e-01 -1.132260e-05 8.704213e-02)	(3.342279e-01 -8.873254e-06 8.638359e-02)	(6.173312e-03 -2.449348e-06 6.585369e-04)
2532.47       	(3.403942e-01 -1.407353e-05 8.706532e-02)	(3.342209e-01 -1.161768e-05 8.640677e-02)	(6.173313e-03 -2.455852e-06 6.585504e-04)
2532.47       	(3.404018e-01 -1.131356e-05 8.704234e-02)	(3.342284e-01 -8.855588e-06 8.638379e-02)	(6.173322e-03 -2.457974e-06 6.585431e-04)
2532.48       	(3.403949e-01 -1.405738e-05 8.706555e-02)	(3.342216e-01 -1.159292e-05 8.640700e-02)	(6.173323e-03 -2.464456e-06 6.585566e-04)
2532.48       	(3.404021e-01 -1.130583e-05 8.704252e-02)	(3.342288e-01 -8.839258e-06 8.638398e-02)	(6.173332e-03 -2.466567e-06 6.585491e-04)
2532.49       	(3.403954e-01 -1.404297e-05 8.706577e-02)	(3.342221e-01 -1.156994e-05 8.640721e-02)	(6.173333e-03 -2.473029e-06 6.585623e-04)
2532.49       	(3.404026e-01 -1.129631e-05 8.704270e-02)	(3.342293e-01 -8.821181e-06 8.638414e-02)	(6.173341e-03 -2.475128e-06 6.585547e-04)
2532.5        	(3.403959e-01 -1.402866e-05 8.706598e-02)	(3.342225e-01 -1.154709e-05 8.640741e-02)	(6.173342e-03 -2.481570e-06 6.585678e-04)
2532.5        	(3.404032e-01 -1.128669e-05 8.704285e-02)	(3.342298e-01 -8.803031e-06 8.638429e-02)	(6.173351e-03 -2.483657e-06 6.585599e-04)
2532.51       	(3.403963e-01 -1.401432e-05 8.706617e-02)	(3.342230e-01 -1.152424e-05 8.640760e-02)	(6.173351e-03 -2.490079e-06 6.585729e-04)
2532.51       	(3.404037e-01 -1.127703e-05 8.704299e-02)	(3.342303e-01 -8.784876e-06 8.638442e-02)	(6.173360e-03 -2.492154e-06 6.585648e-04)
2532.52       	(3.403967e-01 -1.399965e-05 8.706635e-02)	(3.342234e-01 -1.150109e-05 8.640778e-02)	(6.173360e-03 -2.498557e-06 6.585776e-04)
2532.52       	(3.404042e-01 -1.126695e-05 8.704310e-02)	(3.342308e-01 -8.766329e-06 8.638453e-02)	(6.173369e-03 -2.500620e-06 6.585693e-04)
2532.53       	(3.403972e-01 -1.398423e-05 8.706652e-02)	(3.342238e-01 -1.147723e-05 8.640794e-02)	(6.173369e-03 -2.507002e-06 6.585819e-04)
2532.53       	(3.404047e-01 -1.125735e-05 8.704320e-02)	(3.342313e-01 -8.748300e-06 8.638463e-02)	(6.173378e-03 -2.509053e-06 6.585734e-04)
2532.54       	(3.403976e-01 -1.396936e-05 8.706667e-02)	(3.342242e-01 -1.145395e-05 8.640809e-02)	(6.173378e-03 -2.515417e-06 6.585859e-04)
2532.54       	(3.404052e-01 -1.124786e-05 8.704328e-02)	(3.342318e-01 -8.730399e-06 8.638471e-02)	(6.173387e-03 -2.517457e-06 6.585772e-04)
2532.55       	(3.403980e-01 -1.395474e-05 8.706680e-02)	(3.342246e-01 -1.143093e-05 8.640821e-02)	(6.173387e-03 -2.523803e-06 6.585895e-04)
2532.55       	(3.404057e-01 -1.123776e-05 8.704336e-02)	(3.342323e-01 -8.711929e-06 8.638478e-02)	(6.173395e-03 -2.525831e-06 6.585805e-04)
2532.56       	(3.403984e-01 -1.393999e-05 8.706691e-02)	(3.342250e-01 -1.140784e-05 8.640832e-02)	(6.173396e-03 -2.532159e-06 6.585927e-04)
2532.56       	(3.404062e-01 -1.122750e-05 8.704341e-02)	(3.342328e-01 -8.693322e-06 8.638483e-02)	(6.173404e-03 -2.534175e-06 6.585835e-04)
2532.57       	(3.403988e-01 -1.392497e-05 8.706701e-02)	(3.342254e-01 -1.138448e-05 8.640841e-02)	(6.173404e-03 -2.540485e-06 6.585954e-04)
2532.58       	(3.404066e-01 -1.121680e-05 8.704345e-02)	(3.342332e-01 -8.674309e-06 8.638486e-02)	(6.173412e-03 -2.542489e-06 6.585860e-04)
2532.58       	(3.403992e-01 -1.390951e-05 8.706709e-02)	(3.342258e-01 -1.136073e-05 8.640849e-02)	(6.173412e-03 -2.548781e-06 6.585978e-04)
2532.59       	(3.404071e-01 -1.120569e-05 8.704346e-02)	(3.342337e-01 -8.654914e-06 8.638487e-02)	(6.173420e-03 -2.550772e-06 6.585882e-04)
2532.59       	(3.403996e-01 -1.389425e-05 8.706715e-02)	(3.342262e-01 -1.133721e-05 8.640855e-02)	(6.173420e-03 -2.557047e-06 6.585997e-04)
2532.6        	(3.404075e-01 -1.119461e-05 8.704346e-02)	(3.342341e-01 -8.635586e-06 8.638487e-02)	(6.173428e-03 -2.559025e-06 6.585899e-04)
2532.6        	(3.404000e-01 -1.387937e-05 8.706719e-02)	(3.342266e-01 -1.131409e-05 8.640859e-02)	(6.173428e-03 -2.565284e-06 6.586012e-04)
2532.61       	(3.404080e-01 -1.118303e-05 8.704344e-02)	(3.342345e-01 -8.615781e-06 8.638485e-02)	(6.173436e-03 -2.567250e-06 6.585911e-04)
2532.61       	(3.404004e-01 -1.386386e-05 8.706722e-02)	(3.342269e-01 -1.129037e-05 8.640862e-02)	(6.173436e-03 -2.573491e-06 6.586023e-04)
2532.62       	(3.404084e-01 -1.117129e-05 8.704340e-02)	(3.342350e-01 -8.595844e-06 8.638481e-02)	(6.173444e-03 -2.575445e-06 6.585919e-04)
2532.62       	(3.404007e-01 -1.384775e-05 8.706723e-02)	(3.342272e-01 -1.126608e-05 8.640863e-02)	(6.173443e-03 -2.581669e-06 6.586029e-04)
2532.63       	(3.404089e-01 -1.115969e-05 8.704334e-02)	(3.342354e-01 -8.576082e-06 8.638475e-02)	(6.173451e-03 -2.583612e-06 6.585923e-04)
2532.63       	(3.404010e-01 -1.383160e-05 8.706722e-02)	(3.342275e-01 -1.124178e-05 8.640862e-02)	(6.173451e-03 -2.589819e-06 6.586031e-04)
2532.64       	(3.404093e-01 -1.114804e-05 8.704326e-02)	(3.342358e-01 -8.556291e-06 8.638467e-02)	(6.173458e-03 -2.591750e-06 6.585923e-04)
2532.64       	(3.404013e-01 -1.381505e-05 8.706720e-02)	(3.342279e-01 -1.121711e-05 8.640860e-02)	(6.173458e-03 -2.597940e-06 6.586029e-04)
2532.65       	(3.404097e-01 -1.113628e-05 8.704317e-02)	(3.342362e-01 -8.536416e-06 8.638457e-02)	(6.173466e-03 -2.599860e-06 6.585917e-04)
2532.65       	(3.404016e-01 -1.379848e-05 8.706716e-02)	(3.342282e-01 -1.119245e-05 8.640856e-02)	(6.173465e-03 -2.606034e-06 6.586022e-04)
2532.66       	(3.404101e-01 -1.112394e-05 8.704305e-02)	(3.342366e-01 -8.516003e-06 8.638446e-02)	(6.173472e-03 -2.607942e-06 6.585908e-04)
2532.66       	(3.404019e-01 -1.378165e-05 8.706710e-02)	(3.342285e-01 -1.116755e-05 8.640850e-02)	(6.173472e-03 -2.614100e-06 6.586010e-04)
2532.67       	(3.404105e-01 -1.111136e-05 8.704291e-02)	(3.342370e-01 -8.495359e-06 8.638432e-02)	(6.173479e-03 -2.615997e-06 6.585893e-04)
2532.67       	(3.404022e-01 -1.376538e-05 8.706702e-02)	(3.342288e-01 -1.114324e-05 8.640843e-02)	(6.173478e-03 -2.622139e-06 6.585994e-04)
2532.68       	(3.404109e-01 -1.109789e-05 8.704276e-02)	(3.342374e-01 -8.473866e-06 8.638417e-02)	(6.173486e-03 -2.624024e-06 6.585875e-04)
2532.68       	(3.404025e-01 -1.374856e-05 8.706693e-02)	(3.342290e-01 -1.111841e-05 8.640833e-02)	(6.173485e-03 -2.630150e-06 6.585973e-04)
2532.69       	(3.404113e-01 -1.108376e-05 8.704259e-02)	(3.342378e-01 -8.451734e-06 8.638400e-02)	(6.173492e-03 -2.632022e-06 6.585851e-04)
2532.69       	(3.404028e-01 -1.373153e-05 8.706682e-02)	(3.342293e-01 -1.109340e-05 8.640823e-02)	(6.173491e-03 -2.638133e-06 6.585947e-04)
2532.7        	(3.404116e-01 -1.106908e-05 8.704240e-02)	(3.342381e-01 -8.429083e-06 8.638381e-02)	(6.173498e-03 -2.639992e-06 6.585823e-04)
2532.7        	(3.404031e-01 -1.371436e-05 8.706669e-02)	(3.342296e-01 -1.106827e-05 8.640810e-02)	(6.173497e-03 -2.646088e-06 6.585917e-04)
2532.71       	(3.404120e-01 -1.105440e-05 8.704219e-02)	(3.342385e-01 -8.406468e-06 8.638361e-02)	(6.173504e-03 -2.647935e-06 6.585790e-04)
2532.72       	(3.404033e-01 -1.369704e-05 8.706655e-02)	(3.342298e-01 -1.104302e-05 8.640796e-02)	(6.173503e-03 -2.654015e-06 6.585883e-04)
2532.72       	(3.404123e-01 -1.103935e-05 8.704196e-02)	(3.342388e-01 -8.383501e-06 8.638339e-02)	(6.173510e-03 -2.655849e-06 6.585753e-04)
2532.73       	(3.404035e-01 -1.367877e-05 8.706638e-02)	(3.342300e-01 -1.101686e-05 8.640780e-02)	(6.173508e-03 -2.661914e-06 6.585844e-04)
2532.73       	(3.404126e-01 -1.102423e-05 8.704171e-02)	(3.342391e-01 -8.360495e-06 8.638314e-02)	(6.173515e-03 -2.663736e-06 6.585712e-04)
2532.74       	(3.404038e-01 -1.366085e-05 8.706620e-02)	(3.342303e-01 -1.099106e-05 8.640762e-02)	(6.173514e-03 -2.669786e-06 6.585800e-04)
2532.74       	(3.404129e-01 -1.100878e-05 8.704145e-02)	(3.342394e-01 -8.337183e-06 8.638288e-02)	(6.173520e-03 -2.671594e-06 6.585666e-04)
2532.75       	(3.404040e-01 -1.364278e-05 8.706601e-02)	(3.342305e-01 -1.096515e-05 8.640743e-02)	(6.173519e-03 -2.677630e-06 6.585752e-04)
2532.75       	(3.404132e-01 -1.099293e-05 8.704117e-02)	(3.342397e-01 -8.313508e-06 8.638261e-02)	(6.173525e-03 -2.679425e-06 6.585615e-04)
2532.76       	(3.404043e-01 -1.362454e-05 8.706579e-02)	(3.342307e-01 -1.093909e-05 8.640722e-02)	(6.173524e-03 -2.685446e-06 6.585700e-04)
2532.76       	(3.404135e-01 -1.097699e-05 8.704087e-02)	(3.342400e-01 -8.289761e-06 8.638231e-02)	(6.173530e-03 -2.687229e-06 6.585560e-04)
2532.77       	(3.404045e-01 -1.360608e-05 8.706557e-02)	(3.342309e-01 -1.091285e-05 8.640700e-02)	(6.173528e-03 -2.693235e-06 6.585643e-04)
2532.77       	(3.404138e-01 -1.096105e-05 8.704055e-02)	(3.342402e-01 -8.266042e-06 8.638200e-02)	(6.173535e-03 -2.695006e-06 6.585501e-04)
2532.78       	(3.404047e-01 -1.358762e-05 8.706532e-02)	(3.342311e-01 -1.088662e-05 8.640676e-02)	(6.173533e-03 -2.700999e-06 6.585582e-04)
2532.78       	(3.404140e-01 -1.094437e-05 8.704022e-02)	(3.342405e-01 -8.241613e-06 8.638168e-02)	(6.173539e-03 -2.702757e-06 6.585437e-04)
2532.79       	(3.404049e-01 -1.356865e-05 8.706506e-02)	(3.342313e-01 -1.085991e-05 8.640651e-02)	(6.173537e-03 -2.708735e-06 6.585517e-04)
2532.79       	(3.404143e-01 -1.092753e-05 8.703987e-02)	(3.342407e-01 -8.217050e-06 8.638134e-02)	(6.173543e-03 -2.710480e-06 6.585369e-04)
2532.8        	(3.404050e-01 -1.354932e-05 8.706478e-02)	(3.342315e-01 -1.083288e-05 8.640624e-02)	(6.173541e-03 -2.716443e-06 6.585447e-04)
2532.8        	(3.404146e-01 -1.091235e-05 8.703951e-02)	(3.342410e-01 -8.194175e-06 8.638098e-02)	(6.173547e-03 -2.718175e-06 6.585297e-04)
2532.81       	(3.404052e-01 -1.353043e-05 8.706449e-02)	(3.342317e-01 -1.080630e-05 8.640595e-02)	(6.173544e-03 -2.724126e-06 6.585373e-04)
2532.81       	(3.404148e-01 -1.089465e-05 8.703913e-02)	(3.342412e-01 -8.168806e-06 8.638061e-02)	(6.173550e-03 -2.725846e-06 6.585221e-04)
2532.82       	(3.404053e-01 -1.350841e-05 8.706418e-02)	(3.342317e-01 -1.077663e-05 8.640565e-02)	(6.173548e-03 -2.731780e-06 6.585296e-04)
2532.82       	(3.404150e-01 -1.087754e-05 8.703876e-02)	(3.342414e-01 -8.144054e-06 8.638024e-02)	(6.173554e-03 -2.733489e-06 6.585141e-04)
2532.83       	(3.404055e-01 -1.348784e-05 8.706382e-02)	(3.342319e-01 -1.074843e-05 8.640530e-02)	(6.173551e-03 -2.739408e-06 6.585214e-04)
2532.83       	(3.404151e-01 -1.085963e-05 8.703839e-02)	(3.342416e-01 -8.118529e-06 8.637988e-02)	(6.173557e-03 -2.741106e-06 6.585058e-04)
2532.84       	(3.404056e-01 -1.346714e-05 8.706345e-02)	(3.342321e-01 -1.072013e-05 8.640493e-02)	(6.173554e-03 -2.747010e-06 6.585128e-04)
2532.84       	(3.404153e-01 -1.084157e-05 8.703800e-02)	(3.342417e-01 -8.092874e-06 8.637951e-02)	(6.173559e-03 -2.748697e-06 6.584970e-04)
2532.85       	(3.404057e-01 -1.344618e-05 8.706306e-02)	(3.342322e-01 -1.069159e-05 8.640455e-02)	(6.173556e-03 -2.754585e-06 6.585039e-04)
2532.85       	(3.404154e-01 -1.082322e-05 8.703761e-02)	(3.342418e-01 -8.066959e-06 8.637912e-02)	(6.173562e-03 -2.756260e-06 6.584879e-04)
2532.86       	(3.404059e-01 -1.342530e-05 8.706266e-02)	(3.342323e-01 -1.066317e-05 8.640416e-02)	(6.173559e-03 -2.762134e-06 6.584946e-04)
2532.87       	(3.404155e-01 -1.080490e-05 8.703720e-02)	(3.342420e-01 -8.041099e-06 8.637872e-02)	(6.173564e-03 -2.763798e-06 6.584784e-04)
2532.87       	(3.404060e-01 -1.340415e-05 8.706224e-02)	(3.342324e-01 -1.063449e-05 8.640375e-02)	(6.173561e-03 -2.769656e-06 6.584850e-04)
2532.88       	(3.404156e-01 -1.078607e-05 8.703678e-02)	(3.342421e-01 -8.014763e-06 8.637831e-02)	(6.173566e-03 -2.771309e-06 6.584686e-04)
2532.88       	(3.404061e-01 -1.338305e-05 8.706181e-02)	(3.342325e-01 -1.060589e-05 8.640334e-02)	(6.173563e-03 -2.777153e-06 6.584750e-04)
2532.89       	(3.404157e-01 -1.076700e-05 8.703634e-02)	(3.342421e-01 -7.988207e-06 8.637788e-02)	(6.173568e-03 -2.778794e-06 6.584584e-04)
2532.89       	(3.404061e-01 -1.336051e-05 8.706137e-02)	(3.342326e-01 -1.057588e-05 8.640291e-02)	(6.173565e-03 -2.784623e-06 6.584646e-04)
2532.9        	(3.404158e-01 -1.074804e-05 8.703590e-02)	(3.342422e-01 -7.961784e-06 8.637745e-02)	(6.173570e-03 -2.786254e-06 6.584479e-04)
2532.9        	(3.404062e-01 -1.333916e-05 8.706092e-02)	(3.342327e-01 -1.054709e-05 8.640246e-02)	(6.173566e-03 -2.792068e-06 6.584540e-04)
2532.91       	(3.404159e-01 -1.072886e-05 8.703544e-02)	(3.342423e-01 -7.935177e-06 8.637700e-02)	(6.173571e-03 -2.793687e-06 6.584371e-04)
2532.91       	(3.404063e-01 -1.331747e-05 8.706045e-02)	(3.342327e-01 -1.051799e-05 8.640201e-02)	(6.173568e-03 -2.799487e-06 6.584430e-04)
2532.92       	(3.404159e-01 -1.070976e-05 8.703497e-02)	(3.342423e-01 -7.908659e-06 8.637654e-02)	(6.173573e-03 -2.801096e-06 6.584259e-04)
2532.92       	(3.404064e-01 -1.329558e-05 8.705997e-02)	(3.342328e-01 -1.048869e-05 8.640154e-02)	(6.173569e-03 -2.806881e-06 6.584316e-04)
2532.93       	(3.404160e-01 -1.069042e-05 8.703449e-02)	(3.342424e-01 -7.881945e-06 8.637608e-02)	(6.173574e-03 -2.808479e-06 6.584145e-04)
2532.93       	(3.404064e-01 -1.327368e-05 8.705949e-02)	(3.342329e-01 -1.045943e-05 8.640107e-02)	(6.173570e-03 -2.814250e-06 6.584200e-04)
2532.94       	(3.404160e-01 -1.067095e-05 8.703400e-02)	(3.342424e-01 -7.855108e-06 8.637560e-02)	(6.173574e-03 -2.815838e-06 6.584027e-04)
2532.94       	(3.404065e-01 -1.325157e-05 8.705899e-02)	(3.342329e-01 -1.042997e-05 8.640058e-02)	(6.173570e-03 -2.821594e-06 6.584081e-04)
2532.95       	(3.404160e-01 -1.065128e-05 8.703350e-02)	(3.342424e-01 -7.828113e-06 8.637511e-02)	(6.173575e-03 -2.823170e-06 6.583907e-04)
2532.95       	(3.404065e-01 -1.322951e-05 8.705848e-02)	(3.342329e-01 -1.040060e-05 8.640009e-02)	(6.173571e-03 -2.828912e-06 6.583959e-04)
2532.96       	(3.404160e-01 -1.063162e-05 8.703299e-02)	(3.342424e-01 -7.801145e-06 8.637461e-02)	(6.173575e-03 -2.830478e-06 6.583783e-04)
2532.96       	(3.404065e-01 -1.320752e-05 8.705796e-02)	(3.342329e-01 -1.037131e-05 8.639958e-02)	(6.173571e-03 -2.836205e-06 6.583834e-04)
2532.97       	(3.404160e-01 -1.061188e-05 8.703247e-02)	(3.342424e-01 -7.774124e-06 8.637411e-02)	(6.173576e-03 -2.837761e-06 6.583657e-04)
2532.97       	(3.404065e-01 -1.318536e-05 8.705744e-02)	(3.342330e-01 -1.034189e-05 8.639907e-02)	(6.173571e-03 -2.843474e-06 6.583707e-04)
2532.98       	(3.404160e-01 -1.059381e-05 8.703195e-02)	(3.342425e-01 -7.748797e-06 8.637359e-02)	(6.173576e-03 -2.845017e-06 6.583528e-04)
2532.98       	(3.404065e-01 -1.316360e-05 8.705690e-02)	(3.342329e-01 -1.031289e-05 8.639854e-02)	(6.173571e-03 -2.850717e-06 6.583577e-04)
2532.99       	(3.404160e-01 -1.057395e-05 8.703141e-02)	(3.342424e-01 -7.721701e-06 8.637307e-02)	(6.173575e-03 -2.852250e-06 6.583397e-04)
2532.99       	(3.404065e-01 -1.314141e-05 8.705636e-02)	(3.342329e-01 -1.028347e-05 8.639801e-02)	(6.173571e-03 -2.857935e-06 6.583444e-04)
2533          	(3.404159e-01 -1.055426e-05 8.703087e-02)	(3.342424e-01 -7.694799e-06 8.637255e-02)	(6.173575e-03 -2.859458e-06 6.583263e-04)
2533.01       	(3.404065e-01 -1.311943e-05 8.705580e-02)	(3.342329e-01 -1.025431e-05 8.639747e-02)	(6.173571e-03 -2.865129e-06 6.583309e-04)
2533.01       	(3.404159e-01 -1.053430e-05 8.703032e-02)	(3.342423e-01 -7.667658e-06 8.637201e-02)	(6.173575e-03 -2.866641e-06 6.583126e-04)
2533.02       	(3.404064e-01 -1.309746e-05 8.705524e-02)	(3.342329e-01 -1.022516e-05 8.639693e-02)	(6.173570e-03 -2.872298e-06 6.583171e-04)
2533.02       	(3.404158e-01 -1.051444e-05 8.702977e-02)	(3.342423e-01 -7.640640e-06 8.637147e-02)	(6.173574e-03 -2.873799e-06 6.582988e-04)
2533.03       	(3.404065e-01 -1.307503e-05 8.705468e-02)	(3.342329e-01 -1.019559e-05 8.639637e-02)	(6.173569e-03 -2.879441e-06 6.583031e-04)
2533.03       	(3.404157e-01 -1.049438e-05 8.702921e-02)	(3.342421e-01 -7.613449e-06 8.637092e-02)	(6.173573e-03 -2.880932e-06 6.582847e-04)
2533.04       	(3.404064e-01 -1.305301e-05 8.705410e-02)	(3.342329e-01 -1.016645e-05 8.639581e-02)	(6.173568e-03 -2.886561e-06 6.582889e-04)
2533.04       	(3.404156e-01 -1.047436e-05 8.702864e-02)	(3.342420e-01 -7.586319e-06 8.637037e-02)	(6.173572e-03 -2.888041e-06 6.582703e-04)
2533.05       	(3.404064e-01 -1.303101e-05 8.705352e-02)	(3.342328e-01 -1.013735e-05 8.639525e-02)	(6.173567e-03 -2.893655e-06 6.582744e-04)
2533.05       	(3.404155e-01 -1.045440e-05 8.702806e-02)	(3.342419e-01 -7.559277e-06 8.636981e-02)	(6.173571e-03 -2.895125e-06 6.582558e-04)
2533.06       	(3.404061e-01 -1.300932e-05 8.705294e-02)	(3.342326e-01 -1.010859e-05 8.639468e-02)	(6.173566e-03 -2.900726e-06 6.582598e-04)
2533.06       	(3.404155e-01 -1.043482e-05 8.702748e-02)	(3.342419e-01 -7.532635e-06 8.636924e-02)	(6.173569e-03 -2.902184e-06 6.582410e-04)
2533.07       	(3.404061e-01 -1.298749e-05 8.705234e-02)	(3.342325e-01 -1.007972e-05 8.639410e-02)	(6.173564e-03 -2.907771e-06 6.582449e-04)
2533.07       	(3.404153e-01 -1.041478e-05 8.702690e-02)	(3.342418e-01 -7.505561e-06 8.636867e-02)	(6.173568e-03 -2.909219e-06 6.582261e-04)
2533.08       	(3.404059e-01 -1.296587e-05 8.705174e-02)	(3.342324e-01 -1.005107e-05 8.639351e-02)	(6.173563e-03 -2.914793e-06 6.582299e-04)
2533.08       	(3.404152e-01 -1.039484e-05 8.702631e-02)	(3.342416e-01 -7.478607e-06 8.636809e-02)	(6.173566e-03 -2.916230e-06 6.582109e-04)
2533.09       	(3.404058e-01 -1.294448e-05 8.705114e-02)	(3.342323e-01 -1.002269e-05 8.639293e-02)	(6.173561e-03 -2.921790e-06 6.582146e-04)
2533.09       	(3.404151e-01 -1.037470e-05 8.702571e-02)	(3.342415e-01 -7.451481e-06 8.636751e-02)	(6.173564e-03 -2.923215e-06 6.581955e-04)
2533.1        	(3.404057e-01 -1.292311e-05 8.705053e-02)	(3.342321e-01 -9.994349e-06 8.639233e-02)	(6.173559e-03 -2.928763e-06 6.581991e-04)
2533.1        	(3.404149e-01 -1.035431e-05 8.702511e-02)	(3.342414e-01 -7.424130e-06 8.636693e-02)	(6.173562e-03 -2.930176e-06 6.581800e-04)
2533.11       	(3.404057e-01 -1.290211e-05 8.704992e-02)	(3.342321e-01 -9.966400e-06 8.639174e-02)	(6.173557e-03 -2.935710e-06 6.581835e-04)
2533.11       	(3.404147e-01 -1.033393e-05 8.702450e-02)	(3.342411e-01 -7.396817e-06 8.636633e-02)	(6.173560e-03 -2.937111e-06 6.581643e-04)
2533.12       	(3.404056e-01 -1.288177e-05 8.704931e-02)	(3.342320e-01 -9.939132e-06 8.639114e-02)	(6.173555e-03 -2.942633e-06 6.581677e-04)
2533.12       	(3.404145e-01 -1.031348e-05 8.702388e-02)	(3.342410e-01 -7.369453e-06 8.636574e-02)	(6.173558e-03 -2.944022e-06 6.581484e-04)
2533.13       	(3.404054e-01 -1.286176e-05 8.704869e-02)	(3.342318e-01 -9.912232e-06 8.639054e-02)	(6.173553e-03 -2.949533e-06 6.581517e-04)
2533.13       	(3.404144e-01 -1.029241e-05 8.702326e-02)	(3.342409e-01 -7.341503e-06 8.636513e-02)	(6.173555e-03 -2.950907e-06 6.581323e-04)
2533.14       	(3.404052e-01 -1.284271e-05 8.704808e-02)	(3.342317e-01 -9.886301e-06 8.638994e-02)	(6.173550e-03 -2.956408e-06 6.581356e-04)
2533.15       	(3.404143e-01 -1.027100e-05 8.702263e-02)	(3.342407e-01 -7.313231e-06 8.636451e-02)	(6.173553e-03 -2.957768e-06 6.581161e-04)
2533.15       	(3.404050e-01 -1.282394e-05 8.704746e-02)	(3.342315e-01 -9.860683e-06 8.638934e-02)	(6.173547e-03 -2.963257e-06 6.581193e-04)
2533.16       	(3.404141e-01 -1.024984e-05 8.702200e-02)	(3.342405e-01 -7.285236e-06 8.636390e-02)	(6.173550e-03 -2.964603e-06 6.580997e-04)
2533.16       	(3.404048e-01 -1.280519e-05 8.704684e-02)	(3.342313e-01 -9.835105e-06 8.638873e-02)	(6.173545e-03 -2.970082e-06 6.581028e-04)
2533.17       	(3.404139e-01 -1.022926e-05 8.702138e-02)	(3.342403e-01 -7.257844e-06 8.636330e-02)	(6.173547e-03 -2.971414e-06 6.580832e-04)
2533.17       	(3.404046e-01 -1.278636e-05 8.704620e-02)	(3.342311e-01 -9.809483e-06 8.638811e-02)	(6.173542e-03 -2.976882e-06 6.580862e-04)
2533.18       	(3.404137e-01 -1.020856e-05 8.702076e-02)	(3.342401e-01 -7.230365e-06 8.636269e-02)	(6.173544e-03 -2.978199e-06 6.580665e-04)
2533.18       	(3.403996e-01 -1.276423e-05 8.704592e-02)	(3.342261e-01 -9.781308e-06 8.638785e-02)	(6.173524e-03 -2.982922e-06 6.580643e-04)
2533.19       	(3.404094e-01 -1.018506e-05 8.702029e-02)	(3.342359e-01 -7.201057e-06 8.636225e-02)	(6.173515e-03 -2.984002e-06 6.580407e-04)
2533.19       	(3.404005e-01 -1.273897e-05 8.704488e-02)	(3.342270e-01 -9.749565e-06 8.638684e-02)	(6.173498e-03 -2.989409e-06 6.580399e-04)
2533.2        	(3.404098e-01 -1.015430e-05 8.701926e-02)	(3.342364e-01 -7.163696e-06 8.636124e-02)	(6.173490e-03 -2.990603e-06 6.580166e-04)
2533.2        	(3.404009e-01 -1.272212e-05 8.704383e-02)	(3.342274e-01 -9.726267e-06 8.638582e-02)	(6.173475e-03 -2.995857e-06 6.580159e-04)
2533.21       	(3.404101e-01 -1.013416e-05 8.701822e-02)	(3.342366e-01 -7.137263e-06 8.636023e-02)	(6.173467e-03 -2.996893e-06 6.579928e-04)
2533.21       	(3.404011e-01 -1.270873e-05 8.704278e-02)	(3.342276e-01 -9.706646e-06 8.638479e-02)	(6.173453e-03 -3.002082e-06 6.579926e-04)
2533.22       	(3.404102e-01 -1.011136e-05 8.701720e-02)	(3.342368e-01 -7.108272e-06 8.635923e-02)	(6.173446e-03 -3.003090e-06 6.579701e-04)
2533.22       	(3.404012e-01 -1.269547e-05 8.704176e-02)	(3.342277e-01 -9.687181e-06 8.638379e-02)	(6.173432e-03 -3.008288e-06 6.579705e-04)
2533.23       	(3.404121e-01 -1.034536e-05 8.701627e-02)	(3.342387e-01 -7.335931e-06 8.635832e-02)	(6.173426e-03 -3.009426e-06 6.579485e-04)
2533.23       	(3.404012e-01 -1.266526e-05 8.704081e-02)	(3.342278e-01 -9.650680e-06 8.638286e-02)	(6.173413e-03 -3.014583e-06 6.579490e-04)
2533.24       	(3.404121e-01 -1.032798e-05 8.701537e-02)	(3.342387e-01 -7.312291e-06 8.635745e-02)	(6.173407e-03 -3.015686e-06 6.579269e-04)
2533.24       	(3.404012e-01 -1.264702e-05 8.703993e-02)	(3.342278e-01 -9.626206e-06 8.638200e-02)	(6.173395e-03 -3.020813e-06 6.579272e-04)
2533.25       	(3.404120e-01 -1.031147e-05 8.701453e-02)	(3.342386e-01 -7.289584e-06 8.635662e-02)	(6.173390e-03 -3.021889e-06 6.579047e-04)
2533.25       	(3.404011e-01 -1.262913e-05 8.703909e-02)	(3.342277e-01 -9.602133e-06 8.638118e-02)	(6.173378e-03 -3.026992e-06 6.579046e-04)
2533.26       	(3.404119e-01 -1.029436e-05 8.701372e-02)	(3.342385e-01 -7.266316e-06 8.635584e-02)	(6.173374e-03 -3.028045e-06 6.578819e-04)
2533.26       	(3.404010e-01 -1.261144e-05 8.703829e-02)	(3.342277e-01 -9.578317e-06 8.638041e-02)	(6.173364e-03 -3.033126e-06 6.578816e-04)
2533.27       	(3.404118e-01 -1.027675e-05 8.701296e-02)	(3.342385e-01 -7.242592e-06 8.635510e-02)	(6.173360e-03 -3.034157e-06 6.578588e-04)
2533.27       	(3.404009e-01 -1.259356e-05 8.703753e-02)	(3.342276e-01 -9.554344e-06 8.637967e-02)	(6.173350e-03 -3.039215e-06 6.578585e-04)
2533.28       	(3.404117e-01 -1.025871e-05 8.701224e-02)	(3.342383e-01 -7.218489e-06 8.635440e-02)	(6.173347e-03 -3.040221e-06 6.578356e-04)
2533.28       	(3.404008e-01 -1.257542e-05 8.703681e-02)	(3.342275e-01 -9.530164e-06 8.637898e-02)	(6.173338e-03 -3.045251e-06 6.578354e-04)
2533.29       	(3.404116e-01 -1.024064e-05 8.701156e-02)	(3.342382e-01 -7.194413e-06 8.635375e-02)	(6.173335e-03 -3.046229e-06 6.578128e-04)
2533.3        	(3.404007e-01 -1.255727e-05 8.703614e-02)	(3.342274e-01 -9.506046e-06 8.637832e-02)	(6.173326e-03 -3.051228e-06 6.578127e-04)
2533.3        	(3.404114e-01 -1.022282e-05 8.701092e-02)	(3.342381e-01 -7.170643e-06 8.635313e-02)	(6.173324e-03 -3.052174e-06 6.577904e-04)
2533.31       	(3.404006e-01 -1.253943e-05 8.703550e-02)	(3.342273e-01 -9.482289e-06 8.637771e-02)	(6.173315e-03 -3.057141e-06 6.577906e-04)
2533.31       	(3.404113e-01 -1.020543e-05 8.701032e-02)	(3.342380e-01 -7.147374e-06 8.635255e-02)	(6.173313e-03 -3.058056e-06 6.577685e-04)
2533.32       	(3.404005e-01 -1.252214e-05 8.703488e-02)	(3.342272e-01 -9.459143e-06 8.637711e-02)	(6.173304e-03 -3.062994e-06 6.577691e-04)
2533.32       	(3.404111e-01 -1.018859e-05 8.700974e-02)	(3.342378e-01 -7.124708e-06 8.635199e-02)	(6.173303e-03 -3.063881e-06 6.577473e-04)
2533.33       	(3.404003e-01 -1.250591e-05 8.703428e-02)	(3.342270e-01 -9.437112e-06 8.637653e-02)	(6.173294e-03 -3.068794e-06 6.577481e-04)
2533.33       	(3.404109e-01 -1.017223e-05 8.700918e-02)	(3.342376e-01 -7.102570e-06 8.635145e-02)	(6.173293e-03 -3.069657e-06 6.577266e-04)
2533.34       	(3.404001e-01 -1.249063e-05 8.703369e-02)	(3.342269e-01 -9.416075e-06 8.637597e-02)	(6.173284e-03 -3.074551e-06 6.577276e-04)
2533.34       	(3.404107e-01 -1.015668e-05 8.700864e-02)	(3.342374e-01 -7.081290e-06 8.635093e-02)	(6.173283e-03 -3.075394e-06 6.577063e-04)
2533.35       	(3.403999e-01 -1.247586e-05 8.703313e-02)	(3.342267e-01 -9.395583e-06 8.637542e-02)	(6.173275e-03 -3.080274e-06 6.577076e-04)
2533.35       	(3.404105e-01 -1.014091e-05 8.700812e-02)	(3.342372e-01 -7.059811e-06 8.635043e-02)	(6.173274e-03 -3.081102e-06 6.576865e-04)
2533.36       	(3.403997e-01 -1.246116e-05 8.703259e-02)	(3.342265e-01 -9.375186e-06 8.637490e-02)	(6.173265e-03 -3.085973e-06 6.576878e-04)
2533.36       	(3.404103e-01 -1.012676e-05 8.700761e-02)	(3.342370e-01 -7.039964e-06 8.634994e-02)	(6.173264e-03 -3.086791e-06 6.576669e-04)
2533.37       	(3.403995e-01 -1.244609e-05 8.703206e-02)	(3.342262e-01 -9.354433e-06 8.637440e-02)	(6.173256e-03 -3.091655e-06 6.576683e-04)
2533.37       	(3.404100e-01 -1.011171e-05 8.700710e-02)	(3.342368e-01 -7.019241e-06 8.634946e-02)	(6.173256e-03 -3.092466e-06 6.576475e-04)
2533.38       	(3.403992e-01 -1.243082e-05 8.703156e-02)	(3.342260e-01 -9.333494e-06 8.637391e-02)	(6.173248e-03 -3.097325e-06 6.576490e-04)
2533.38       	(3.404097e-01 -1.009631e-05 8.700662e-02)	(3.342365e-01 -6.998182e-06 8.634899e-02)	(6.173247e-03 -3.098130e-06 6.576282e-04)
2533.39       	(3.403990e-01 -1.241537e-05 8.703107e-02)	(3.342257e-01 -9.312384e-06 8.637344e-02)	(6.173239e-03 -3.102985e-06 6.576298e-04)
2533.39       	(3.404094e-01 -1.008076e-05 8.700615e-02)	(3.342362e-01 -6.976981e-06 8.634854e-02)	(6.173239e-03 -3.103784e-06 6.576090e-04)
2533.4        	(3.403987e-01 -1.239966e-05 8.703059e-02)	(3.342255e-01 -9.291027e-06 8.637298e-02)	(6.173231e-03 -3.108635e-06 6.576106e-04)
2533.4        	(3.404091e-01 -1.006499e-05 8.700569e-02)	(3.342359e-01 -6.955565e-06 8.634810e-02)	(6.173231e-03 -3.109427e-06 6.575899e-04)
2533.41       	(3.403984e-01 -1.238379e-05 8.703013e-02)	(3.342252e-01 -9.269517e-06 8.637254e-02)	(6.173223e-03 -3.114272e-06 6.575916e-04)
2533.41       	(3.404088e-01 -1.004920e-05 8.700525e-02)	(3.342356e-01 -6.934139e-06 8.634768e-02)	(6.173223e-03 -3.115057e-06 6.575709e-04)
2533.42       	(3.403981e-01 -1.236795e-05 8.702969e-02)	(3.342249e-01 -9.248057e-06 8.637211e-02)	(6.173215e-03 -3.119896e-06 6.575726e-04)
2533.42       	(3.404085e-01 -1.003345e-05 8.700482e-02)	(3.342352e-01 -6.912774e-06 8.634727e-02)	(6.173215e-03 -3.120673e-06 6.575520e-04)
2533.43       	(3.403978e-01 -1.235220e-05 8.702926e-02)	(3.342246e-01 -9.226697e-06 8.637170e-02)	(6.173208e-03 -3.125505e-06 6.575538e-04)
2533.44       	(3.404081e-01 -1.001786e-05 8.700442e-02)	(3.342349e-01 -6.891592e-06 8.634689e-02)	(6.173207e-03 -3.126273e-06 6.575333e-04)
2533.44       	(3.403974e-01 -1.233664e-05 8.702885e-02)	(3.342242e-01 -9.205546e-06 8.637131e-02)	(6.173200e-03 -3.131098e-06 6.575351e-04)
2533.45       	(3.404078e-01 -1.000261e-05 8.700403e-02)	(3.342346e-01 -6.870750e-06 8.634652e-02)	(6.173200e-03 -3.131857e-06 6.575147e-04)
2533.45       	(3.403971e-01 -1.232151e-05 8.702846e-02)	(3.342239e-01 -9.184839e-06 8.637094e-02)	(6.173192e-03 -3.136674e-06 6.575166e-04)
2533.46       	(3.404074e-01 -9.987734e-06 8.700366e-02)	(3.342342e-01 -6.850310e-06 8.634616e-02)	(6.173192e-03 -3.137424e-06 6.574963e-04)
2533.46       	(3.403967e-01 -1.230684e-05 8.702808e-02)	(3.342236e-01 -9.164610e-06 8.637058e-02)	(6.173185e-03 -3.142235e-06 6.574983e-04)
2533.47       	(3.404070e-01 -9.973140e-06 8.700330e-02)	(3.342338e-01 -6.830164e-06 8.634582e-02)	(6.173184e-03 -3.142976e-06 6.574781e-04)
2533.47       	(3.403964e-01 -1.229243e-05 8.702771e-02)	(3.342232e-01 -9.144645e-06 8.637023e-02)	(6.173177e-03 -3.147780e-06 6.574802e-04)
2533.48       	(3.404066e-01 -9.958897e-06 8.700296e-02)	(3.342335e-01 -6.810385e-06 8.634550e-02)	(6.173177e-03 -3.148513e-06 6.574602e-04)
2533.48       	(3.403960e-01 -1.227850e-05 8.702736e-02)	(3.342229e-01 -9.125194e-06 8.636990e-02)	(6.173169e-03 -3.153310e-06 6.574624e-04)
2533.49       	(3.404063e-01 -9.944868e-06 8.700263e-02)	(3.342331e-01 -6.790833e-06 8.634519e-02)	(6.173169e-03 -3.154035e-06 6.574425e-04)
2533.49       	(3.403957e-01 -1.226482e-05 8.702702e-02)	(3.342225e-01 -9.105989e-06 8.636957e-02)	(6.173161e-03 -3.158827e-06 6.574449e-04)
2533.5        	(3.404059e-01 -9.930875e-06 8.700231e-02)	(3.342327e-01 -6.771331e-06 8.634489e-02)	(6.173161e-03 -3.159544e-06 6.574251e-04)
2533.5        	(3.403953e-01 -1.225139e-05 8.702668e-02)	(3.342221e-01 -9.087061e-06 8.636925e-02)	(6.173153e-03 -3.164330e-06 6.574276e-04)
2533.51       	(3.404055e-01 -9.916994e-06 8.700200e-02)	(3.342323e-01 -6.751955e-06 8.634460e-02)	(6.173153e-03 -3.165039e-06 6.574080e-04)
2533.51       	(3.403949e-01 -1.223822e-05 8.702635e-02)	(3.342218e-01 -9.068400e-06 8.636894e-02)	(6.173145e-03 -3.169819e-06 6.574106e-04)
2533.52       	(3.404051e-01 -9.903162e-06 8.700170e-02)	(3.342319e-01 -6.732642e-06 8.634431e-02)	(6.173145e-03 -3.170520e-06 6.573912e-04)
2533.52       	(3.403945e-01 -1.222555e-05 8.702602e-02)	(3.342214e-01 -9.050255e-06 8.636862e-02)	(6.173137e-03 -3.175296e-06 6.573939e-04)
2533.53       	(3.404047e-01 -9.889812e-06 8.700140e-02)	(3.342316e-01 -6.713823e-06 8.634403e-02)	(6.173137e-03 -3.175989e-06 6.573746e-04)
2533.53       	(3.403941e-01 -1.221268e-05 8.702568e-02)	(3.342210e-01 -9.031921e-06 8.636830e-02)	(6.173129e-03 -3.180759e-06 6.573774e-04)
2533.54       	(3.404043e-01 -9.876029e-06 8.700110e-02)	(3.342311e-01 -6.694585e-06 8.634375e-02)	(6.173129e-03 -3.181444e-06 6.573582e-04)
2533.54       	(3.403937e-01 -1.220029e-05 8.702534e-02)	(3.342206e-01 -9.014086e-06 8.636798e-02)	(6.173121e-03 -3.186209e-06 6.573612e-04)
2533.55       	(3.404038e-01 -9.862247e-06 8.700080e-02)	(3.342307e-01 -6.675362e-06 8.634346e-02)	(6.173121e-03 -3.186885e-06 6.573421e-04)
2533.55       	(3.403917e-01 -1.233986e-05 8.702487e-02)	(3.342186e-01 -9.147863e-06 8.636752e-02)	(6.173113e-03 -3.191995e-06 6.573452e-04)
2533.56       	(3.404033e-01 -9.850619e-06 8.700050e-02)	(3.342302e-01 -6.658012e-06 8.634317e-02)	(6.173112e-03 -3.192607e-06 6.573262e-04)
2533.56       	(3.403929e-01 -1.217862e-05 8.702463e-02)	(3.342198e-01 -8.981318e-06 8.636730e-02)	(6.173105e-03 -3.197305e-06 6.573293e-04)
2533.57       	(3.404029e-01 -9.839373e-06 8.700017e-02)	(3.342298e-01 -6.641452e-06 8.634286e-02)	(6.173104e-03 -3.197921e-06 6.573105e-04)
2533.58       	(3.403909e-01 -1.231442e-05 8.702416e-02)	(3.342178e-01 -9.111454e-06 8.636684e-02)	(6.173096e-03 -3.202969e-06 6.573137e-04)
2533.58       	(3.404024e-01 -9.829284e-06 8.699983e-02)	(3.342293e-01 -6.625757e-06 8.634253e-02)	(6.173096e-03 -3.203527e-06 6.572950e-04)
2533.59       	(3.403869e-01 -1.215857e-05 8.702433e-02)	(3.342138e-01 -8.950304e-06 8.636704e-02)	(6.173073e-03 -3.208265e-06 6.572946e-04)
2533.59       	(3.403959e-01 -9.800105e-06 8.699964e-02)	(3.342228e-01 -6.591575e-06 8.634237e-02)	(6.173059e-03 -3.208530e-06 6.572726e-04)
2533.6        	(3.403879e-01 -1.215488e-05 8.702352e-02)	(3.342149e-01 -8.942141e-06 8.636625e-02)	(6.173040e-03 -3.212737e-06 6.572721e-04)
2533.6        	(3.403963e-01 -9.807703e-06 8.699890e-02)	(3.342232e-01 -6.594672e-06 8.634165e-02)	(6.173028e-03 -3.213031e-06 6.572498e-04)
2533.61       	(3.403866e-01 -1.228534e-05 8.702262e-02)	(3.342136e-01 -9.067513e-06 8.636537e-02)	(6.173010e-03 -3.217825e-06 6.572495e-04)
2533.61       	(3.403982e-01 -9.818281e-06 8.699821e-02)	(3.342252e-01 -6.600073e-06 8.634098e-02)	(6.172999e-03 -3.218208e-06 6.572276e-04)
2533.62       	(3.403867e-01 -1.226867e-05 8.702187e-02)	(3.342137e-01 -9.045670e-06 8.636465e-02)	(6.172981e-03 -3.223001e-06 6.572280e-04)
2533.62       	(3.403982e-01 -9.814341e-06 8.699753e-02)	(3.342252e-01 -6.590960e-06 8.634033e-02)	(6.172971e-03 -3.223380e-06 6.572068e-04)
2533.63       	(3.403866e-01 -1.225620e-05 8.702115e-02)	(3.342137e-01 -9.028046e-06 8.636395e-02)	(6.172954e-03 -3.228153e-06 6.572078e-04)
2533.63       	(3.403980e-01 -9.809962e-06 8.699688e-02)	(3.342250e-01 -6.581435e-06 8.633970e-02)	(6.172945e-03 -3.228527e-06 6.571871e-04)
2533.64       	(3.403865e-01 -1.224521e-05 8.702047e-02)	(3.342135e-01 -9.011926e-06 8.636328e-02)	(6.172929e-03 -3.233282e-06 6.571884e-04)
2533.64       	(3.403977e-01 -9.804232e-06 8.699627e-02)	(3.342248e-01 -6.570586e-06 8.633910e-02)	(6.172920e-03 -3.233646e-06 6.571680e-04)
2533.65       	(3.403878e-01 -1.209388e-05 8.701991e-02)	(3.342149e-01 -8.855841e-06 8.636274e-02)	(6.172905e-03 -3.238040e-06 6.571693e-04)
2533.65       	(3.403957e-01 -9.780744e-06 8.699568e-02)	(3.342228e-01 -6.542308e-06 8.633853e-02)	(6.172897e-03 -3.238436e-06 6.571491e-04)
2533.66       	(3.403860e-01 -1.222069e-05 8.701918e-02)	(3.342131e-01 -8.977511e-06 8.636203e-02)	(6.172883e-03 -3.243182e-06 6.571503e-04)
2533.66       	(3.403971e-01 -9.788803e-06 8.699514e-02)	(3.342242e-01 -6.545264e-06 8.633801e-02)	(6.172876e-03 -3.243539e-06 6.571298e-04)
2533.67       	(3.403857e-01 -1.221004e-05 8.701860e-02)	(3.342128e-01 -8.961801e-06 8.636147e-02)	(6.172862e-03 -3.248238e-06 6.571310e-04)
2533.67       	(3.403950e-01 -9.769565e-06 8.699461e-02)	(3.342222e-01 -6.521007e-06 8.633750e-02)	(6.172856e-03 -3.248558e-06 6.571105e-04)
2533.68       	(3.403854e-01 -1.219943e-05 8.701804e-02)	(3.342126e-01 -8.946216e-06 8.636093e-02)	(6.172844e-03 -3.253214e-06 6.571116e-04)
2533.68       	(3.403947e-01 -9.767775e-06 8.699412e-02)	(3.342219e-01 -6.514264e-06 8.633703e-02)	(6.172838e-03 -3.253511e-06 6.570912e-04)
2533.69       	(3.403851e-01 -1.218809e-05 8.701752e-02)	(3.342123e-01 -8.929961e-06 8.636042e-02)	(6.172826e-03 -3.258131e-06 6.570923e-04)
2533.69       	(3.403944e-01 -9.767484e-06 8.699366e-02)	(3.342215e-01 -6.509069e-06 8.633658e-02)	(6.172821e-03 -3.258415e-06 6.570721e-04)
2533.7        	(3.403863e-01 -1.204206e-05 8.701711e-02)	(3.342135e-01 -8.779388e-06 8.636004e-02)	(6.172810e-03 -3.262668e-06 6.570734e-04)
2533.7        	(3.403941e-01 -9.766277e-06 8.699323e-02)	(3.342213e-01 -6.503275e-06 8.633618e-02)	(6.172805e-03 -3.263001e-06 6.570535e-04)
2533.71       	(3.403845e-01 -1.216186e-05 8.701654e-02)	(3.342117e-01 -8.894244e-06 8.635949e-02)	(6.172794e-03 -3.267616e-06 6.570550e-04)
2533.72       	(3.403936e-01 -9.765755e-06 8.699282e-02)	(3.342208e-01 -6.497820e-06 8.633579e-02)	(6.172790e-03 -3.267935e-06 6.570355e-04)
2533.72       	(3.403842e-01 -1.214833e-05 8.701608e-02)	(3.342114e-01 -8.875815e-06 8.635904e-02)	(6.172779e-03 -3.272517e-06 6.570374e-04)
2533.73       	(3.403933e-01 -9.769325e-06 8.699242e-02)	(3.342205e-01 -6.496489e-06 8.633541e-02)	(6.172775e-03 -3.272837e-06 6.570182e-04)
2533.73       	(3.403855e-01 -1.214501e-05 8.701565e-02)	(3.342127e-01 -8.867622e-06 8.635863e-02)	(6.172764e-03 -3.277388e-06 6.570204e-04)
2533.74       	(3.403929e-01 -9.776401e-06 8.699203e-02)	(3.342202e-01 -6.498685e-06 8.633503e-02)	(6.172760e-03 -3.277716e-06 6.570016e-04)
2533.74       	(3.403851e-01 -1.212645e-05 8.701523e-02)	(3.342124e-01 -8.844221e-06 8.635823e-02)	(6.172750e-03 -3.282233e-06 6.570040e-04)
2533.75       	(3.403926e-01 -9.785520e-06 8.699165e-02)	(3.342198e-01 -6.502946e-06 8.633467e-02)	(6.172747e-03 -3.282574e-06 6.569856e-04)
2533.75       	(3.403848e-01 -1.210355e-05 8.701483e-02)	(3.342121e-01 -8.816496e-06 8.635784e-02)	(6.172737e-03 -3.287051e-06 6.569883e-04)
2533.76       	(3.403922e-01 -9.796574e-06 8.699128e-02)	(3.342195e-01 -6.509167e-06 8.633431e-02)	(6.172733e-03 -3.287407e-06 6.569701e-04)
2533.76       	(3.403844e-01 -1.208560e-05 8.701443e-02)	(3.342117e-01 -8.793753e-06 8.635746e-02)	(6.172724e-03 -3.291850e-06 6.569731e-04)
2533.77       	(3.403918e-01 -9.798333e-06 8.699092e-02)	(3.342191e-01 -6.506127e-06 8.633397e-02)	(6.172720e-03 -3.292206e-06 6.569551e-04)
2533.77       	(3.403840e-01 -1.207748e-05 8.701404e-02)	(3.342113e-01 -8.780852e-06 8.635708e-02)	(6.172711e-03 -3.296631e-06 6.569582e-04)
2533.78       	(3.403914e-01 -9.794784e-06 8.699058e-02)	(3.342187e-01 -6.497807e-06 8.633364e-02)	(6.172708e-03 -3.296977e-06 6.569403e-04)
2533.78       	(3.403836e-01 -1.207189e-05 8.701366e-02)	(3.342109e-01 -8.770497e-06 8.635672e-02)	(6.172699e-03 -3.301389e-06 6.569436e-04)
2533.79       	(3.403911e-01 -9.791417e-06 8.699025e-02)	(3.342184e-01 -6.489693e-06 8.633332e-02)	(6.172696e-03 -3.301724e-06 6.569259e-04)
2533.79       	(3.403790e-01 -1.184725e-05 8.701405e-02)	(3.342064e-01 -8.540835e-06 8.635712e-02)	(6.172671e-03 -3.306414e-06 6.569250e-04)
2533.8        	(3.403865e-01 -9.820110e-06 8.699004e-02)	(3.342138e-01 -6.513471e-06 8.633313e-02)	(6.172655e-03 -3.306639e-06 6.569036e-04)
2533.8        	(3.403788e-01 -1.195114e-05 8.701293e-02)	(3.342062e-01 -8.641064e-06 8.635603e-02)	(6.172634e-03 -3.310074e-06 6.569036e-04)
2533.81       	(3.403869e-01 -9.824605e-06 8.698925e-02)	(3.342143e-01 -6.514784e-06 8.633237e-02)	(6.172620e-03 -3.309821e-06 6.568826e-04)
2533.81       	(3.403729e-01 -1.203001e-05 8.701258e-02)	(3.342003e-01 -8.717924e-06 8.635571e-02)	(6.172591e-03 -3.312090e-06 6.568792e-04)
2533.82       	(3.403827e-01 -9.810842e-06 8.698857e-02)	(3.342102e-01 -6.499021e-06 8.633172e-02)	(6.172570e-03 -3.311822e-06 6.568548e-04)
2533.82       	(3.403754e-01 -1.201510e-05 8.701116e-02)	(3.342029e-01 -8.698568e-06 8.635431e-02)	(6.172542e-03 -3.316529e-06 6.568516e-04)
2533.83       	(3.403839e-01 -9.749040e-06 8.698754e-02)	(3.342114e-01 -6.431530e-06 8.633072e-02)	(6.172521e-03 -3.317510e-06 6.568277e-04)
2533.83       	(3.403765e-01 -1.198844e-05 8.701017e-02)	(3.342041e-01 -8.665928e-06 8.635334e-02)	(6.172494e-03 -3.322510e-06 6.568251e-04)
2533.84       	(3.403844e-01 -9.736926e-06 8.698667e-02)	(3.342119e-01 -6.413556e-06 8.632986e-02)	(6.172474e-03 -3.323370e-06 6.568022e-04)
2533.84       	(3.403770e-01 -1.199392e-05 8.700929e-02)	(3.342046e-01 -8.665829e-06 8.635249e-02)	(6.172449e-03 -3.328088e-06 6.568004e-04)
2533.85       	(3.403848e-01 -9.751847e-06 8.698589e-02)	(3.342124e-01 -6.423233e-06 8.632911e-02)	(6.172430e-03 -3.328614e-06 6.567782e-04)
2533.85       	(3.403773e-01 -1.200640e-05 8.700853e-02)	(3.342049e-01 -8.673372e-06 8.635175e-02)	(6.172406e-03 -3.333025e-06 6.567771e-04)
2533.86       	(3.403853e-01 -9.759366e-06 8.698521e-02)	(3.342129e-01 -6.426043e-06 8.632846e-02)	(6.172390e-03 -3.333323e-06 6.567555e-04)
2533.87       	(3.403775e-01 -1.200494e-05 8.700788e-02)	(3.342051e-01 -8.667344e-06 8.635113e-02)	(6.172367e-03 -3.337594e-06 6.567549e-04)
2533.87       	(3.403855e-01 -9.752647e-06 8.698466e-02)	(3.342131e-01 -6.414806e-06 8.632793e-02)	(6.172352e-03 -3.337841e-06 6.567337e-04)
2533.88       	(3.403776e-01 -1.199476e-05 8.700734e-02)	(3.342053e-01 -8.652643e-06 8.635061e-02)	(6.172331e-03 -3.342117e-06 6.567334e-04)
2533.88       	(3.403856e-01 -9.744216e-06 8.698422e-02)	(3.342133e-01 -6.401828e-06 8.632751e-02)	(6.172318e-03 -3.342388e-06 6.567124e-04)
2533.89       	(3.403777e-01 -1.198868e-05 8.700691e-02)	(3.342054e-01 -8.641994e-06 8.635020e-02)	(6.172299e-03 -3.346687e-06 6.567121e-04)
2533.89       	(3.403857e-01 -9.741458e-06 8.698389e-02)	(3.342134e-01 -6.394485e-06 8.632720e-02)	(6.172288e-03 -3.346974e-06 6.566912e-04)
2533.9        	(3.403777e-01 -1.198686e-05 8.700659e-02)	(3.342055e-01 -8.635582e-06 8.634990e-02)	(6.172270e-03 -3.351273e-06 6.566910e-04)
2533.9        	(3.403857e-01 -9.739372e-06 8.698367e-02)	(3.342135e-01 -6.387822e-06 8.632700e-02)	(6.172260e-03 -3.351549e-06 6.566701e-04)
2533.91       	(3.403778e-01 -1.198054e-05 8.700637e-02)	(3.342056e-01 -8.624698e-06 8.634970e-02)	(6.172244e-03 -3.355841e-06 6.566700e-04)
2533.91       	(3.403858e-01 -9.730303e-06 8.698353e-02)	(3.342135e-01 -6.374193e-06 8.632688e-02)	(6.172235e-03 -3.356110e-06 6.566495e-04)
2533.92       	(3.403779e-01 -1.197061e-05 8.700621e-02)	(3.342056e-01 -8.610222e-06 8.634956e-02)	(6.172221e-03 -3.360392e-06 6.566497e-04)
2533.92       	(3.403858e-01 -9.720215e-06 8.698346e-02)	(3.342136e-01 -6.359566e-06 8.632683e-02)	(6.172213e-03 -3.360650e-06 6.566296e-04)
2533.93       	(3.403779e-01 -1.196205e-05 8.700612e-02)	(3.342057e-01 -8.597131e-06 8.634949e-02)	(6.172199e-03 -3.364919e-06 6.566303e-04)
2533.93       	(3.403858e-01 -9.712341e-06 8.698345e-02)	(3.342136e-01 -6.347177e-06 8.632684e-02)	(6.172191e-03 -3.365163e-06 6.566107e-04)
2533.94       	(3.403779e-01 -1.195649e-05 8.700608e-02)	(3.342057e-01 -8.587072e-06 8.634947e-02)	(6.172178e-03 -3.369421e-06 6.566121e-04)
2533.94       	(3.403858e-01 -9.708019e-06 8.698348e-02)	(3.342137e-01 -6.338364e-06 8.632689e-02)	(6.172172e-03 -3.369655e-06 6.565932e-04)
2533.95       	(3.403779e-01 -1.195415e-05 8.700608e-02)	(3.342058e-01 -8.580248e-06 8.634948e-02)	(6.172159e-03 -3.373906e-06 6.565952e-04)
2533.95       	(3.403811e-01 -9.638772e-06 8.698371e-02)	(3.342090e-01 -6.261871e-06 8.632713e-02)	(6.172144e-03 -3.376901e-06 6.565764e-04)
2533.96       	(3.403744e-01 -1.201501e-05 8.700621e-02)	(3.342023e-01 -8.633038e-06 8.634963e-02)	(6.172123e-03 -3.381969e-06 6.565768e-04)
2533.96       	(3.403825e-01 -9.782260e-06 8.698353e-02)	(3.342104e-01 -6.399954e-06 8.632698e-02)	(6.172110e-03 -3.382306e-06 6.565568e-04)
2533.97       	(3.403749e-01 -1.203698e-05 8.700585e-02)	(3.342029e-01 -8.650529e-06 8.634929e-02)	(6.172091e-03 -3.386455e-06 6.565577e-04)
2533.97       	(3.403830e-01 -9.785814e-06 8.698328e-02)	(3.342109e-01 -6.399282e-06 8.632674e-02)	(6.172079e-03 -3.386531e-06 6.565386e-04)
2533.98       	(3.403754e-01 -1.203167e-05 8.700556e-02)	(3.342033e-01 -8.641128e-06 8.634902e-02)	(6.172061e-03 -3.390542e-06 6.565403e-04)
2533.98       	(3.403834e-01 -9.778805e-06 8.698309e-02)	(3.342113e-01 -6.388311e-06 8.632657e-02)	(6.172050e-03 -3.390495e-06 6.565219e-04)
2533.99       	(3.403755e-01 -1.202839e-05 8.700535e-02)	(3.342035e-01 -8.633896e-06 8.634882e-02)	(6.172033e-03 -3.394495e-06 6.565242e-04)
2533.99       	(3.403837e-01 -9.775701e-06 8.698295e-02)	(3.342116e-01 -6.381174e-06 8.632644e-02)	(6.172023e-03 -3.394527e-06 6.565064e-04)
2534          	(3.403757e-01 -1.202705e-05 8.700519e-02)	(3.342037e-01 -8.628412e-06 8.634868e-02)	(6.172007e-03 -3.398641e-06 6.565091e-04)
2534.01       	(3.403838e-01 -9.774152e-06 8.698288e-02)	(3.342118e-01 -6.375379e-06 8.632639e-02)	(6.171997e-03 -3.398773e-06 6.564918e-04)
2534.01       	(3.403759e-01 -1.202585e-05 8.700510e-02)	(3.342039e-01 -8.622896e-06 8.634860e-02)	(6.171982e-03 -3.402958e-06 6.564948e-04)
2534.02       	(3.403839e-01 -9.772457e-06 8.698288e-02)	(3.342119e-01 -6.369325e-06 8.632640e-02)	(6.171974e-03 -3.403132e-06 6.564777e-04)
2534.02       	(3.403759e-01 -1.202406e-05 8.700507e-02)	(3.342040e-01 -8.616714e-06 8.634859e-02)	(6.171960e-03 -3.407346e-06 6.564809e-04)
2534.03       	(3.403839e-01 -9.769933e-06 8.698293e-02)	(3.342120e-01 -6.362391e-06 8.632647e-02)	(6.171952e-03 -3.407543e-06 6.564640e-04)
2534.03       	(3.403760e-01 -1.202119e-05 8.700511e-02)	(3.342040e-01 -8.609413e-06 8.634864e-02)	(6.171939e-03 -3.411777e-06 6.564672e-04)
2534.04       	(3.403839e-01 -9.766820e-06 8.698304e-02)	(3.342120e-01 -6.354830e-06 8.632659e-02)	(6.171933e-03 -3.411990e-06 6.564504e-04)
2534.04       	(3.403759e-01 -1.201849e-05 8.700519e-02)	(3.342040e-01 -8.602255e-06 8.634874e-02)	(6.171921e-03 -3.416236e-06 6.564537e-04)
2534.05       	(3.403839e-01 -9.764556e-06 8.698319e-02)	(3.342120e-01 -6.348103e-06 8.632676e-02)	(6.171915e-03 -3.416453e-06 6.564370e-04)
2534.05       	(3.403759e-01 -1.201725e-05 8.700532e-02)	(3.342040e-01 -8.596555e-06 8.634888e-02)	(6.171904e-03 -3.420697e-06 6.564403e-04)
2534.06       	(3.403838e-01 -9.763515e-06 8.698338e-02)	(3.342119e-01 -6.342606e-06 8.632696e-02)	(6.171899e-03 -3.420909e-06 6.564237e-04)
2534.06       	(3.403758e-01 -1.201797e-05 8.700550e-02)	(3.342039e-01 -8.592821e-06 8.634907e-02)	(6.171889e-03 -3.425151e-06 6.564272e-04)
2534.07       	(3.403838e-01 -9.763180e-06 8.698361e-02)	(3.342119e-01 -6.337820e-06 8.632720e-02)	(6.171885e-03 -3.425360e-06 6.564109e-04)
2534.07       	(3.403757e-01 -1.201993e-05 8.700572e-02)	(3.342038e-01 -8.590322e-06 8.634931e-02)	(6.171874e-03 -3.429606e-06 6.564147e-04)
2534.08       	(3.403837e-01 -9.763166e-06 8.698387e-02)	(3.342118e-01 -6.333349e-06 8.632747e-02)	(6.171870e-03 -3.429818e-06 6.563987e-04)
2534.08       	(3.403755e-01 -1.202261e-05 8.700599e-02)	(3.342037e-01 -8.588533e-06 8.634958e-02)	(6.171861e-03 -3.434073e-06 6.564029e-04)
2534.09       	(3.403836e-01 -9.763442e-06 8.698415e-02)	(3.342118e-01 -6.329150e-06 8.632776e-02)	(6.171857e-03 -3.434292e-06 6.563873e-04)
2534.09       	(3.403753e-01 -1.202570e-05 8.700630e-02)	(3.342035e-01 -8.587137e-06 8.634991e-02)	(6.171847e-03 -3.438560e-06 6.563920e-04)
2534.1        	(3.403790e-01 -9.733287e-06 8.698469e-02)	(3.342071e-01 -6.297249e-06 8.632831e-02)	(6.171836e-03 -3.436037e-06 6.563749e-04)
2534.1        	(3.403681e-01 -1.212387e-05 8.700670e-02)	(3.341963e-01 -8.683801e-06 8.635032e-02)	(6.171810e-03 -3.440065e-06 6.563760e-04)
2534.11       	(3.403725e-01 -9.715081e-06 8.698452e-02)	(3.342007e-01 -6.274895e-06 8.632817e-02)	(6.171787e-03 -3.440186e-06 6.563531e-04)
2534.11       	(3.403622e-01 -1.201910e-05 8.700623e-02)	(3.341905e-01 -8.576728e-06 8.634988e-02)	(6.171755e-03 -3.442375e-06 6.563500e-04)
2534.12       	(3.403679e-01 -9.807272e-06 8.698371e-02)	(3.341961e-01 -6.365269e-06 8.632738e-02)	(6.171726e-03 -3.442003e-06 6.563263e-04)
2534.12       	(3.403587e-01 -1.197350e-05 8.700547e-02)	(3.341871e-01 -8.528984e-06 8.634915e-02)	(6.171686e-03 -3.444514e-06 6.563187e-04)
2534.13       	(3.403651e-01 -9.726901e-06 8.698291e-02)	(3.341935e-01 -6.289867e-06 8.632662e-02)	(6.171639e-03 -3.437034e-06 6.562875e-04)
2534.13       	(3.403536e-01 -1.238396e-05 8.700429e-02)	(3.341820e-01 -8.942158e-06 8.634802e-02)	(6.171596e-03 -3.441799e-06 6.562724e-04)
2534.14       	(3.403666e-01 -1.001540e-05 8.698123e-02)	(3.341950e-01 -6.573356e-06 8.632498e-02)	(6.171564e-03 -3.442043e-06 6.562510e-04)
2534.15       	(3.403563e-01 -1.208719e-05 8.700388e-02)	(3.341848e-01 -8.642081e-06 8.634763e-02)	(6.171514e-03 -3.445110e-06 6.562454e-04)
2534.15       	(3.403665e-01 -9.875147e-06 8.697987e-02)	(3.341950e-01 -6.430034e-06 8.632366e-02)	(6.171471e-03 -3.445113e-06 6.562159e-04)
2534.16       	(3.403572e-01 -1.210294e-05 8.700314e-02)	(3.341858e-01 -8.653645e-06 8.634693e-02)	(6.171421e-03 -3.449294e-06 6.562085e-04)
2534.16       	(3.403696e-01 -9.893736e-06 8.697826e-02)	(3.341983e-01 -6.444007e-06 8.632208e-02)	(6.171381e-03 -3.449728e-06 6.561799e-04)
2534.17       	(3.403583e-01 -1.211373e-05 8.700295e-02)	(3.341869e-01 -8.659333e-06 8.634678e-02)	(6.171336e-03 -3.454398e-06 6.561745e-04)
2534.17       	(3.403723e-01 -9.896777e-06 8.697673e-02)	(3.342010e-01 -6.441702e-06 8.632059e-02)	(6.171303e-03 -3.455075e-06 6.561459e-04)
2534.18       	(3.403592e-01 -1.210796e-05 8.700317e-02)	(3.341879e-01 -8.648437e-06 8.634703e-02)	(6.171263e-03 -3.459519e-06 6.561412e-04)
2534.18       	(3.403739e-01 -9.896551e-06 8.697589e-02)	(3.342027e-01 -6.436984e-06 8.631978e-02)	(6.171237e-03 -3.459568e-06 6.561119e-04)
2534.19       	(3.403603e-01 -1.210940e-05 8.700301e-02)	(3.341891e-01 -8.646180e-06 8.634690e-02)	(6.171203e-03 -3.463221e-06 6.561069e-04)
2534.19       	(3.403751e-01 -9.898879e-06 8.697576e-02)	(3.342039e-01 -6.436367e-06 8.631968e-02)	(6.171181e-03 -3.462512e-06 6.560774e-04)
2534.2        	(3.403613e-01 -1.211826e-05 8.700296e-02)	(3.341901e-01 -8.652706e-06 8.634689e-02)	(6.171152e-03 -3.465549e-06 6.560726e-04)
2534.2        	(3.403760e-01 -9.917760e-06 8.697589e-02)	(3.342048e-01 -6.453351e-06 8.631985e-02)	(6.171135e-03 -3.464409e-06 6.560438e-04)
2534.21       	(3.403622e-01 -1.214378e-05 8.700313e-02)	(3.341911e-01 -8.676582e-06 8.634709e-02)	(6.171109e-03 -3.467196e-06 6.560401e-04)
2534.21       	(3.403767e-01 -9.956410e-06 8.697625e-02)	(3.342056e-01 -6.490424e-06 8.632024e-02)	(6.171095e-03 -3.465986e-06 6.560128e-04)
2534.22       	(3.403630e-01 -1.218515e-05 8.700350e-02)	(3.341919e-01 -8.716294e-06 8.634749e-02)	(6.171072e-03 -3.468851e-06 6.560110e-04)
2534.22       	(3.403774e-01 -1.000526e-05 8.697679e-02)	(3.342063e-01 -6.537398e-06 8.632080e-02)	(6.171059e-03 -3.467867e-06 6.559860e-04)
2534.23       	(3.403636e-01 -1.222476e-05 8.700402e-02)	(3.341926e-01 -8.753713e-06 8.634804e-02)	(6.171038e-03 -3.471050e-06 6.559865e-04)
2534.23       	(3.403779e-01 -1.004624e-05 8.697747e-02)	(3.342068e-01 -6.575781e-06 8.632151e-02)	(6.171027e-03 -3.470461e-06 6.559642e-04)
2534.24       	(3.403642e-01 -1.224573e-05 8.700467e-02)	(3.341932e-01 -8.771682e-06 8.634871e-02)	(6.171007e-03 -3.474049e-06 6.559674e-04)
2534.24       	(3.403782e-01 -1.006718e-05 8.697827e-02)	(3.342072e-01 -6.593314e-06 8.632232e-02)	(6.170997e-03 -3.473865e-06 6.559478e-04)
2534.25       	(3.403645e-01 -1.224766e-05 8.700542e-02)	(3.341936e-01 -8.769841e-06 8.634947e-02)	(6.170977e-03 -3.477816e-06 6.559535e-04)
2534.25       	(3.403783e-01 -1.005143e-05 8.697918e-02)	(3.342074e-01 -6.573469e-06 8.632325e-02)	(6.170968e-03 -3.477956e-06 6.559362e-04)
2534.26       	(3.403648e-01 -1.221886e-05 8.700624e-02)	(3.341938e-01 -8.736694e-06 8.635029e-02)	(6.170950e-03 -3.482165e-06 6.559439e-04)
2534.26       	(3.403784e-01 -1.001476e-05 8.698017e-02)	(3.342074e-01 -6.532264e-06 8.632425e-02)	(6.170941e-03 -3.482497e-06 6.559285e-04)
2534.27       	(3.403649e-01 -1.217170e-05 8.700713e-02)	(3.341939e-01 -8.684877e-06 8.635120e-02)	(6.170924e-03 -3.486819e-06 6.559377e-04)
2534.27       	(3.403783e-01 -9.967177e-06 8.698122e-02)	(3.342073e-01 -6.479970e-06 8.632530e-02)	(6.170916e-03 -3.487206e-06 6.559235e-04)
2534.28       	(3.403648e-01 -1.211673e-05 8.700813e-02)	(3.341939e-01 -8.625206e-06 8.635220e-02)	(6.170899e-03 -3.491519e-06 6.559335e-04)
2534.28       	(3.403781e-01 -9.922700e-06 8.698232e-02)	(3.342072e-01 -6.430837e-06 8.632640e-02)	(6.170893e-03 -3.491863e-06 6.559201e-04)
2534.29       	(3.403645e-01 -1.207635e-05 8.700920e-02)	(3.341937e-01 -8.580270e-06 8.635327e-02)	(6.170877e-03 -3.496085e-06 6.559305e-04)
2534.3        	(3.403778e-01 -9.899251e-06 8.698347e-02)	(3.342069e-01 -6.402916e-06 8.632756e-02)	(6.170872e-03 -3.496336e-06 6.559173e-04)
2534.3        	(3.403643e-01 -1.205007e-05 8.701034e-02)	(3.341934e-01 -8.549628e-06 8.635441e-02)	(6.170857e-03 -3.500447e-06 6.559278e-04)
2534.31       	(3.403774e-01 -9.892848e-06 8.698470e-02)	(3.342065e-01 -6.392239e-06 8.632878e-02)	(6.170853e-03 -3.500609e-06 6.559146e-04)
2534.31       	(3.403639e-01 -1.204692e-05 8.701155e-02)	(3.341931e-01 -8.542291e-06 8.635562e-02)	(6.170840e-03 -3.504627e-06 6.559250e-04)
2534.32       	(3.403770e-01 -9.911728e-06 8.698599e-02)	(3.342061e-01 -6.406996e-06 8.633008e-02)	(6.170836e-03 -3.504731e-06 6.559117e-04)
2534.32       	(3.403635e-01 -1.206955e-05 8.701283e-02)	(3.341927e-01 -8.560850e-06 8.635690e-02)	(6.170824e-03 -3.508700e-06 6.559220e-04)
2534.33       	(3.403766e-01 -9.953728e-06 8.698736e-02)	(3.342057e-01 -6.444930e-06 8.633146e-02)	(6.170822e-03 -3.508797e-06 6.559086e-04)
2534.33       	(3.403632e-01 -1.211445e-05 8.701418e-02)	(3.341924e-01 -8.601678e-06 8.635826e-02)	(6.170810e-03 -3.512771e-06 6.559189e-04)
2534.34       	(3.403762e-01 -1.001251e-05 8.698882e-02)	(3.342053e-01 -6.499601e-06 8.633291e-02)	(6.170808e-03 -3.512907e-06 6.559057e-04)
2534.34       	(3.403628e-01 -1.217241e-05 8.701561e-02)	(3.341920e-01 -8.655484e-06 8.635970e-02)	(6.170798e-03 -3.516927e-06 6.559161e-04)
2534.35       	(3.403758e-01 -1.007971e-05 8.699035e-02)	(3.342050e-01 -6.562573e-06 8.633445e-02)	(6.170796e-03 -3.517135e-06 6.559031e-04)
2534.35       	(3.403625e-01 -1.223423e-05 8.701712e-02)	(3.341917e-01 -8.713006e-06 8.636120e-02)	(6.170786e-03 -3.521222e-06 6.559138e-04)
2534.36       	(3.403754e-01 -1.014774e-05 8.699197e-02)	(3.342046e-01 -6.626229e-06 8.633607e-02)	(6.170784e-03 -3.521515e-06 6.559013e-04)
2534.36       	(3.403622e-01 -1.229052e-05 8.701869e-02)	(3.341915e-01 -8.764850e-06 8.636278e-02)	(6.170774e-03 -3.525672e-06 6.559125e-04)
2534.37       	(3.403751e-01 -1.020837e-05 8.699367e-02)	(3.342043e-01 -6.682325e-06 8.633777e-02)	(6.170772e-03 -3.526045e-06 6.559007e-04)
2534.37       	(3.403620e-01 -1.233518e-05 8.702033e-02)	(3.341913e-01 -8.804923e-06 8.636441e-02)	(6.170762e-03 -3.530255e-06 6.559125e-04)
2534.38       	(3.403748e-01 -1.025705e-05 8.699543e-02)	(3.342041e-01 -6.726363e-06 8.633953e-02)	(6.170760e-03 -3.530688e-06 6.559014e-04)
2534.38       	(3.403619e-01 -1.236495e-05 8.702200e-02)	(3.341911e-01 -8.830022e-06 8.636609e-02)	(6.170749e-03 -3.534926e-06 6.559139e-04)
2534.39       	(3.403746e-01 -1.029143e-05 8.699725e-02)	(3.342039e-01 -6.756039e-06 8.634135e-02)	(6.170747e-03 -3.535394e-06 6.559037e-04)
2534.39       	(3.403618e-01 -1.238004e-05 8.702369e-02)	(3.341910e-01 -8.840404e-06 8.636778e-02)	(6.170736e-03 -3.539631e-06 6.559170e-04)
2534.4        	(3.403744e-01 -1.031527e-05 8.699911e-02)	(3.342037e-01 -6.775161e-06 8.634321e-02)	(6.170733e-03 -3.540109e-06 6.559078e-04)
2534.4        	(3.403618e-01 -1.238341e-05 8.702538e-02)	(3.341910e-01 -8.839096e-06 8.636946e-02)	(6.170722e-03 -3.544316e-06 6.559219e-04)
2534.41       	(3.403743e-01 -1.032923e-05 8.700101e-02)	(3.342035e-01 -6.784445e-06 8.634509e-02)	(6.170719e-03 -3.544782e-06 6.559136e-04)
2534.41       	(3.403618e-01 -1.237720e-05 8.702703e-02)	(3.341911e-01 -8.828261e-06 8.637110e-02)	(6.170707e-03 -3.548939e-06 6.559285e-04)
2534.42       	(3.403742e-01 -1.033801e-05 8.700290e-02)	(3.342035e-01 -6.788632e-06 8.634698e-02)	(6.170704e-03 -3.549379e-06 6.559211e-04)
2534.42       	(3.403619e-01 -1.236602e-05 8.702861e-02)	(3.341912e-01 -8.812545e-06 8.637267e-02)	(6.170692e-03 -3.553477e-06 6.559367e-04)
2534.43       	(3.403740e-01 -1.033813e-05 8.700480e-02)	(3.342033e-01 -6.784248e-06 8.634887e-02)	(6.170689e-03 -3.553881e-06 6.559304e-04)
2534.44       	(3.403620e-01 -1.235836e-05 8.703008e-02)	(3.341913e-01 -8.800431e-06 8.637413e-02)	(6.170677e-03 -3.557929e-06 6.559465e-04)
2534.44       	(3.403725e-01 -1.027388e-05 8.700704e-02)	(3.342019e-01 -6.716330e-06 8.635109e-02)	(6.170673e-03 -3.557546e-06 6.559446e-04)
2534.45       	(3.403622e-01 -1.229900e-05 8.703167e-02)	(3.341915e-01 -8.738398e-06 8.637570e-02)	(6.170663e-03 -3.560606e-06 6.559638e-04)
2534.45       	(3.403734e-01 -1.031815e-05 8.700881e-02)	(3.342027e-01 -6.758287e-06 8.635285e-02)	(6.170659e-03 -3.559859e-06 6.559611e-04)
2534.46       	(3.403627e-01 -1.230362e-05 8.703260e-02)	(3.341920e-01 -8.740946e-06 8.637662e-02)	(6.170649e-03 -3.562671e-06 6.559786e-04)
2534.46       	(3.403731e-01 -1.036063e-05 8.701061e-02)	(3.342024e-01 -6.798480e-06 8.635463e-02)	(6.170645e-03 -3.562149e-06 6.559753e-04)
2534.47       	(3.403632e-01 -1.231923e-05 8.703327e-02)	(3.341925e-01 -8.753790e-06 8.637728e-02)	(6.170635e-03 -3.565443e-06 6.559919e-04)
2534.47       	(3.403726e-01 -1.039581e-05 8.701249e-02)	(3.342019e-01 -6.830439e-06 8.635650e-02)	(6.170631e-03 -3.565371e-06 6.559891e-04)
2534.48       	(3.403641e-01 -1.233675e-05 8.703358e-02)	(3.341935e-01 -8.767873e-06 8.637758e-02)	(6.170621e-03 -3.568874e-06 6.560052e-04)
2534.48       	(3.403715e-01 -1.043165e-05 8.701457e-02)	(3.342008e-01 -6.862704e-06 8.635856e-02)	(6.170616e-03 -3.568947e-06 6.560035e-04)
2534.49       	(3.403654e-01 -1.235872e-05 8.703366e-02)	(3.341948e-01 -8.786196e-06 8.637764e-02)	(6.170608e-03 -3.572521e-06 6.560191e-04)
2534.49       	(3.403705e-01 -1.046183e-05 8.701613e-02)	(3.341999e-01 -6.889076e-06 8.636011e-02)	(6.170604e-03 -3.572749e-06 6.560185e-04)
2534.5        	(3.403658e-01 -1.237428e-05 8.703430e-02)	(3.341952e-01 -8.797813e-06 8.637826e-02)	(6.170596e-03 -3.576470e-06 6.560342e-04)
2534.5        	(3.403703e-01 -1.049406e-05 8.701704e-02)	(3.341998e-01 -6.917158e-06 8.636101e-02)	(6.170592e-03 -3.576900e-06 6.560339e-04)
2534.51       	(3.403658e-01 -1.238639e-05 8.703494e-02)	(3.341952e-01 -8.805604e-06 8.637889e-02)	(6.170585e-03 -3.580787e-06 6.560496e-04)
2534.51       	(3.403702e-01 -1.051956e-05 8.701778e-02)	(3.341996e-01 -6.938158e-06 8.636173e-02)	(6.170582e-03 -3.581403e-06 6.560494e-04)
2534.52       	(3.403658e-01 -1.239101e-05 8.703542e-02)	(3.341952e-01 -8.805579e-06 8.637936e-02)	(6.170575e-03 -3.585429e-06 6.560649e-04)
2534.52       	(3.403700e-01 -1.053678e-05 8.701836e-02)	(3.341995e-01 -6.950589e-06 8.636229e-02)	(6.170572e-03 -3.586195e-06 6.560645e-04)
2534.53       	(3.403657e-01 -1.238887e-05 8.703577e-02)	(3.341951e-01 -8.798543e-06 8.637969e-02)	(6.170566e-03 -3.590328e-06 6.560797e-04)
2534.53       	(3.403698e-01 -1.054421e-05 8.701876e-02)	(3.341992e-01 -6.952994e-06 8.636268e-02)	(6.170562e-03 -3.591212e-06 6.560789e-04)
2534.54       	(3.403655e-01 -1.237717e-05 8.703598e-02)	(3.341950e-01 -8.781755e-06 8.637988e-02)	(6.170556e-03 -3.595418e-06 6.560935e-04)
2534.54       	(3.403695e-01 -1.054221e-05 8.701900e-02)	(3.341990e-01 -6.945829e-06 8.636291e-02)	(6.170553e-03 -3.596378e-06 6.560923e-04)
2534.55       	(3.403653e-01 -1.235864e-05 8.703605e-02)	(3.341947e-01 -8.758027e-06 8.637994e-02)	(6.170546e-03 -3.600615e-06 6.561063e-04)
2534.55       	(3.403692e-01 -1.053385e-05 8.701910e-02)	(3.341987e-01 -6.932235e-06 8.636300e-02)	(6.170543e-03 -3.601614e-06 6.561046e-04)
2534.56       	(3.403650e-01 -1.233410e-05 8.703600e-02)	(3.341945e-01 -8.728248e-06 8.637988e-02)	(6.170536e-03 -3.605853e-06 6.561180e-04)
2534.56       	(3.403688e-01 -1.052087e-05 8.701907e-02)	(3.341983e-01 -6.914001e-06 8.636296e-02)	(6.170533e-03 -3.606868e-06 6.561157e-04)
2534.57       	(3.403647e-01 -1.230603e-05 8.703584e-02)	(3.341942e-01 -8.694931e-06 8.637971e-02)	(6.170527e-03 -3.611097e-06 6.561286e-04)
2534.58       	(3.403684e-01 -1.050434e-05 8.701894e-02)	(3.341979e-01 -6.892217e-06 8.636281e-02)	(6.170523e-03 -3.612122e-06 6.561260e-04)
2534.58       	(3.403642e-01 -1.220444e-05 8.703593e-02)	(3.341936e-01 -8.587181e-06 8.637980e-02)	(6.170512e-03 -3.617260e-06 6.561336e-04)
2534.59       	(3.403677e-01 -1.043605e-05 8.701898e-02)	(3.341972e-01 -6.817880e-06 8.636285e-02)	(6.170505e-03 -3.618166e-06 6.561261e-04)
2534.59       	(3.403637e-01 -1.219411e-05 8.703547e-02)	(3.341933e-01 -8.572222e-06 8.637933e-02)	(6.170494e-03 -3.621884e-06 6.561344e-04)
2534.6        	(3.403673e-01 -1.042450e-05 8.701854e-02)	(3.341968e-01 -6.802210e-06 8.636241e-02)	(6.170487e-03 -3.622293e-06 6.561281e-04)
2534.6        	(3.403634e-01 -1.217008e-05 8.703496e-02)	(3.341929e-01 -8.544187e-06 8.637882e-02)	(6.170477e-03 -3.625896e-06 6.561376e-04)
2534.61       	(3.403669e-01 -1.040600e-05 8.701806e-02)	(3.341964e-01 -6.779593e-06 8.636193e-02)	(6.170471e-03 -3.626405e-06 6.561322e-04)
2534.61       	(3.403631e-01 -1.214082e-05 8.703442e-02)	(3.341926e-01 -8.510734e-06 8.637828e-02)	(6.170462e-03 -3.630084e-06 6.561422e-04)
2534.62       	(3.403664e-01 -1.038206e-05 8.701755e-02)	(3.341960e-01 -6.751371e-06 8.636141e-02)	(6.170456e-03 -3.630689e-06 6.561372e-04)
2534.62       	(3.403627e-01 -1.211209e-05 8.703385e-02)	(3.341923e-01 -8.477603e-06 8.637770e-02)	(6.170447e-03 -3.634484e-06 6.561473e-04)
2534.63       	(3.403660e-01 -1.034624e-05 8.701703e-02)	(3.341956e-01 -6.711010e-06 8.636089e-02)	(6.170441e-03 -3.635229e-06 6.561422e-04)
2534.63       	(3.403624e-01 -1.208056e-05 8.703326e-02)	(3.341920e-01 -8.441374e-06 8.637711e-02)	(6.170432e-03 -3.639183e-06 6.561520e-04)
2534.64       	(3.403656e-01 -1.029823e-05 8.701650e-02)	(3.341952e-01 -6.658185e-06 8.636035e-02)	(6.170425e-03 -3.640044e-06 6.561465e-04)
2534.64       	(3.403621e-01 -1.204545e-05 8.703266e-02)	(3.341917e-01 -8.401338e-06 8.637650e-02)	(6.170416e-03 -3.644108e-06 6.561559e-04)
2534.65       	(3.403652e-01 -1.023810e-05 8.701596e-02)	(3.341948e-01 -6.593085e-06 8.635981e-02)	(6.170410e-03 -3.645010e-06 6.561503e-04)
2534.65       	(3.403618e-01 -1.200428e-05 8.703204e-02)	(3.341914e-01 -8.355157e-06 8.637588e-02)	(6.170401e-03 -3.649123e-06 6.561594e-04)
2534.66       	(3.403648e-01 -1.016885e-05 8.701544e-02)	(3.341944e-01 -6.518845e-06 8.635928e-02)	(6.170395e-03 -3.650008e-06 6.561535e-04)
2534.66       	(3.403615e-01 -1.195527e-05 8.703141e-02)	(3.341911e-01 -8.301148e-06 8.637525e-02)	(6.170386e-03 -3.654119e-06 6.561625e-04)
2534.67       	(3.403645e-01 -1.009245e-05 8.701492e-02)	(3.341941e-01 -6.437511e-06 8.635876e-02)	(6.170380e-03 -3.654936e-06 6.561566e-04)
2534.67       	(3.403613e-01 -1.190215e-05 8.703077e-02)	(3.341909e-01 -8.243160e-06 8.637461e-02)	(6.170372e-03 -3.658995e-06 6.561653e-04)
2534.68       	(3.403641e-01 -1.001912e-05 8.701443e-02)	(3.341937e-01 -6.359404e-06 8.635827e-02)	(6.170366e-03 -3.659718e-06 6.561595e-04)
2534.68       	(3.403611e-01 -1.184430e-05 8.703014e-02)	(3.341907e-01 -8.180592e-06 8.637397e-02)	(6.170358e-03 -3.663705e-06 6.561682e-04)
2534.69       	(3.403637e-01 -9.948624e-06 8.701396e-02)	(3.341933e-01 -6.284289e-06 8.635780e-02)	(6.170353e-03 -3.664335e-06 6.561625e-04)
2534.69       	(3.403609e-01 -1.178332e-05 8.702950e-02)	(3.341906e-01 -8.115079e-06 8.637333e-02)	(6.170346e-03 -3.668246e-06 6.561713e-04)
2534.7        	(3.403628e-01 -9.977355e-06 8.701386e-02)	(3.341925e-01 -6.309305e-06 8.635769e-02)	(6.170345e-03 -3.668051e-06 6.561711e-04)
2534.7        	(3.403606e-01 -1.176372e-05 8.702912e-02)	(3.341903e-01 -8.091982e-06 8.637294e-02)	(6.170342e-03 -3.671735e-06 6.561835e-04)
2534.71       	(3.403626e-01 -9.810964e-06 8.701339e-02)	(3.341922e-01 -6.138334e-06 8.635721e-02)	(6.170341e-03 -3.672630e-06 6.561808e-04)
2534.72       	(3.403606e-01 -1.162689e-05 8.702840e-02)	(3.341902e-01 -7.950269e-06 8.637221e-02)	(6.170338e-03 -3.676617e-06 6.561912e-04)
2534.72       	(3.403624e-01 -9.787049e-06 8.701303e-02)	(3.341920e-01 -6.109857e-06 8.635684e-02)	(6.170336e-03 -3.677192e-06 6.561874e-04)
2534.73       	(3.403607e-01 -1.157959e-05 8.702768e-02)	(3.341904e-01 -7.898624e-06 8.637148e-02)	(6.170331e-03 -3.680963e-06 6.561967e-04)
2534.73       	(3.403621e-01 -9.769581e-06 8.701276e-02)	(3.341918e-01 -6.088028e-06 8.635657e-02)	(6.170328e-03 -3.681552e-06 6.561924e-04)
2534.74       	(3.403609e-01 -1.151200e-05 8.702696e-02)	(3.341906e-01 -7.826794e-06 8.637076e-02)	(6.170323e-03 -3.685209e-06 6.562010e-04)
2534.74       	(3.403618e-01 -9.760789e-06 8.701263e-02)	(3.341915e-01 -6.075054e-06 8.635643e-02)	(6.170320e-03 -3.685735e-06 6.561966e-04)
2534.75       	(3.403613e-01 -1.144020e-05 8.702621e-02)	(3.341910e-01 -7.750981e-06 8.637000e-02)	(6.170315e-03 -3.689215e-06 6.562046e-04)
2534.75       	(3.403614e-01 -9.762626e-06 8.701263e-02)	(3.341911e-01 -6.072871e-06 8.635643e-02)	(6.170312e-03 -3.689755e-06 6.562004e-04)
2534.76       	(3.403617e-01 -1.135061e-05 8.702540e-02)	(3.341914e-01 -7.657485e-06 8.636919e-02)	(6.170308e-03 -3.693128e-06 6.562080e-04)
2534.76       	(3.403609e-01 -9.772976e-06 8.701280e-02)	(3.341906e-01 -6.079195e-06 8.635660e-02)	(6.170305e-03 -3.693780e-06 6.562043e-04)
2534.77       	(3.403624e-01 -1.124386e-05 8.702451e-02)	(3.341921e-01 -7.546800e-06 8.636830e-02)	(6.170302e-03 -3.697062e-06 6.562113e-04)
2534.77       	(3.403605e-01 -9.801340e-06 8.701316e-02)	(3.341902e-01 -6.103469e-06 8.635696e-02)	(6.170299e-03 -3.697871e-06 6.562081e-04)
2534.78       	(3.403630e-01 -1.113076e-05 8.702366e-02)	(3.341927e-01 -7.429719e-06 8.636744e-02)	(6.170297e-03 -3.701041e-06 6.562145e-04)
2534.78       	(3.403608e-01 -9.718673e-06 8.701374e-02)	(3.341905e-01 -6.015847e-06 8.635754e-02)	(6.170287e-03 -3.702826e-06 6.562056e-04)
2534.79       	(3.403634e-01 -1.099630e-05 8.702329e-02)	(3.341931e-01 -7.290904e-06 8.636708e-02)	(6.170279e-03 -3.705394e-06 6.562067e-04)
2534.79       	(3.403596e-01 -9.858399e-06 8.701380e-02)	(3.341894e-01 -6.152937e-06 8.635760e-02)	(6.170270e-03 -3.705462e-06 6.562005e-04)
2534.8        	(3.403638e-01 -1.101313e-05 8.702277e-02)	(3.341936e-01 -7.305239e-06 8.636657e-02)	(6.170264e-03 -3.707891e-06 6.562033e-04)
2534.8        	(3.403598e-01 -9.830407e-06 8.701374e-02)	(3.341895e-01 -6.121902e-06 8.635754e-02)	(6.170256e-03 -3.708505e-06 6.561985e-04)
2534.81       	(3.403641e-01 -1.092869e-05 8.702247e-02)	(3.341939e-01 -7.217670e-06 8.636627e-02)	(6.170252e-03 -3.711019e-06 6.562019e-04)
2534.81       	(3.403601e-01 -9.779880e-06 8.701365e-02)	(3.341898e-01 -6.068434e-06 8.635746e-02)	(6.170246e-03 -3.711446e-06 6.561977e-04)
2534.82       	(3.403643e-01 -1.088131e-05 8.702233e-02)	(3.341941e-01 -7.167452e-06 8.636613e-02)	(6.170243e-03 -3.713853e-06 6.562015e-04)
2534.82       	(3.403604e-01 -9.739203e-06 8.701358e-02)	(3.341901e-01 -6.024847e-06 8.635738e-02)	(6.170238e-03 -3.714356e-06 6.561975e-04)
2534.83       	(3.403647e-01 -1.084261e-05 8.702225e-02)	(3.341944e-01 -7.125686e-06 8.636605e-02)	(6.170236e-03 -3.716921e-06 6.562014e-04)
2534.83       	(3.403607e-01 -9.704076e-06 8.701356e-02)	(3.341905e-01 -5.986511e-06 8.635736e-02)	(6.170232e-03 -3.717566e-06 6.561976e-04)
2534.84       	(3.403638e-01 -1.088679e-05 8.702253e-02)	(3.341936e-01 -7.167002e-06 8.636633e-02)	(6.170232e-03 -3.719785e-06 6.562060e-04)
2534.84       	(3.403609e-01 -9.714168e-06 8.701382e-02)	(3.341907e-01 -5.993395e-06 8.635761e-02)	(6.170229e-03 -3.720773e-06 6.562060e-04)
2534.85       	(3.403651e-01 -1.079216e-05 8.702244e-02)	(3.341949e-01 -7.068629e-06 8.636623e-02)	(6.170231e-03 -3.723534e-06 6.562129e-04)
2534.85       	(3.403613e-01 -9.648119e-06 8.701385e-02)	(3.341911e-01 -5.924113e-06 8.635764e-02)	(6.170230e-03 -3.724007e-06 6.562113e-04)
2534.86       	(3.403657e-01 -1.076044e-05 8.702246e-02)	(3.341954e-01 -7.034108e-06 8.636624e-02)	(6.170231e-03 -3.726328e-06 6.562169e-04)
2534.87       	(3.403618e-01 -9.618943e-06 8.701392e-02)	(3.341915e-01 -5.892290e-06 8.635771e-02)	(6.170230e-03 -3.726653e-06 6.562146e-04)
2534.87       	(3.403661e-01 -1.073465e-05 8.702250e-02)	(3.341959e-01 -7.005658e-06 8.636628e-02)	(6.170231e-03 -3.728988e-06 6.562198e-04)
2534.88       	(3.403622e-01 -9.591585e-06 8.701401e-02)	(3.341920e-01 -5.862247e-06 8.635780e-02)	(6.170230e-03 -3.729338e-06 6.562174e-04)
2534.88       	(3.403666e-01 -1.071415e-05 8.702258e-02)	(3.341964e-01 -6.982463e-06 8.636636e-02)	(6.170232e-03 -3.731687e-06 6.562228e-04)
2534.89       	(3.403627e-01 -9.567750e-06 8.701413e-02)	(3.341924e-01 -5.835711e-06 8.635791e-02)	(6.170231e-03 -3.732039e-06 6.562208e-04)
2534.89       	(3.403671e-01 -1.069537e-05 8.702267e-02)	(3.341968e-01 -6.960953e-06 8.636645e-02)	(6.170233e-03 -3.734413e-06 6.562267e-04)
2534.9        	(3.403631e-01 -9.544304e-06 8.701427e-02)	(3.341929e-01 -5.809502e-06 8.635804e-02)	(6.170232e-03 -3.734802e-06 6.562252e-04)
2534.9        	(3.403675e-01 -1.067623e-05 8.702278e-02)	(3.341973e-01 -6.938990e-06 8.636655e-02)	(6.170234e-03 -3.737240e-06 6.562315e-04)
2534.91       	(3.403635e-01 -9.520433e-06 8.701441e-02)	(3.341933e-01 -5.782740e-06 8.635818e-02)	(6.170234e-03 -3.737693e-06 6.562302e-04)
2534.91       	(3.403669e-01 -1.058658e-05 8.702372e-02)	(3.341967e-01 -6.845799e-06 8.636749e-02)	(6.170235e-03 -3.740781e-06 6.562312e-04)
2534.92       	(3.403641e-01 -9.746150e-06 8.701464e-02)	(3.341939e-01 -6.005656e-06 8.635841e-02)	(6.170231e-03 -3.740495e-06 6.562302e-04)
2534.92       	(3.403676e-01 -1.076873e-05 8.702350e-02)	(3.341974e-01 -7.025119e-06 8.636726e-02)	(6.170231e-03 -3.743610e-06 6.562374e-04)
2534.93       	(3.403640e-01 -9.577513e-06 8.701515e-02)	(3.341938e-01 -5.833184e-06 8.635891e-02)	(6.170230e-03 -3.744329e-06 6.562364e-04)
2534.93       	(3.403683e-01 -1.072013e-05 8.702357e-02)	(3.341980e-01 -6.973384e-06 8.636733e-02)	(6.170230e-03 -3.746751e-06 6.562426e-04)
2534.94       	(3.403644e-01 -9.540268e-06 8.701527e-02)	(3.341942e-01 -5.793315e-06 8.635903e-02)	(6.170227e-03 -3.746953e-06 6.562410e-04)
2534.94       	(3.403687e-01 -1.069311e-05 8.702367e-02)	(3.341985e-01 -6.943867e-06 8.636742e-02)	(6.170227e-03 -3.749245e-06 6.562468e-04)
2534.95       	(3.403648e-01 -9.508339e-06 8.701541e-02)	(3.341946e-01 -5.758778e-06 8.635917e-02)	(6.170225e-03 -3.749562e-06 6.562447e-04)
2534.95       	(3.403691e-01 -1.066885e-05 8.702377e-02)	(3.341988e-01 -6.916797e-06 8.636752e-02)	(6.170225e-03 -3.752055e-06 6.562497e-04)
2534.96       	(3.403652e-01 -9.476521e-06 8.701557e-02)	(3.341950e-01 -5.724006e-06 8.635932e-02)	(6.170223e-03 -3.752515e-06 6.562469e-04)
2534.96       	(3.403684e-01 -1.053830e-05 8.702416e-02)	(3.341982e-01 -6.783600e-06 8.636792e-02)	(6.170218e-03 -3.754698e-06 6.562477e-04)
2534.97       	(3.403653e-01 -9.319479e-06 8.701601e-02)	(3.341951e-01 -5.565540e-06 8.635977e-02)	(6.170211e-03 -3.753939e-06 6.562399e-04)
2534.97       	(3.403695e-01 -1.050882e-05 8.702426e-02)	(3.341993e-01 -6.753151e-06 8.636802e-02)	(6.170207e-03 -3.755673e-06 6.562398e-04)
2534.98       	(3.403656e-01 -9.292305e-06 8.701618e-02)	(3.341954e-01 -5.536537e-06 8.635995e-02)	(6.170202e-03 -3.755767e-06 6.562334e-04)
2534.98       	(3.403698e-01 -1.050340e-05 8.702438e-02)	(3.341996e-01 -6.745062e-06 8.636815e-02)	(6.170200e-03 -3.758340e-06 6.562352e-04)
2534.99       	(3.403659e-01 -9.253807e-06 8.701638e-02)	(3.341957e-01 -5.495047e-06 8.636015e-02)	(6.170196e-03 -3.758759e-06 6.562301e-04)
2534.99       	(3.403700e-01 -1.047704e-05 8.702452e-02)	(3.341998e-01 -6.715771e-06 8.636829e-02)	(6.170196e-03 -3.761270e-06 6.562327e-04)
2535          	(3.403661e-01 -9.216861e-06 8.701658e-02)	(3.341959e-01 -5.455408e-06 8.636036e-02)	(6.170193e-03 -3.761453e-06 6.562283e-04)
2535.01       	(3.403702e-01 -1.045499e-05 8.702468e-02)	(3.342000e-01 -6.691211e-06 8.636845e-02)	(6.170194e-03 -3.763782e-06 6.562314e-04)
2535.01       	(3.403662e-01 -9.201646e-06 8.701680e-02)	(3.341960e-01 -5.437764e-06 8.636057e-02)	(6.170192e-03 -3.763881e-06 6.562275e-04)
2535.02       	(3.403703e-01 -1.044692e-05 8.702485e-02)	(3.342001e-01 -6.680686e-06 8.636862e-02)	(6.170192e-03 -3.766236e-06 6.562309e-04)
2535.02       	(3.403663e-01 -9.196284e-06 8.701701e-02)	(3.341961e-01 -5.429860e-06 8.636079e-02)	(6.170190e-03 -3.766424e-06 6.562272e-04)
2535.03       	(3.403705e-01 -1.043972e-05 8.702502e-02)	(3.342003e-01 -6.670841e-06 8.636879e-02)	(6.170191e-03 -3.768882e-06 6.562307e-04)
2535.03       	(3.403664e-01 -9.194672e-06 8.701723e-02)	(3.341962e-01 -5.425495e-06 8.636100e-02)	(6.170188e-03 -3.769177e-06 6.562272e-04)
2535.04       	(3.403706e-01 -1.043543e-05 8.702519e-02)	(3.342004e-01 -6.663701e-06 8.636896e-02)	(6.170189e-03 -3.771731e-06 6.562307e-04)
2535.04       	(3.403665e-01 -9.193575e-06 8.701743e-02)	(3.341963e-01 -5.421456e-06 8.636120e-02)	(6.170187e-03 -3.772119e-06 6.562273e-04)
2535.05       	(3.403706e-01 -1.043126e-05 8.702535e-02)	(3.342004e-01 -6.656513e-06 8.636912e-02)	(6.170187e-03 -3.774751e-06 6.562309e-04)
2535.05       	(3.403665e-01 -9.190844e-06 8.701760e-02)	(3.341963e-01 -5.415637e-06 8.636138e-02)	(6.170185e-03 -3.775207e-06 6.562275e-04)
2535.06       	(3.403697e-01 -1.047316e-05 8.702573e-02)	(3.341995e-01 -6.694845e-06 8.636950e-02)	(6.170187e-03 -3.778318e-06 6.562340e-04)
2535.06       	(3.403671e-01 -9.274618e-06 8.701790e-02)	(3.341969e-01 -5.495293e-06 8.636167e-02)	(6.170187e-03 -3.779325e-06 6.562335e-04)
2535.07       	(3.403706e-01 -1.050587e-05 8.702579e-02)	(3.342004e-01 -6.723706e-06 8.636956e-02)	(6.170189e-03 -3.782167e-06 6.562398e-04)
2535.07       	(3.403665e-01 -9.259734e-06 8.701805e-02)	(3.341964e-01 -5.477411e-06 8.636182e-02)	(6.170188e-03 -3.782323e-06 6.562384e-04)
2535.08       	(3.403707e-01 -1.048379e-05 8.702591e-02)	(3.342005e-01 -6.699353e-06 8.636967e-02)	(6.170190e-03 -3.784432e-06 6.562435e-04)
2535.08       	(3.403665e-01 -9.250230e-06 8.701817e-02)	(3.341963e-01 -5.465869e-06 8.636192e-02)	(6.170188e-03 -3.784361e-06 6.562413e-04)
2535.09       	(3.403707e-01 -1.048361e-05 8.702605e-02)	(3.342005e-01 -6.696964e-06 8.636980e-02)	(6.170188e-03 -3.786642e-06 6.562459e-04)
2535.09       	(3.403665e-01 -9.253669e-06 8.701828e-02)	(3.341963e-01 -5.466770e-06 8.636204e-02)	(6.170186e-03 -3.786899e-06 6.562433e-04)
2535.1        	(3.403697e-01 -1.042541e-05 8.702640e-02)	(3.341995e-01 -6.637246e-06 8.637016e-02)	(6.170182e-03 -3.788160e-06 6.562448e-04)
2535.1        	(3.403664e-01 -9.228026e-06 8.701861e-02)	(3.341962e-01 -5.440432e-06 8.636237e-02)	(6.170176e-03 -3.787593e-06 6.562391e-04)
2535.11       	(3.403705e-01 -1.045192e-05 8.702652e-02)	(3.342003e-01 -6.662153e-06 8.637028e-02)	(6.170172e-03 -3.789767e-06 6.562411e-04)
2535.11       	(3.403663e-01 -9.212607e-06 8.701874e-02)	(3.341961e-01 -5.422461e-06 8.636250e-02)	(6.170166e-03 -3.790146e-06 6.562366e-04)
2535.12       	(3.403704e-01 -1.043079e-05 8.702665e-02)	(3.342003e-01 -6.637972e-06 8.637041e-02)	(6.170163e-03 -3.792815e-06 6.562397e-04)
2535.12       	(3.403662e-01 -9.207417e-06 8.701887e-02)	(3.341961e-01 -5.414121e-06 8.636263e-02)	(6.170157e-03 -3.793297e-06 6.562361e-04)
2535.13       	(3.403703e-01 -1.043341e-05 8.702677e-02)	(3.342002e-01 -6.637482e-06 8.637053e-02)	(6.170154e-03 -3.795928e-06 6.562398e-04)
2535.13       	(3.403661e-01 -9.214006e-06 8.701900e-02)	(3.341959e-01 -5.417620e-06 8.636276e-02)	(6.170149e-03 -3.796386e-06 6.562366e-04)
2535.14       	(3.403702e-01 -1.043820e-05 8.702690e-02)	(3.342000e-01 -6.639159e-06 8.637066e-02)	(6.170147e-03 -3.799039e-06 6.562405e-04)
2535.15       	(3.403660e-01 -9.218809e-06 8.701915e-02)	(3.341958e-01 -5.419254e-06 8.636291e-02)	(6.170141e-03 -3.799556e-06 6.562371e-04)
2535.15       	(3.403701e-01 -1.044089e-05 8.702705e-02)	(3.341999e-01 -6.638605e-06 8.637080e-02)	(6.170138e-03 -3.802281e-06 6.562407e-04)
2535.16       	(3.403663e-01 -9.278614e-06 8.701946e-02)	(3.341961e-01 -5.475112e-06 8.636322e-02)	(6.170136e-03 -3.803502e-06 6.562408e-04)
2535.16       	(3.403689e-01 -1.045920e-05 8.702740e-02)	(3.341987e-01 -6.652022e-06 8.637115e-02)	(6.170136e-03 -3.807177e-06 6.562474e-04)
2535.17       	(3.403656e-01 -9.212424e-06 8.701966e-02)	(3.341955e-01 -5.403927e-06 8.636341e-02)	(6.170134e-03 -3.808497e-06 6.562462e-04)
2535.17       	(3.403696e-01 -1.043068e-05 8.702754e-02)	(3.341995e-01 -6.618913e-06 8.637129e-02)	(6.170134e-03 -3.811768e-06 6.562514e-04)
2535.18       	(3.403654e-01 -9.214780e-06 8.701987e-02)	(3.341953e-01 -5.402071e-06 8.636362e-02)	(6.170131e-03 -3.812709e-06 6.562491e-04)
2535.18       	(3.403695e-01 -1.042928e-05 8.702774e-02)	(3.341994e-01 -6.613590e-06 8.637148e-02)	(6.170131e-03 -3.815693e-06 6.562536e-04)
2535.19       	(3.403653e-01 -9.209882e-06 8.702009e-02)	(3.341951e-01 -5.393473e-06 8.636384e-02)	(6.170128e-03 -3.816409e-06 6.562508e-04)
2535.19       	(3.403694e-01 -1.042109e-05 8.702795e-02)	(3.341993e-01 -6.601890e-06 8.637170e-02)	(6.170128e-03 -3.819198e-06 6.562549e-04)
2535.2        	(3.403651e-01 -9.205246e-06 8.702034e-02)	(3.341950e-01 -5.385477e-06 8.636409e-02)	(6.170125e-03 -3.819769e-06 6.562521e-04)
2535.2        	(3.403693e-01 -1.041611e-05 8.702818e-02)	(3.341991e-01 -6.593650e-06 8.637193e-02)	(6.170125e-03 -3.822464e-06 6.562564e-04)
2535.21       	(3.403650e-01 -9.203520e-06 8.702060e-02)	(3.341949e-01 -5.380525e-06 8.636435e-02)	(6.170123e-03 -3.822995e-06 6.562540e-04)
2535.21       	(3.403692e-01 -1.041100e-05 8.702842e-02)	(3.341990e-01 -6.585309e-06 8.637216e-02)	(6.170123e-03 -3.825688e-06 6.562588e-04)
2535.22       	(3.403649e-01 -9.201261e-06 8.702086e-02)	(3.341947e-01 -5.375011e-06 8.636461e-02)	(6.170121e-03 -3.826250e-06 6.562570e-04)
2535.22       	(3.403690e-01 -1.040415e-05 8.702866e-02)	(3.341989e-01 -6.575160e-06 8.637240e-02)	(6.170121e-03 -3.828987e-06 6.562623e-04)
2535.23       	(3.403647e-01 -9.199296e-06 8.702112e-02)	(3.341946e-01 -5.369685e-06 8.636486e-02)	(6.170118e-03 -3.829611e-06 6.562610e-04)
2535.23       	(3.403689e-01 -1.039517e-05 8.702889e-02)	(3.341988e-01 -6.562768e-06 8.637262e-02)	(6.170118e-03 -3.832405e-06 6.562666e-04)
