# Moment      
# CofR        : (0.000000e+00 0.000000e+00 0.000000e+00)
#
# Time        	(total_x total_y total_z)	(pressure_x pressure_y pressure_z)	(viscous_x viscous_y viscous_z)
2532.01       	(-1.817748e-05 9.158974e-03 8.574799e-06)	(-1.794467e-05 9.023166e-03 8.505106e-06)	(-2.328094e-07 1.358077e-04 6.969364e-08)
2532.01       	(-1.642180e-05 9.158804e-03 1.172199e-05)	(-1.618978e-05 9.022996e-03 1.165123e-05)	(-2.320216e-07 1.358080e-04 7.076474e-08)
2532.02       	(-1.819743e-05 9.158998e-03 8.563830e-06)	(-1.796451e-05 9.023190e-03 8.494468e-06)	(-2.329210e-07 1.358085e-04 6.936177e-08)
2532.02       	(-1.644164e-05 9.158830e-03 1.171335e-05)	(-1.620950e-05 9.023021e-03 1.164292e-05)	(-2.321330e-07 1.358089e-04 7.043595e-08)
2532.03       	(-1.821718e-05 9.159023e-03 8.553338e-06)	(-1.798415e-05 9.023213e-03 8.484304e-06)	(-2.330323e-07 1.358094e-04 6.903443e-08)
2532.03       	(-1.646115e-05 9.158856e-03 1.170549e-05)	(-1.622891e-05 9.023047e-03 1.163538e-05)	(-2.322439e-07 1.358098e-04 7.011229e-08)
2532.04       	(-1.823690e-05 9.159047e-03 8.543356e-06)	(-1.800375e-05 9.023237e-03 8.474644e-06)	(-2.331434e-07 1.358103e-04 6.871255e-08)
2532.04       	(-1.648054e-05 9.158882e-03 1.169758e-05)	(-1.624818e-05 9.023072e-03 1.162779e-05)	(-2.323547e-07 1.358106e-04 6.979376e-08)
2532.05       	(-1.825644e-05 9.159072e-03 8.533056e-06)	(-1.802319e-05 9.023261e-03 8.464661e-06)	(-2.332543e-07 1.358112e-04 6.839508e-08)
2532.05       	(-1.649932e-05 9.158908e-03 1.169027e-05)	(-1.626685e-05 9.023097e-03 1.162079e-05)	(-2.324647e-07 1.358115e-04 6.948002e-08)
2532.06       	(-1.827520e-05 9.159098e-03 8.523961e-06)	(-1.804183e-05 9.023286e-03 8.455877e-06)	(-2.333635e-07 1.358120e-04 6.808332e-08)
2532.06       	(-1.651754e-05 9.158935e-03 1.168363e-05)	(-1.628497e-05 9.023122e-03 1.161446e-05)	(-2.325725e-07 1.358124e-04 6.917231e-08)
2532.07       	(-1.829404e-05 9.159123e-03 8.514763e-06)	(-1.806057e-05 9.023310e-03 8.446986e-06)	(-2.334710e-07 1.358129e-04 6.777701e-08)
2532.07       	(-1.653607e-05 9.158961e-03 1.167685e-05)	(-1.630339e-05 9.023147e-03 1.160798e-05)	(-2.326792e-07 1.358133e-04 6.886951e-08)
2532.08       	(-1.831320e-05 9.159148e-03 8.505112e-06)	(-1.807963e-05 9.023335e-03 8.437637e-06)	(-2.335781e-07 1.358138e-04 6.747486e-08)
2532.08       	(-1.655474e-05 9.158987e-03 1.166977e-05)	(-1.632196e-05 9.023172e-03 1.160120e-05)	(-2.327860e-07 1.358141e-04 6.857034e-08)
2532.09       	(-1.833228e-05 9.159174e-03 8.495783e-06)	(-1.809860e-05 9.023359e-03 8.428607e-06)	(-2.336851e-07 1.358147e-04 6.717634e-08)
2532.09       	(-1.657261e-05 9.159012e-03 1.166394e-05)	(-1.633972e-05 9.023197e-03 1.159566e-05)	(-2.328918e-07 1.358150e-04 6.827591e-08)
2532.1        	(-1.835095e-05 9.159199e-03 8.487276e-06)	(-1.811716e-05 9.023384e-03 8.420393e-06)	(-2.337909e-07 1.358155e-04 6.688307e-08)
2532.1        	(-1.659031e-05 9.159038e-03 1.165836e-05)	(-1.635731e-05 9.023222e-03 1.159038e-05)	(-2.329963e-07 1.358159e-04 6.798666e-08)
2532.11       	(-1.836969e-05 9.159225e-03 8.478602e-06)	(-1.813580e-05 9.023408e-03 8.412007e-06)	(-2.338955e-07 1.358164e-04 6.659448e-08)
2532.11       	(-1.660743e-05 9.159063e-03 1.165327e-05)	(-1.637433e-05 9.023246e-03 1.158557e-05)	(-2.330992e-07 1.358168e-04 6.770222e-08)
2532.12       	(-1.838847e-05 9.159250e-03 8.470098e-06)	(-1.815448e-05 9.023433e-03 8.403787e-06)	(-2.339987e-07 1.358173e-04 6.631058e-08)
2532.12       	(-1.662402e-05 9.159088e-03 1.164901e-05)	(-1.639082e-05 9.023271e-03 1.158159e-05)	(-2.332003e-07 1.358176e-04 6.742291e-08)
2532.13       	(-1.840741e-05 9.159276e-03 8.461690e-06)	(-1.817331e-05 9.023458e-03 8.395658e-06)	(-2.341003e-07 1.358181e-04 6.603153e-08)
2532.13       	(-1.664027e-05 9.159113e-03 1.164522e-05)	(-1.640697e-05 9.023295e-03 1.157807e-05)	(-2.332997e-07 1.358185e-04 6.714854e-08)
2532.14       	(-1.842634e-05 9.159301e-03 8.453237e-06)	(-1.819214e-05 9.023482e-03 8.387480e-06)	(-2.342003e-07 1.358190e-04 6.575704e-08)
2532.15       	(-1.665592e-05 9.159137e-03 1.164193e-05)	(-1.642252e-05 9.023318e-03 1.157505e-05)	(-2.333969e-07 1.358193e-04 6.687885e-08)
2532.15       	(-1.844551e-05 9.159326e-03 8.444525e-06)	(-1.821121e-05 9.023506e-03 8.379039e-06)	(-2.342985e-07 1.358198e-04 6.548666e-08)
2532.16       	(-1.667107e-05 9.159161e-03 1.163950e-05)	(-1.643758e-05 9.023341e-03 1.157288e-05)	(-2.334919e-07 1.358202e-04 6.661373e-08)
2532.16       	(-1.846495e-05 9.159351e-03 8.435943e-06)	(-1.823056e-05 9.023531e-03 8.370723e-06)	(-2.343949e-07 1.358207e-04 6.522058e-08)
2532.17       	(-1.668550e-05 9.159185e-03 1.163794e-05)	(-1.645191e-05 9.023364e-03 1.157158e-05)	(-2.335846e-07 1.358210e-04 6.635344e-08)
2532.17       	(-1.848437e-05 9.159377e-03 8.427748e-06)	(-1.824988e-05 9.023555e-03 8.362788e-06)	(-2.344890e-07 1.358215e-04 6.495923e-08)
2532.18       	(-1.670011e-05 9.159212e-03 1.163493e-05)	(-1.646644e-05 9.023390e-03 1.156883e-05)	(-2.336753e-07 1.358219e-04 6.609657e-08)
2532.18       	(-1.850410e-05 9.159401e-03 8.418915e-06)	(-1.826952e-05 9.023579e-03 8.354213e-06)	(-2.345817e-07 1.358224e-04 6.470158e-08)
2532.19       	(-1.671351e-05 9.159234e-03 1.163446e-05)	(-1.647975e-05 9.023412e-03 1.156862e-05)	(-2.337634e-07 1.358227e-04 6.584496e-08)
2532.19       	(-1.852437e-05 9.159425e-03 8.410109e-06)	(-1.828970e-05 9.023602e-03 8.345661e-06)	(-2.346725e-07 1.358232e-04 6.444754e-08)
2532.2        	(-1.672640e-05 9.159256e-03 1.163420e-05)	(-1.649255e-05 9.023433e-03 1.156860e-05)	(-2.338493e-07 1.358235e-04 6.559699e-08)
2532.2        	(-1.854533e-05 9.159449e-03 8.400650e-06)	(-1.831057e-05 9.023625e-03 8.336454e-06)	(-2.347618e-07 1.358240e-04 6.419634e-08)
2532.21       	(-1.673788e-05 9.159277e-03 1.163602e-05)	(-1.650395e-05 9.023453e-03 1.157067e-05)	(-2.339322e-07 1.358243e-04 6.535356e-08)
2532.21       	(-1.856675e-05 9.159472e-03 8.391170e-06)	(-1.833190e-05 9.023648e-03 8.327220e-06)	(-2.348487e-07 1.358248e-04 6.394953e-08)
2532.22       	(-1.674845e-05 9.159298e-03 1.163843e-05)	(-1.651444e-05 9.023473e-03 1.157332e-05)	(-2.340121e-07 1.358251e-04 6.511457e-08)
2532.22       	(-1.858963e-05 9.159495e-03 8.379495e-06)	(-1.835469e-05 9.023669e-03 8.315790e-06)	(-2.349343e-07 1.358256e-04 6.370498e-08)
2532.23       	(-1.675748e-05 9.159319e-03 1.164236e-05)	(-1.652339e-05 9.023493e-03 1.157748e-05)	(-2.340892e-07 1.358259e-04 6.487910e-08)
2532.23       	(-1.861384e-05 9.159517e-03 8.366283e-06)	(-1.837882e-05 9.023691e-03 8.302820e-06)	(-2.350185e-07 1.358264e-04 6.346262e-08)
2532.24       	(-1.676502e-05 9.159339e-03 1.164761e-05)	(-1.653085e-05 9.023513e-03 1.158296e-05)	(-2.341636e-07 1.358267e-04 6.464658e-08)
2532.24       	(-1.864019e-05 9.159539e-03 8.350632e-06)	(-1.840509e-05 9.023712e-03 8.287412e-06)	(-2.351022e-07 1.358271e-04 6.322047e-08)
2532.25       	(-1.676990e-05 9.159360e-03 1.165620e-05)	(-1.653567e-05 9.023533e-03 1.159178e-05)	(-2.342349e-07 1.358274e-04 6.441729e-08)
2532.25       	(-1.866828e-05 9.159559e-03 8.332274e-06)	(-1.843309e-05 9.023732e-03 8.269293e-06)	(-2.351844e-07 1.358279e-04 6.298064e-08)
2532.26       	(-1.677196e-05 9.159380e-03 1.166711e-05)	(-1.653765e-05 9.023552e-03 1.160292e-05)	(-2.343023e-07 1.358282e-04 6.419216e-08)
2532.26       	(-1.869932e-05 9.159581e-03 8.309662e-06)	(-1.846406e-05 9.023752e-03 8.246919e-06)	(-2.352656e-07 1.358286e-04 6.274221e-08)
2532.27       	(-1.677063e-05 9.159400e-03 1.168188e-05)	(-1.653626e-05 9.023571e-03 1.161791e-05)	(-2.343657e-07 1.358289e-04 6.397111e-08)
2532.27       	(-1.873351e-05 9.159602e-03 8.282999e-06)	(-1.849817e-05 9.023773e-03 8.220494e-06)	(-2.353457e-07 1.358294e-04 6.250496e-08)
2532.28       	(-1.676630e-05 9.159420e-03 1.169921e-05)	(-1.653187e-05 9.023591e-03 1.163546e-05)	(-2.344251e-07 1.358296e-04 6.375352e-08)
2532.28       	(-1.877066e-05 9.159624e-03 8.253157e-06)	(-1.853523e-05 9.023794e-03 8.190888e-06)	(-2.354249e-07 1.358301e-04 6.226887e-08)
2532.29       	(-1.676931e-05 9.159463e-03 1.170450e-05)	(-1.653483e-05 9.023632e-03 1.164096e-05)	(-2.344829e-07 1.358304e-04 6.354052e-08)
2532.3        	(-1.880337e-05 9.159616e-03 8.245233e-06)	(-1.856787e-05 9.023786e-03 8.183199e-06)	(-2.355042e-07 1.358308e-04 6.203413e-08)
2532.3        	(-1.675686e-05 9.159482e-03 1.172968e-05)	(-1.652233e-05 9.023651e-03 1.166635e-05)	(-2.345333e-07 1.358311e-04 6.332984e-08)
2532.31       	(-1.884771e-05 9.159639e-03 8.208080e-06)	(-1.861213e-05 9.023808e-03 8.146283e-06)	(-2.355823e-07 1.358315e-04 6.179737e-08)
2532.31       	(-1.674109e-05 9.159499e-03 1.175978e-05)	(-1.650651e-05 9.023667e-03 1.169665e-05)	(-2.345793e-07 1.358318e-04 6.312209e-08)
2532.32       	(-1.889745e-05 9.159660e-03 8.166234e-06)	(-1.866178e-05 9.023827e-03 8.104673e-06)	(-2.356612e-07 1.358322e-04 6.156063e-08)
2532.32       	(-1.672005e-05 9.159518e-03 1.179483e-05)	(-1.648543e-05 9.023685e-03 1.173191e-05)	(-2.346209e-07 1.358325e-04 6.291817e-08)
2532.33       	(-1.895190e-05 9.159679e-03 8.120868e-06)	(-1.871616e-05 9.023846e-03 8.059544e-06)	(-2.357405e-07 1.358329e-04 6.132398e-08)
2532.33       	(-1.669275e-05 9.159541e-03 1.183571e-05)	(-1.645809e-05 9.023708e-03 1.177299e-05)	(-2.346568e-07 1.358331e-04 6.271831e-08)
2532.34       	(-1.901241e-05 9.159691e-03 8.070318e-06)	(-1.877659e-05 9.023858e-03 8.009231e-06)	(-2.358200e-07 1.358336e-04 6.108650e-08)
2532.34       	(-1.665897e-05 9.159563e-03 1.188327e-05)	(-1.642429e-05 9.023729e-03 1.182075e-05)	(-2.346870e-07 1.358338e-04 6.252276e-08)
2532.35       	(-1.908008e-05 9.159708e-03 8.011584e-06)	(-1.884418e-05 9.023874e-03 7.950737e-06)	(-2.359011e-07 1.358343e-04 6.084676e-08)
2532.35       	(-1.661761e-05 9.159576e-03 1.193959e-05)	(-1.638290e-05 9.023741e-03 1.187726e-05)	(-2.347112e-07 1.358345e-04 6.233191e-08)
2532.36       	(-1.915491e-05 9.159732e-03 7.944394e-06)	(-1.891893e-05 9.023897e-03 7.883789e-06)	(-2.359833e-07 1.358349e-04 6.060507e-08)
2532.36       	(-1.657011e-05 9.159587e-03 1.200189e-05)	(-1.633538e-05 9.023751e-03 1.193975e-05)	(-2.347307e-07 1.358351e-04 6.214432e-08)
2532.37       	(-1.923369e-05 9.159750e-03 7.877499e-06)	(-1.899762e-05 9.023915e-03 7.817134e-06)	(-2.360646e-07 1.358356e-04 6.036486e-08)
2532.37       	(-1.651895e-05 9.159598e-03 1.206593e-05)	(-1.628420e-05 9.023762e-03 1.200397e-05)	(-2.347460e-07 1.358358e-04 6.195910e-08)
2532.38       	(-1.931667e-05 9.159774e-03 7.805165e-06)	(-1.908052e-05 9.023937e-03 7.745042e-06)	(-2.361461e-07 1.358362e-04 6.012256e-08)
2532.38       	(-1.648146e-05 9.159608e-03 1.211740e-05)	(-1.624669e-05 9.023771e-03 1.205564e-05)	(-2.347745e-07 1.358364e-04 6.176288e-08)
2532.39       	(-1.935727e-05 9.159793e-03 7.776087e-06)	(-1.912107e-05 9.023956e-03 7.716184e-06)	(-2.361991e-07 1.358368e-04 5.990331e-08)
2532.39       	(-1.648769e-05 9.159616e-03 1.212646e-05)	(-1.625287e-05 9.023779e-03 1.206490e-05)	(-2.348179e-07 1.358370e-04 6.155448e-08)
2532.4        	(-1.937220e-05 9.159814e-03 7.771210e-06)	(-1.913596e-05 9.023977e-03 7.711518e-06)	(-2.362419e-07 1.358375e-04 5.969237e-08)
2532.4        	(-1.650481e-05 9.159631e-03 1.212349e-05)	(-1.626995e-05 9.023793e-03 1.206214e-05)	(-2.348619e-07 1.358376e-04 6.134401e-08)
2532.41       	(-1.938434e-05 9.159830e-03 7.770216e-06)	(-1.914806e-05 9.023992e-03 7.710733e-06)	(-2.362827e-07 1.358381e-04 5.948288e-08)
2532.41       	(-1.652218e-05 9.159646e-03 1.212043e-05)	(-1.628728e-05 9.023808e-03 1.205929e-05)	(-2.349040e-07 1.358382e-04 6.113472e-08)
2532.42       	(-1.939675e-05 9.159846e-03 7.769263e-06)	(-1.916042e-05 9.024007e-03 7.709989e-06)	(-2.363220e-07 1.358387e-04 5.927451e-08)
2532.42       	(-1.653958e-05 9.159661e-03 1.211753e-05)	(-1.630464e-05 9.023822e-03 1.205660e-05)	(-2.349447e-07 1.358388e-04 6.092656e-08)
2532.43       	(-1.940919e-05 9.159862e-03 7.768327e-06)	(-1.917283e-05 9.024022e-03 7.709260e-06)	(-2.363600e-07 1.358393e-04 5.906726e-08)
2532.44       	(-1.655688e-05 9.159675e-03 1.211487e-05)	(-1.632190e-05 9.023836e-03 1.205415e-05)	(-2.349842e-07 1.358394e-04 6.071964e-08)
2532.44       	(-1.942188e-05 9.159877e-03 7.767284e-06)	(-1.918548e-05 9.024037e-03 7.708422e-06)	(-2.363970e-07 1.358398e-04 5.886117e-08)
2532.45       	(-1.657414e-05 9.159690e-03 1.211236e-05)	(-1.633912e-05 9.023850e-03 1.205184e-05)	(-2.350226e-07 1.358400e-04 6.051389e-08)
2532.45       	(-1.943463e-05 9.159892e-03 7.766239e-06)	(-1.919820e-05 9.024052e-03 7.707583e-06)	(-2.364330e-07 1.358404e-04 5.865616e-08)
2532.46       	(-1.659141e-05 9.159703e-03 1.210986e-05)	(-1.635635e-05 9.023863e-03 1.204955e-05)	(-2.350601e-07 1.358406e-04 6.030916e-08)
2532.46       	(-1.944745e-05 9.159907e-03 7.765311e-06)	(-1.921098e-05 9.024066e-03 7.706859e-06)	(-2.364684e-07 1.358410e-04 5.845226e-08)
2532.47       	(-1.660864e-05 9.159717e-03 1.210756e-05)	(-1.637354e-05 9.023876e-03 1.204746e-05)	(-2.350969e-07 1.358411e-04 6.010568e-08)
2532.47       	(-1.946037e-05 9.159922e-03 7.764415e-06)	(-1.922386e-05 9.024080e-03 7.706165e-06)	(-2.365030e-07 1.358415e-04 5.824959e-08)
2532.48       	(-1.662605e-05 9.159737e-03 1.210421e-05)	(-1.639091e-05 9.023895e-03 1.204431e-05)	(-2.351332e-07 1.358417e-04 5.990256e-08)
2532.48       	(-1.947313e-05 9.159931e-03 7.764477e-06)	(-1.923659e-05 9.024089e-03 7.706428e-06)	(-2.365369e-07 1.358421e-04 5.804818e-08)
2532.49       	(-1.664325e-05 9.159750e-03 1.210202e-05)	(-1.640808e-05 9.023908e-03 1.204232e-05)	(-2.351686e-07 1.358422e-04 5.970156e-08)
2532.49       	(-1.948599e-05 9.159946e-03 7.763733e-06)	(-1.924942e-05 9.024103e-03 7.705885e-06)	(-2.365700e-07 1.358426e-04 5.784801e-08)
2532.5        	(-1.666052e-05 9.159763e-03 1.209992e-05)	(-1.642531e-05 9.023920e-03 1.204042e-05)	(-2.352033e-07 1.358428e-04 5.950188e-08)
2532.5        	(-1.949891e-05 9.159960e-03 7.763236e-06)	(-1.926231e-05 9.024117e-03 7.705587e-06)	(-2.366027e-07 1.358432e-04 5.764936e-08)
2532.51       	(-1.667805e-05 9.159775e-03 1.209794e-05)	(-1.644281e-05 9.023932e-03 1.203863e-05)	(-2.352378e-07 1.358433e-04 5.930380e-08)
2532.51       	(-1.951199e-05 9.159975e-03 7.762805e-06)	(-1.927536e-05 9.024131e-03 7.705353e-06)	(-2.366353e-07 1.358437e-04 5.745227e-08)
2532.52       	(-1.669562e-05 9.159787e-03 1.209561e-05)	(-1.646035e-05 9.023944e-03 1.203651e-05)	(-2.352722e-07 1.358438e-04 5.910698e-08)
2532.52       	(-1.952511e-05 9.159989e-03 7.762872e-06)	(-1.928844e-05 9.024145e-03 7.705615e-06)	(-2.366679e-07 1.358442e-04 5.725682e-08)
2532.53       	(-1.671357e-05 9.159799e-03 1.209320e-05)	(-1.647827e-05 9.023955e-03 1.203428e-05)	(-2.353070e-07 1.358443e-04 5.891180e-08)
2532.53       	(-1.953794e-05 9.160003e-03 7.763285e-06)	(-1.930124e-05 9.024158e-03 7.706222e-06)	(-2.367005e-07 1.358447e-04 5.706313e-08)
2532.54       	(-1.673123e-05 9.159810e-03 1.209117e-05)	(-1.649589e-05 9.023966e-03 1.203245e-05)	(-2.353414e-07 1.358448e-04 5.871860e-08)
2532.54       	(-1.955123e-05 9.160017e-03 7.763224e-06)	(-1.931450e-05 9.024172e-03 7.706353e-06)	(-2.367331e-07 1.358452e-04 5.687112e-08)
2532.55       	(-1.674842e-05 9.159822e-03 1.208982e-05)	(-1.651304e-05 9.023977e-03 1.203130e-05)	(-2.353753e-07 1.358453e-04 5.852745e-08)
2532.55       	(-1.956481e-05 9.160030e-03 7.762512e-06)	(-1.932804e-05 9.024184e-03 7.705832e-06)	(-2.367655e-07 1.358457e-04 5.668066e-08)
2532.56       	(-1.676551e-05 9.159834e-03 1.208866e-05)	(-1.653010e-05 9.023988e-03 1.203032e-05)	(-2.354091e-07 1.358458e-04 5.833792e-08)
2532.56       	(-1.957870e-05 9.160043e-03 7.761878e-06)	(-1.934190e-05 9.024197e-03 7.705387e-06)	(-2.367979e-07 1.358462e-04 5.649177e-08)
2532.57       	(-1.678275e-05 9.159845e-03 1.208780e-05)	(-1.654731e-05 9.023999e-03 1.202965e-05)	(-2.354431e-07 1.358463e-04 5.815017e-08)
2532.58       	(-1.959267e-05 9.160056e-03 7.761273e-06)	(-1.935584e-05 9.024209e-03 7.704968e-06)	(-2.368307e-07 1.358466e-04 5.630473e-08)
2532.58       	(-1.680030e-05 9.159856e-03 1.208726e-05)	(-1.656482e-05 9.024009e-03 1.202929e-05)	(-2.354775e-07 1.358467e-04 5.796453e-08)
2532.59       	(-1.960693e-05 9.160068e-03 7.760901e-06)	(-1.937007e-05 9.024221e-03 7.704782e-06)	(-2.368642e-07 1.358471e-04 5.611993e-08)
2532.59       	(-1.681749e-05 9.159867e-03 1.208661e-05)	(-1.658198e-05 9.024019e-03 1.202883e-05)	(-2.355124e-07 1.358472e-04 5.778090e-08)
2532.6        	(-1.962117e-05 9.160081e-03 7.760210e-06)	(-1.938427e-05 9.024233e-03 7.704273e-06)	(-2.368979e-07 1.358475e-04 5.593678e-08)
2532.6        	(-1.683472e-05 9.159877e-03 1.208631e-05)	(-1.659918e-05 9.024030e-03 1.202871e-05)	(-2.355475e-07 1.358476e-04 5.759910e-08)
2532.61       	(-1.963559e-05 9.160093e-03 7.759399e-06)	(-1.939866e-05 9.024245e-03 7.703644e-06)	(-2.369321e-07 1.358480e-04 5.575527e-08)
2532.61       	(-1.685204e-05 9.159887e-03 1.208648e-05)	(-1.661646e-05 9.024039e-03 1.202906e-05)	(-2.355831e-07 1.358481e-04 5.741924e-08)
2532.62       	(-1.965016e-05 9.160105e-03 7.758338e-06)	(-1.941320e-05 9.024256e-03 7.702763e-06)	(-2.369668e-07 1.358484e-04 5.557541e-08)
2532.62       	(-1.686928e-05 9.159896e-03 1.208654e-05)	(-1.663366e-05 9.024047e-03 1.202930e-05)	(-2.356190e-07 1.358485e-04 5.724091e-08)
2532.63       	(-1.966497e-05 9.160117e-03 7.757377e-06)	(-1.942797e-05 9.024268e-03 7.701980e-06)	(-2.370021e-07 1.358488e-04 5.539722e-08)
2532.63       	(-1.688656e-05 9.159905e-03 1.208619e-05)	(-1.665090e-05 9.024056e-03 1.202912e-05)	(-2.356556e-07 1.358489e-04 5.706398e-08)
2532.64       	(-1.967986e-05 9.160129e-03 7.756749e-06)	(-1.944282e-05 9.024280e-03 7.701528e-06)	(-2.370379e-07 1.358492e-04 5.522069e-08)
2532.64       	(-1.690381e-05 9.159914e-03 1.208593e-05)	(-1.666812e-05 9.024064e-03 1.202904e-05)	(-2.356926e-07 1.358493e-04 5.688870e-08)
2532.65       	(-1.969483e-05 9.160140e-03 7.756458e-06)	(-1.945776e-05 9.024291e-03 7.701412e-06)	(-2.370743e-07 1.358496e-04 5.504603e-08)
2532.65       	(-1.692109e-05 9.159923e-03 1.208577e-05)	(-1.668536e-05 9.024073e-03 1.202905e-05)	(-2.357301e-07 1.358497e-04 5.671530e-08)
2532.66       	(-1.970992e-05 9.160152e-03 7.756344e-06)	(-1.947281e-05 9.024302e-03 7.701471e-06)	(-2.371111e-07 1.358500e-04 5.487324e-08)
2532.66       	(-1.693837e-05 9.159931e-03 1.208577e-05)	(-1.670260e-05 9.024081e-03 1.202923e-05)	(-2.357681e-07 1.358500e-04 5.654378e-08)
2532.67       	(-1.972511e-05 9.160163e-03 7.755602e-06)	(-1.948796e-05 9.024312e-03 7.700901e-06)	(-2.371484e-07 1.358504e-04 5.470180e-08)
2532.67       	(-1.695547e-05 9.159939e-03 1.208592e-05)	(-1.671966e-05 9.024089e-03 1.202955e-05)	(-2.358063e-07 1.358504e-04 5.637364e-08)
2532.68       	(-1.974050e-05 9.160173e-03 7.754453e-06)	(-1.950331e-05 9.024322e-03 7.699922e-06)	(-2.371862e-07 1.358507e-04 5.453151e-08)
2532.68       	(-1.697286e-05 9.159947e-03 1.208665e-05)	(-1.673702e-05 9.024097e-03 1.203044e-05)	(-2.358452e-07 1.358507e-04 5.620518e-08)
2532.69       	(-1.975613e-05 9.160183e-03 7.753194e-06)	(-1.951891e-05 9.024332e-03 7.698831e-06)	(-2.372249e-07 1.358511e-04 5.436275e-08)
2532.69       	(-1.699019e-05 9.159955e-03 1.208763e-05)	(-1.675431e-05 9.024104e-03 1.203159e-05)	(-2.358848e-07 1.358511e-04 5.603839e-08)
2532.7        	(-1.977197e-05 9.160193e-03 7.752136e-06)	(-1.953471e-05 9.024342e-03 7.697940e-06)	(-2.372644e-07 1.358514e-04 5.419574e-08)
2532.7        	(-1.700755e-05 9.159963e-03 1.208870e-05)	(-1.677163e-05 9.024111e-03 1.203283e-05)	(-2.359253e-07 1.358514e-04 5.587332e-08)
2532.71       	(-1.978785e-05 9.160202e-03 7.751086e-06)	(-1.955054e-05 9.024351e-03 7.697056e-06)	(-2.373047e-07 1.358517e-04 5.403036e-08)
2532.72       	(-1.702484e-05 9.159970e-03 1.208973e-05)	(-1.678888e-05 9.024118e-03 1.203402e-05)	(-2.359664e-07 1.358517e-04 5.570978e-08)
2532.72       	(-1.980388e-05 9.160212e-03 7.750190e-06)	(-1.956653e-05 9.024360e-03 7.696323e-06)	(-2.373457e-07 1.358520e-04 5.386654e-08)
2532.73       	(-1.704246e-05 9.159975e-03 1.209057e-05)	(-1.680646e-05 9.024123e-03 1.203502e-05)	(-2.360085e-07 1.358520e-04 5.554759e-08)
2532.73       	(-1.982000e-05 9.160221e-03 7.749247e-06)	(-1.958262e-05 9.024368e-03 7.695543e-06)	(-2.373877e-07 1.358523e-04 5.370405e-08)
2532.74       	(-1.705992e-05 9.159982e-03 1.209170e-05)	(-1.682386e-05 9.024130e-03 1.203631e-05)	(-2.360513e-07 1.358523e-04 5.538677e-08)
2532.74       	(-1.983620e-05 9.160229e-03 7.748489e-06)	(-1.959877e-05 9.024377e-03 7.694947e-06)	(-2.374305e-07 1.358526e-04 5.354289e-08)
2532.75       	(-1.707735e-05 9.159989e-03 1.209298e-05)	(-1.684125e-05 9.024136e-03 1.203775e-05)	(-2.360947e-07 1.358525e-04 5.522730e-08)
2532.75       	(-1.985249e-05 9.160237e-03 7.747788e-06)	(-1.961502e-05 9.024384e-03 7.694405e-06)	(-2.374740e-07 1.358528e-04 5.338302e-08)
2532.76       	(-1.709476e-05 9.159995e-03 1.209432e-05)	(-1.685862e-05 9.024142e-03 1.203926e-05)	(-2.361389e-07 1.358528e-04 5.506912e-08)
2532.76       	(-1.986883e-05 9.160245e-03 7.747084e-06)	(-1.963131e-05 9.024392e-03 7.693860e-06)	(-2.375181e-07 1.358531e-04 5.322439e-08)
2532.77       	(-1.711219e-05 9.160001e-03 1.209577e-05)	(-1.687601e-05 9.024148e-03 1.204086e-05)	(-2.361836e-07 1.358530e-04 5.491216e-08)
2532.77       	(-1.988506e-05 9.160252e-03 7.746219e-06)	(-1.964750e-05 9.024399e-03 7.693153e-06)	(-2.375626e-07 1.358533e-04 5.306670e-08)
2532.78       	(-1.712933e-05 9.160007e-03 1.209693e-05)	(-1.689310e-05 9.024153e-03 1.204218e-05)	(-2.362283e-07 1.358533e-04 5.475582e-08)
2532.78       	(-1.990160e-05 9.160260e-03 7.745565e-06)	(-1.966399e-05 9.024406e-03 7.692656e-06)	(-2.376075e-07 1.358535e-04 5.290977e-08)
2532.79       	(-1.714690e-05 9.160012e-03 1.209838e-05)	(-1.691063e-05 9.024158e-03 1.204378e-05)	(-2.362740e-07 1.358535e-04 5.460045e-08)
2532.79       	(-1.991825e-05 9.160266e-03 7.744990e-06)	(-1.968060e-05 9.024413e-03 7.692237e-06)	(-2.376534e-07 1.358537e-04 5.275378e-08)
2532.8        	(-1.716472e-05 9.160017e-03 1.209991e-05)	(-1.692839e-05 9.024163e-03 1.204547e-05)	(-2.363207e-07 1.358537e-04 5.444601e-08)
2532.8        	(-1.993464e-05 9.160274e-03 7.745675e-06)	(-1.969694e-05 9.024420e-03 7.693076e-06)	(-2.376999e-07 1.358539e-04 5.259881e-08)
2532.81       	(-1.718255e-05 9.160021e-03 1.210158e-05)	(-1.694618e-05 9.024167e-03 1.204729e-05)	(-2.363681e-07 1.358539e-04 5.429257e-08)
2532.81       	(-1.995096e-05 9.160280e-03 7.745112e-06)	(-1.971322e-05 9.024426e-03 7.692667e-06)	(-2.377470e-07 1.358541e-04 5.244479e-08)
2532.82       	(-1.720076e-05 9.160023e-03 1.210236e-05)	(-1.696435e-05 9.024169e-03 1.204822e-05)	(-2.364163e-07 1.358540e-04 5.413970e-08)
2532.82       	(-1.996718e-05 9.160285e-03 7.744921e-06)	(-1.972939e-05 9.024431e-03 7.692629e-06)	(-2.377947e-07 1.358543e-04 5.229170e-08)
2532.83       	(-1.721921e-05 9.160028e-03 1.210357e-05)	(-1.698275e-05 9.024174e-03 1.204958e-05)	(-2.364654e-07 1.358542e-04 5.398770e-08)
2532.83       	(-1.998306e-05 9.160289e-03 7.745036e-06)	(-1.974521e-05 9.024435e-03 7.692896e-06)	(-2.378429e-07 1.358544e-04 5.213963e-08)
2532.84       	(-1.723779e-05 9.160032e-03 1.210468e-05)	(-1.700128e-05 9.024178e-03 1.205085e-05)	(-2.365150e-07 1.358544e-04 5.383656e-08)
2532.84       	(-1.999903e-05 9.160293e-03 7.745213e-06)	(-1.976114e-05 9.024439e-03 7.693225e-06)	(-2.378917e-07 1.358546e-04 5.198838e-08)
2532.85       	(-1.725641e-05 9.160036e-03 1.210581e-05)	(-1.701985e-05 9.024182e-03 1.205213e-05)	(-2.365653e-07 1.358545e-04 5.368617e-08)
2532.85       	(-2.001502e-05 9.160297e-03 7.745322e-06)	(-1.977708e-05 9.024442e-03 7.693484e-06)	(-2.379412e-07 1.358547e-04 5.183777e-08)
2532.86       	(-1.727505e-05 9.160040e-03 1.210708e-05)	(-1.703843e-05 9.024185e-03 1.205355e-05)	(-2.366162e-07 1.358546e-04 5.353651e-08)
2532.87       	(-2.003104e-05 9.160300e-03 7.745526e-06)	(-1.979305e-05 9.024445e-03 7.693838e-06)	(-2.379913e-07 1.358548e-04 5.168792e-08)
2532.87       	(-1.729383e-05 9.160043e-03 1.210839e-05)	(-1.705716e-05 9.024188e-03 1.205500e-05)	(-2.366679e-07 1.358547e-04 5.338754e-08)
2532.88       	(-2.004708e-05 9.160303e-03 7.745616e-06)	(-1.980904e-05 9.024448e-03 7.694078e-06)	(-2.380421e-07 1.358549e-04 5.153858e-08)
2532.88       	(-1.731262e-05 9.160046e-03 1.210984e-05)	(-1.707590e-05 9.024191e-03 1.205660e-05)	(-2.367202e-07 1.358548e-04 5.323908e-08)
2532.89       	(-2.006307e-05 9.160305e-03 7.745656e-06)	(-1.982497e-05 9.024450e-03 7.694267e-06)	(-2.380936e-07 1.358550e-04 5.138967e-08)
2532.89       	(-1.733143e-05 9.160047e-03 1.211113e-05)	(-1.709465e-05 9.024192e-03 1.205804e-05)	(-2.367731e-07 1.358549e-04 5.309115e-08)
2532.9        	(-2.007906e-05 9.160308e-03 7.745606e-06)	(-1.984091e-05 9.024453e-03 7.694365e-06)	(-2.381456e-07 1.358551e-04 5.124116e-08)
2532.9        	(-1.735028e-05 9.160049e-03 1.211274e-05)	(-1.711345e-05 9.024194e-03 1.205980e-05)	(-2.368265e-07 1.358550e-04 5.294355e-08)
2532.91       	(-2.009504e-05 9.160309e-03 7.746119e-06)	(-1.985684e-05 9.024454e-03 7.695026e-06)	(-2.381981e-07 1.358551e-04 5.109337e-08)
2532.91       	(-1.736906e-05 9.160052e-03 1.211400e-05)	(-1.713218e-05 9.024197e-03 1.206120e-05)	(-2.368805e-07 1.358550e-04 5.279634e-08)
2532.92       	(-2.011101e-05 9.160311e-03 7.746759e-06)	(-1.987276e-05 9.024456e-03 7.695813e-06)	(-2.382511e-07 1.358552e-04 5.094595e-08)
2532.92       	(-1.738794e-05 9.160053e-03 1.211515e-05)	(-1.715100e-05 9.024198e-03 1.206250e-05)	(-2.369350e-07 1.358551e-04 5.264933e-08)
2532.93       	(-2.012700e-05 9.160312e-03 7.747455e-06)	(-1.988870e-05 9.024457e-03 7.696656e-06)	(-2.383045e-07 1.358552e-04 5.079877e-08)
2532.93       	(-1.740680e-05 9.160055e-03 1.211638e-05)	(-1.716981e-05 9.024200e-03 1.206388e-05)	(-2.369900e-07 1.358551e-04 5.250259e-08)
2532.94       	(-2.014296e-05 9.160313e-03 7.748214e-06)	(-1.990460e-05 9.024457e-03 7.697562e-06)	(-2.383585e-07 1.358553e-04 5.065186e-08)
2532.94       	(-1.742555e-05 9.160056e-03 1.211766e-05)	(-1.718850e-05 9.024201e-03 1.206530e-05)	(-2.370453e-07 1.358551e-04 5.235610e-08)
2532.95       	(-2.015885e-05 9.160313e-03 7.749064e-06)	(-1.992043e-05 9.024458e-03 7.698559e-06)	(-2.384127e-07 1.358553e-04 5.050523e-08)
2532.95       	(-1.744435e-05 9.160057e-03 1.211886e-05)	(-1.720725e-05 9.024201e-03 1.206665e-05)	(-2.371010e-07 1.358551e-04 5.220977e-08)
2532.96       	(-2.017486e-05 9.160313e-03 7.750032e-06)	(-1.993639e-05 9.024458e-03 7.699673e-06)	(-2.384673e-07 1.358553e-04 5.035869e-08)
2532.96       	(-1.746308e-05 9.160057e-03 1.212018e-05)	(-1.722592e-05 9.024202e-03 1.206811e-05)	(-2.371570e-07 1.358551e-04 5.206362e-08)
2532.97       	(-2.019079e-05 9.160313e-03 7.751066e-06)	(-1.995227e-05 9.024458e-03 7.700854e-06)	(-2.385222e-07 1.358553e-04 5.021247e-08)
2532.97       	(-1.748189e-05 9.160057e-03 1.212148e-05)	(-1.724467e-05 9.024202e-03 1.206957e-05)	(-2.372133e-07 1.358551e-04 5.191771e-08)
2532.98       	(-2.020666e-05 9.160314e-03 7.753192e-06)	(-1.996808e-05 9.024459e-03 7.703125e-06)	(-2.385775e-07 1.358553e-04 5.006648e-08)
2532.98       	(-1.750060e-05 9.160057e-03 1.212300e-05)	(-1.726333e-05 9.024202e-03 1.207123e-05)	(-2.372700e-07 1.358551e-04 5.177212e-08)
2532.99       	(-2.022249e-05 9.160313e-03 7.754343e-06)	(-1.998386e-05 9.024458e-03 7.704422e-06)	(-2.386330e-07 1.358552e-04 4.992083e-08)
2532.99       	(-1.751932e-05 9.160057e-03 1.212433e-05)	(-1.728200e-05 9.024201e-03 1.207270e-05)	(-2.373269e-07 1.358551e-04 5.162675e-08)
2533          	(-2.023827e-05 9.160312e-03 7.755620e-06)	(-1.999959e-05 9.024457e-03 7.705844e-06)	(-2.386887e-07 1.358552e-04 4.977545e-08)
2533.01       	(-1.753809e-05 9.160056e-03 1.212576e-05)	(-1.730071e-05 9.024201e-03 1.207428e-05)	(-2.373841e-07 1.358550e-04 5.148160e-08)
2533.01       	(-2.025425e-05 9.160310e-03 7.756958e-06)	(-2.001550e-05 9.024455e-03 7.707328e-06)	(-2.387448e-07 1.358551e-04 4.963028e-08)
2533.02       	(-1.755674e-05 9.160055e-03 1.212719e-05)	(-1.731930e-05 9.024200e-03 1.207586e-05)	(-2.374416e-07 1.358550e-04 5.133660e-08)
2533.02       	(-2.027015e-05 9.160308e-03 7.758374e-06)	(-2.003135e-05 9.024453e-03 7.708889e-06)	(-2.388012e-07 1.358551e-04 4.948532e-08)
2533.03       	(-1.757529e-05 9.160056e-03 1.212692e-05)	(-1.733779e-05 9.024202e-03 1.207572e-05)	(-2.374993e-07 1.358549e-04 5.119063e-08)
2533.03       	(-2.028614e-05 9.160304e-03 7.760943e-06)	(-2.004728e-05 9.024449e-03 7.711603e-06)	(-2.388579e-07 1.358550e-04 4.934059e-08)
2533.04       	(-1.759380e-05 9.160055e-03 1.212842e-05)	(-1.735624e-05 9.024200e-03 1.207738e-05)	(-2.375572e-07 1.358548e-04 5.104606e-08)
2533.04       	(-2.030200e-05 9.160302e-03 7.762470e-06)	(-2.006308e-05 9.024447e-03 7.713274e-06)	(-2.389146e-07 1.358549e-04 4.919607e-08)
2533.05       	(-1.761228e-05 9.160053e-03 1.212993e-05)	(-1.737466e-05 9.024198e-03 1.207902e-05)	(-2.376152e-07 1.358547e-04 5.090168e-08)
2533.05       	(-2.031781e-05 9.160299e-03 7.764068e-06)	(-2.007884e-05 9.024444e-03 7.715016e-06)	(-2.389715e-07 1.358548e-04 4.905179e-08)
2533.06       	(-1.763075e-05 9.160047e-03 1.213306e-05)	(-1.739308e-05 9.024192e-03 1.208230e-05)	(-2.376732e-07 1.358546e-04 5.075858e-08)
2533.06       	(-2.033353e-05 9.160298e-03 7.764844e-06)	(-2.009450e-05 9.024443e-03 7.715936e-06)	(-2.390284e-07 1.358547e-04 4.890779e-08)
2533.07       	(-1.764920e-05 9.160044e-03 1.213455e-05)	(-1.741147e-05 9.024190e-03 1.208394e-05)	(-2.377314e-07 1.358545e-04 5.061459e-08)
2533.07       	(-2.034932e-05 9.160295e-03 7.766706e-06)	(-2.011024e-05 9.024440e-03 7.717942e-06)	(-2.390853e-07 1.358546e-04 4.876408e-08)
2533.08       	(-1.766748e-05 9.160041e-03 1.213631e-05)	(-1.742969e-05 9.024187e-03 1.208584e-05)	(-2.377894e-07 1.358544e-04 5.047104e-08)
2533.08       	(-2.036505e-05 9.160291e-03 7.768542e-06)	(-2.012591e-05 9.024437e-03 7.719921e-06)	(-2.391422e-07 1.358545e-04 4.862075e-08)
2533.09       	(-1.768563e-05 9.160038e-03 1.213814e-05)	(-1.744778e-05 9.024184e-03 1.208781e-05)	(-2.378473e-07 1.358543e-04 5.032788e-08)
2533.09       	(-2.038084e-05 9.160288e-03 7.770345e-06)	(-2.014165e-05 9.024433e-03 7.721867e-06)	(-2.391990e-07 1.358544e-04 4.847779e-08)
2533.1        	(-1.770371e-05 9.160035e-03 1.214002e-05)	(-1.746581e-05 9.024180e-03 1.208983e-05)	(-2.379052e-07 1.358542e-04 5.018504e-08)
2533.1        	(-2.039667e-05 9.160283e-03 7.772076e-06)	(-2.015742e-05 9.024429e-03 7.723741e-06)	(-2.392557e-07 1.358543e-04 4.833507e-08)
2533.11       	(-1.772158e-05 9.160034e-03 1.214085e-05)	(-1.748361e-05 9.024180e-03 1.209081e-05)	(-2.379628e-07 1.358540e-04 5.004159e-08)
2533.11       	(-2.041258e-05 9.160277e-03 7.774596e-06)	(-2.017327e-05 9.024423e-03 7.726403e-06)	(-2.393123e-07 1.358541e-04 4.819269e-08)
2533.12       	(-1.773922e-05 9.160030e-03 1.214331e-05)	(-1.750120e-05 9.024176e-03 1.209342e-05)	(-2.380202e-07 1.358539e-04 4.989957e-08)
2533.12       	(-2.042864e-05 9.160273e-03 7.775968e-06)	(-2.018927e-05 9.024419e-03 7.727918e-06)	(-2.393688e-07 1.358540e-04 4.805059e-08)
2533.13       	(-1.775646e-05 9.160026e-03 1.214626e-05)	(-1.751838e-05 9.024172e-03 1.209650e-05)	(-2.380772e-07 1.358537e-04 4.975806e-08)
2533.13       	(-2.044506e-05 9.160269e-03 7.776981e-06)	(-2.020563e-05 9.024416e-03 7.729072e-06)	(-2.394250e-07 1.358538e-04 4.790863e-08)
2533.14       	(-1.777314e-05 9.160021e-03 1.215018e-05)	(-1.753501e-05 9.024167e-03 1.210056e-05)	(-2.381336e-07 1.358536e-04 4.961724e-08)
2533.15       	(-2.046194e-05 9.160265e-03 7.776986e-06)	(-2.022246e-05 9.024411e-03 7.729219e-06)	(-2.394811e-07 1.358536e-04 4.776692e-08)
2533.15       	(-1.778963e-05 9.160015e-03 1.215427e-05)	(-1.755144e-05 9.024162e-03 1.210479e-05)	(-2.381897e-07 1.358534e-04 4.947670e-08)
2533.16       	(-2.047839e-05 9.160260e-03 7.777754e-06)	(-2.023885e-05 9.024407e-03 7.730128e-06)	(-2.395366e-07 1.358535e-04 4.762589e-08)
2533.16       	(-1.780662e-05 9.160010e-03 1.215741e-05)	(-1.756838e-05 9.024157e-03 1.210807e-05)	(-2.382457e-07 1.358532e-04 4.933621e-08)
2533.17       	(-2.049403e-05 9.160255e-03 7.779898e-06)	(-2.025444e-05 9.024402e-03 7.732412e-06)	(-2.395915e-07 1.358533e-04 4.748570e-08)
2533.17       	(-1.782435e-05 9.160005e-03 1.215946e-05)	(-1.758605e-05 9.024152e-03 1.211026e-05)	(-2.383016e-07 1.358530e-04 4.919584e-08)
2533.18       	(-2.050938e-05 9.160249e-03 7.782671e-06)	(-2.026974e-05 9.024396e-03 7.735325e-06)	(-2.396461e-07 1.358531e-04 4.734612e-08)
2533.18       	(-1.785125e-05 9.159869e-03 1.217585e-05)	(-1.761296e-05 9.024016e-03 1.212684e-05)	(-2.382849e-07 1.358526e-04 4.901093e-08)
2533.19       	(-2.053276e-05 9.160135e-03 7.792803e-06)	(-2.029317e-05 9.024282e-03 7.745676e-06)	(-2.395854e-07 1.358525e-04 4.712686e-08)
2533.19       	(-1.786588e-05 9.159893e-03 1.216627e-05)	(-1.762758e-05 9.024041e-03 1.211747e-05)	(-2.382966e-07 1.358521e-04 4.879942e-08)
2533.2        	(-2.054425e-05 9.160146e-03 7.789344e-06)	(-2.030459e-05 9.024294e-03 7.742425e-06)	(-2.396605e-07 1.358521e-04 4.691897e-08)
2533.2        	(-1.788086e-05 9.159905e-03 1.216447e-05)	(-1.764246e-05 9.024053e-03 1.211587e-05)	(-2.384024e-07 1.358517e-04 4.859727e-08)
2533.21       	(-2.055691e-05 9.160153e-03 7.791077e-06)	(-2.031714e-05 9.024302e-03 7.744354e-06)	(-2.397691e-07 1.358517e-04 4.672325e-08)
2533.21       	(-1.789663e-05 9.159910e-03 1.216434e-05)	(-1.765812e-05 9.024059e-03 1.211594e-05)	(-2.385081e-07 1.358514e-04 4.840628e-08)
2533.22       	(-2.057012e-05 9.160156e-03 7.793330e-06)	(-2.033025e-05 9.024305e-03 7.746787e-06)	(-2.398694e-07 1.358514e-04 4.654287e-08)
2533.22       	(-1.791284e-05 9.159912e-03 1.216416e-05)	(-1.767423e-05 9.024061e-03 1.211593e-05)	(-2.386071e-07 1.358510e-04 4.823297e-08)
2533.23       	(-2.055961e-05 9.160209e-03 7.847460e-06)	(-2.031966e-05 9.024358e-03 7.800893e-06)	(-2.399474e-07 1.358510e-04 4.656684e-08)
2533.23       	(-1.793201e-05 9.159913e-03 1.216349e-05)	(-1.769333e-05 9.024063e-03 1.211525e-05)	(-2.386830e-07 1.358507e-04 4.824085e-08)
2533.24       	(-2.057442e-05 9.160207e-03 7.850565e-06)	(-2.033440e-05 9.024357e-03 7.803997e-06)	(-2.400175e-07 1.358507e-04 4.656731e-08)
2533.24       	(-1.794914e-05 9.159913e-03 1.216626e-05)	(-1.771039e-05 9.024062e-03 1.211802e-05)	(-2.387501e-07 1.358504e-04 4.823473e-08)
2533.25       	(-2.058931e-05 9.160206e-03 7.853943e-06)	(-2.034923e-05 9.024355e-03 7.807388e-06)	(-2.400811e-07 1.358504e-04 4.655519e-08)
2533.25       	(-1.796614e-05 9.159911e-03 1.216924e-05)	(-1.772733e-05 9.024061e-03 1.212102e-05)	(-2.388136e-07 1.358501e-04 4.821800e-08)
2533.26       	(-2.060431e-05 9.160203e-03 7.857293e-06)	(-2.036416e-05 9.024353e-03 7.810759e-06)	(-2.401436e-07 1.358501e-04 4.653402e-08)
2533.26       	(-1.798306e-05 9.159909e-03 1.217233e-05)	(-1.774419e-05 9.024060e-03 1.212414e-05)	(-2.388772e-07 1.358498e-04 4.819340e-08)
2533.27       	(-2.061948e-05 9.160200e-03 7.860717e-06)	(-2.037928e-05 9.024351e-03 7.814212e-06)	(-2.402067e-07 1.358498e-04 4.650583e-08)
2533.27       	(-1.800010e-05 9.159907e-03 1.217575e-05)	(-1.776116e-05 9.024057e-03 1.212759e-05)	(-2.389412e-07 1.358495e-04 4.816263e-08)
2533.28       	(-2.063496e-05 9.160197e-03 7.864132e-06)	(-2.039469e-05 9.024348e-03 7.817660e-06)	(-2.402698e-07 1.358495e-04 4.647203e-08)
2533.28       	(-1.801713e-05 9.159904e-03 1.217948e-05)	(-1.777813e-05 9.024055e-03 1.213136e-05)	(-2.390046e-07 1.358492e-04 4.812688e-08)
2533.29       	(-2.065061e-05 9.160194e-03 7.867622e-06)	(-2.041027e-05 9.024345e-03 7.821189e-06)	(-2.403322e-07 1.358492e-04 4.643348e-08)
2533.3        	(-1.803420e-05 9.159901e-03 1.218331e-05)	(-1.779513e-05 9.024052e-03 1.213523e-05)	(-2.390672e-07 1.358489e-04 4.808648e-08)
2533.3        	(-2.066649e-05 9.160190e-03 7.870898e-06)	(-2.042609e-05 9.024341e-03 7.824509e-06)	(-2.403940e-07 1.358489e-04 4.638990e-08)
2533.31       	(-1.805136e-05 9.159898e-03 1.218717e-05)	(-1.781223e-05 9.024049e-03 1.213913e-05)	(-2.391293e-07 1.358487e-04 4.804074e-08)
2533.31       	(-2.068270e-05 9.160186e-03 7.874009e-06)	(-2.044224e-05 9.024337e-03 7.827668e-06)	(-2.404559e-07 1.358487e-04 4.634044e-08)
2533.32       	(-1.806832e-05 9.159894e-03 1.219139e-05)	(-1.782913e-05 9.024046e-03 1.214340e-05)	(-2.391916e-07 1.358484e-04 4.798898e-08)
2533.32       	(-2.069919e-05 9.160181e-03 7.876844e-06)	(-2.045868e-05 9.024333e-03 7.830560e-06)	(-2.405184e-07 1.358484e-04 4.628438e-08)
2533.33       	(-1.808496e-05 9.159890e-03 1.219603e-05)	(-1.784570e-05 9.024042e-03 1.214810e-05)	(-2.392545e-07 1.358481e-04 4.793078e-08)
2533.33       	(-2.071608e-05 9.160176e-03 7.879174e-06)	(-2.047549e-05 9.024328e-03 7.832953e-06)	(-2.405820e-07 1.358481e-04 4.622143e-08)
2533.34       	(-1.810118e-05 9.159885e-03 1.220128e-05)	(-1.786186e-05 9.024038e-03 1.215341e-05)	(-2.393182e-07 1.358478e-04 4.786628e-08)
2533.34       	(-2.073430e-05 9.160171e-03 7.880520e-06)	(-2.049365e-05 9.024324e-03 7.834368e-06)	(-2.406478e-07 1.358478e-04 4.615175e-08)
2533.35       	(-1.811650e-05 9.159880e-03 1.220749e-05)	(-1.787712e-05 9.024032e-03 1.215969e-05)	(-2.393833e-07 1.358475e-04 4.779621e-08)
2533.35       	(-2.075188e-05 9.160165e-03 7.882500e-06)	(-2.051117e-05 9.024317e-03 7.836422e-06)	(-2.407145e-07 1.358475e-04 4.607736e-08)
2533.36       	(-1.813344e-05 9.159874e-03 1.221200e-05)	(-1.789399e-05 9.024027e-03 1.216428e-05)	(-2.394510e-07 1.358472e-04 4.772063e-08)
2533.36       	(-2.076801e-05 9.160160e-03 7.887033e-06)	(-2.052722e-05 9.024312e-03 7.841033e-06)	(-2.407826e-07 1.358472e-04 4.599952e-08)
2533.37       	(-1.815113e-05 9.159868e-03 1.221565e-05)	(-1.791161e-05 9.024021e-03 1.216801e-05)	(-2.395207e-07 1.358469e-04 4.764139e-08)
2533.37       	(-2.078425e-05 9.160152e-03 7.890984e-06)	(-2.054339e-05 9.024305e-03 7.845065e-06)	(-2.408526e-07 1.358469e-04 4.591881e-08)
2533.38       	(-1.816896e-05 9.159861e-03 1.221939e-05)	(-1.792937e-05 9.024014e-03 1.217183e-05)	(-2.395922e-07 1.358466e-04 4.755988e-08)
2533.38       	(-2.080060e-05 9.160144e-03 7.894983e-06)	(-2.055967e-05 9.024298e-03 7.849147e-06)	(-2.409245e-07 1.358466e-04 4.583634e-08)
2533.39       	(-1.818677e-05 9.159853e-03 1.222315e-05)	(-1.794711e-05 9.024007e-03 1.217567e-05)	(-2.396656e-07 1.358463e-04 4.747698e-08)
2533.39       	(-2.081710e-05 9.160136e-03 7.898895e-06)	(-2.057610e-05 9.024290e-03 7.853142e-06)	(-2.409982e-07 1.358462e-04 4.575270e-08)
2533.4        	(-1.820463e-05 9.159846e-03 1.222691e-05)	(-1.796489e-05 9.024000e-03 1.217952e-05)	(-2.397405e-07 1.358459e-04 4.739318e-08)
2533.4        	(-2.083360e-05 9.160127e-03 7.902876e-06)	(-2.059253e-05 9.024281e-03 7.857208e-06)	(-2.410733e-07 1.358459e-04 4.566843e-08)
2533.41       	(-1.822242e-05 9.159838e-03 1.223082e-05)	(-1.798260e-05 9.023992e-03 1.218351e-05)	(-2.398167e-07 1.358456e-04 4.730901e-08)
2533.41       	(-2.085013e-05 9.160118e-03 7.906925e-06)	(-2.060898e-05 9.024273e-03 7.861341e-06)	(-2.411494e-07 1.358456e-04 4.558391e-08)
2533.42       	(-1.824016e-05 9.159829e-03 1.223476e-05)	(-1.800027e-05 9.023984e-03 1.218753e-05)	(-2.398936e-07 1.358453e-04 4.722463e-08)
2533.42       	(-2.086668e-05 9.160109e-03 7.910901e-06)	(-2.062545e-05 9.024264e-03 7.865402e-06)	(-2.412260e-07 1.358453e-04 4.549911e-08)
2533.43       	(-1.825780e-05 9.159820e-03 1.223872e-05)	(-1.801783e-05 9.023975e-03 1.219158e-05)	(-2.399708e-07 1.358450e-04 4.713997e-08)
2533.44       	(-2.088313e-05 9.160100e-03 7.914897e-06)	(-2.064183e-05 9.024255e-03 7.869483e-06)	(-2.413028e-07 1.358450e-04 4.541397e-08)
2533.44       	(-1.827525e-05 9.159811e-03 1.224275e-05)	(-1.803520e-05 9.023967e-03 1.219570e-05)	(-2.400478e-07 1.358447e-04 4.705495e-08)
2533.45       	(-2.089965e-05 9.160090e-03 7.918803e-06)	(-2.065827e-05 9.024245e-03 7.873475e-06)	(-2.413792e-07 1.358447e-04 4.532832e-08)
2533.45       	(-1.829270e-05 9.159802e-03 1.224676e-05)	(-1.805258e-05 9.023958e-03 1.219979e-05)	(-2.401243e-07 1.358444e-04 4.696933e-08)
2533.46       	(-2.091616e-05 9.160080e-03 7.922717e-06)	(-2.067470e-05 9.024236e-03 7.877475e-06)	(-2.414550e-07 1.358443e-04 4.524199e-08)
2533.46       	(-1.831012e-05 9.159793e-03 1.225074e-05)	(-1.806992e-05 9.023949e-03 1.220386e-05)	(-2.402000e-07 1.358440e-04 4.688296e-08)
2533.47       	(-2.093265e-05 9.160070e-03 7.926645e-06)	(-2.069112e-05 9.024226e-03 7.881490e-06)	(-2.415299e-07 1.358440e-04 4.515485e-08)
2533.47       	(-1.832749e-05 9.159783e-03 1.225478e-05)	(-1.808721e-05 9.023939e-03 1.220799e-05)	(-2.402748e-07 1.358437e-04 4.679576e-08)
2533.48       	(-2.094900e-05 9.160060e-03 7.930633e-06)	(-2.070740e-05 9.024216e-03 7.885566e-06)	(-2.416037e-07 1.358437e-04 4.506685e-08)
2533.48       	(-1.834486e-05 9.159773e-03 1.225882e-05)	(-1.810451e-05 9.023930e-03 1.221211e-05)	(-2.403484e-07 1.358434e-04 4.670764e-08)
2533.49       	(-2.096531e-05 9.160049e-03 7.934709e-06)	(-2.072364e-05 9.024206e-03 7.889731e-06)	(-2.416765e-07 1.358434e-04 4.497798e-08)
2533.49       	(-1.836221e-05 9.159763e-03 1.226284e-05)	(-1.812179e-05 9.023920e-03 1.221622e-05)	(-2.404210e-07 1.358431e-04 4.661859e-08)
2533.5        	(-2.098162e-05 9.160039e-03 7.938789e-06)	(-2.073987e-05 9.024196e-03 7.893901e-06)	(-2.417481e-07 1.358430e-04 4.488814e-08)
2533.5        	(-1.837963e-05 9.159753e-03 1.226698e-05)	(-1.813914e-05 9.023910e-03 1.222045e-05)	(-2.404927e-07 1.358427e-04 4.652862e-08)
2533.51       	(-2.099794e-05 9.160028e-03 7.942942e-06)	(-2.075612e-05 9.024185e-03 7.898145e-06)	(-2.418190e-07 1.358427e-04 4.479738e-08)
2533.51       	(-1.839700e-05 9.159742e-03 1.227123e-05)	(-1.815644e-05 9.023900e-03 1.222480e-05)	(-2.405636e-07 1.358424e-04 4.643779e-08)
2533.52       	(-2.101437e-05 9.160016e-03 7.947044e-06)	(-2.077248e-05 9.024174e-03 7.902338e-06)	(-2.418892e-07 1.358423e-04 4.470568e-08)
2533.52       	(-1.841428e-05 9.159732e-03 1.227573e-05)	(-1.817364e-05 9.023890e-03 1.222939e-05)	(-2.406339e-07 1.358420e-04 4.634617e-08)
2533.53       	(-2.103083e-05 9.160006e-03 7.951542e-06)	(-2.078887e-05 9.024164e-03 7.906929e-06)	(-2.419590e-07 1.358420e-04 4.461311e-08)
2533.53       	(-1.843140e-05 9.159721e-03 1.228055e-05)	(-1.819070e-05 9.023880e-03 1.223430e-05)	(-2.407037e-07 1.358417e-04 4.625392e-08)
2533.54       	(-2.104755e-05 9.159994e-03 7.955373e-06)	(-2.080553e-05 9.024153e-03 7.910853e-06)	(-2.420286e-07 1.358416e-04 4.451970e-08)
2533.54       	(-1.844824e-05 9.159710e-03 1.228589e-05)	(-1.820747e-05 9.023869e-03 1.223973e-05)	(-2.407731e-07 1.358413e-04 4.616128e-08)
2533.55       	(-2.106455e-05 9.159982e-03 7.958927e-06)	(-2.082246e-05 9.024141e-03 7.914501e-06)	(-2.420982e-07 1.358413e-04 4.442565e-08)
2533.55       	(-1.845836e-05 9.159656e-03 1.229320e-05)	(-1.821752e-05 9.023816e-03 1.224701e-05)	(-2.408385e-07 1.358409e-04 4.618168e-08)
2533.56       	(-2.108302e-05 9.159968e-03 7.962244e-06)	(-2.084085e-05 9.024127e-03 7.917808e-06)	(-2.421650e-07 1.358409e-04 4.443601e-08)
2533.56       	(-1.848213e-05 9.159689e-03 1.229784e-05)	(-1.824122e-05 9.023848e-03 1.225176e-05)	(-2.409108e-07 1.358406e-04 4.607320e-08)
2533.57       	(-2.109846e-05 9.159957e-03 7.967315e-06)	(-2.085622e-05 9.024117e-03 7.922985e-06)	(-2.422370e-07 1.358405e-04 4.432962e-08)
2533.58       	(-1.849369e-05 9.159633e-03 1.230342e-05)	(-1.825271e-05 9.023793e-03 1.225733e-05)	(-2.409800e-07 1.358402e-04 4.608075e-08)
2533.58       	(-2.111552e-05 9.159943e-03 7.972150e-06)	(-2.087321e-05 9.024103e-03 7.927820e-06)	(-2.423065e-07 1.358401e-04 4.432981e-08)
2533.59       	(-1.851882e-05 9.159526e-03 1.231928e-05)	(-1.827767e-05 9.023686e-03 1.227334e-05)	(-2.411562e-07 1.358395e-04 4.594590e-08)
2533.59       	(-2.113710e-05 9.159768e-03 7.966414e-06)	(-2.089456e-05 9.023929e-03 7.922242e-06)	(-2.425476e-07 1.358392e-04 4.417267e-08)
2533.6        	(-1.854038e-05 9.159552e-03 1.232954e-05)	(-1.829907e-05 9.023713e-03 1.228377e-05)	(-2.413121e-07 1.358387e-04 4.576959e-08)
2533.6        	(-2.115467e-05 9.159779e-03 7.981567e-06)	(-2.091205e-05 9.023940e-03 7.937593e-06)	(-2.426213e-07 1.358385e-04 4.397383e-08)
2533.61       	(-1.855840e-05 9.159517e-03 1.233659e-05)	(-1.831704e-05 9.023679e-03 1.229091e-05)	(-2.413529e-07 1.358381e-04 4.567283e-08)
2533.61       	(-2.116856e-05 9.159831e-03 8.012579e-06)	(-2.092590e-05 9.023993e-03 7.968699e-06)	(-2.426612e-07 1.358380e-04 4.387999e-08)
2533.62       	(-1.858198e-05 9.159520e-03 1.234041e-05)	(-1.834058e-05 9.023682e-03 1.229483e-05)	(-2.414066e-07 1.358375e-04 4.558249e-08)
2533.62       	(-2.118539e-05 9.159830e-03 8.021117e-06)	(-2.094267e-05 9.023993e-03 7.977328e-06)	(-2.427182e-07 1.358374e-04 4.378862e-08)
2533.63       	(-1.860555e-05 9.159519e-03 1.234357e-05)	(-1.836408e-05 9.023682e-03 1.229809e-05)	(-2.414688e-07 1.358370e-04 4.548286e-08)
2533.63       	(-2.120160e-05 9.159825e-03 8.029335e-06)	(-2.095882e-05 9.023988e-03 7.985650e-06)	(-2.427794e-07 1.358369e-04 4.368523e-08)
2533.64       	(-1.862823e-05 9.159515e-03 1.234588e-05)	(-1.838669e-05 9.023678e-03 1.230050e-05)	(-2.415387e-07 1.358365e-04 4.537475e-08)
2533.64       	(-2.121721e-05 9.159818e-03 8.037067e-06)	(-2.097436e-05 9.023982e-03 7.993488e-06)	(-2.428539e-07 1.358364e-04 4.357934e-08)
2533.65       	(-1.865575e-05 9.159550e-03 1.234847e-05)	(-1.841412e-05 9.023714e-03 1.230331e-05)	(-2.416272e-07 1.358361e-04 4.515951e-08)
2533.65       	(-2.123524e-05 9.159765e-03 8.022407e-06)	(-2.099230e-05 9.023929e-03 7.979027e-06)	(-2.429454e-07 1.358359e-04 4.337954e-08)
2533.66       	(-1.867208e-05 9.159502e-03 1.234776e-05)	(-1.843036e-05 9.023667e-03 1.230269e-05)	(-2.417207e-07 1.358356e-04 4.507229e-08)
2533.66       	(-2.124797e-05 9.159801e-03 8.051285e-06)	(-2.100493e-05 9.023966e-03 8.007996e-06)	(-2.430354e-07 1.358355e-04 4.328890e-08)
2533.67       	(-1.869339e-05 9.159494e-03 1.234971e-05)	(-1.845158e-05 9.023659e-03 1.230474e-05)	(-2.418133e-07 1.358351e-04 4.497837e-08)
2533.67       	(-2.126750e-05 9.159746e-03 8.036185e-06)	(-2.102438e-05 9.023911e-03 7.992985e-06)	(-2.431262e-07 1.358350e-04 4.319990e-08)
2533.68       	(-1.871492e-05 9.159487e-03 1.235035e-05)	(-1.847301e-05 9.023652e-03 1.230546e-05)	(-2.419065e-07 1.358347e-04 4.488549e-08)
2533.68       	(-2.128343e-05 9.159737e-03 8.043444e-06)	(-2.104022e-05 9.023903e-03 8.000336e-06)	(-2.432172e-07 1.358346e-04 4.310854e-08)
2533.69       	(-1.873548e-05 9.159479e-03 1.235154e-05)	(-1.849348e-05 9.023644e-03 1.230675e-05)	(-2.420004e-07 1.358343e-04 4.479096e-08)
2533.69       	(-2.129878e-05 9.159728e-03 8.050764e-06)	(-2.105547e-05 9.023894e-03 8.007748e-06)	(-2.433090e-07 1.358342e-04 4.301589e-08)
2533.7        	(-1.876151e-05 9.159510e-03 1.235484e-05)	(-1.851941e-05 9.023676e-03 1.231025e-05)	(-2.420986e-07 1.358339e-04 4.458962e-08)
2533.7        	(-2.131187e-05 9.159720e-03 8.058151e-06)	(-2.106847e-05 9.023886e-03 8.015326e-06)	(-2.434035e-07 1.358338e-04 4.282463e-08)
2533.71       	(-1.877635e-05 9.159462e-03 1.235328e-05)	(-1.853416e-05 9.023629e-03 1.230878e-05)	(-2.421930e-07 1.358334e-04 4.450769e-08)
2533.72       	(-2.132687e-05 9.159709e-03 8.064695e-06)	(-2.108337e-05 9.023875e-03 8.021951e-06)	(-2.434946e-07 1.358334e-04 4.274357e-08)
2533.72       	(-1.879671e-05 9.159454e-03 1.235468e-05)	(-1.855442e-05 9.023621e-03 1.231026e-05)	(-2.422880e-07 1.358330e-04 4.442334e-08)
2533.73       	(-2.134056e-05 9.159699e-03 8.072015e-06)	(-2.109698e-05 9.023866e-03 8.029353e-06)	(-2.435859e-07 1.358330e-04 4.266197e-08)
2533.73       	(-1.881289e-05 9.159488e-03 1.237475e-05)	(-1.857050e-05 9.023656e-03 1.233042e-05)	(-2.423815e-07 1.358326e-04 4.433600e-08)
2533.74       	(-2.135377e-05 9.159690e-03 8.079587e-06)	(-2.111009e-05 9.023857e-03 8.037008e-06)	(-2.436751e-07 1.358326e-04 4.257855e-08)
2533.74       	(-1.883309e-05 9.159479e-03 1.237595e-05)	(-1.859061e-05 9.023647e-03 1.233170e-05)	(-2.424746e-07 1.358322e-04 4.425016e-08)
2533.75       	(-2.136641e-05 9.159680e-03 8.087437e-06)	(-2.112265e-05 9.023848e-03 8.044940e-06)	(-2.437624e-07 1.358322e-04 4.249744e-08)
2533.75       	(-1.885353e-05 9.159470e-03 1.237669e-05)	(-1.861096e-05 9.023638e-03 1.233253e-05)	(-2.425663e-07 1.358318e-04 4.416579e-08)
2533.76       	(-2.137870e-05 9.159669e-03 8.095491e-06)	(-2.113485e-05 9.023838e-03 8.053073e-06)	(-2.438479e-07 1.358318e-04 4.241788e-08)
2533.76       	(-1.887291e-05 9.159460e-03 1.237820e-05)	(-1.863026e-05 9.023628e-03 1.233411e-05)	(-2.426547e-07 1.358314e-04 4.408363e-08)
2533.77       	(-2.139217e-05 9.159659e-03 8.102210e-06)	(-2.114824e-05 9.023828e-03 8.059872e-06)	(-2.439321e-07 1.358314e-04 4.233845e-08)
2533.77       	(-1.889056e-05 9.159449e-03 1.238110e-05)	(-1.864782e-05 9.023618e-03 1.233709e-05)	(-2.427396e-07 1.358310e-04 4.400312e-08)
2533.78       	(-2.140634e-05 9.159649e-03 8.108063e-06)	(-2.116232e-05 9.023818e-03 8.065804e-06)	(-2.440142e-07 1.358310e-04 4.225922e-08)
2533.78       	(-1.890748e-05 9.159439e-03 1.238437e-05)	(-1.866466e-05 9.023608e-03 1.234045e-05)	(-2.428218e-07 1.358306e-04 4.392295e-08)
2533.79       	(-2.142037e-05 9.159639e-03 8.113805e-06)	(-2.117628e-05 9.023808e-03 8.071625e-06)	(-2.440938e-07 1.358306e-04 4.218004e-08)
2533.79       	(-1.889957e-05 9.159314e-03 1.236978e-05)	(-1.865671e-05 9.023484e-03 1.232626e-05)	(-2.428600e-07 1.358300e-04 4.352836e-08)
2533.8        	(-2.144317e-05 9.159515e-03 8.141356e-06)	(-2.119911e-05 9.023686e-03 8.099442e-06)	(-2.440624e-07 1.358297e-04 4.191353e-08)
2533.8        	(-1.895415e-05 9.159308e-03 1.238697e-05)	(-1.871135e-05 9.023479e-03 1.234344e-05)	(-2.428068e-07 1.358292e-04 4.352607e-08)
2533.81       	(-2.145414e-05 9.159528e-03 8.136346e-06)	(-2.121005e-05 9.023699e-03 8.094547e-06)	(-2.440892e-07 1.358290e-04 4.179879e-08)
2533.81       	(-1.901892e-05 9.159149e-03 1.242570e-05)	(-1.877604e-05 9.023320e-03 1.238185e-05)	(-2.428786e-07 1.358283e-04 4.385884e-08)
2533.82       	(-2.147224e-05 9.159415e-03 8.144282e-06)	(-2.122799e-05 9.023587e-03 8.102149e-06)	(-2.442498e-07 1.358280e-04 4.213232e-08)
2533.82       	(-1.897151e-05 9.159218e-03 1.240808e-05)	(-1.872835e-05 9.023391e-03 1.236421e-05)	(-2.431613e-07 1.358274e-04 4.386776e-08)
2533.83       	(-2.147063e-05 9.159446e-03 8.144678e-06)	(-2.122618e-05 9.023619e-03 8.102429e-06)	(-2.444548e-07 1.358272e-04 4.224992e-08)
2533.83       	(-1.898057e-05 9.159249e-03 1.240558e-05)	(-1.873730e-05 9.023422e-03 1.236157e-05)	(-2.432660e-07 1.358267e-04 4.400980e-08)
2533.84       	(-2.147837e-05 9.159461e-03 8.145062e-06)	(-2.123384e-05 9.023635e-03 8.102734e-06)	(-2.445310e-07 1.358265e-04 4.232827e-08)
2533.84       	(-1.899491e-05 9.159262e-03 1.240559e-05)	(-1.875156e-05 9.023436e-03 1.236158e-05)	(-2.433509e-07 1.358261e-04 4.400690e-08)
2533.85       	(-2.149191e-05 9.159474e-03 8.152608e-06)	(-2.124729e-05 9.023648e-03 8.110341e-06)	(-2.446204e-07 1.358259e-04 4.226624e-08)
2533.85       	(-1.901316e-05 9.159271e-03 1.241236e-05)	(-1.876972e-05 9.023446e-03 1.236845e-05)	(-2.434399e-07 1.358255e-04 4.390832e-08)
2533.86       	(-2.150822e-05 9.159486e-03 8.161811e-06)	(-2.126351e-05 9.023661e-03 8.119659e-06)	(-2.447063e-07 1.358254e-04 4.215244e-08)
2533.87       	(-1.903127e-05 9.159275e-03 1.241879e-05)	(-1.878774e-05 9.023450e-03 1.237500e-05)	(-2.435306e-07 1.358250e-04 4.378967e-08)
2533.87       	(-2.152304e-05 9.159491e-03 8.168770e-06)	(-2.127824e-05 9.023667e-03 8.126735e-06)	(-2.448038e-07 1.358249e-04 4.203454e-08)
2533.88       	(-1.904820e-05 9.159279e-03 1.242052e-05)	(-1.880456e-05 9.023454e-03 1.237685e-05)	(-2.436383e-07 1.358245e-04 4.366967e-08)
2533.88       	(-2.153675e-05 9.159495e-03 8.173461e-06)	(-2.129183e-05 9.023670e-03 8.131546e-06)	(-2.449164e-07 1.358244e-04 4.191447e-08)
2533.89       	(-1.906506e-05 9.159282e-03 1.242164e-05)	(-1.882131e-05 9.023458e-03 1.237809e-05)	(-2.437538e-07 1.358241e-04 4.354704e-08)
2533.89       	(-2.155097e-05 9.159498e-03 8.179234e-06)	(-2.130595e-05 9.023674e-03 8.137440e-06)	(-2.450280e-07 1.358240e-04 4.179406e-08)
2533.9        	(-1.908351e-05 9.159284e-03 1.242420e-05)	(-1.883964e-05 9.023460e-03 1.238077e-05)	(-2.438635e-07 1.358237e-04 4.342850e-08)
2533.9        	(-2.156698e-05 9.159500e-03 8.186260e-06)	(-2.132185e-05 9.023676e-03 8.144577e-06)	(-2.451329e-07 1.358237e-04 4.168232e-08)
2533.91       	(-1.910214e-05 9.159286e-03 1.242704e-05)	(-1.885817e-05 9.023463e-03 1.238372e-05)	(-2.439661e-07 1.358234e-04 4.332115e-08)
2533.91       	(-2.158270e-05 9.159502e-03 8.193120e-06)	(-2.133747e-05 9.023678e-03 8.151538e-06)	(-2.452323e-07 1.358233e-04 4.158232e-08)
2533.92       	(-1.912083e-05 9.159288e-03 1.242939e-05)	(-1.887676e-05 9.023465e-03 1.238616e-05)	(-2.440667e-07 1.358230e-04 4.322434e-08)
2533.92       	(-2.159788e-05 9.159503e-03 8.199769e-06)	(-2.135255e-05 9.023680e-03 8.158278e-06)	(-2.453324e-07 1.358230e-04 4.149090e-08)
2533.93       	(-1.913863e-05 9.159289e-03 1.243131e-05)	(-1.889446e-05 9.023466e-03 1.238818e-05)	(-2.441695e-07 1.358228e-04 4.313393e-08)
2533.93       	(-2.161211e-05 9.159504e-03 8.206242e-06)	(-2.136667e-05 9.023681e-03 8.164837e-06)	(-2.454354e-07 1.358227e-04 4.140434e-08)
2533.94       	(-1.915548e-05 9.159290e-03 1.243271e-05)	(-1.891121e-05 9.023467e-03 1.238966e-05)	(-2.442752e-07 1.358225e-04 4.304718e-08)
2533.94       	(-2.162533e-05 9.159504e-03 8.212539e-06)	(-2.137979e-05 9.023682e-03 8.171218e-06)	(-2.455409e-07 1.358225e-04 4.132087e-08)
2533.95       	(-1.917167e-05 9.159290e-03 1.243390e-05)	(-1.892729e-05 9.023468e-03 1.239094e-05)	(-2.443829e-07 1.358222e-04 4.296334e-08)
2533.95       	(-2.166866e-05 9.159377e-03 8.198102e-06)	(-2.142295e-05 9.023555e-03 8.157464e-06)	(-2.457098e-07 1.358220e-04 4.063841e-08)
2533.96       	(-1.919634e-05 9.159196e-03 1.244114e-05)	(-1.895169e-05 9.023374e-03 1.239891e-05)	(-2.446576e-07 1.358216e-04 4.222749e-08)
2533.96       	(-2.165547e-05 9.159414e-03 8.232243e-06)	(-2.140946e-05 9.023593e-03 8.191768e-06)	(-2.460135e-07 1.358215e-04 4.047423e-08)
2533.97       	(-1.920500e-05 9.159211e-03 1.244134e-05)	(-1.896008e-05 9.023389e-03 1.239927e-05)	(-2.449273e-07 1.358211e-04 4.206989e-08)
2533.97       	(-2.165949e-05 9.159428e-03 8.236296e-06)	(-2.141327e-05 9.023607e-03 8.195983e-06)	(-2.462211e-07 1.358210e-04 4.031292e-08)
2533.98       	(-1.921360e-05 9.159223e-03 1.243833e-05)	(-1.896852e-05 9.023402e-03 1.239641e-05)	(-2.450770e-07 1.358207e-04 4.192216e-08)
2533.98       	(-2.166299e-05 9.159438e-03 8.240467e-06)	(-2.141666e-05 9.023618e-03 8.200281e-06)	(-2.463333e-07 1.358206e-04 4.018581e-08)
2533.99       	(-1.922082e-05 9.159227e-03 1.243758e-05)	(-1.897564e-05 9.023407e-03 1.239578e-05)	(-2.451758e-07 1.358203e-04 4.180110e-08)
2533.99       	(-2.166692e-05 9.159447e-03 8.245068e-06)	(-2.142049e-05 9.023627e-03 8.205002e-06)	(-2.464245e-07 1.358203e-04 4.006639e-08)
2534          	(-1.922926e-05 9.159233e-03 1.243723e-05)	(-1.898400e-05 9.023413e-03 1.239556e-05)	(-2.452615e-07 1.358200e-04 4.167671e-08)
2534.01       	(-2.167238e-05 9.159451e-03 8.251319e-06)	(-2.142588e-05 9.023632e-03 8.211379e-06)	(-2.464963e-07 1.358199e-04 3.994017e-08)
2534.01       	(-1.923947e-05 9.159237e-03 1.243857e-05)	(-1.899415e-05 9.023417e-03 1.239703e-05)	(-2.453196e-07 1.358196e-04 4.154452e-08)
2534.02       	(-2.167969e-05 9.159454e-03 8.259076e-06)	(-2.143315e-05 9.023635e-03 8.219269e-06)	(-2.465379e-07 1.358196e-04 3.980742e-08)
2534.02       	(-1.925079e-05 9.159239e-03 1.244137e-05)	(-1.900544e-05 9.023420e-03 1.239996e-05)	(-2.453515e-07 1.358193e-04 4.140920e-08)
2534.03       	(-2.168815e-05 9.159455e-03 8.267574e-06)	(-2.144159e-05 9.023636e-03 8.227898e-06)	(-2.465615e-07 1.358193e-04 3.967552e-08)
2534.03       	(-1.926273e-05 9.159240e-03 1.244474e-05)	(-1.901736e-05 9.023421e-03 1.240346e-05)	(-2.453733e-07 1.358190e-04 4.127843e-08)
2534.04       	(-2.169735e-05 9.159455e-03 8.275994e-06)	(-2.145076e-05 9.023636e-03 8.236444e-06)	(-2.465807e-07 1.358190e-04 3.955026e-08)
2534.04       	(-1.927494e-05 9.159240e-03 1.244832e-05)	(-1.902955e-05 9.023421e-03 1.240716e-05)	(-2.453927e-07 1.358188e-04 4.115538e-08)
2534.05       	(-2.170714e-05 9.159455e-03 8.284308e-06)	(-2.146054e-05 9.023636e-03 8.244876e-06)	(-2.465976e-07 1.358188e-04 3.943267e-08)
2534.05       	(-1.928745e-05 9.159239e-03 1.245215e-05)	(-1.904204e-05 9.023420e-03 1.241111e-05)	(-2.454088e-07 1.358186e-04 4.103959e-08)
2534.06       	(-2.171731e-05 9.159453e-03 8.292280e-06)	(-2.147070e-05 9.023635e-03 8.252959e-06)	(-2.466098e-07 1.358186e-04 3.932105e-08)
2534.06       	(-1.930010e-05 9.159237e-03 1.245616e-05)	(-1.905468e-05 9.023418e-03 1.241523e-05)	(-2.454188e-07 1.358184e-04 4.092840e-08)
2534.07       	(-2.172797e-05 9.159452e-03 8.300208e-06)	(-2.148136e-05 9.023633e-03 8.260995e-06)	(-2.466157e-07 1.358184e-04 3.921230e-08)
2534.07       	(-1.931275e-05 9.159234e-03 1.246025e-05)	(-1.906733e-05 9.023415e-03 1.241943e-05)	(-2.454225e-07 1.358182e-04 4.081812e-08)
2534.08       	(-2.173905e-05 9.159450e-03 8.307675e-06)	(-2.149244e-05 9.023632e-03 8.268573e-06)	(-2.466158e-07 1.358182e-04 3.910213e-08)
2534.08       	(-1.932538e-05 9.159230e-03 1.246457e-05)	(-1.907995e-05 9.023412e-03 1.242386e-05)	(-2.454206e-07 1.358180e-04 4.070476e-08)
2534.09       	(-2.175063e-05 9.159448e-03 8.314522e-06)	(-2.150402e-05 9.023630e-03 8.275535e-06)	(-2.466112e-07 1.358181e-04 3.898714e-08)
2534.09       	(-1.933789e-05 9.159225e-03 1.246949e-05)	(-1.909247e-05 9.023407e-03 1.242890e-05)	(-2.454150e-07 1.358179e-04 4.058620e-08)
2534.1        	(-2.176118e-05 9.159322e-03 8.326648e-06)	(-2.151422e-05 9.023505e-03 8.287805e-06)	(-2.469644e-07 1.358176e-04 3.884317e-08)
2534.1        	(-1.935154e-05 9.159030e-03 1.250588e-05)	(-1.910600e-05 9.023213e-03 1.246565e-05)	(-2.455395e-07 1.358171e-04 4.022853e-08)
2534.11       	(-2.177926e-05 9.159149e-03 8.326137e-06)	(-2.153263e-05 9.023332e-03 8.287574e-06)	(-2.466229e-07 1.358166e-04 3.856325e-08)
2534.11       	(-1.937547e-05 9.158871e-03 1.248969e-05)	(-1.913000e-05 9.023055e-03 1.244942e-05)	(-2.454659e-07 1.358159e-04 4.027243e-08)
2534.12       	(-2.179161e-05 9.159023e-03 8.360699e-06)	(-2.154462e-05 9.023208e-03 8.322189e-06)	(-2.469875e-07 1.358154e-04 3.851015e-08)
2534.12       	(-1.938828e-05 9.158778e-03 1.249892e-05)	(-1.914248e-05 9.022963e-03 1.245881e-05)	(-2.457984e-07 1.358146e-04 4.011562e-08)
2534.13       	(-2.174491e-05 9.158951e-03 8.359133e-06)	(-2.149687e-05 9.023137e-03 8.318236e-06)	(-2.480364e-07 1.358136e-04 4.089673e-08)
2534.13       	(-1.942416e-05 9.158639e-03 1.265797e-05)	(-1.917725e-05 9.022826e-03 1.261802e-05)	(-2.469071e-07 1.358127e-04 3.995617e-08)
2534.14       	(-2.186113e-05 9.158990e-03 8.482562e-06)	(-2.161396e-05 9.023177e-03 8.444042e-06)	(-2.471717e-07 1.358123e-04 3.851989e-08)
2534.15       	(-1.943402e-05 9.158713e-03 1.257238e-05)	(-1.918822e-05 9.022902e-03 1.253200e-05)	(-2.458021e-07 1.358113e-04 4.037411e-08)
2534.15       	(-2.184382e-05 9.158988e-03 8.444001e-06)	(-2.159669e-05 9.023177e-03 8.404857e-06)	(-2.471346e-07 1.358105e-04 3.914384e-08)
2534.16       	(-1.943618e-05 9.158738e-03 1.254973e-05)	(-1.919001e-05 9.022929e-03 1.250813e-05)	(-2.461654e-07 1.358095e-04 4.160192e-08)
2534.16       	(-2.184295e-05 9.159075e-03 8.421509e-06)	(-2.159540e-05 9.023266e-03 8.380741e-06)	(-2.475492e-07 1.358089e-04 4.076797e-08)
2534.17       	(-1.943767e-05 9.158768e-03 1.252783e-05)	(-1.919118e-05 9.022960e-03 1.248470e-05)	(-2.464926e-07 1.358080e-04 4.312344e-08)
2534.17       	(-2.185263e-05 9.159146e-03 8.404923e-06)	(-2.160487e-05 9.023338e-03 8.362838e-06)	(-2.477611e-07 1.358075e-04 4.208496e-08)
2534.18       	(-1.944631e-05 9.158794e-03 1.251273e-05)	(-1.919966e-05 9.022987e-03 1.246846e-05)	(-2.466416e-07 1.358067e-04 4.427494e-08)
2534.18       	(-2.186304e-05 9.159191e-03 8.394431e-06)	(-2.161514e-05 9.023384e-03 8.351330e-06)	(-2.478962e-07 1.358064e-04 4.310054e-08)
2534.19       	(-1.945962e-05 9.158824e-03 1.250033e-05)	(-1.921283e-05 9.023019e-03 1.245519e-05)	(-2.467916e-07 1.358058e-04 4.514100e-08)
2534.19       	(-2.187124e-05 9.159223e-03 8.387993e-06)	(-2.162318e-05 9.023417e-03 8.344193e-06)	(-2.480630e-07 1.358056e-04 4.379941e-08)
2534.2        	(-1.947407e-05 9.158851e-03 1.248824e-05)	(-1.922709e-05 9.023046e-03 1.244259e-05)	(-2.469789e-07 1.358050e-04 4.565475e-08)
2534.2        	(-2.187949e-05 9.159247e-03 8.382575e-06)	(-2.163123e-05 9.023443e-03 8.338437e-06)	(-2.482580e-07 1.358049e-04 4.413830e-08)
2534.21       	(-1.948844e-05 9.158876e-03 1.247438e-05)	(-1.924126e-05 9.023071e-03 1.242855e-05)	(-2.471806e-07 1.358044e-04 4.583068e-08)
2534.21       	(-2.188882e-05 9.159269e-03 8.375649e-06)	(-2.164037e-05 9.023465e-03 8.331464e-06)	(-2.484545e-07 1.358043e-04 4.418454e-08)
2534.22       	(-1.950336e-05 9.158898e-03 1.246135e-05)	(-1.925599e-05 9.023094e-03 1.241558e-05)	(-2.473721e-07 1.358038e-04 4.577247e-08)
2534.22       	(-2.190001e-05 9.159287e-03 8.369475e-06)	(-2.165138e-05 9.023483e-03 8.325417e-06)	(-2.486313e-07 1.358038e-04 4.405828e-08)
2534.23       	(-1.952055e-05 9.158916e-03 1.244895e-05)	(-1.927301e-05 9.023113e-03 1.240335e-05)	(-2.475352e-07 1.358033e-04 4.560052e-08)
2534.23       	(-2.191351e-05 9.159301e-03 8.364546e-06)	(-2.166474e-05 9.023497e-03 8.320675e-06)	(-2.487721e-07 1.358033e-04 4.387077e-08)
2534.24       	(-1.954005e-05 9.158931e-03 1.243781e-05)	(-1.929239e-05 9.023128e-03 1.239240e-05)	(-2.476565e-07 1.358028e-04 4.541059e-08)
2534.24       	(-2.193004e-05 9.159310e-03 8.360880e-06)	(-2.168117e-05 9.023508e-03 8.317181e-06)	(-2.488687e-07 1.358028e-04 4.369912e-08)
2534.25       	(-1.956095e-05 9.158941e-03 1.242893e-05)	(-1.931322e-05 9.023139e-03 1.238367e-05)	(-2.477322e-07 1.358023e-04 4.526121e-08)
2534.25       	(-2.194850e-05 9.159314e-03 8.357917e-06)	(-2.169958e-05 9.023512e-03 8.314337e-06)	(-2.489213e-07 1.358022e-04 4.358003e-08)
2534.26       	(-1.958357e-05 9.158948e-03 1.241931e-05)	(-1.933580e-05 9.023146e-03 1.237414e-05)	(-2.477676e-07 1.358017e-04 4.516730e-08)
2534.26       	(-2.197049e-05 9.159314e-03 8.352522e-06)	(-2.172155e-05 9.023513e-03 8.309009e-06)	(-2.489411e-07 1.358016e-04 4.351294e-08)
2534.27       	(-1.960666e-05 9.158950e-03 1.241193e-05)	(-1.935889e-05 9.023149e-03 1.236681e-05)	(-2.477761e-07 1.358011e-04 4.512110e-08)
2534.27       	(-2.199309e-05 9.159312e-03 8.348890e-06)	(-2.174415e-05 9.023511e-03 8.305405e-06)	(-2.489409e-07 1.358009e-04 4.348498e-08)
2534.28       	(-1.963250e-05 9.158947e-03 1.240173e-05)	(-1.938472e-05 9.023147e-03 1.235663e-05)	(-2.477736e-07 1.358004e-04 4.509969e-08)
2534.28       	(-2.201536e-05 9.159306e-03 8.346065e-06)	(-2.176642e-05 9.023506e-03 8.302595e-06)	(-2.489353e-07 1.358003e-04 4.347038e-08)
2534.29       	(-1.965903e-05 9.158941e-03 1.239147e-05)	(-1.941125e-05 9.023141e-03 1.234639e-05)	(-2.477717e-07 1.357998e-04 4.508061e-08)
2534.3        	(-2.203778e-05 9.159298e-03 8.342789e-06)	(-2.178884e-05 9.023498e-03 8.299341e-06)	(-2.489348e-07 1.357997e-04 4.344748e-08)
2534.3        	(-1.968556e-05 9.158933e-03 1.237906e-05)	(-1.943778e-05 9.023134e-03 1.233402e-05)	(-2.477778e-07 1.357992e-04 4.504148e-08)
2534.31       	(-2.206022e-05 9.159288e-03 8.336945e-06)	(-2.181128e-05 9.023489e-03 8.293551e-06)	(-2.489439e-07 1.357991e-04 4.339427e-08)
2534.31       	(-1.971197e-05 9.158924e-03 1.236468e-05)	(-1.946418e-05 9.023125e-03 1.231972e-05)	(-2.477942e-07 1.357987e-04 4.496420e-08)
2534.32       	(-2.208252e-05 9.159277e-03 8.328996e-06)	(-2.183356e-05 9.023478e-03 8.285700e-06)	(-2.489631e-07 1.357986e-04 4.329670e-08)
2534.32       	(-1.973837e-05 9.158914e-03 1.234843e-05)	(-1.949055e-05 9.023116e-03 1.230359e-05)	(-2.478200e-07 1.357982e-04 4.483816e-08)
2534.33       	(-2.210439e-05 9.159265e-03 8.319213e-06)	(-2.185540e-05 9.023467e-03 8.276065e-06)	(-2.489899e-07 1.357982e-04 4.314754e-08)
2534.33       	(-1.976481e-05 9.158904e-03 1.233070e-05)	(-1.951696e-05 9.023106e-03 1.228604e-05)	(-2.478516e-07 1.357978e-04 4.465918e-08)
2534.34       	(-2.212589e-05 9.159254e-03 8.308623e-06)	(-2.187687e-05 9.023457e-03 8.265677e-06)	(-2.490202e-07 1.357978e-04 4.294589e-08)
2534.34       	(-1.979186e-05 9.158894e-03 1.231158e-05)	(-1.954398e-05 9.023097e-03 1.226715e-05)	(-2.478856e-07 1.357975e-04 4.442875e-08)
2534.35       	(-2.214725e-05 9.159244e-03 8.297693e-06)	(-2.189820e-05 9.023447e-03 8.254998e-06)	(-2.490513e-07 1.357975e-04 4.269529e-08)
2534.35       	(-1.981984e-05 9.158886e-03 1.229172e-05)	(-1.957192e-05 9.023089e-03 1.224756e-05)	(-2.479198e-07 1.357972e-04 4.415234e-08)
2534.36       	(-2.216902e-05 9.159235e-03 8.287589e-06)	(-2.191994e-05 9.023438e-03 8.245185e-06)	(-2.490819e-07 1.357972e-04 4.240396e-08)
2534.36       	(-1.984934e-05 9.158879e-03 1.227242e-05)	(-1.960139e-05 9.023082e-03 1.222858e-05)	(-2.479543e-07 1.357969e-04 4.384072e-08)
2534.37       	(-2.219096e-05 9.159227e-03 8.279120e-06)	(-2.194185e-05 9.023430e-03 8.237036e-06)	(-2.491126e-07 1.357970e-04 4.208394e-08)
2534.37       	(-1.988056e-05 9.158874e-03 1.225337e-05)	(-1.963257e-05 9.023077e-03 1.220986e-05)	(-2.479908e-07 1.357967e-04 4.350571e-08)
2534.38       	(-2.221302e-05 9.159219e-03 8.272844e-06)	(-2.196388e-05 9.023423e-03 8.231096e-06)	(-2.491460e-07 1.357968e-04 4.174737e-08)
2534.38       	(-1.991376e-05 9.158870e-03 1.223498e-05)	(-1.966573e-05 9.023073e-03 1.219182e-05)	(-2.480325e-07 1.357965e-04 4.315989e-08)
2534.39       	(-2.223536e-05 9.159213e-03 8.269534e-06)	(-2.198618e-05 9.023417e-03 8.228127e-06)	(-2.491856e-07 1.357965e-04 4.140726e-08)
2534.39       	(-1.994926e-05 9.158867e-03 1.221695e-05)	(-1.970118e-05 9.023071e-03 1.217413e-05)	(-2.480834e-07 1.357962e-04 4.281570e-08)
2534.4        	(-2.225690e-05 9.159209e-03 8.269601e-06)	(-2.200767e-05 9.023412e-03 8.228525e-06)	(-2.492350e-07 1.357963e-04 4.107564e-08)
2534.4        	(-1.998564e-05 9.158867e-03 1.219947e-05)	(-1.973749e-05 9.023071e-03 1.215699e-05)	(-2.481460e-07 1.357959e-04 4.248389e-08)
2534.41       	(-2.227764e-05 9.159204e-03 8.272156e-06)	(-2.202834e-05 9.023408e-03 8.231395e-06)	(-2.492965e-07 1.357959e-04 4.076118e-08)
2534.41       	(-2.002322e-05 9.158868e-03 1.218245e-05)	(-1.977500e-05 9.023072e-03 1.214028e-05)	(-2.482231e-07 1.357956e-04 4.217206e-08)
2534.42       	(-2.229809e-05 9.159201e-03 8.274955e-06)	(-2.204872e-05 9.023406e-03 8.234486e-06)	(-2.493736e-07 1.357956e-04 4.046875e-08)
2534.42       	(-2.006111e-05 9.158869e-03 1.216553e-05)	(-1.981280e-05 9.023074e-03 1.212365e-05)	(-2.483168e-07 1.357953e-04 4.188388e-08)
2534.43       	(-2.231570e-05 9.159197e-03 8.281757e-06)	(-2.206623e-05 9.023402e-03 8.241554e-06)	(-2.494656e-07 1.357953e-04 4.020300e-08)
2534.44       	(-2.010012e-05 9.158873e-03 1.214685e-05)	(-1.985169e-05 9.023078e-03 1.210523e-05)	(-2.484270e-07 1.357949e-04 4.162044e-08)
2534.44       	(-2.233034e-05 9.159158e-03 8.264437e-06)	(-2.208052e-05 9.023363e-03 8.224496e-06)	(-2.498183e-07 1.357950e-04 3.994104e-08)
2534.45       	(-2.014290e-05 9.158879e-03 1.212632e-05)	(-1.989396e-05 9.023084e-03 1.208506e-05)	(-2.489468e-07 1.357948e-04 4.125344e-08)
2534.45       	(-2.234953e-05 9.159181e-03 8.304308e-06)	(-2.209937e-05 9.023386e-03 8.264695e-06)	(-2.501620e-07 1.357948e-04 3.961223e-08)
2534.46       	(-2.019040e-05 9.158891e-03 1.211156e-05)	(-1.994116e-05 9.023097e-03 1.207052e-05)	(-2.492417e-07 1.357946e-04 4.104785e-08)
2534.46       	(-2.236630e-05 9.159173e-03 8.325940e-06)	(-2.211587e-05 9.023378e-03 8.286500e-06)	(-2.504308e-07 1.357946e-04 3.944064e-08)
2534.47       	(-2.023736e-05 9.158905e-03 1.209496e-05)	(-1.998787e-05 9.023110e-03 1.205412e-05)	(-2.494827e-07 1.357944e-04 4.083711e-08)
2534.47       	(-2.237818e-05 9.159159e-03 8.342630e-06)	(-2.212756e-05 9.023365e-03 8.303400e-06)	(-2.506139e-07 1.357944e-04 3.923012e-08)
2534.48       	(-2.028287e-05 9.158931e-03 1.207185e-05)	(-2.003322e-05 9.023137e-03 1.203124e-05)	(-2.496530e-07 1.357941e-04 4.060588e-08)
2534.48       	(-2.238330e-05 9.159129e-03 8.360664e-06)	(-2.213255e-05 9.023335e-03 8.321646e-06)	(-2.507498e-07 1.357941e-04 3.901763e-08)
2534.49       	(-2.032899e-05 9.158966e-03 1.205001e-05)	(-2.007919e-05 9.023172e-03 1.200964e-05)	(-2.498025e-07 1.357939e-04 4.037555e-08)
2534.49       	(-2.239142e-05 9.159103e-03 8.372673e-06)	(-2.214053e-05 9.023309e-03 8.333862e-06)	(-2.508882e-07 1.357939e-04 3.881036e-08)
2534.5        	(-2.036629e-05 9.158977e-03 1.202993e-05)	(-2.011632e-05 9.023183e-03 1.198976e-05)	(-2.499619e-07 1.357937e-04 4.016772e-08)
2534.5        	(-2.240420e-05 9.159099e-03 8.381470e-06)	(-2.215315e-05 9.023306e-03 8.342839e-06)	(-2.510474e-07 1.357937e-04 3.863123e-08)
2534.51       	(-2.040125e-05 9.158978e-03 1.201223e-05)	(-2.015111e-05 9.023184e-03 1.197223e-05)	(-2.501404e-07 1.357935e-04 3.999768e-08)
2534.51       	(-2.241734e-05 9.159096e-03 8.391178e-06)	(-2.216612e-05 9.023302e-03 8.352686e-06)	(-2.512221e-07 1.357935e-04 3.849154e-08)
2534.52       	(-2.043675e-05 9.158977e-03 1.199590e-05)	(-2.018642e-05 9.023183e-03 1.195604e-05)	(-2.503299e-07 1.357933e-04 3.986477e-08)
2534.52       	(-2.243213e-05 9.159091e-03 8.400622e-06)	(-2.218072e-05 9.023298e-03 8.362239e-06)	(-2.514060e-07 1.357933e-04 3.838300e-08)
2534.53       	(-2.046872e-05 9.158974e-03 1.198381e-05)	(-2.021820e-05 9.023181e-03 1.194405e-05)	(-2.505240e-07 1.357931e-04 3.975993e-08)
2534.53       	(-2.244854e-05 9.159085e-03 8.409871e-06)	(-2.219694e-05 9.023292e-03 8.371574e-06)	(-2.515962e-07 1.357930e-04 3.829647e-08)
2534.54       	(-2.049884e-05 9.158969e-03 1.197524e-05)	(-2.024811e-05 9.023176e-03 1.193557e-05)	(-2.507236e-07 1.357928e-04 3.967503e-08)
2534.54       	(-2.246572e-05 9.159078e-03 8.419709e-06)	(-2.221393e-05 9.023285e-03 8.381482e-06)	(-2.517938e-07 1.357928e-04 3.822683e-08)
2534.55       	(-2.052992e-05 9.158963e-03 1.196850e-05)	(-2.027899e-05 9.023171e-03 1.192889e-05)	(-2.509339e-07 1.357926e-04 3.960617e-08)
2534.55       	(-2.248445e-05 9.159069e-03 8.429985e-06)	(-2.223244e-05 9.023277e-03 8.391812e-06)	(-2.520051e-07 1.357925e-04 3.817290e-08)
2534.56       	(-2.055967e-05 9.158956e-03 1.196426e-05)	(-2.030852e-05 9.023164e-03 1.192470e-05)	(-2.511568e-07 1.357923e-04 3.955571e-08)
2534.56       	(-2.250286e-05 9.159059e-03 8.440967e-06)	(-2.225063e-05 9.023267e-03 8.402827e-06)	(-2.522292e-07 1.357923e-04 3.813975e-08)
2534.57       	(-2.058926e-05 9.158948e-03 1.196235e-05)	(-2.033787e-05 9.023156e-03 1.192282e-05)	(-2.513935e-07 1.357921e-04 3.953047e-08)
2534.58       	(-2.252183e-05 9.159048e-03 8.452370e-06)	(-2.226936e-05 9.023256e-03 8.414235e-06)	(-2.524680e-07 1.357920e-04 3.813490e-08)
2534.58       	(-2.062862e-05 9.158932e-03 1.195020e-05)	(-2.037721e-05 9.023141e-03 1.191079e-05)	(-2.514143e-07 1.357916e-04 3.941497e-08)
2534.59       	(-2.254800e-05 9.159028e-03 8.449765e-06)	(-2.229565e-05 9.023236e-03 8.411883e-06)	(-2.523482e-07 1.357913e-04 3.788174e-08)
2534.59       	(-2.064746e-05 9.158921e-03 1.194816e-05)	(-2.039600e-05 9.023130e-03 1.190900e-05)	(-2.514595e-07 1.357909e-04 3.916099e-08)
2534.6        	(-2.255834e-05 9.159016e-03 8.456935e-06)	(-2.230583e-05 9.023225e-03 8.419252e-06)	(-2.525118e-07 1.357907e-04 3.768297e-08)
2534.6        	(-2.066598e-05 9.158912e-03 1.194752e-05)	(-2.041429e-05 9.023122e-03 1.190852e-05)	(-2.516905e-07 1.357904e-04 3.899284e-08)
2534.61       	(-2.256839e-05 9.159005e-03 8.466062e-06)	(-2.231564e-05 9.023215e-03 8.428509e-06)	(-2.527516e-07 1.357902e-04 3.755290e-08)
2534.61       	(-2.068356e-05 9.158903e-03 1.194905e-05)	(-2.043162e-05 9.023113e-03 1.191015e-05)	(-2.519414e-07 1.357899e-04 3.890318e-08)
2534.62       	(-2.257927e-05 9.158994e-03 8.477177e-06)	(-2.232626e-05 9.023204e-03 8.439662e-06)	(-2.530145e-07 1.357898e-04 3.751507e-08)
2534.62       	(-2.070206e-05 9.158894e-03 1.195425e-05)	(-2.044983e-05 9.023104e-03 1.191534e-05)	(-2.522254e-07 1.357895e-04 3.890968e-08)
2534.63       	(-2.259323e-05 9.158983e-03 8.489681e-06)	(-2.233992e-05 9.023193e-03 8.452116e-06)	(-2.533070e-07 1.357893e-04 3.756448e-08)
2534.63       	(-2.072147e-05 9.158884e-03 1.196215e-05)	(-2.046895e-05 9.023095e-03 1.192316e-05)	(-2.525176e-07 1.357890e-04 3.899223e-08)
2534.64       	(-2.260860e-05 9.158972e-03 8.503552e-06)	(-2.235501e-05 9.023183e-03 8.465875e-06)	(-2.535870e-07 1.357889e-04 3.767706e-08)
2534.64       	(-2.074109e-05 9.158876e-03 1.197171e-05)	(-2.048830e-05 9.023087e-03 1.193258e-05)	(-2.527843e-07 1.357886e-04 3.912844e-08)
2534.65       	(-2.262342e-05 9.158961e-03 8.518340e-06)	(-2.236958e-05 9.023173e-03 8.480505e-06)	(-2.538401e-07 1.357885e-04 3.783480e-08)
2534.65       	(-2.076037e-05 9.158867e-03 1.198176e-05)	(-2.050734e-05 9.023079e-03 1.194246e-05)	(-2.530299e-07 1.357882e-04 3.930313e-08)
2534.66       	(-2.263728e-05 9.158951e-03 8.534431e-06)	(-2.238320e-05 9.023163e-03 8.496406e-06)	(-2.540799e-07 1.357880e-04 3.802540e-08)
2534.66       	(-2.078044e-05 9.158860e-03 1.199152e-05)	(-2.052717e-05 9.023072e-03 1.195202e-05)	(-2.532696e-07 1.357878e-04 3.950456e-08)
2534.67       	(-2.264999e-05 9.158940e-03 8.553121e-06)	(-2.239567e-05 9.023153e-03 8.514882e-06)	(-2.543176e-07 1.357876e-04 3.823894e-08)
2534.67       	(-2.080265e-05 9.158854e-03 1.199929e-05)	(-2.054914e-05 9.023066e-03 1.195957e-05)	(-2.535118e-07 1.357874e-04 3.972120e-08)
2534.68       	(-2.265934e-05 9.158930e-03 8.573426e-06)	(-2.240479e-05 9.023142e-03 8.534963e-06)	(-2.545543e-07 1.357873e-04 3.846326e-08)
2534.68       	(-2.082650e-05 9.158849e-03 1.200459e-05)	(-2.057274e-05 9.023062e-03 1.196465e-05)	(-2.537539e-07 1.357870e-04 3.994202e-08)
2534.69       	(-2.266532e-05 9.158919e-03 8.596947e-06)	(-2.241054e-05 9.023132e-03 8.558256e-06)	(-2.547879e-07 1.357869e-04 3.869091e-08)
2534.69       	(-2.085359e-05 9.158845e-03 1.200658e-05)	(-2.059959e-05 9.023059e-03 1.196642e-05)	(-2.539969e-07 1.357867e-04 4.015989e-08)
2534.7        	(-2.266156e-05 9.158896e-03 8.638976e-06)	(-2.240639e-05 9.023109e-03 8.599722e-06)	(-2.551659e-07 1.357868e-04 3.925392e-08)
2534.7        	(-2.088733e-05 9.158837e-03 1.201367e-05)	(-2.063286e-05 9.023050e-03 1.197272e-05)	(-2.544672e-07 1.357868e-04 4.095490e-08)
2534.71       	(-2.266953e-05 9.158890e-03 8.653423e-06)	(-2.241407e-05 9.023103e-03 8.613435e-06)	(-2.554658e-07 1.357868e-04 3.998831e-08)
2534.72       	(-2.093019e-05 9.158836e-03 1.199219e-05)	(-2.067548e-05 9.023049e-03 1.195052e-05)	(-2.547083e-07 1.357868e-04 4.166903e-08)
2534.72       	(-2.266218e-05 9.158884e-03 8.696795e-06)	(-2.240646e-05 9.023097e-03 8.656178e-06)	(-2.557161e-07 1.357868e-04 4.061745e-08)
2534.73       	(-2.097855e-05 9.158840e-03 1.197798e-05)	(-2.072352e-05 9.023053e-03 1.193588e-05)	(-2.550283e-07 1.357867e-04 4.209968e-08)
2534.73       	(-2.264759e-05 9.158876e-03 8.745429e-06)	(-2.239157e-05 9.023090e-03 8.704496e-06)	(-2.560190e-07 1.357867e-04 4.093348e-08)
2534.74       	(-2.103548e-05 9.158845e-03 1.195025e-05)	(-2.078012e-05 9.023059e-03 1.190794e-05)	(-2.553542e-07 1.357866e-04 4.230562e-08)
2534.74       	(-2.261949e-05 9.158868e-03 8.803431e-06)	(-2.236322e-05 9.023082e-03 8.762291e-06)	(-2.562757e-07 1.357866e-04 4.113983e-08)
2534.75       	(-2.110150e-05 9.158855e-03 1.191001e-05)	(-2.084587e-05 9.023069e-03 1.186755e-05)	(-2.556298e-07 1.357865e-04 4.245629e-08)
2534.75       	(-2.257395e-05 9.158858e-03 8.874591e-06)	(-2.231747e-05 9.023071e-03 8.833253e-06)	(-2.564749e-07 1.357864e-04 4.133729e-08)
2534.76       	(-2.118174e-05 9.158867e-03 1.184998e-05)	(-2.092587e-05 9.023080e-03 1.180738e-05)	(-2.558798e-07 1.357863e-04 4.260292e-08)
2534.76       	(-2.250906e-05 9.158845e-03 8.961769e-06)	(-2.225241e-05 9.023059e-03 8.920217e-06)	(-2.566469e-07 1.357863e-04 4.155213e-08)
2534.77       	(-2.127981e-05 9.158884e-03 1.176860e-05)	(-2.102368e-05 9.023098e-03 1.172585e-05)	(-2.561280e-07 1.357863e-04 4.275020e-08)
2534.77       	(-2.242111e-05 9.158834e-03 9.071150e-06)	(-2.216431e-05 9.023047e-03 9.029369e-06)	(-2.567970e-07 1.357862e-04 4.178115e-08)
2534.78       	(-2.138042e-05 9.158902e-03 1.168143e-05)	(-2.112406e-05 9.023115e-03 1.163852e-05)	(-2.563543e-07 1.357862e-04 4.290153e-08)
2534.78       	(-2.236554e-05 9.158842e-03 9.123357e-06)	(-2.210881e-05 9.023056e-03 9.081432e-06)	(-2.567253e-07 1.357859e-04 4.192444e-08)
2534.79       	(-2.145795e-05 9.158912e-03 1.160510e-05)	(-2.120173e-05 9.023126e-03 1.156220e-05)	(-2.562194e-07 1.357857e-04 4.290172e-08)
2534.79       	(-2.230837e-05 9.158811e-03 9.219584e-06)	(-2.205161e-05 9.023026e-03 9.177837e-06)	(-2.567572e-07 1.357854e-04 4.174649e-08)
2534.8        	(-2.149033e-05 9.158924e-03 1.158397e-05)	(-2.123393e-05 9.023139e-03 1.154151e-05)	(-2.564067e-07 1.357852e-04 4.245356e-08)
2534.8        	(-2.228143e-05 9.158815e-03 9.249244e-06)	(-2.202453e-05 9.023030e-03 9.207883e-06)	(-2.568966e-07 1.357850e-04 4.136046e-08)
2534.81       	(-2.150411e-05 9.158932e-03 1.156249e-05)	(-2.124760e-05 9.023147e-03 1.152028e-05)	(-2.565107e-07 1.357849e-04 4.220915e-08)
2534.81       	(-2.227103e-05 9.158823e-03 9.260480e-06)	(-2.201406e-05 9.023038e-03 9.219232e-06)	(-2.569680e-07 1.357848e-04 4.124897e-08)
2534.82       	(-2.150051e-05 9.158938e-03 1.156485e-05)	(-2.124394e-05 9.023153e-03 1.152269e-05)	(-2.565722e-07 1.357847e-04 4.215903e-08)
2534.82       	(-2.226581e-05 9.158831e-03 9.267940e-06)	(-2.200879e-05 9.023046e-03 9.226710e-06)	(-2.570214e-07 1.357847e-04 4.123038e-08)
2534.83       	(-2.149632e-05 9.158946e-03 1.157046e-05)	(-2.123970e-05 9.023162e-03 1.152830e-05)	(-2.566140e-07 1.357846e-04 4.215819e-08)
2534.83       	(-2.226014e-05 9.158839e-03 9.275927e-06)	(-2.200310e-05 9.023055e-03 9.234684e-06)	(-2.570435e-07 1.357846e-04 4.124288e-08)
2534.84       	(-2.148073e-05 9.158925e-03 1.159106e-05)	(-2.122396e-05 9.023140e-03 1.154920e-05)	(-2.567687e-07 1.357847e-04 4.185561e-08)
2534.84       	(-2.225502e-05 9.158845e-03 9.287304e-06)	(-2.199777e-05 9.023060e-03 9.246525e-06)	(-2.572533e-07 1.357849e-04 4.077926e-08)
2534.85       	(-2.149076e-05 9.158960e-03 1.158434e-05)	(-2.123393e-05 9.023175e-03 1.154260e-05)	(-2.568283e-07 1.357851e-04 4.174090e-08)
2534.85       	(-2.225671e-05 9.158856e-03 9.296090e-06)	(-2.199948e-05 9.023071e-03 9.255213e-06)	(-2.572284e-07 1.357852e-04 4.087725e-08)
2534.86       	(-2.149072e-05 9.158974e-03 1.159636e-05)	(-2.123394e-05 9.023189e-03 1.155454e-05)	(-2.567796e-07 1.357854e-04 4.181857e-08)
2534.87       	(-2.225638e-05 9.158869e-03 9.309172e-06)	(-2.199920e-05 9.023084e-03 9.268292e-06)	(-2.571721e-07 1.357855e-04 4.087957e-08)
2534.87       	(-2.148960e-05 9.158987e-03 1.160806e-05)	(-2.123290e-05 9.023202e-03 1.156630e-05)	(-2.567027e-07 1.357857e-04 4.175995e-08)
2534.88       	(-2.225529e-05 9.158882e-03 9.320333e-06)	(-2.199823e-05 9.023096e-03 9.279547e-06)	(-2.570662e-07 1.357858e-04 4.078612e-08)
2534.88       	(-2.148638e-05 9.159000e-03 1.161890e-05)	(-2.122981e-05 9.023214e-03 1.157725e-05)	(-2.565668e-07 1.357859e-04 4.164892e-08)
2534.89       	(-2.225340e-05 9.158894e-03 9.330635e-06)	(-2.199649e-05 9.023108e-03 9.289965e-06)	(-2.569104e-07 1.357861e-04 4.066941e-08)
2534.89       	(-2.148214e-05 9.159013e-03 1.162842e-05)	(-2.122574e-05 9.023227e-03 1.158689e-05)	(-2.564000e-07 1.357862e-04 4.153340e-08)
2534.9        	(-2.225145e-05 9.158906e-03 9.340193e-06)	(-2.199471e-05 9.023120e-03 9.299633e-06)	(-2.567438e-07 1.357864e-04 4.056008e-08)
2534.9        	(-2.147771e-05 9.159025e-03 1.163706e-05)	(-2.122148e-05 9.023239e-03 1.159563e-05)	(-2.562347e-07 1.357865e-04 4.143038e-08)
2534.91       	(-2.225009e-05 9.158918e-03 9.349611e-06)	(-2.199351e-05 9.023132e-03 9.309147e-06)	(-2.565826e-07 1.357866e-04 4.046355e-08)
2534.91       	(-2.145539e-05 9.159009e-03 1.161621e-05)	(-2.119976e-05 9.023223e-03 1.157454e-05)	(-2.556278e-07 1.357865e-04 4.166200e-08)
2534.92       	(-2.230595e-05 9.158933e-03 9.400584e-06)	(-2.204987e-05 9.023147e-03 9.359933e-06)	(-2.560749e-07 1.357865e-04 4.065110e-08)
2534.92       	(-2.149454e-05 9.159028e-03 1.166619e-05)	(-2.123885e-05 9.023242e-03 1.162489e-05)	(-2.556883e-07 1.357866e-04 4.129771e-08)
2534.93       	(-2.227344e-05 9.158931e-03 9.380016e-06)	(-2.201725e-05 9.023145e-03 9.339741e-06)	(-2.561880e-07 1.357866e-04 4.027498e-08)
2534.93       	(-2.148923e-05 9.159046e-03 1.167259e-05)	(-2.123345e-05 9.023259e-03 1.163145e-05)	(-2.557763e-07 1.357866e-04 4.114152e-08)
2534.94       	(-2.227405e-05 9.158943e-03 9.392678e-06)	(-2.201786e-05 9.023156e-03 9.352484e-06)	(-2.561956e-07 1.357866e-04 4.019354e-08)
2534.94       	(-2.148465e-05 9.159058e-03 1.168218e-05)	(-2.122892e-05 9.023271e-03 1.164110e-05)	(-2.557273e-07 1.357866e-04 4.108477e-08)
2534.95       	(-2.227334e-05 9.158954e-03 9.404055e-06)	(-2.201721e-05 9.023167e-03 9.363904e-06)	(-2.561294e-07 1.357866e-04 4.015080e-08)
2534.95       	(-2.147939e-05 9.159068e-03 1.168920e-05)	(-2.122375e-05 9.023281e-03 1.164815e-05)	(-2.556478e-07 1.357867e-04 4.105010e-08)
2534.96       	(-2.227269e-05 9.158963e-03 9.415679e-06)	(-2.201665e-05 9.023176e-03 9.375549e-06)	(-2.560369e-07 1.357866e-04 4.013049e-08)
2534.96       	(-2.148643e-05 9.159050e-03 1.166115e-05)	(-2.123087e-05 9.023263e-03 1.162001e-05)	(-2.555571e-07 1.357865e-04 4.114641e-08)
2534.97       	(-2.228041e-05 9.158967e-03 9.382826e-06)	(-2.202444e-05 9.023181e-03 9.342626e-06)	(-2.559697e-07 1.357863e-04 4.019969e-08)
2534.97       	(-2.147277e-05 9.159079e-03 1.165670e-05)	(-2.121730e-05 9.023293e-03 1.161572e-05)	(-2.554709e-07 1.357861e-04 4.098104e-08)
2534.98       	(-2.226842e-05 9.158974e-03 9.395446e-06)	(-2.201257e-05 9.023188e-03 9.355476e-06)	(-2.558492e-07 1.357860e-04 3.997050e-08)
2534.98       	(-2.145716e-05 9.159087e-03 1.166102e-05)	(-2.120183e-05 9.023301e-03 1.162022e-05)	(-2.553220e-07 1.357859e-04 4.080229e-08)
2534.99       	(-2.226010e-05 9.158982e-03 9.404622e-06)	(-2.200441e-05 9.023196e-03 9.364770e-06)	(-2.556854e-07 1.357858e-04 3.985148e-08)
2534.99       	(-2.144640e-05 9.159093e-03 1.166130e-05)	(-2.119125e-05 9.023307e-03 1.162059e-05)	(-2.551507e-07 1.357858e-04 4.070893e-08)
2535          	(-2.225177e-05 9.158987e-03 9.411055e-06)	(-2.199624e-05 9.023201e-03 9.371291e-06)	(-2.555232e-07 1.357858e-04 3.976374e-08)
2535.01       	(-2.143963e-05 9.159098e-03 1.166482e-05)	(-2.118462e-05 9.023312e-03 1.162421e-05)	(-2.550053e-07 1.357859e-04 4.060954e-08)
2535.01       	(-2.224324e-05 9.158990e-03 9.419252e-06)	(-2.198785e-05 9.023205e-03 9.379599e-06)	(-2.553896e-07 1.357859e-04 3.965334e-08)
2535.02       	(-2.143478e-05 9.159102e-03 1.167031e-05)	(-2.117990e-05 9.023316e-03 1.162982e-05)	(-2.548782e-07 1.357859e-04 4.048964e-08)
2535.02       	(-2.223342e-05 9.158994e-03 9.428234e-06)	(-2.197817e-05 9.023208e-03 9.388702e-06)	(-2.552547e-07 1.357859e-04 3.953167e-08)
2535.03       	(-2.142933e-05 9.159106e-03 1.167530e-05)	(-2.117459e-05 9.023320e-03 1.163493e-05)	(-2.547351e-07 1.357859e-04 4.036732e-08)
2535.03       	(-2.222370e-05 9.158996e-03 9.437947e-06)	(-2.196860e-05 9.023210e-03 9.398531e-06)	(-2.550993e-07 1.357859e-04 3.941538e-08)
2535.04       	(-2.142421e-05 9.159108e-03 1.168079e-05)	(-2.116964e-05 9.023322e-03 1.164054e-05)	(-2.545735e-07 1.357860e-04 4.025611e-08)
2535.04       	(-2.221411e-05 9.158998e-03 9.447573e-06)	(-2.195918e-05 9.023212e-03 9.408259e-06)	(-2.549297e-07 1.357860e-04 3.931413e-08)
2535.05       	(-2.141777e-05 9.159110e-03 1.168774e-05)	(-2.116337e-05 9.023324e-03 1.164757e-05)	(-2.544012e-07 1.357860e-04 4.016368e-08)
2535.05       	(-2.220481e-05 9.158999e-03 9.456938e-06)	(-2.195006e-05 9.023213e-03 9.417706e-06)	(-2.547534e-07 1.357860e-04 3.923202e-08)
2535.06       	(-2.139764e-05 9.159086e-03 1.171965e-05)	(-2.114338e-05 9.023300e-03 1.167994e-05)	(-2.542534e-07 1.357862e-04 3.971317e-08)
2535.06       	(-2.219698e-05 9.159016e-03 9.481404e-06)	(-2.194233e-05 9.023230e-03 9.442726e-06)	(-2.546516e-07 1.357863e-04 3.867802e-08)
2535.07       	(-2.140769e-05 9.159110e-03 1.172532e-05)	(-2.115352e-05 9.023323e-03 1.168584e-05)	(-2.541632e-07 1.357865e-04 3.948562e-08)
2535.07       	(-2.219590e-05 9.159001e-03 9.502082e-06)	(-2.194134e-05 9.023214e-03 9.463567e-06)	(-2.545593e-07 1.357866e-04 3.851512e-08)
2535.08       	(-2.141213e-05 9.159112e-03 1.173657e-05)	(-2.115805e-05 9.023325e-03 1.169725e-05)	(-2.540792e-07 1.357867e-04 3.932292e-08)
2535.08       	(-2.219670e-05 9.159000e-03 9.517358e-06)	(-2.194223e-05 9.023214e-03 9.479008e-06)	(-2.544686e-07 1.357868e-04 3.835065e-08)
2535.09       	(-2.141488e-05 9.159113e-03 1.174824e-05)	(-2.116091e-05 9.023326e-03 1.170909e-05)	(-2.539729e-07 1.357868e-04 3.915599e-08)
2535.09       	(-2.219505e-05 9.159001e-03 9.532476e-06)	(-2.194071e-05 9.023214e-03 9.494284e-06)	(-2.543366e-07 1.357869e-04 3.819150e-08)
2535.1        	(-2.142816e-05 9.159087e-03 1.175008e-05)	(-2.117437e-05 9.023300e-03 1.171087e-05)	(-2.537912e-07 1.357867e-04 3.921205e-08)
2535.1        	(-2.219607e-05 9.158997e-03 9.529549e-06)	(-2.194199e-05 9.023211e-03 9.491292e-06)	(-2.540881e-07 1.357865e-04 3.825738e-08)
2535.11       	(-2.141562e-05 9.159106e-03 1.174718e-05)	(-2.116209e-05 9.023320e-03 1.170820e-05)	(-2.535328e-07 1.357864e-04 3.898232e-08)
2535.11       	(-2.218631e-05 9.158994e-03 9.530846e-06)	(-2.193246e-05 9.023208e-03 9.492885e-06)	(-2.538499e-07 1.357862e-04 3.796092e-08)
2535.12       	(-2.140693e-05 9.159105e-03 1.174403e-05)	(-2.115362e-05 9.023319e-03 1.170529e-05)	(-2.533088e-07 1.357861e-04 3.873955e-08)
2535.12       	(-2.217766e-05 9.158992e-03 9.533610e-06)	(-2.192401e-05 9.023206e-03 9.495841e-06)	(-2.536468e-07 1.357859e-04 3.776874e-08)
2535.13       	(-2.140137e-05 9.159103e-03 1.174705e-05)	(-2.114824e-05 9.023317e-03 1.170848e-05)	(-2.531336e-07 1.357858e-04 3.857171e-08)
2535.13       	(-2.217185e-05 9.158989e-03 9.539944e-06)	(-2.191835e-05 9.023203e-03 9.502326e-06)	(-2.535004e-07 1.357857e-04 3.761791e-08)
2535.14       	(-2.139903e-05 9.159099e-03 1.175179e-05)	(-2.114601e-05 9.023314e-03 1.171336e-05)	(-2.530134e-07 1.357856e-04 3.843617e-08)
2535.15       	(-2.216876e-05 9.158985e-03 9.547455e-06)	(-2.191537e-05 9.023199e-03 9.509956e-06)	(-2.533942e-07 1.357854e-04 3.749889e-08)
2535.15       	(-2.139889e-05 9.159096e-03 1.175756e-05)	(-2.114598e-05 9.023310e-03 1.171923e-05)	(-2.529105e-07 1.357853e-04 3.832826e-08)
2535.16       	(-2.215983e-05 9.158993e-03 9.554634e-06)	(-2.190645e-05 9.023208e-03 9.517164e-06)	(-2.533821e-07 1.357853e-04 3.746998e-08)
2535.16       	(-2.139587e-05 9.159064e-03 1.177433e-05)	(-2.114289e-05 9.023278e-03 1.173581e-05)	(-2.529765e-07 1.357853e-04 3.852059e-08)
2535.17       	(-2.216911e-05 9.158976e-03 9.565022e-06)	(-2.191571e-05 9.023191e-03 9.527145e-06)	(-2.533959e-07 1.357853e-04 3.787638e-08)
2535.17       	(-2.140849e-05 9.159084e-03 1.177350e-05)	(-2.115555e-05 9.023299e-03 1.173455e-05)	(-2.529388e-07 1.357853e-04 3.895058e-08)
2535.18       	(-2.217339e-05 9.158970e-03 9.578797e-06)	(-2.192005e-05 9.023185e-03 9.540582e-06)	(-2.533382e-07 1.357852e-04 3.821544e-08)
2535.18       	(-2.141648e-05 9.159081e-03 1.178160e-05)	(-2.116359e-05 9.023296e-03 1.174240e-05)	(-2.528908e-07 1.357852e-04 3.919995e-08)
2535.19       	(-2.217943e-05 9.158966e-03 9.589793e-06)	(-2.192613e-05 9.023181e-03 9.551380e-06)	(-2.532998e-07 1.357852e-04 3.841232e-08)
2535.19       	(-2.142629e-05 9.159078e-03 1.178866e-05)	(-2.117343e-05 9.023293e-03 1.174929e-05)	(-2.528531e-07 1.357852e-04 3.936593e-08)
2535.2        	(-2.218591e-05 9.158962e-03 9.600592e-06)	(-2.193266e-05 9.023177e-03 9.562028e-06)	(-2.532500e-07 1.357851e-04 3.856428e-08)
2535.2        	(-2.143537e-05 9.159075e-03 1.179543e-05)	(-2.118258e-05 9.023289e-03 1.175592e-05)	(-2.527946e-07 1.357851e-04 3.951030e-08)
2535.21       	(-2.219118e-05 9.158959e-03 9.610325e-06)	(-2.193799e-05 9.023174e-03 9.571612e-06)	(-2.531879e-07 1.357851e-04 3.871243e-08)
2535.21       	(-2.144337e-05 9.159072e-03 1.180110e-05)	(-2.119063e-05 9.023286e-03 1.176143e-05)	(-2.527412e-07 1.357852e-04 3.966495e-08)
2535.22       	(-2.219579e-05 9.158955e-03 9.618966e-06)	(-2.194265e-05 9.023170e-03 9.580088e-06)	(-2.531458e-07 1.357852e-04 3.887838e-08)
2535.22       	(-2.145048e-05 9.159068e-03 1.180623e-05)	(-2.119776e-05 9.023283e-03 1.176639e-05)	(-2.527131e-07 1.357852e-04 3.983778e-08)
2535.23       	(-2.220011e-05 9.158952e-03 9.627138e-06)	(-2.194698e-05 9.023167e-03 9.588081e-06)	(-2.531258e-07 1.357852e-04 3.905725e-08)
2535.23       	(-2.145662e-05 9.159065e-03 1.181197e-05)	(-2.120393e-05 9.023280e-03 1.177195e-05)	(-2.526989e-07 1.357852e-04 4.001646e-08)
