# Force       
# CofR        : (0.000000e+00 0.000000e+00 0.000000e+00)
#
# Time        	(total_x total_y total_z)	(pressure_x pressure_y pressure_z)	(viscous_x viscous_y viscous_z)
4501          	(3.242703e+00 5.898752e-01 -4.698255e+02)	(3.242789e+00 5.910736e-01 -4.698241e+02)	(-8.651071e-05 -1.198380e-03 -1.424281e-03)
4502          	(3.241930e+00 5.899691e-01 -4.698255e+02)	(3.242017e+00 5.911657e-01 -4.698240e+02)	(-8.648670e-05 -1.196562e-03 -1.424397e-03)
4503          	(3.244718e+00 5.905199e-01 -4.698258e+02)	(3.244803e+00 5.917155e-01 -4.698244e+02)	(-8.521761e-05 -1.195657e-03 -1.424540e-03)
4504          	(3.247683e+00 5.911888e-01 -4.698263e+02)	(3.247766e+00 5.923838e-01 -4.698249e+02)	(-8.314151e-05 -1.195036e-03 -1.424727e-03)
4505          	(3.250216e+00 5.919031e-01 -4.698269e+02)	(3.250297e+00 5.930969e-01 -4.698255e+02)	(-8.084659e-05 -1.193757e-03 -1.424961e-03)
4506          	(3.252079e+00 5.926201e-01 -4.698279e+02)	(3.252158e+00 5.938114e-01 -4.698265e+02)	(-7.886668e-05 -1.191288e-03 -1.425291e-03)
4507          	(3.253594e+00 5.933224e-01 -4.698286e+02)	(3.253671e+00 5.945099e-01 -4.698272e+02)	(-7.753284e-05 -1.187516e-03 -1.425799e-03)
4508          	(3.245987e+00 5.927253e-01 -4.698318e+02)	(3.246066e+00 5.939071e-01 -4.698304e+02)	(-7.904427e-05 -1.181778e-03 -1.426482e-03)
4509          	(3.239162e+00 5.920832e-01 -4.698345e+02)	(3.239244e+00 5.932578e-01 -4.698331e+02)	(-8.200600e-05 -1.174606e-03 -1.427377e-03)
4510          	(3.241575e+00 5.924893e-01 -4.698350e+02)	(3.241659e+00 5.936574e-01 -4.698335e+02)	(-8.363657e-05 -1.168138e-03 -1.428591e-03)
4511          	(3.241215e+00 5.923102e-01 -4.698352e+02)	(3.241300e+00 5.934730e-01 -4.698337e+02)	(-8.496590e-05 -1.162812e-03 -1.430131e-03)
4512          	(3.240574e+00 5.919897e-01 -4.698354e+02)	(3.240660e+00 5.931480e-01 -4.698339e+02)	(-8.612607e-05 -1.158240e-03 -1.432005e-03)
4513          	(3.239886e+00 5.915839e-01 -4.698356e+02)	(3.239973e+00 5.927384e-01 -4.698341e+02)	(-8.727769e-05 -1.154450e-03 -1.434236e-03)
4514          	(3.239173e+00 5.911409e-01 -4.698358e+02)	(3.239262e+00 5.922924e-01 -4.698343e+02)	(-8.852107e-05 -1.151421e-03 -1.436841e-03)
4515          	(3.238555e+00 5.907305e-01 -4.698360e+02)	(3.238645e+00 5.918795e-01 -4.698345e+02)	(-8.994793e-05 -1.149005e-03 -1.439770e-03)
4516          	(3.236308e+00 5.902333e-01 -4.698361e+02)	(3.236400e+00 5.913798e-01 -4.698346e+02)	(-9.222602e-05 -1.146489e-03 -1.442941e-03)
4517          	(3.235771e+00 5.899644e-01 -4.698362e+02)	(3.235865e+00 5.911085e-01 -4.698348e+02)	(-9.443357e-05 -1.144093e-03 -1.446371e-03)
4518          	(3.229435e+00 5.889918e-01 -4.698355e+02)	(3.229533e+00 5.901332e-01 -4.698341e+02)	(-9.785519e-05 -1.141345e-03 -1.450042e-03)
4519          	(3.222948e+00 5.880165e-01 -4.698344e+02)	(3.223049e+00 5.891545e-01 -4.698330e+02)	(-1.016346e-04 -1.137978e-03 -1.453933e-03)
4520          	(3.216180e+00 5.869816e-01 -4.698324e+02)	(3.216285e+00 5.881160e-01 -4.698310e+02)	(-1.052348e-04 -1.134383e-03 -1.458127e-03)
4521          	(3.211757e+00 5.862722e-01 -4.698287e+02)	(3.211865e+00 5.874029e-01 -4.698273e+02)	(-1.076623e-04 -1.130718e-03 -1.462643e-03)
4522          	(3.232621e+00 5.892207e-01 -4.698208e+02)	(3.232725e+00 5.903493e-01 -4.698194e+02)	(-1.041029e-04 -1.128596e-03 -1.467665e-03)
4523          	(3.231884e+00 5.893180e-01 -4.698179e+02)	(3.231986e+00 5.904442e-01 -4.698164e+02)	(-1.022436e-04 -1.126238e-03 -1.473038e-03)
4524          	(3.233748e+00 5.898809e-01 -4.698180e+02)	(3.233849e+00 5.910040e-01 -4.698165e+02)	(-1.009729e-04 -1.123162e-03 -1.478409e-03)
4525          	(3.235585e+00 5.904220e-01 -4.698180e+02)	(3.235685e+00 5.915426e-01 -4.698166e+02)	(-1.002277e-04 -1.120659e-03 -1.483842e-03)
4526          	(3.237263e+00 5.909118e-01 -4.698181e+02)	(3.237363e+00 5.920306e-01 -4.698166e+02)	(-1.001207e-04 -1.118853e-03 -1.489298e-03)
4527          	(3.238152e+00 5.912441e-01 -4.698182e+02)	(3.238252e+00 5.923620e-01 -4.698167e+02)	(-1.005101e-04 -1.117880e-03 -1.494705e-03)
4528          	(3.238302e+00 5.914408e-01 -4.698183e+02)	(3.238403e+00 5.925584e-01 -4.698168e+02)	(-1.011900e-04 -1.117589e-03 -1.500063e-03)
4529          	(3.238247e+00 5.916092e-01 -4.698184e+02)	(3.238349e+00 5.927268e-01 -4.698169e+02)	(-1.019045e-04 -1.117629e-03 -1.505398e-03)
4530          	(3.238071e+00 5.917766e-01 -4.698185e+02)	(3.238174e+00 5.928942e-01 -4.698170e+02)	(-1.025276e-04 -1.117597e-03 -1.510793e-03)
4531          	(3.237660e+00 5.919420e-01 -4.698185e+02)	(3.237763e+00 5.930590e-01 -4.698170e+02)	(-1.031186e-04 -1.117061e-03 -1.516333e-03)
4532          	(3.255221e+00 5.944882e-01 -4.698127e+02)	(3.255321e+00 5.956065e-01 -4.698112e+02)	(-9.930867e-05 -1.118255e-03 -1.522407e-03)
4533          	(3.253975e+00 5.947207e-01 -4.698126e+02)	(3.254073e+00 5.958390e-01 -4.698111e+02)	(-9.822464e-05 -1.118242e-03 -1.528850e-03)
4534          	(3.252485e+00 5.949271e-01 -4.698126e+02)	(3.252584e+00 5.960426e-01 -4.698111e+02)	(-9.917978e-05 -1.115485e-03 -1.535669e-03)
4535          	(3.251973e+00 5.951516e-01 -4.698128e+02)	(3.252075e+00 5.962633e-01 -4.698113e+02)	(-1.015152e-04 -1.111740e-03 -1.542829e-03)
4536          	(3.251090e+00 5.951193e-01 -4.698131e+02)	(3.251195e+00 5.962272e-01 -4.698115e+02)	(-1.048061e-04 -1.107825e-03 -1.550276e-03)
4537          	(3.250278e+00 5.949007e-01 -4.698133e+02)	(3.250386e+00 5.960050e-01 -4.698118e+02)	(-1.086167e-04 -1.104368e-03 -1.557942e-03)
4538          	(3.249391e+00 5.945124e-01 -4.698136e+02)	(3.249504e+00 5.956142e-01 -4.698120e+02)	(-1.127196e-04 -1.101784e-03 -1.565793e-03)
4539          	(3.248590e+00 5.940269e-01 -4.698138e+02)	(3.248707e+00 5.951272e-01 -4.698123e+02)	(-1.168987e-04 -1.100273e-03 -1.573837e-03)
4540          	(3.247527e+00 5.934486e-01 -4.698141e+02)	(3.247649e+00 5.945485e-01 -4.698126e+02)	(-1.210657e-04 -1.099866e-03 -1.582085e-03)
4541          	(3.245750e+00 5.927389e-01 -4.698146e+02)	(3.245875e+00 5.938395e-01 -4.698130e+02)	(-1.250978e-04 -1.100591e-03 -1.590451e-03)
4542          	(3.232604e+00 5.905805e-01 -4.698211e+02)	(3.232735e+00 5.916816e-01 -4.698195e+02)	(-1.316139e-04 -1.101055e-03 -1.598828e-03)
4543          	(3.239152e+00 5.911496e-01 -4.698244e+02)	(3.239287e+00 5.922518e-01 -4.698228e+02)	(-1.349492e-04 -1.102178e-03 -1.607301e-03)
4544          	(3.230077e+00 5.896900e-01 -4.698317e+02)	(3.230217e+00 5.907926e-01 -4.698301e+02)	(-1.401067e-04 -1.102621e-03 -1.615897e-03)
4545          	(3.236495e+00 5.904573e-01 -4.698347e+02)	(3.236638e+00 5.915596e-01 -4.698331e+02)	(-1.425372e-04 -1.102390e-03 -1.624517e-03)
4546          	(3.231113e+00 5.897053e-01 -4.698402e+02)	(3.231259e+00 5.908065e-01 -4.698385e+02)	(-1.461755e-04 -1.101210e-03 -1.633255e-03)
4547          	(3.235324e+00 5.902861e-01 -4.698418e+02)	(3.235472e+00 5.913860e-01 -4.698401e+02)	(-1.479986e-04 -1.099955e-03 -1.642009e-03)
4548          	(3.238380e+00 5.907682e-01 -4.698432e+02)	(3.238529e+00 5.918676e-01 -4.698416e+02)	(-1.490546e-04 -1.099435e-03 -1.650875e-03)
4549          	(3.238244e+00 5.908770e-01 -4.698436e+02)	(3.238394e+00 5.919759e-01 -4.698419e+02)	(-1.502380e-04 -1.098920e-03 -1.659798e-03)
4550          	(3.238181e+00 5.909980e-01 -4.698439e+02)	(3.238332e+00 5.920967e-01 -4.698422e+02)	(-1.512734e-04 -1.098701e-03 -1.668699e-03)
4551          	(3.237952e+00 5.910723e-01 -4.698441e+02)	(3.238104e+00 5.921716e-01 -4.698425e+02)	(-1.522614e-04 -1.099278e-03 -1.677588e-03)
4552          	(3.237642e+00 5.911265e-01 -4.698444e+02)	(3.237795e+00 5.922271e-01 -4.698427e+02)	(-1.532048e-04 -1.100669e-03 -1.686358e-03)
4553          	(3.237284e+00 5.911775e-01 -4.698447e+02)	(3.237438e+00 5.922802e-01 -4.698430e+02)	(-1.539779e-04 -1.102685e-03 -1.694899e-03)
4554          	(3.236905e+00 5.912396e-01 -4.698449e+02)	(3.237059e+00 5.923447e-01 -4.698432e+02)	(-1.544647e-04 -1.105064e-03 -1.703110e-03)
4555          	(3.236513e+00 5.913361e-01 -4.698451e+02)	(3.236667e+00 5.924436e-01 -4.698434e+02)	(-1.546066e-04 -1.107444e-03 -1.710918e-03)
4556          	(3.236150e+00 5.914470e-01 -4.698454e+02)	(3.236304e+00 5.925565e-01 -4.698437e+02)	(-1.543752e-04 -1.109575e-03 -1.718303e-03)
4557          	(3.235727e+00 5.915731e-01 -4.698456e+02)	(3.235881e+00 5.926843e-01 -4.698439e+02)	(-1.539042e-04 -1.111140e-03 -1.725288e-03)
4558          	(3.235301e+00 5.917236e-01 -4.698458e+02)	(3.235455e+00 5.928354e-01 -4.698441e+02)	(-1.534608e-04 -1.111788e-03 -1.731996e-03)
4559          	(3.228094e+00 5.907670e-01 -4.698458e+02)	(3.228248e+00 5.918788e-01 -4.698440e+02)	(-1.544602e-04 -1.111750e-03 -1.738503e-03)
4560          	(3.220424e+00 5.896473e-01 -4.698456e+02)	(3.220580e+00 5.907585e-01 -4.698438e+02)	(-1.562005e-04 -1.111151e-03 -1.744803e-03)
4561          	(3.219878e+00 5.894879e-01 -4.698457e+02)	(3.220035e+00 5.905980e-01 -4.698439e+02)	(-1.570582e-04 -1.110114e-03 -1.750838e-03)
4562          	(3.219318e+00 5.891858e-01 -4.698458e+02)	(3.219475e+00 5.902948e-01 -4.698440e+02)	(-1.574846e-04 -1.109035e-03 -1.756517e-03)
4563          	(3.218181e+00 5.886760e-01 -4.698458e+02)	(3.218339e+00 5.897842e-01 -4.698440e+02)	(-1.577667e-04 -1.108233e-03 -1.761730e-03)
4564          	(3.217018e+00 5.880516e-01 -4.698457e+02)	(3.217176e+00 5.891597e-01 -4.698440e+02)	(-1.579692e-04 -1.108140e-03 -1.766398e-03)
4565          	(3.215938e+00 5.873576e-01 -4.698456e+02)	(3.216096e+00 5.884667e-01 -4.698438e+02)	(-1.580561e-04 -1.109152e-03 -1.770432e-03)
4566          	(3.215108e+00 5.866715e-01 -4.698454e+02)	(3.215266e+00 5.877827e-01 -4.698436e+02)	(-1.579998e-04 -1.111260e-03 -1.773720e-03)
4567          	(3.214588e+00 5.860712e-01 -4.698452e+02)	(3.214746e+00 5.871853e-01 -4.698434e+02)	(-1.577482e-04 -1.114114e-03 -1.776111e-03)
4568          	(3.214401e+00 5.855985e-01 -4.698449e+02)	(3.214558e+00 5.867158e-01 -4.698431e+02)	(-1.572378e-04 -1.117255e-03 -1.777559e-03)
4569          	(3.227669e+00 5.869700e-01 -4.698395e+02)	(3.227822e+00 5.880925e-01 -4.698377e+02)	(-1.531265e-04 -1.122576e-03 -1.777993e-03)
4570          	(3.228536e+00 5.869537e-01 -4.698392e+02)	(3.228686e+00 5.880808e-01 -4.698374e+02)	(-1.502838e-04 -1.127079e-03 -1.777585e-03)
4571          	(3.229682e+00 5.870778e-01 -4.698389e+02)	(3.229830e+00 5.882074e-01 -4.698371e+02)	(-1.482207e-04 -1.129564e-03 -1.776124e-03)
4572          	(3.230964e+00 5.872769e-01 -4.698386e+02)	(3.231111e+00 5.884083e-01 -4.698368e+02)	(-1.466087e-04 -1.131375e-03 -1.773524e-03)
4573          	(3.244077e+00 5.891433e-01 -4.698355e+02)	(3.244220e+00 5.902772e-01 -4.698338e+02)	(-1.425787e-04 -1.133908e-03 -1.769759e-03)
4574          	(3.245232e+00 5.894275e-01 -4.698351e+02)	(3.245372e+00 5.905640e-01 -4.698334e+02)	(-1.398169e-04 -1.136516e-03 -1.764967e-03)
4575          	(3.246118e+00 5.896727e-01 -4.698347e+02)	(3.246256e+00 5.908117e-01 -4.698329e+02)	(-1.374950e-04 -1.139054e-03 -1.758946e-03)
4576          	(3.246726e+00 5.898557e-01 -4.698342e+02)	(3.246862e+00 5.909981e-01 -4.698324e+02)	(-1.353836e-04 -1.142366e-03 -1.751789e-03)
4577          	(3.247096e+00 5.899741e-01 -4.698336e+02)	(3.247230e+00 5.911207e-01 -4.698319e+02)	(-1.333365e-04 -1.146635e-03 -1.743499e-03)
4578          	(3.247264e+00 5.900417e-01 -4.698330e+02)	(3.247395e+00 5.911935e-01 -4.698313e+02)	(-1.310858e-04 -1.151773e-03 -1.734035e-03)
4579          	(3.247235e+00 5.900730e-01 -4.698324e+02)	(3.247363e+00 5.912306e-01 -4.698307e+02)	(-1.284269e-04 -1.157579e-03 -1.723421e-03)
4580          	(3.247007e+00 5.900930e-01 -4.698318e+02)	(3.247133e+00 5.912568e-01 -4.698301e+02)	(-1.252255e-04 -1.163744e-03 -1.711734e-03)
4581          	(3.246517e+00 5.901155e-01 -4.698312e+02)	(3.246639e+00 5.912854e-01 -4.698295e+02)	(-1.214731e-04 -1.169869e-03 -1.699128e-03)
4582          	(3.245856e+00 5.901691e-01 -4.698306e+02)	(3.245973e+00 5.913446e-01 -4.698289e+02)	(-1.172931e-04 -1.175501e-03 -1.685816e-03)
4583          	(3.244859e+00 5.902053e-01 -4.698300e+02)	(3.244972e+00 5.913857e-01 -4.698283e+02)	(-1.128779e-04 -1.180401e-03 -1.672014e-03)
4584          	(3.238768e+00 5.894949e-01 -4.698290e+02)	(3.238878e+00 5.906792e-01 -4.698274e+02)	(-1.094803e-04 -1.184272e-03 -1.657911e-03)
4585          	(3.232093e+00 5.886650e-01 -4.698281e+02)	(3.232200e+00 5.898520e-01 -4.698264e+02)	(-1.068605e-04 -1.186993e-03 -1.643806e-03)
4586          	(3.225908e+00 5.878063e-01 -4.698272e+02)	(3.226013e+00 5.889951e-01 -4.698256e+02)	(-1.047046e-04 -1.188797e-03 -1.629896e-03)
4587          	(3.225440e+00 5.876626e-01 -4.698267e+02)	(3.225542e+00 5.888527e-01 -4.698251e+02)	(-1.018547e-04 -1.190080e-03 -1.616319e-03)
4588          	(3.225221e+00 5.874176e-01 -4.698262e+02)	(3.225320e+00 5.886089e-01 -4.698246e+02)	(-9.880598e-05 -1.191264e-03 -1.603087e-03)
4589          	(3.225071e+00 5.870726e-01 -4.698257e+02)	(3.225166e+00 5.882652e-01 -4.698241e+02)	(-9.583780e-05 -1.192620e-03 -1.590181e-03)
4590          	(3.225011e+00 5.866533e-01 -4.698251e+02)	(3.225104e+00 5.878478e-01 -4.698235e+02)	(-9.318014e-05 -1.194490e-03 -1.577613e-03)
4591          	(3.224807e+00 5.861694e-01 -4.698246e+02)	(3.224898e+00 5.873664e-01 -4.698230e+02)	(-9.103162e-05 -1.197004e-03 -1.565423e-03)
4592          	(3.224790e+00 5.857027e-01 -4.698240e+02)	(3.224880e+00 5.869028e-01 -4.698225e+02)	(-8.940410e-05 -1.200119e-03 -1.553606e-03)
4593          	(3.225057e+00 5.853118e-01 -4.698235e+02)	(3.225146e+00 5.865154e-01 -4.698219e+02)	(-8.813368e-05 -1.203622e-03 -1.542209e-03)
4594          	(3.225936e+00 5.850690e-01 -4.698229e+02)	(3.226023e+00 5.862762e-01 -4.698214e+02)	(-8.700375e-05 -1.207209e-03 -1.531370e-03)
4595          	(3.234726e+00 5.860615e-01 -4.698219e+02)	(3.234810e+00 5.872725e-01 -4.698204e+02)	(-8.440229e-05 -1.210963e-03 -1.521252e-03)
4596          	(3.236055e+00 5.861828e-01 -4.698216e+02)	(3.236138e+00 5.873965e-01 -4.698201e+02)	(-8.299581e-05 -1.213705e-03 -1.511871e-03)
4597          	(3.245315e+00 5.875014e-01 -4.698208e+02)	(3.245395e+00 5.887171e-01 -4.698193e+02)	(-8.072007e-05 -1.215671e-03 -1.503183e-03)
4598          	(3.246700e+00 5.878515e-01 -4.698206e+02)	(3.246780e+00 5.890680e-01 -4.698191e+02)	(-8.005096e-05 -1.216548e-03 -1.495220e-03)
4599          	(3.254021e+00 5.891107e-01 -4.698202e+02)	(3.254100e+00 5.903273e-01 -4.698187e+02)	(-7.915389e-05 -1.216552e-03 -1.487899e-03)
4600          	(3.255274e+00 5.895382e-01 -4.698200e+02)	(3.255353e+00 5.907545e-01 -4.698185e+02)	(-7.944723e-05 -1.216222e-03 -1.481222e-03)
4601          	(3.256158e+00 5.898855e-01 -4.698198e+02)	(3.256238e+00 5.911014e-01 -4.698183e+02)	(-8.025398e-05 -1.215922e-03 -1.475016e-03)
4602          	(3.256730e+00 5.901560e-01 -4.698196e+02)	(3.256812e+00 5.913722e-01 -4.698182e+02)	(-8.132196e-05 -1.216191e-03 -1.469251e-03)
4603          	(3.256890e+00 5.903193e-01 -4.698195e+02)	(3.256972e+00 5.915365e-01 -4.698180e+02)	(-8.247248e-05 -1.217193e-03 -1.463877e-03)
4604          	(3.256855e+00 5.904422e-01 -4.698193e+02)	(3.256939e+00 5.916610e-01 -4.698179e+02)	(-8.343167e-05 -1.218778e-03 -1.458811e-03)
4605          	(3.256681e+00 5.905576e-01 -4.698192e+02)	(3.256765e+00 5.917783e-01 -4.698178e+02)	(-8.400373e-05 -1.220672e-03 -1.453998e-03)
4606          	(3.256418e+00 5.907043e-01 -4.698191e+02)	(3.256502e+00 5.919269e-01 -4.698177e+02)	(-8.401561e-05 -1.222572e-03 -1.449389e-03)
4607          	(3.256118e+00 5.909169e-01 -4.698191e+02)	(3.256201e+00 5.921409e-01 -4.698176e+02)	(-8.338562e-05 -1.224034e-03 -1.444981e-03)
4608          	(3.255825e+00 5.911930e-01 -4.698191e+02)	(3.255907e+00 5.924176e-01 -4.698176e+02)	(-8.218575e-05 -1.224650e-03 -1.440792e-03)
4609          	(3.255479e+00 5.915176e-01 -4.698191e+02)	(3.255560e+00 5.927417e-01 -4.698177e+02)	(-8.062312e-05 -1.224080e-03 -1.436880e-03)
4610          	(3.255062e+00 5.918520e-01 -4.698192e+02)	(3.255141e+00 5.930741e-01 -4.698178e+02)	(-7.903409e-05 -1.222156e-03 -1.433320e-03)
4611          	(3.248758e+00 5.913474e-01 -4.698192e+02)	(3.248837e+00 5.925658e-01 -4.698178e+02)	(-7.898995e-05 -1.218425e-03 -1.430165e-03)
4612          	(3.241826e+00 5.906172e-01 -4.698192e+02)	(3.241906e+00 5.918304e-01 -4.698178e+02)	(-7.998979e-05 -1.213258e-03 -1.427417e-03)
4613          	(3.235240e+00 5.897486e-01 -4.698192e+02)	(3.235322e+00 5.909562e-01 -4.698177e+02)	(-8.149335e-05 -1.207567e-03 -1.425118e-03)
4614          	(3.234542e+00 5.895115e-01 -4.698192e+02)	(3.234624e+00 5.907139e-01 -4.698178e+02)	(-8.196436e-05 -1.202442e-03 -1.423257e-03)
4615          	(3.233814e+00 5.891466e-01 -4.698192e+02)	(3.233896e+00 5.903449e-01 -4.698178e+02)	(-8.193685e-05 -1.198255e-03 -1.421834e-03)
4616          	(3.233264e+00 5.887253e-01 -4.698192e+02)	(3.233346e+00 5.899202e-01 -4.698178e+02)	(-8.169570e-05 -1.194941e-03 -1.420796e-03)
4617          	(3.232756e+00 5.883014e-01 -4.698192e+02)	(3.232837e+00 5.894939e-01 -4.698178e+02)	(-8.156816e-05 -1.192441e-03 -1.420137e-03)
4618          	(3.231928e+00 5.878664e-01 -4.698191e+02)	(3.232010e+00 5.890570e-01 -4.698177e+02)	(-8.181308e-05 -1.190549e-03 -1.419795e-03)
4619          	(3.231329e+00 5.875380e-01 -4.698191e+02)	(3.231411e+00 5.887270e-01 -4.698176e+02)	(-8.240537e-05 -1.189022e-03 -1.419696e-03)
4620          	(3.231021e+00 5.873407e-01 -4.698190e+02)	(3.231105e+00 5.885282e-01 -4.698176e+02)	(-8.327729e-05 -1.187456e-03 -1.419878e-03)
4621          	(3.231031e+00 5.872810e-01 -4.698190e+02)	(3.231115e+00 5.884665e-01 -4.698175e+02)	(-8.429821e-05 -1.185482e-03 -1.420381e-03)
4622          	(3.231333e+00 5.873481e-01 -4.698189e+02)	(3.231419e+00 5.885310e-01 -4.698175e+02)	(-8.539848e-05 -1.182875e-03 -1.421211e-03)
4623          	(3.232090e+00 5.875668e-01 -4.698188e+02)	(3.232176e+00 5.887463e-01 -4.698174e+02)	(-8.656087e-05 -1.179498e-03 -1.422364e-03)
4624          	(3.237271e+00 5.883715e-01 -4.698187e+02)	(3.237357e+00 5.895478e-01 -4.698172e+02)	(-8.666459e-05 -1.176302e-03 -1.423785e-03)
4625          	(3.242280e+00 5.892262e-01 -4.698186e+02)	(3.242367e+00 5.903995e-01 -4.698172e+02)	(-8.624167e-05 -1.173305e-03 -1.425508e-03)
4626          	(3.247309e+00 5.901513e-01 -4.698188e+02)	(3.247395e+00 5.913215e-01 -4.698173e+02)	(-8.558250e-05 -1.170204e-03 -1.427484e-03)
4627          	(3.252324e+00 5.911091e-01 -4.698190e+02)	(3.252409e+00 5.922765e-01 -4.698176e+02)	(-8.485900e-05 -1.167417e-03 -1.429625e-03)
4628          	(3.256475e+00 5.919786e-01 -4.698193e+02)	(3.256559e+00 5.931437e-01 -4.698179e+02)	(-8.439439e-05 -1.165102e-03 -1.431855e-03)
4629          	(3.256790e+00 5.921974e-01 -4.698194e+02)	(3.256875e+00 5.933613e-01 -4.698180e+02)	(-8.475155e-05 -1.163925e-03 -1.434080e-03)
4630          	(3.257036e+00 5.923915e-01 -4.698196e+02)	(3.257122e+00 5.935555e-01 -4.698181e+02)	(-8.536281e-05 -1.163939e-03 -1.436219e-03)
4631          	(3.257197e+00 5.925730e-01 -4.698197e+02)	(3.257283e+00 5.937378e-01 -4.698183e+02)	(-8.590424e-05 -1.164830e-03 -1.438292e-03)
4632          	(3.257287e+00 5.927645e-01 -4.698199e+02)	(3.257373e+00 5.939307e-01 -4.698185e+02)	(-8.609600e-05 -1.166191e-03 -1.440304e-03)
4633          	(3.257314e+00 5.929872e-01 -4.698201e+02)	(3.257400e+00 5.941548e-01 -4.698187e+02)	(-8.581554e-05 -1.167505e-03 -1.442302e-03)
4634          	(3.257248e+00 5.932511e-01 -4.698204e+02)	(3.257333e+00 5.944193e-01 -4.698190e+02)	(-8.513524e-05 -1.168263e-03 -1.444362e-03)
4635          	(3.257090e+00 5.935541e-01 -4.698207e+02)	(3.257174e+00 5.947222e-01 -4.698193e+02)	(-8.425493e-05 -1.168085e-03 -1.446582e-03)
4636          	(3.256808e+00 5.938705e-01 -4.698211e+02)	(3.256891e+00 5.950373e-01 -4.698197e+02)	(-8.351768e-05 -1.166786e-03 -1.449089e-03)
4637          	(3.243504e+00 5.923885e-01 -4.698232e+02)	(3.243590e+00 5.935515e-01 -4.698218e+02)	(-8.611008e-05 -1.163053e-03 -1.451871e-03)
4638          	(3.242787e+00 5.924569e-01 -4.698236e+02)	(3.242875e+00 5.936155e-01 -4.698222e+02)	(-8.757260e-05 -1.158595e-03 -1.455014e-03)
4639          	(3.240613e+00 5.922239e-01 -4.698242e+02)	(3.240702e+00 5.933782e-01 -4.698228e+02)	(-8.903701e-05 -1.154248e-03 -1.458627e-03)
4640          	(3.238148e+00 5.918138e-01 -4.698248e+02)	(3.238239e+00 5.929636e-01 -4.698233e+02)	(-9.062813e-05 -1.149793e-03 -1.462646e-03)
4641          	(3.237433e+00 5.914677e-01 -4.698250e+02)	(3.237525e+00 5.926139e-01 -4.698235e+02)	(-9.187634e-05 -1.146205e-03 -1.467032e-03)
4642          	(3.236762e+00 5.910460e-01 -4.698252e+02)	(3.236855e+00 5.921896e-01 -4.698238e+02)	(-9.302451e-05 -1.143672e-03 -1.471810e-03)
4643          	(3.235983e+00 5.905811e-01 -4.698254e+02)	(3.236078e+00 5.917231e-01 -4.698240e+02)	(-9.429558e-05 -1.141989e-03 -1.477012e-03)
4644          	(3.235254e+00 5.901510e-01 -4.698256e+02)	(3.235350e+00 5.912920e-01 -4.698241e+02)	(-9.582195e-05 -1.141048e-03 -1.482578e-03)
4645          	(3.234582e+00 5.897927e-01 -4.698257e+02)	(3.234680e+00 5.909333e-01 -4.698243e+02)	(-9.764424e-05 -1.140661e-03 -1.488429e-03)
4646          	(3.234029e+00 5.895180e-01 -4.698259e+02)	(3.234129e+00 5.906584e-01 -4.698244e+02)	(-9.968892e-05 -1.140453e-03 -1.494551e-03)
4647          	(3.233617e+00 5.893321e-01 -4.698260e+02)	(3.233719e+00 5.904721e-01 -4.698245e+02)	(-1.018573e-04 -1.140036e-03 -1.500951e-03)
4648          	(3.233302e+00 5.892258e-01 -4.698262e+02)	(3.233406e+00 5.903649e-01 -4.698247e+02)	(-1.040800e-04 -1.139177e-03 -1.507596e-03)
4649          	(3.228032e+00 5.885305e-01 -4.698257e+02)	(3.228140e+00 5.896676e-01 -4.698241e+02)	(-1.076363e-04 -1.137182e-03 -1.514372e-03)
4650          	(3.227356e+00 5.884226e-01 -4.698258e+02)	(3.227467e+00 5.895576e-01 -4.698243e+02)	(-1.105709e-04 -1.134949e-03 -1.521224e-03)
4651          	(3.222810e+00 5.878058e-01 -4.698250e+02)	(3.222924e+00 5.889384e-01 -4.698235e+02)	(-1.138451e-04 -1.132590e-03 -1.528211e-03)
4652          	(3.221912e+00 5.876229e-01 -4.698252e+02)	(3.222028e+00 5.887536e-01 -4.698237e+02)	(-1.159224e-04 -1.130761e-03 -1.535297e-03)
4653          	(3.220982e+00 5.874414e-01 -4.698254e+02)	(3.221099e+00 5.885713e-01 -4.698238e+02)	(-1.169210e-04 -1.129932e-03 -1.542540e-03)
4654          	(3.220107e+00 5.872692e-01 -4.698255e+02)	(3.220224e+00 5.883991e-01 -4.698240e+02)	(-1.171093e-04 -1.129831e-03 -1.549955e-03)
4655          	(3.234855e+00 5.892365e-01 -4.698202e+02)	(3.234968e+00 5.903682e-01 -4.698187e+02)	(-1.131672e-04 -1.131743e-03 -1.557795e-03)
4656          	(3.234419e+00 5.893131e-01 -4.698204e+02)	(3.234529e+00 5.904472e-01 -4.698188e+02)	(-1.108514e-04 -1.134034e-03 -1.565777e-03)
4657          	(3.234267e+00 5.894978e-01 -4.698206e+02)	(3.234377e+00 5.906334e-01 -4.698190e+02)	(-1.095594e-04 -1.135660e-03 -1.573621e-03)
4658          	(3.234322e+00 5.897631e-01 -4.698208e+02)	(3.234432e+00 5.909002e-01 -4.698192e+02)	(-1.090330e-04 -1.137117e-03 -1.581403e-03)
4659          	(3.234424e+00 5.900401e-01 -4.698210e+02)	(3.234533e+00 5.911784e-01 -4.698194e+02)	(-1.090531e-04 -1.138295e-03 -1.589123e-03)
4660          	(3.247314e+00 5.920857e-01 -4.698188e+02)	(3.247420e+00 5.932258e-01 -4.698172e+02)	(-1.066657e-04 -1.140164e-03 -1.596982e-03)
4661          	(3.247403e+00 5.924622e-01 -4.698191e+02)	(3.247510e+00 5.936034e-01 -4.698175e+02)	(-1.064203e-04 -1.141150e-03 -1.604932e-03)
4662          	(3.247440e+00 5.928059e-01 -4.698194e+02)	(3.247548e+00 5.939463e-01 -4.698177e+02)	(-1.076582e-04 -1.140436e-03 -1.613023e-03)
4663          	(3.247401e+00 5.930514e-01 -4.698197e+02)	(3.247511e+00 5.941904e-01 -4.698181e+02)	(-1.101146e-04 -1.138904e-03 -1.621359e-03)
4664          	(3.249872e+00 5.935236e-01 -4.698201e+02)	(3.249985e+00 5.946607e-01 -4.698185e+02)	(-1.129729e-04 -1.137089e-03 -1.629970e-03)
4665          	(3.252746e+00 5.938899e-01 -4.698207e+02)	(3.252862e+00 5.950254e-01 -4.698190e+02)	(-1.161496e-04 -1.135450e-03 -1.638781e-03)
4666          	(3.255250e+00 5.940325e-01 -4.698212e+02)	(3.255370e+00 5.951670e-01 -4.698196e+02)	(-1.196038e-04 -1.134459e-03 -1.647682e-03)
4667          	(3.254430e+00 5.935228e-01 -4.698216e+02)	(3.254554e+00 5.946573e-01 -4.698200e+02)	(-1.237436e-04 -1.134502e-03 -1.656567e-03)
4668          	(3.253745e+00 5.929723e-01 -4.698220e+02)	(3.253873e+00 5.941079e-01 -4.698203e+02)	(-1.281876e-04 -1.135652e-03 -1.665419e-03)
4669          	(3.253085e+00 5.924069e-01 -4.698224e+02)	(3.253218e+00 5.935448e-01 -4.698207e+02)	(-1.328066e-04 -1.137828e-03 -1.674218e-03)
4670          	(3.230855e+00 5.887574e-01 -4.698284e+02)	(3.230997e+00 5.898973e-01 -4.698267e+02)	(-1.417732e-04 -1.139869e-03 -1.682703e-03)
4671          	(3.226976e+00 5.876794e-01 -4.698327e+02)	(3.227124e+00 5.888219e-01 -4.698310e+02)	(-1.486838e-04 -1.142515e-03 -1.690842e-03)
4672          	(3.226488e+00 5.871481e-01 -4.698331e+02)	(3.226641e+00 5.882941e-01 -4.698314e+02)	(-1.534080e-04 -1.146003e-03 -1.698948e-03)
4673          	(3.226388e+00 5.868185e-01 -4.698335e+02)	(3.226544e+00 5.879676e-01 -4.698318e+02)	(-1.564441e-04 -1.149163e-03 -1.706939e-03)
4674          	(3.226637e+00 5.867384e-01 -4.698339e+02)	(3.226795e+00 5.878898e-01 -4.698322e+02)	(-1.583983e-04 -1.151389e-03 -1.714791e-03)
4675          	(3.226998e+00 5.867701e-01 -4.698343e+02)	(3.227158e+00 5.879229e-01 -4.698325e+02)	(-1.595760e-04 -1.152809e-03 -1.722471e-03)
4676          	(3.227421e+00 5.868768e-01 -4.698346e+02)	(3.227581e+00 5.880306e-01 -4.698328e+02)	(-1.601033e-04 -1.153797e-03 -1.729939e-03)
4677          	(3.227999e+00 5.870564e-01 -4.698349e+02)	(3.228159e+00 5.882111e-01 -4.698331e+02)	(-1.600853e-04 -1.154656e-03 -1.737141e-03)
4678          	(3.228469e+00 5.872450e-01 -4.698351e+02)	(3.228628e+00 5.884007e-01 -4.698334e+02)	(-1.596002e-04 -1.155732e-03 -1.743971e-03)
4679          	(3.228807e+00 5.874162e-01 -4.698353e+02)	(3.228966e+00 5.885737e-01 -4.698336e+02)	(-1.586801e-04 -1.157438e-03 -1.750325e-03)
4680          	(3.229004e+00 5.875504e-01 -4.698354e+02)	(3.229161e+00 5.887104e-01 -4.698337e+02)	(-1.575573e-04 -1.160046e-03 -1.756178e-03)
4681          	(3.229142e+00 5.876701e-01 -4.698355e+02)	(3.229298e+00 5.888336e-01 -4.698337e+02)	(-1.561958e-04 -1.163540e-03 -1.761420e-03)
4682          	(3.232166e+00 5.881666e-01 -4.698359e+02)	(3.232319e+00 5.893348e-01 -4.698341e+02)	(-1.537522e-04 -1.168143e-03 -1.765954e-03)
4683          	(3.234621e+00 5.886219e-01 -4.698362e+02)	(3.234772e+00 5.897953e-01 -4.698344e+02)	(-1.505830e-04 -1.173410e-03 -1.769703e-03)
4684          	(3.236367e+00 5.890308e-01 -4.698365e+02)	(3.236514e+00 5.902093e-01 -4.698347e+02)	(-1.469886e-04 -1.178484e-03 -1.772600e-03)
4685          	(3.236394e+00 5.892924e-01 -4.698365e+02)	(3.236537e+00 5.904749e-01 -4.698347e+02)	(-1.436592e-04 -1.182458e-03 -1.774582e-03)
4686          	(3.236299e+00 5.895510e-01 -4.698365e+02)	(3.236440e+00 5.907361e-01 -4.698347e+02)	(-1.405269e-04 -1.185100e-03 -1.775631e-03)
4687          	(3.236062e+00 5.897671e-01 -4.698364e+02)	(3.236200e+00 5.909537e-01 -4.698347e+02)	(-1.376403e-04 -1.186589e-03 -1.775826e-03)
4688          	(3.232739e+00 5.894872e-01 -4.698383e+02)	(3.232875e+00 5.906741e-01 -4.698365e+02)	(-1.357452e-04 -1.186891e-03 -1.775177e-03)
4689          	(3.231962e+00 5.894605e-01 -4.698382e+02)	(3.232096e+00 5.906469e-01 -4.698364e+02)	(-1.338341e-04 -1.186430e-03 -1.773742e-03)
4690          	(3.231280e+00 5.893282e-01 -4.698380e+02)	(3.231412e+00 5.905138e-01 -4.698363e+02)	(-1.319720e-04 -1.185601e-03 -1.771468e-03)
4691          	(3.230444e+00 5.890302e-01 -4.698378e+02)	(3.230575e+00 5.902149e-01 -4.698361e+02)	(-1.301604e-04 -1.184705e-03 -1.768265e-03)
4692          	(3.229819e+00 5.886285e-01 -4.698375e+02)	(3.229947e+00 5.898126e-01 -4.698358e+02)	(-1.283231e-04 -1.184176e-03 -1.764040e-03)
4693          	(3.229253e+00 5.881201e-01 -4.698372e+02)	(3.229379e+00 5.893045e-01 -4.698354e+02)	(-1.264428e-04 -1.184399e-03 -1.758756e-03)
4694          	(3.228742e+00 5.875564e-01 -4.698367e+02)	(3.228867e+00 5.887419e-01 -4.698350e+02)	(-1.245604e-04 -1.185536e-03 -1.752390e-03)
4695          	(3.228415e+00 5.870084e-01 -4.698363e+02)	(3.228538e+00 5.881960e-01 -4.698345e+02)	(-1.227227e-04 -1.187594e-03 -1.744929e-03)
4696          	(3.228310e+00 5.865380e-01 -4.698358e+02)	(3.228431e+00 5.877284e-01 -4.698340e+02)	(-1.209082e-04 -1.190386e-03 -1.736344e-03)
4697          	(3.228455e+00 5.861782e-01 -4.698353e+02)	(3.228574e+00 5.873718e-01 -4.698335e+02)	(-1.190683e-04 -1.193597e-03 -1.726719e-03)
4698          	(3.228859e+00 5.859401e-01 -4.698347e+02)	(3.228976e+00 5.871370e-01 -4.698330e+02)	(-1.170886e-04 -1.196912e-03 -1.716179e-03)
4699          	(3.229500e+00 5.858287e-01 -4.698342e+02)	(3.229615e+00 5.870287e-01 -4.698325e+02)	(-1.149323e-04 -1.200044e-03 -1.704823e-03)
4700          	(3.230249e+00 5.858257e-01 -4.698336e+02)	(3.230362e+00 5.870285e-01 -4.698319e+02)	(-1.127455e-04 -1.202787e-03 -1.692758e-03)
4701          	(3.230964e+00 5.858990e-01 -4.698331e+02)	(3.231075e+00 5.871041e-01 -4.698314e+02)	(-1.106110e-04 -1.205127e-03 -1.680127e-03)
4702          	(3.230972e+00 5.859186e-01 -4.698325e+02)	(3.231080e+00 5.871258e-01 -4.698308e+02)	(-1.085921e-04 -1.207264e-03 -1.667047e-03)
4703          	(3.230699e+00 5.859396e-01 -4.698318e+02)	(3.230806e+00 5.871490e-01 -4.698302e+02)	(-1.066499e-04 -1.209461e-03 -1.653631e-03)
4704          	(3.227207e+00 5.855259e-01 -4.698307e+02)	(3.227313e+00 5.867375e-01 -4.698291e+02)	(-1.051635e-04 -1.211645e-03 -1.639951e-03)
4705          	(3.223736e+00 5.851149e-01 -4.698295e+02)	(3.223840e+00 5.863290e-01 -4.698278e+02)	(-1.038860e-04 -1.214064e-03 -1.626125e-03)
4706          	(3.224209e+00 5.852647e-01 -4.698287e+02)	(3.224311e+00 5.864820e-01 -4.698271e+02)	(-1.020667e-04 -1.217310e-03 -1.612347e-03)
4707          	(3.235090e+00 5.868184e-01 -4.698270e+02)	(3.235187e+00 5.880410e-01 -4.698254e+02)	(-9.753284e-05 -1.222566e-03 -1.598748e-03)
4708          	(3.245836e+00 5.884528e-01 -4.698251e+02)	(3.245928e+00 5.896821e-01 -4.698235e+02)	(-9.160366e-05 -1.229397e-03 -1.585424e-03)
4709          	(3.246393e+00 5.888157e-01 -4.698242e+02)	(3.246481e+00 5.900511e-01 -4.698226e+02)	(-8.736367e-05 -1.235419e-03 -1.572283e-03)
4710          	(3.246470e+00 5.891528e-01 -4.698237e+02)	(3.246554e+00 5.903927e-01 -4.698221e+02)	(-8.427319e-05 -1.239942e-03 -1.559351e-03)
4711          	(3.246169e+00 5.894593e-01 -4.698232e+02)	(3.246251e+00 5.907024e-01 -4.698217e+02)	(-8.205657e-05 -1.243136e-03 -1.546795e-03)
4712          	(3.245943e+00 5.897804e-01 -4.698228e+02)	(3.246023e+00 5.910253e-01 -4.698213e+02)	(-8.033719e-05 -1.244865e-03 -1.534710e-03)
4713          	(3.245811e+00 5.900960e-01 -4.698225e+02)	(3.245890e+00 5.913411e-01 -4.698209e+02)	(-7.897532e-05 -1.245171e-03 -1.523296e-03)
4714          	(3.245848e+00 5.903807e-01 -4.698222e+02)	(3.245926e+00 5.916249e-01 -4.698207e+02)	(-7.790993e-05 -1.244221e-03 -1.512687e-03)
4715          	(3.245933e+00 5.905740e-01 -4.698219e+02)	(3.246011e+00 5.918163e-01 -4.698204e+02)	(-7.710274e-05 -1.242258e-03 -1.502951e-03)
4716          	(3.245728e+00 5.905910e-01 -4.698218e+02)	(3.245805e+00 5.918307e-01 -4.698203e+02)	(-7.656280e-05 -1.239652e-03 -1.494057e-03)
4717          	(3.245521e+00 5.904820e-01 -4.698216e+02)	(3.245597e+00 5.917187e-01 -4.698201e+02)	(-7.628717e-05 -1.236751e-03 -1.485952e-03)
4718          	(3.245503e+00 5.902593e-01 -4.698215e+02)	(3.245579e+00 5.914934e-01 -4.698200e+02)	(-7.617141e-05 -1.234089e-03 -1.478558e-03)
4719          	(3.245455e+00 5.899401e-01 -4.698214e+02)	(3.245532e+00 5.911720e-01 -4.698199e+02)	(-7.622780e-05 -1.231948e-03 -1.471817e-03)
4720          	(3.245483e+00 5.895858e-01 -4.698212e+02)	(3.245559e+00 5.908162e-01 -4.698198e+02)	(-7.650746e-05 -1.230398e-03 -1.465674e-03)
4721          	(3.245629e+00 5.892614e-01 -4.698212e+02)	(3.245706e+00 5.904908e-01 -4.698197e+02)	(-7.703811e-05 -1.229384e-03 -1.460007e-03)
4722          	(3.245912e+00 5.890142e-01 -4.698211e+02)	(3.245989e+00 5.902428e-01 -4.698197e+02)	(-7.772898e-05 -1.228665e-03 -1.454786e-03)
4723          	(3.246444e+00 5.888867e-01 -4.698211e+02)	(3.246522e+00 5.901146e-01 -4.698197e+02)	(-7.851150e-05 -1.227925e-03 -1.450050e-03)
4724          	(3.247235e+00 5.888956e-01 -4.698212e+02)	(3.247314e+00 5.901224e-01 -4.698197e+02)	(-7.929224e-05 -1.226813e-03 -1.445828e-03)
4725          	(3.248232e+00 5.890386e-01 -4.698212e+02)	(3.248312e+00 5.902636e-01 -4.698198e+02)	(-8.008110e-05 -1.225052e-03 -1.442121e-03)
4726          	(3.249318e+00 5.892966e-01 -4.698213e+02)	(3.249399e+00 5.905191e-01 -4.698199e+02)	(-8.101966e-05 -1.222544e-03 -1.438894e-03)
4727          	(3.250326e+00 5.896302e-01 -4.698214e+02)	(3.250408e+00 5.908496e-01 -4.698200e+02)	(-8.213086e-05 -1.219427e-03 -1.436115e-03)
4728          	(3.251225e+00 5.900403e-01 -4.698215e+02)	(3.251308e+00 5.912562e-01 -4.698200e+02)	(-8.343832e-05 -1.215890e-03 -1.433730e-03)
4729          	(3.251644e+00 5.903822e-01 -4.698215e+02)	(3.251729e+00 5.915947e-01 -4.698201e+02)	(-8.478179e-05 -1.212478e-03 -1.431670e-03)
4730          	(3.251668e+00 5.906985e-01 -4.698215e+02)	(3.251754e+00 5.919079e-01 -4.698201e+02)	(-8.609259e-05 -1.209391e-03 -1.429827e-03)
4731          	(3.251310e+00 5.909463e-01 -4.698214e+02)	(3.251398e+00 5.921530e-01 -4.698200e+02)	(-8.738265e-05 -1.206726e-03 -1.428173e-03)
4732          	(3.250591e+00 5.911301e-01 -4.698213e+02)	(3.250680e+00 5.923347e-01 -4.698199e+02)	(-8.870687e-05 -1.204564e-03 -1.426675e-03)
4733          	(3.249643e+00 5.912712e-01 -4.698212e+02)	(3.249733e+00 5.924740e-01 -4.698198e+02)	(-8.988316e-05 -1.202827e-03 -1.425283e-03)
4734          	(3.248391e+00 5.913696e-01 -4.698211e+02)	(3.248482e+00 5.925710e-01 -4.698196e+02)	(-9.072807e-05 -1.201357e-03 -1.423969e-03)
4735          	(3.246896e+00 5.914532e-01 -4.698209e+02)	(3.246987e+00 5.926530e-01 -4.698195e+02)	(-9.106321e-05 -1.199871e-03 -1.422735e-03)
4736          	(3.244931e+00 5.915082e-01 -4.698208e+02)	(3.245022e+00 5.927061e-01 -4.698194e+02)	(-9.083942e-05 -1.197889e-03 -1.421604e-03)
4737          	(3.242427e+00 5.915298e-01 -4.698206e+02)	(3.242517e+00 5.927248e-01 -4.698192e+02)	(-9.015298e-05 -1.194985e-03 -1.420622e-03)
4738          	(3.240022e+00 5.915820e-01 -4.698205e+02)	(3.240111e+00 5.927730e-01 -4.698191e+02)	(-8.905993e-05 -1.190935e-03 -1.419832e-03)
4739          	(3.238147e+00 5.917010e-01 -4.698205e+02)	(3.238235e+00 5.928867e-01 -4.698191e+02)	(-8.776807e-05 -1.185735e-03 -1.419344e-03)
4740          	(3.238525e+00 5.920838e-01 -4.698208e+02)	(3.238612e+00 5.932636e-01 -4.698194e+02)	(-8.619910e-05 -1.179759e-03 -1.419256e-03)
4741          	(3.233797e+00 5.916681e-01 -4.698221e+02)	(3.233883e+00 5.928409e-01 -4.698207e+02)	(-8.596123e-05 -1.172808e-03 -1.419497e-03)
4742          	(3.229499e+00 5.911478e-01 -4.698239e+02)	(3.229585e+00 5.923131e-01 -4.698225e+02)	(-8.654330e-05 -1.165306e-03 -1.419982e-03)
4743          	(3.233823e+00 5.916326e-01 -4.698244e+02)	(3.233909e+00 5.927915e-01 -4.698230e+02)	(-8.587163e-05 -1.158928e-03 -1.420758e-03)
4744          	(3.237445e+00 5.918922e-01 -4.698248e+02)	(3.237530e+00 5.930462e-01 -4.698234e+02)	(-8.485279e-05 -1.154054e-03 -1.421782e-03)
4745          	(3.237959e+00 5.916138e-01 -4.698251e+02)	(3.238044e+00 5.927641e-01 -4.698237e+02)	(-8.433360e-05 -1.150261e-03 -1.423011e-03)
4746          	(3.238480e+00 5.913272e-01 -4.698254e+02)	(3.238564e+00 5.924746e-01 -4.698239e+02)	(-8.436929e-05 -1.147400e-03 -1.424480e-03)
4747          	(3.239259e+00 5.911147e-01 -4.698257e+02)	(3.239344e+00 5.922599e-01 -4.698243e+02)	(-8.499597e-05 -1.145261e-03 -1.426142e-03)
4748          	(3.240280e+00 5.910123e-01 -4.698260e+02)	(3.240366e+00 5.921557e-01 -4.698246e+02)	(-8.609681e-05 -1.143433e-03 -1.428012e-03)
4749          	(3.241509e+00 5.910297e-01 -4.698263e+02)	(3.241597e+00 5.921711e-01 -4.698249e+02)	(-8.761329e-05 -1.141463e-03 -1.430182e-03)
4750          	(3.242866e+00 5.911609e-01 -4.698267e+02)	(3.242956e+00 5.923000e-01 -4.698252e+02)	(-8.945518e-05 -1.139070e-03 -1.432702e-03)
4751          	(3.244245e+00 5.913846e-01 -4.698270e+02)	(3.244337e+00 5.925208e-01 -4.698256e+02)	(-9.155474e-05 -1.136173e-03 -1.435559e-03)
4752          	(3.245528e+00 5.916676e-01 -4.698273e+02)	(3.245622e+00 5.928004e-01 -4.698259e+02)	(-9.390436e-05 -1.132818e-03 -1.438692e-03)
4753          	(3.246508e+00 5.919324e-01 -4.698276e+02)	(3.246604e+00 5.930617e-01 -4.698261e+02)	(-9.636651e-05 -1.129257e-03 -1.442070e-03)
4754          	(3.247232e+00 5.921848e-01 -4.698278e+02)	(3.247331e+00 5.933105e-01 -4.698263e+02)	(-9.876334e-05 -1.125723e-03 -1.445679e-03)
4755          	(3.247716e+00 5.924220e-01 -4.698280e+02)	(3.247817e+00 5.935443e-01 -4.698265e+02)	(-1.009585e-04 -1.122351e-03 -1.449503e-03)
4756          	(3.247740e+00 5.925633e-01 -4.698281e+02)	(3.247843e+00 5.936828e-01 -4.698267e+02)	(-1.027522e-04 -1.119567e-03 -1.453480e-03)
4757          	(3.247439e+00 5.926465e-01 -4.698282e+02)	(3.247543e+00 5.937641e-01 -4.698268e+02)	(-1.040980e-04 -1.117619e-03 -1.457588e-03)
4758          	(3.246840e+00 5.926897e-01 -4.698283e+02)	(3.246946e+00 5.938062e-01 -4.698268e+02)	(-1.051468e-04 -1.116509e-03 -1.461827e-03)
4759          	(3.245980e+00 5.927017e-01 -4.698284e+02)	(3.246086e+00 5.938177e-01 -4.698269e+02)	(-1.058284e-04 -1.116065e-03 -1.466154e-03)
4760          	(3.244667e+00 5.926951e-01 -4.698283e+02)	(3.244774e+00 5.938110e-01 -4.698269e+02)	(-1.061553e-04 -1.115907e-03 -1.470537e-03)
4761          	(3.235565e+00 5.915940e-01 -4.698269e+02)	(3.235673e+00 5.927092e-01 -4.698254e+02)	(-1.075705e-04 -1.115161e-03 -1.474915e-03)
4762          	(3.226902e+00 5.905878e-01 -4.698254e+02)	(3.227011e+00 5.917013e-01 -4.698239e+02)	(-1.090285e-04 -1.113529e-03 -1.479262e-03)
4763          	(3.219193e+00 5.897353e-01 -4.698237e+02)	(3.219303e+00 5.908465e-01 -4.698222e+02)	(-1.100111e-04 -1.111239e-03 -1.483669e-03)
4764          	(3.213190e+00 5.891025e-01 -4.698218e+02)	(3.213301e+00 5.902108e-01 -4.698203e+02)	(-1.101240e-04 -1.108292e-03 -1.488267e-03)
4765          	(3.212450e+00 5.891706e-01 -4.698218e+02)	(3.212559e+00 5.902758e-01 -4.698203e+02)	(-1.088285e-04 -1.105121e-03 -1.493180e-03)
4766          	(3.211448e+00 5.891130e-01 -4.698185e+02)	(3.211555e+00 5.902149e-01 -4.698170e+02)	(-1.068952e-04 -1.101898e-03 -1.498712e-03)
4767          	(3.211956e+00 5.892178e-01 -4.698186e+02)	(3.212061e+00 5.903162e-01 -4.698171e+02)	(-1.048516e-04 -1.098395e-03 -1.504703e-03)
4768          	(3.212835e+00 5.892593e-01 -4.698187e+02)	(3.212939e+00 5.903542e-01 -4.698172e+02)	(-1.032989e-04 -1.094858e-03 -1.511244e-03)
4769          	(3.213553e+00 5.891295e-01 -4.698189e+02)	(3.213655e+00 5.902213e-01 -4.698174e+02)	(-1.024740e-04 -1.091837e-03 -1.518230e-03)
4770          	(3.235832e+00 5.918997e-01 -4.698143e+02)	(3.235930e+00 5.929915e-01 -4.698127e+02)	(-9.783546e-05 -1.091805e-03 -1.525888e-03)
4771          	(3.236763e+00 5.916903e-01 -4.698145e+02)	(3.236860e+00 5.927829e-01 -4.698129e+02)	(-9.666698e-05 -1.092557e-03 -1.533830e-03)
4772          	(3.237780e+00 5.914845e-01 -4.698147e+02)	(3.237878e+00 5.925773e-01 -4.698131e+02)	(-9.782041e-05 -1.092818e-03 -1.541788e-03)
4773          	(3.238854e+00 5.912981e-01 -4.698148e+02)	(3.238955e+00 5.923917e-01 -4.698133e+02)	(-1.008517e-04 -1.093600e-03 -1.549749e-03)
4774          	(3.248423e+00 5.923353e-01 -4.698145e+02)	(3.248526e+00 5.934310e-01 -4.698129e+02)	(-1.033393e-04 -1.095728e-03 -1.557759e-03)
4775          	(3.251057e+00 5.924664e-01 -4.698145e+02)	(3.251165e+00 5.935648e-01 -4.698130e+02)	(-1.070537e-04 -1.098412e-03 -1.565804e-03)
4776          	(3.257711e+00 5.932915e-01 -4.698149e+02)	(3.257822e+00 5.943922e-01 -4.698134e+02)	(-1.106737e-04 -1.100730e-03 -1.573904e-03)
4777          	(3.263948e+00 5.941584e-01 -4.698157e+02)	(3.264063e+00 5.952610e-01 -4.698141e+02)	(-1.144771e-04 -1.102586e-03 -1.582102e-03)
4778          	(3.269297e+00 5.949880e-01 -4.698169e+02)	(3.269416e+00 5.960916e-01 -4.698153e+02)	(-1.184911e-04 -1.103656e-03 -1.590340e-03)
4779          	(3.272688e+00 5.956569e-01 -4.698198e+02)	(3.272811e+00 5.967605e-01 -4.698182e+02)	(-1.231724e-04 -1.103651e-03 -1.598570e-03)
4780          	(3.264946e+00 5.947863e-01 -4.698245e+02)	(3.265076e+00 5.958883e-01 -4.698229e+02)	(-1.303329e-04 -1.102055e-03 -1.606813e-03)
4781          	(3.256115e+00 5.936459e-01 -4.698291e+02)	(3.256253e+00 5.947460e-01 -4.698275e+02)	(-1.383360e-04 -1.100012e-03 -1.614915e-03)
4782          	(3.247786e+00 5.924492e-01 -4.698332e+02)	(3.247931e+00 5.935483e-01 -4.698315e+02)	(-1.457302e-04 -1.099027e-03 -1.622930e-03)
4783          	(3.248293e+00 5.923617e-01 -4.698349e+02)	(3.248443e+00 5.934624e-01 -4.698332e+02)	(-1.498803e-04 -1.100663e-03 -1.630929e-03)
4784          	(3.245865e+00 5.919168e-01 -4.698351e+02)	(3.246018e+00 5.930209e-01 -4.698335e+02)	(-1.523253e-04 -1.104148e-03 -1.639086e-03)
4785          	(3.244071e+00 5.916758e-01 -4.698354e+02)	(3.244225e+00 5.927839e-01 -4.698338e+02)	(-1.533339e-04 -1.108051e-03 -1.647309e-03)
4786          	(3.242423e+00 5.915302e-01 -4.698358e+02)	(3.242577e+00 5.926421e-01 -4.698341e+02)	(-1.532205e-04 -1.111978e-03 -1.655643e-03)
4787          	(3.240875e+00 5.914832e-01 -4.698361e+02)	(3.241027e+00 5.925988e-01 -4.698344e+02)	(-1.522302e-04 -1.115568e-03 -1.664011e-03)
4788          	(3.239417e+00 5.914963e-01 -4.698365e+02)	(3.239568e+00 5.926149e-01 -4.698348e+02)	(-1.505792e-04 -1.118622e-03 -1.672369e-03)
4789          	(3.237450e+00 5.914004e-01 -4.698368e+02)	(3.237599e+00 5.925219e-01 -4.698352e+02)	(-1.484803e-04 -1.121430e-03 -1.680661e-03)
4790          	(3.223822e+00 5.896850e-01 -4.698381e+02)	(3.223971e+00 5.908079e-01 -4.698364e+02)	(-1.487211e-04 -1.122875e-03 -1.688887e-03)
4791          	(3.212212e+00 5.881957e-01 -4.698394e+02)	(3.212362e+00 5.893185e-01 -4.698377e+02)	(-1.499552e-04 -1.122825e-03 -1.697023e-03)
4792          	(3.211823e+00 5.882159e-01 -4.698398e+02)	(3.211973e+00 5.893384e-01 -4.698381e+02)	(-1.498096e-04 -1.122518e-03 -1.705192e-03)
4793          	(3.211929e+00 5.882234e-01 -4.698401e+02)	(3.212079e+00 5.893455e-01 -4.698384e+02)	(-1.492081e-04 -1.122073e-03 -1.713363e-03)
4794          	(3.212179e+00 5.881181e-01 -4.698404e+02)	(3.212328e+00 5.892395e-01 -4.698387e+02)	(-1.484788e-04 -1.121459e-03 -1.721403e-03)
4795          	(3.212512e+00 5.878972e-01 -4.698406e+02)	(3.212660e+00 5.890182e-01 -4.698389e+02)	(-1.479336e-04 -1.121010e-03 -1.729195e-03)
4796          	(3.212883e+00 5.875758e-01 -4.698408e+02)	(3.213031e+00 5.886968e-01 -4.698391e+02)	(-1.477663e-04 -1.121000e-03 -1.736608e-03)
4797          	(3.213277e+00 5.871894e-01 -4.698410e+02)	(3.213425e+00 5.883110e-01 -4.698393e+02)	(-1.480800e-04 -1.121606e-03 -1.743554e-03)
4798          	(3.213729e+00 5.867751e-01 -4.698411e+02)	(3.213878e+00 5.878981e-01 -4.698394e+02)	(-1.488826e-04 -1.122922e-03 -1.749950e-03)
4799          	(3.214291e+00 5.863793e-01 -4.698412e+02)	(3.214441e+00 5.875042e-01 -4.698395e+02)	(-1.500615e-04 -1.124903e-03 -1.755648e-03)
4800          	(3.214971e+00 5.860524e-01 -4.698413e+02)	(3.215122e+00 5.871796e-01 -4.698395e+02)	(-1.514036e-04 -1.127227e-03 -1.760616e-03)
4801          	(3.218549e+00 5.861341e-01 -4.698413e+02)	(3.218701e+00 5.872643e-01 -4.698395e+02)	(-1.519737e-04 -1.130180e-03 -1.764865e-03)
4802          	(3.224069e+00 5.866383e-01 -4.698412e+02)	(3.224221e+00 5.877716e-01 -4.698395e+02)	(-1.517338e-04 -1.133326e-03 -1.768396e-03)
