# Force       
# CofR        : (0.000000e+00 0.000000e+00 0.000000e+00)
#
# Time        	(total_x total_y total_z)	(pressure_x pressure_y pressure_z)	(viscous_x viscous_y viscous_z)
4601          	(3.630106e-01 2.172778e-01 9.604905e+02)	(3.598905e-01 2.160928e-01 9.604877e+02)	(3.120067e-03 1.184999e-03 2.817618e-03)
4602          	(3.628977e-01 2.171741e-01 9.604903e+02)	(3.597772e-01 2.159919e-01 9.604875e+02)	(3.120495e-03 1.182172e-03 2.815735e-03)
4603          	(3.627803e-01 2.170681e-01 9.604902e+02)	(3.596593e-01 2.158889e-01 9.604874e+02)	(3.120969e-03 1.179175e-03 2.813687e-03)
4604          	(3.626602e-01 2.169611e-01 9.604901e+02)	(3.595387e-01 2.157851e-01 9.604873e+02)	(3.121468e-03 1.176027e-03 2.811495e-03)
4605          	(3.625393e-01 2.168547e-01 9.604900e+02)	(3.594173e-01 2.156819e-01 9.604871e+02)	(3.122001e-03 1.172813e-03 2.809154e-03)
4606          	(3.623667e-01 2.167377e-01 9.604899e+02)	(3.592442e-01 2.155681e-01 9.604870e+02)	(3.122424e-03 1.169586e-03 2.806703e-03)
4607          	(3.622559e-01 2.166380e-01 9.604897e+02)	(3.591330e-01 2.154716e-01 9.604869e+02)	(3.122945e-03 1.166348e-03 2.804127e-03)
4608          	(3.621523e-01 2.165434e-01 9.604896e+02)	(3.590287e-01 2.153803e-01 9.604868e+02)	(3.123562e-03 1.163103e-03 2.801459e-03)
4609          	(3.620568e-01 2.164549e-01 9.604895e+02)	(3.589326e-01 2.152950e-01 9.604867e+02)	(3.124284e-03 1.159906e-03 2.798702e-03)
4610          	(3.618567e-01 2.163363e-01 9.604896e+02)	(3.587319e-01 2.151795e-01 9.604868e+02)	(3.124819e-03 1.156794e-03 2.795925e-03)
4611          	(3.617840e-01 2.162651e-01 9.604894e+02)	(3.586584e-01 2.151114e-01 9.604867e+02)	(3.125519e-03 1.153741e-03 2.793102e-03)
4612          	(3.617196e-01 2.161995e-01 9.604893e+02)	(3.585932e-01 2.150488e-01 9.604865e+02)	(3.126383e-03 1.150736e-03 2.790287e-03)
4613          	(3.616641e-01 2.161399e-01 9.604892e+02)	(3.585367e-01 2.149921e-01 9.604864e+02)	(3.127366e-03 1.147787e-03 2.787482e-03)
4614          	(3.616179e-01 2.160868e-01 9.604891e+02)	(3.584894e-01 2.149419e-01 9.604863e+02)	(3.128440e-03 1.144877e-03 2.784729e-03)
4615          	(3.615819e-01 2.160406e-01 9.604890e+02)	(3.584523e-01 2.148986e-01 9.604862e+02)	(3.129613e-03 1.142035e-03 2.782039e-03)
4616          	(3.615543e-01 2.160009e-01 9.604889e+02)	(3.584235e-01 2.148616e-01 9.604861e+02)	(3.130846e-03 1.139249e-03 2.779449e-03)
4617          	(3.615335e-01 2.159646e-01 9.604888e+02)	(3.584014e-01 2.148281e-01 9.604860e+02)	(3.132126e-03 1.136526e-03 2.776972e-03)
4618          	(3.615148e-01 2.159276e-01 9.604887e+02)	(3.583814e-01 2.147938e-01 9.604859e+02)	(3.133412e-03 1.133831e-03 2.774655e-03)
4619          	(3.614993e-01 2.158953e-01 9.604887e+02)	(3.583646e-01 2.147640e-01 9.604859e+02)	(3.134694e-03 1.131224e-03 2.772506e-03)
4620          	(3.613938e-01 2.158427e-01 9.604891e+02)	(3.582581e-01 2.147140e-01 9.604863e+02)	(3.135677e-03 1.128745e-03 2.770601e-03)
4621          	(3.613738e-01 2.158120e-01 9.604890e+02)	(3.582372e-01 2.146857e-01 9.604863e+02)	(3.136633e-03 1.126374e-03 2.768899e-03)
4622          	(3.613526e-01 2.157824e-01 9.604890e+02)	(3.582151e-01 2.146583e-01 9.604863e+02)	(3.137507e-03 1.124105e-03 2.767440e-03)
4623          	(3.613323e-01 2.157565e-01 9.604890e+02)	(3.581940e-01 2.146344e-01 9.604863e+02)	(3.138264e-03 1.122016e-03 2.766221e-03)
4624          	(3.613121e-01 2.157319e-01 9.604890e+02)	(3.581733e-01 2.146118e-01 9.604863e+02)	(3.138857e-03 1.120110e-03 2.765276e-03)
4625          	(3.612930e-01 2.157090e-01 9.604891e+02)	(3.581537e-01 2.145905e-01 9.604863e+02)	(3.139290e-03 1.118426e-03 2.764599e-03)
4626          	(3.612732e-01 2.156853e-01 9.604891e+02)	(3.581337e-01 2.145683e-01 9.604864e+02)	(3.139533e-03 1.116965e-03 2.764212e-03)
4627          	(3.612547e-01 2.156631e-01 9.604892e+02)	(3.581151e-01 2.145473e-01 9.604864e+02)	(3.139618e-03 1.115773e-03 2.764098e-03)
4628          	(3.612365e-01 2.156417e-01 9.604893e+02)	(3.580970e-01 2.145269e-01 9.604865e+02)	(3.139513e-03 1.114824e-03 2.764271e-03)
4629          	(3.611767e-01 2.156114e-01 9.604897e+02)	(3.580375e-01 2.144972e-01 9.604870e+02)	(3.139110e-03 1.114179e-03 2.764735e-03)
4630          	(3.611482e-01 2.155868e-01 9.604898e+02)	(3.580096e-01 2.144730e-01 9.604871e+02)	(3.138564e-03 1.113818e-03 2.765441e-03)
4631          	(3.611148e-01 2.155595e-01 9.604899e+02)	(3.579769e-01 2.144458e-01 9.604872e+02)	(3.137901e-03 1.113730e-03 2.766377e-03)
4632          	(3.610780e-01 2.155302e-01 9.604900e+02)	(3.579409e-01 2.144163e-01 9.604872e+02)	(3.137090e-03 1.113891e-03 2.767553e-03)
4633          	(3.610399e-01 2.154996e-01 9.604901e+02)	(3.579037e-01 2.143853e-01 9.604874e+02)	(3.136180e-03 1.114310e-03 2.768935e-03)
4634          	(3.610020e-01 2.154687e-01 9.604902e+02)	(3.578669e-01 2.143538e-01 9.604875e+02)	(3.135147e-03 1.114936e-03 2.770529e-03)
4635          	(3.609660e-01 2.154379e-01 9.604903e+02)	(3.578320e-01 2.143222e-01 9.604876e+02)	(3.134029e-03 1.115775e-03 2.772288e-03)
4636          	(3.609330e-01 2.154082e-01 9.604905e+02)	(3.578002e-01 2.142914e-01 9.604877e+02)	(3.132814e-03 1.116773e-03 2.774208e-03)
4637          	(3.609041e-01 2.153800e-01 9.604906e+02)	(3.577726e-01 2.142621e-01 9.604878e+02)	(3.131551e-03 1.117935e-03 2.776222e-03)
4638          	(3.608798e-01 2.153535e-01 9.604907e+02)	(3.577496e-01 2.142343e-01 9.604879e+02)	(3.130206e-03 1.119204e-03 2.778326e-03)
4639          	(3.608609e-01 2.153290e-01 9.604908e+02)	(3.577320e-01 2.142084e-01 9.604880e+02)	(3.128844e-03 1.120596e-03 2.780459e-03)
4640          	(3.608476e-01 2.153067e-01 9.604909e+02)	(3.577202e-01 2.141846e-01 9.604882e+02)	(3.127434e-03 1.122032e-03 2.782620e-03)
4641          	(3.608405e-01 2.152865e-01 9.604911e+02)	(3.577145e-01 2.141630e-01 9.604883e+02)	(3.126039e-03 1.123536e-03 2.784740e-03)
4642          	(3.608396e-01 2.152685e-01 9.604912e+02)	(3.577150e-01 2.141434e-01 9.604884e+02)	(3.124636e-03 1.125049e-03 2.786829e-03)
4643          	(3.608448e-01 2.152524e-01 9.604913e+02)	(3.577215e-01 2.141258e-01 9.604885e+02)	(3.123293e-03 1.126576e-03 2.788822e-03)
4644          	(3.608556e-01 2.152380e-01 9.604914e+02)	(3.577336e-01 2.141100e-01 9.604886e+02)	(3.121984e-03 1.128049e-03 2.790726e-03)
4645          	(3.608719e-01 2.152253e-01 9.604915e+02)	(3.577511e-01 2.140958e-01 9.604887e+02)	(3.120796e-03 1.129516e-03 2.792474e-03)
4646          	(3.608933e-01 2.152141e-01 9.604915e+02)	(3.577736e-01 2.140832e-01 9.604888e+02)	(3.119679e-03 1.130899e-03 2.794092e-03)
4647          	(3.609199e-01 2.152045e-01 9.604916e+02)	(3.578012e-01 2.140723e-01 9.604888e+02)	(3.118712e-03 1.132230e-03 2.795513e-03)
4648          	(3.609516e-01 2.151967e-01 9.604917e+02)	(3.578338e-01 2.140633e-01 9.604889e+02)	(3.117863e-03 1.133437e-03 2.796777e-03)
4649          	(3.609882e-01 2.151907e-01 9.604917e+02)	(3.578710e-01 2.140562e-01 9.604889e+02)	(3.117198e-03 1.134558e-03 2.797827e-03)
4650          	(3.610271e-01 2.151843e-01 9.604918e+02)	(3.579105e-01 2.140488e-01 9.604890e+02)	(3.116684e-03 1.135519e-03 2.798712e-03)
4651          	(3.610705e-01 2.151799e-01 9.604918e+02)	(3.579541e-01 2.140436e-01 9.604890e+02)	(3.116391e-03 1.136356e-03 2.799390e-03)
4652          	(3.611176e-01 2.151776e-01 9.604918e+02)	(3.580014e-01 2.140406e-01 9.604890e+02)	(3.116279e-03 1.136983e-03 2.799910e-03)
4653          	(3.610873e-01 2.151491e-01 9.604922e+02)	(3.579711e-01 2.140117e-01 9.604894e+02)	(3.116235e-03 1.137448e-03 2.800247e-03)
4654          	(3.611364e-01 2.151483e-01 9.604922e+02)	(3.580199e-01 2.140107e-01 9.604894e+02)	(3.116422e-03 1.137672e-03 2.800436e-03)
4655          	(3.611882e-01 2.151488e-01 9.604922e+02)	(3.580713e-01 2.140111e-01 9.604894e+02)	(3.116966e-03 1.137665e-03 2.800419e-03)
4656          	(3.612432e-01 2.151506e-01 9.604922e+02)	(3.581254e-01 2.140133e-01 9.604894e+02)	(3.117762e-03 1.137353e-03 2.800254e-03)
4657          	(3.613009e-01 2.151537e-01 9.604921e+02)	(3.581820e-01 2.140169e-01 9.604893e+02)	(3.118896e-03 1.136777e-03 2.799887e-03)
4658          	(3.613040e-01 2.151386e-01 9.604924e+02)	(3.581838e-01 2.140027e-01 9.604896e+02)	(3.120154e-03 1.135866e-03 2.799392e-03)
4659          	(3.613597e-01 2.151407e-01 9.604923e+02)	(3.582379e-01 2.140060e-01 9.604896e+02)	(3.121747e-03 1.134651e-03 2.798701e-03)
4660          	(3.614127e-01 2.151410e-01 9.604923e+02)	(3.582891e-01 2.140080e-01 9.604895e+02)	(3.123633e-03 1.133062e-03 2.797873e-03)
4661          	(3.614613e-01 2.151387e-01 9.604922e+02)	(3.583355e-01 2.140076e-01 9.604894e+02)	(3.125811e-03 1.131167e-03 2.796859e-03)
4662          	(3.615037e-01 2.151329e-01 9.604921e+02)	(3.583756e-01 2.140040e-01 9.604893e+02)	(3.128172e-03 1.128924e-03 2.795715e-03)
4663          	(3.615385e-01 2.151229e-01 9.604920e+02)	(3.584078e-01 2.139965e-01 9.604892e+02)	(3.130761e-03 1.126428e-03 2.794386e-03)
4664          	(3.615646e-01 2.151085e-01 9.604919e+02)	(3.584312e-01 2.139848e-01 9.604891e+02)	(3.133456e-03 1.123652e-03 2.792935e-03)
4665          	(3.615816e-01 2.150896e-01 9.604917e+02)	(3.584453e-01 2.139689e-01 9.604889e+02)	(3.136280e-03 1.120683e-03 2.791299e-03)
4666          	(3.615911e-01 2.150690e-01 9.604916e+02)	(3.584519e-01 2.139515e-01 9.604888e+02)	(3.139154e-03 1.117486e-03 2.789535e-03)
4667          	(3.615916e-01 2.150441e-01 9.604915e+02)	(3.584495e-01 2.139300e-01 9.604887e+02)	(3.142103e-03 1.114131e-03 2.787582e-03)
4668          	(3.615810e-01 2.150125e-01 9.604913e+02)	(3.584360e-01 2.139019e-01 9.604886e+02)	(3.145050e-03 1.110555e-03 2.785498e-03)
4669          	(3.614939e-01 2.149566e-01 9.604916e+02)	(3.583460e-01 2.138498e-01 9.604888e+02)	(3.147879e-03 1.106874e-03 2.783233e-03)
4670          	(3.614728e-01 2.149243e-01 9.604914e+02)	(3.583221e-01 2.138213e-01 9.604887e+02)	(3.150681e-03 1.103013e-03 2.780844e-03)
4671          	(3.614439e-01 2.148877e-01 9.604913e+02)	(3.582904e-01 2.137887e-01 9.604885e+02)	(3.153533e-03 1.099024e-03 2.778278e-03)
4672          	(3.614133e-01 2.148528e-01 9.604911e+02)	(3.582570e-01 2.137579e-01 9.604884e+02)	(3.156312e-03 1.094890e-03 2.775605e-03)
4673          	(3.613825e-01 2.148205e-01 9.604910e+02)	(3.582234e-01 2.137298e-01 9.604882e+02)	(3.159059e-03 1.090696e-03 2.772781e-03)
4674          	(3.613535e-01 2.147923e-01 9.604908e+02)	(3.581918e-01 2.137059e-01 9.604881e+02)	(3.161695e-03 1.086409e-03 2.769884e-03)
4675          	(3.613278e-01 2.147693e-01 9.604907e+02)	(3.581636e-01 2.136872e-01 9.604879e+02)	(3.164272e-03 1.082114e-03 2.766881e-03)
4676          	(3.613063e-01 2.147518e-01 9.604905e+02)	(3.581396e-01 2.136740e-01 9.604878e+02)	(3.166709e-03 1.077772e-03 2.763871e-03)
4677          	(3.611676e-01 2.147039e-01 9.604908e+02)	(3.579988e-01 2.136304e-01 9.604880e+02)	(3.168760e-03 1.073535e-03 2.760860e-03)
4678          	(3.611564e-01 2.146977e-01 9.604907e+02)	(3.579857e-01 2.136284e-01 9.604879e+02)	(3.170725e-03 1.069309e-03 2.757890e-03)
4679          	(3.611494e-01 2.146950e-01 9.604906e+02)	(3.579767e-01 2.136298e-01 9.604878e+02)	(3.172688e-03 1.065154e-03 2.754954e-03)
4680          	(3.611470e-01 2.146963e-01 9.604905e+02)	(3.579724e-01 2.136352e-01 9.604877e+02)	(3.174519e-03 1.061048e-03 2.752144e-03)
4681          	(3.611496e-01 2.147024e-01 9.604904e+02)	(3.579734e-01 2.136454e-01 9.604876e+02)	(3.176270e-03 1.057088e-03 2.749447e-03)
4682          	(3.611574e-01 2.147137e-01 9.604903e+02)	(3.579795e-01 2.136604e-01 9.604876e+02)	(3.177858e-03 1.053233e-03 2.746966e-03)
4683          	(3.611699e-01 2.147301e-01 9.604903e+02)	(3.579905e-01 2.136805e-01 9.604876e+02)	(3.179333e-03 1.049579e-03 2.744689e-03)
4684          	(3.611862e-01 2.147511e-01 9.604903e+02)	(3.580055e-01 2.137050e-01 9.604876e+02)	(3.180617e-03 1.046086e-03 2.742709e-03)
4685          	(3.612052e-01 2.147763e-01 9.604903e+02)	(3.580235e-01 2.137335e-01 9.604876e+02)	(3.181745e-03 1.042851e-03 2.741016e-03)
4686          	(3.612258e-01 2.148048e-01 9.604904e+02)	(3.580432e-01 2.137650e-01 9.604876e+02)	(3.182653e-03 1.039843e-03 2.739690e-03)
4687          	(3.612457e-01 2.148336e-01 9.604904e+02)	(3.580624e-01 2.137965e-01 9.604877e+02)	(3.183379e-03 1.037108e-03 2.738725e-03)
4688          	(3.612653e-01 2.148646e-01 9.604905e+02)	(3.580814e-01 2.138300e-01 9.604878e+02)	(3.183882e-03 1.034620e-03 2.738179e-03)
4689          	(3.612841e-01 2.148975e-01 9.604906e+02)	(3.580999e-01 2.138651e-01 9.604879e+02)	(3.184201e-03 1.032434e-03 2.738018e-03)
4690          	(3.613011e-01 2.149293e-01 9.604907e+02)	(3.581168e-01 2.138988e-01 9.604880e+02)	(3.184311e-03 1.030497e-03 2.738283e-03)
4691          	(3.613178e-01 2.149632e-01 9.604908e+02)	(3.581335e-01 2.139344e-01 9.604881e+02)	(3.184275e-03 1.028827e-03 2.738926e-03)
4692          	(3.613348e-01 2.149995e-01 9.604910e+02)	(3.581508e-01 2.139721e-01 9.604882e+02)	(3.184060e-03 1.027394e-03 2.739949e-03)
4693          	(3.612686e-01 2.150201e-01 9.604916e+02)	(3.580851e-01 2.139938e-01 9.604889e+02)	(3.183490e-03 1.026260e-03 2.741361e-03)
4694          	(3.612762e-01 2.150515e-01 9.604918e+02)	(3.580934e-01 2.140262e-01 9.604890e+02)	(3.182865e-03 1.025332e-03 2.743060e-03)
4695          	(3.612869e-01 2.150848e-01 9.604919e+02)	(3.581046e-01 2.140602e-01 9.604892e+02)	(3.182254e-03 1.024574e-03 2.744998e-03)
4696          	(3.613045e-01 2.151220e-01 9.604921e+02)	(3.581228e-01 2.140980e-01 9.604893e+02)	(3.181655e-03 1.024003e-03 2.747157e-03)
4697          	(3.613312e-01 2.151658e-01 9.604922e+02)	(3.581501e-01 2.141422e-01 9.604895e+02)	(3.181084e-03 1.023609e-03 2.749485e-03)
4698          	(3.613689e-01 2.152148e-01 9.604924e+02)	(3.581883e-01 2.141914e-01 9.604896e+02)	(3.180566e-03 1.023372e-03 2.751947e-03)
4699          	(3.614156e-01 2.152693e-01 9.604925e+02)	(3.582355e-01 2.142460e-01 9.604898e+02)	(3.180117e-03 1.023284e-03 2.754493e-03)
4700          	(3.614727e-01 2.153273e-01 9.604927e+02)	(3.582929e-01 2.143039e-01 9.604899e+02)	(3.179764e-03 1.023347e-03 2.757083e-03)
4701          	(3.615411e-01 2.153868e-01 9.604928e+02)	(3.583616e-01 2.143633e-01 9.604900e+02)	(3.179515e-03 1.023512e-03 2.759665e-03)
4702          	(3.616157e-01 2.154476e-01 9.604929e+02)	(3.584363e-01 2.144238e-01 9.604902e+02)	(3.179374e-03 1.023784e-03 2.762209e-03)
4703          	(3.616941e-01 2.155087e-01 9.604930e+02)	(3.585147e-01 2.144846e-01 9.604903e+02)	(3.179333e-03 1.024133e-03 2.764676e-03)
4704          	(3.617742e-01 2.155692e-01 9.604931e+02)	(3.585948e-01 2.145446e-01 9.604904e+02)	(3.179381e-03 1.024563e-03 2.767037e-03)
4705          	(3.618543e-01 2.156281e-01 9.604932e+02)	(3.586748e-01 2.146030e-01 9.604905e+02)	(3.179502e-03 1.025052e-03 2.769261e-03)
4706          	(3.619331e-01 2.156848e-01 9.604933e+02)	(3.587534e-01 2.146592e-01 9.604906e+02)	(3.179698e-03 1.025588e-03 2.771331e-03)
4707          	(3.620098e-01 2.157388e-01 9.604934e+02)	(3.588299e-01 2.147126e-01 9.604906e+02)	(3.179949e-03 1.026133e-03 2.773208e-03)
4708          	(3.620842e-01 2.157898e-01 9.604935e+02)	(3.589040e-01 2.147631e-01 9.604907e+02)	(3.180267e-03 1.026695e-03 2.774878e-03)
4709          	(3.621563e-01 2.158377e-01 9.604935e+02)	(3.589756e-01 2.148104e-01 9.604908e+02)	(3.180644e-03 1.027231e-03 2.776311e-03)
4710          	(3.622246e-01 2.158831e-01 9.604936e+02)	(3.590435e-01 2.148554e-01 9.604908e+02)	(3.181087e-03 1.027740e-03 2.777489e-03)
4711          	(3.622927e-01 2.159259e-01 9.604936e+02)	(3.591111e-01 2.148977e-01 9.604908e+02)	(3.181619e-03 1.028191e-03 2.778388e-03)
4712          	(3.623619e-01 2.159665e-01 9.604936e+02)	(3.591796e-01 2.149379e-01 9.604909e+02)	(3.182268e-03 1.028543e-03 2.778987e-03)
4713          	(3.624338e-01 2.160056e-01 9.604936e+02)	(3.592507e-01 2.149768e-01 9.604909e+02)	(3.183052e-03 1.028770e-03 2.779259e-03)
4714          	(3.625095e-01 2.160439e-01 9.604936e+02)	(3.593255e-01 2.150150e-01 9.604908e+02)	(3.184005e-03 1.028838e-03 2.779193e-03)
4715          	(3.625899e-01 2.160817e-01 9.604936e+02)	(3.594048e-01 2.150530e-01 9.604908e+02)	(3.185146e-03 1.028701e-03 2.778774e-03)
4716          	(3.626753e-01 2.161193e-01 9.604935e+02)	(3.594888e-01 2.150910e-01 9.604908e+02)	(3.186507e-03 1.028327e-03 2.777995e-03)
4717          	(3.627652e-01 2.161564e-01 9.604935e+02)	(3.595771e-01 2.151288e-01 9.604907e+02)	(3.188093e-03 1.027675e-03 2.776848e-03)
4718          	(3.628585e-01 2.161925e-01 9.604934e+02)	(3.596685e-01 2.151657e-01 9.604906e+02)	(3.189924e-03 1.026724e-03 2.775346e-03)
4719          	(3.629532e-01 2.162264e-01 9.604933e+02)	(3.597612e-01 2.152010e-01 9.604906e+02)	(3.191995e-03 1.025447e-03 2.773494e-03)
4720          	(3.630471e-01 2.162572e-01 9.604932e+02)	(3.598528e-01 2.152333e-01 9.604905e+02)	(3.194301e-03 1.023853e-03 2.771315e-03)
4721          	(3.631372e-01 2.162833e-01 9.604931e+02)	(3.599404e-01 2.152614e-01 9.604904e+02)	(3.196823e-03 1.021939e-03 2.768834e-03)
4722          	(3.632180e-01 2.163032e-01 9.604930e+02)	(3.600184e-01 2.152835e-01 9.604902e+02)	(3.199519e-03 1.019730e-03 2.766074e-03)
4723          	(3.632903e-01 2.163162e-01 9.604929e+02)	(3.600879e-01 2.152989e-01 9.604901e+02)	(3.202369e-03 1.017282e-03 2.763064e-03)
4724          	(3.633528e-01 2.163222e-01 9.604927e+02)	(3.601475e-01 2.153076e-01 9.604900e+02)	(3.205339e-03 1.014627e-03 2.759832e-03)
4725          	(3.634040e-01 2.163204e-01 9.604926e+02)	(3.601956e-01 2.153086e-01 9.604899e+02)	(3.208410e-03 1.011766e-03 2.756398e-03)
4726          	(3.634429e-01 2.163106e-01 9.604925e+02)	(3.602313e-01 2.153019e-01 9.604897e+02)	(3.211567e-03 1.008718e-03 2.752793e-03)
4727          	(3.634690e-01 2.162928e-01 9.604923e+02)	(3.602542e-01 2.152873e-01 9.604896e+02)	(3.214797e-03 1.005471e-03 2.749027e-03)
4728          	(3.634836e-01 2.162686e-01 9.604922e+02)	(3.602655e-01 2.152665e-01 9.604895e+02)	(3.218082e-03 1.002045e-03 2.745115e-03)
4729          	(3.634878e-01 2.162392e-01 9.604921e+02)	(3.602664e-01 2.152407e-01 9.604893e+02)	(3.221401e-03 9.984359e-04 2.741080e-03)
4730          	(3.634829e-01 2.162057e-01 9.604919e+02)	(3.602582e-01 2.152110e-01 9.604892e+02)	(3.224729e-03 9.946503e-04 2.736963e-03)
4731          	(3.634704e-01 2.161691e-01 9.604918e+02)	(3.602424e-01 2.151784e-01 9.604891e+02)	(3.228025e-03 9.906929e-04 2.732804e-03)
4732          	(3.634510e-01 2.161303e-01 9.604917e+02)	(3.602197e-01 2.151437e-01 9.604889e+02)	(3.231274e-03 9.865923e-04 2.728671e-03)
4733          	(3.634251e-01 2.160895e-01 9.604915e+02)	(3.601906e-01 2.151071e-01 9.604888e+02)	(3.234441e-03 9.823338e-04 2.724628e-03)
4734          	(3.633926e-01 2.160468e-01 9.604914e+02)	(3.601551e-01 2.150689e-01 9.604887e+02)	(3.237515e-03 9.779293e-04 2.720749e-03)
4735          	(3.633530e-01 2.160020e-01 9.604913e+02)	(3.601125e-01 2.150287e-01 9.604886e+02)	(3.240489e-03 9.733850e-04 2.717101e-03)
4736          	(3.633053e-01 2.159547e-01 9.604913e+02)	(3.600619e-01 2.149860e-01 9.604885e+02)	(3.243362e-03 9.687309e-04 2.713741e-03)
4737          	(3.632492e-01 2.159046e-01 9.604912e+02)	(3.600031e-01 2.149406e-01 9.604885e+02)	(3.246128e-03 9.639885e-04 2.710704e-03)
4738          	(3.631849e-01 2.158517e-01 9.604911e+02)	(3.599361e-01 2.148925e-01 9.604884e+02)	(3.248786e-03 9.592080e-04 2.708027e-03)
4739          	(3.631123e-01 2.157963e-01 9.604911e+02)	(3.598610e-01 2.148419e-01 9.604884e+02)	(3.251327e-03 9.544036e-04 2.705736e-03)
4740          	(3.630322e-01 2.157388e-01 9.604911e+02)	(3.597785e-01 2.147891e-01 9.604884e+02)	(3.253729e-03 9.496263e-04 2.703845e-03)
4741          	(3.629455e-01 2.156797e-01 9.604911e+02)	(3.596895e-01 2.147348e-01 9.604884e+02)	(3.255961e-03 9.448797e-04 2.702370e-03)
4742          	(3.628535e-01 2.156201e-01 9.604911e+02)	(3.595955e-01 2.146800e-01 9.604884e+02)	(3.257981e-03 9.401603e-04 2.701312e-03)
4743          	(3.627577e-01 2.155610e-01 9.604912e+02)	(3.594980e-01 2.146255e-01 9.604885e+02)	(3.259761e-03 9.354742e-04 2.700668e-03)
4744          	(3.626600e-01 2.155034e-01 9.604912e+02)	(3.593987e-01 2.145725e-01 9.604885e+02)	(3.261290e-03 9.308624e-04 2.700432e-03)
4745          	(3.625620e-01 2.154484e-01 9.604913e+02)	(3.592995e-01 2.145220e-01 9.604886e+02)	(3.262536e-03 9.263340e-04 2.700608e-03)
4746          	(3.624651e-01 2.153968e-01 9.604914e+02)	(3.592017e-01 2.144748e-01 9.604887e+02)	(3.263484e-03 9.219325e-04 2.701176e-03)
4747          	(3.623700e-01 2.153490e-01 9.604915e+02)	(3.591059e-01 2.144313e-01 9.604888e+02)	(3.264136e-03 9.177016e-04 2.702128e-03)
4748          	(3.622776e-01 2.153054e-01 9.604916e+02)	(3.590131e-01 2.143917e-01 9.604889e+02)	(3.264503e-03 9.136964e-04 2.703453e-03)
4749          	(3.621883e-01 2.152667e-01 9.604917e+02)	(3.589237e-01 2.143568e-01 9.604890e+02)	(3.264595e-03 9.099676e-04 2.705132e-03)
4750          	(3.621045e-01 2.152336e-01 9.604918e+02)	(3.588401e-01 2.143271e-01 9.604891e+02)	(3.264435e-03 9.065512e-04 2.707135e-03)
4751          	(3.620289e-01 2.152067e-01 9.604920e+02)	(3.587649e-01 2.143032e-01 9.604893e+02)	(3.264048e-03 9.034776e-04 2.709433e-03)
4752          	(3.619635e-01 2.151875e-01 9.604921e+02)	(3.587000e-01 2.142867e-01 9.604894e+02)	(3.263460e-03 9.007665e-04 2.711986e-03)
4753          	(3.619109e-01 2.151773e-01 9.604923e+02)	(3.586482e-01 2.142788e-01 9.604895e+02)	(3.262719e-03 8.984323e-04 2.714756e-03)
4754          	(3.618736e-01 2.151771e-01 9.604924e+02)	(3.586118e-01 2.142806e-01 9.604897e+02)	(3.261843e-03 8.964731e-04 2.717704e-03)
4755          	(3.618536e-01 2.151878e-01 9.604925e+02)	(3.585927e-01 2.142929e-01 9.604898e+02)	(3.260886e-03 8.948756e-04 2.720790e-03)
4756          	(3.618520e-01 2.152097e-01 9.604927e+02)	(3.585921e-01 2.143161e-01 9.604899e+02)	(3.259897e-03 8.936243e-04 2.723977e-03)
4757          	(3.618692e-01 2.152429e-01 9.604928e+02)	(3.586103e-01 2.143502e-01 9.604901e+02)	(3.258922e-03 8.926882e-04 2.727235e-03)
4758          	(3.619048e-01 2.152867e-01 9.604929e+02)	(3.586468e-01 2.143947e-01 9.604902e+02)	(3.258001e-03 8.920457e-04 2.730529e-03)
4759          	(3.619571e-01 2.153401e-01 9.604930e+02)	(3.586999e-01 2.144484e-01 9.604903e+02)	(3.257183e-03 8.916817e-04 2.733821e-03)
4760          	(3.620242e-01 2.154018e-01 9.604932e+02)	(3.587677e-01 2.145102e-01 9.604904e+02)	(3.256498e-03 8.915540e-04 2.737093e-03)
4761          	(3.621084e-01 2.154735e-01 9.604933e+02)	(3.588524e-01 2.145818e-01 9.604905e+02)	(3.255976e-03 8.916558e-04 2.740321e-03)
4762          	(3.622295e-01 2.155651e-01 9.604934e+02)	(3.589738e-01 2.146732e-01 9.604906e+02)	(3.255677e-03 8.919802e-04 2.743467e-03)
4763          	(3.623584e-01 2.156599e-01 9.604935e+02)	(3.591029e-01 2.147674e-01 9.604907e+02)	(3.255584e-03 8.924828e-04 2.746532e-03)
4764          	(3.624976e-01 2.157575e-01 9.604935e+02)	(3.592419e-01 2.148644e-01 9.604908e+02)	(3.255685e-03 8.931360e-04 2.749489e-03)
4765          	(3.626408e-01 2.158543e-01 9.604936e+02)	(3.593849e-01 2.149604e-01 9.604909e+02)	(3.255966e-03 8.939032e-04 2.752323e-03)
4766          	(3.628064e-01 2.159501e-01 9.604937e+02)	(3.595500e-01 2.150554e-01 9.604909e+02)	(3.256450e-03 8.947324e-04 2.755002e-03)
4767          	(3.628995e-01 2.160258e-01 9.604938e+02)	(3.596426e-01 2.151301e-01 9.604910e+02)	(3.256896e-03 8.956727e-04 2.757523e-03)
4768          	(3.629914e-01 2.161015e-01 9.604938e+02)	(3.597341e-01 2.152048e-01 9.604911e+02)	(3.257294e-03 8.967488e-04 2.759855e-03)
4769          	(3.630821e-01 2.161771e-01 9.604939e+02)	(3.598245e-01 2.152791e-01 9.604912e+02)	(3.257648e-03 8.979474e-04 2.761969e-03)
4770          	(3.631724e-01 2.162527e-01 9.604940e+02)	(3.599144e-01 2.153535e-01 9.604912e+02)	(3.257952e-03 8.992682e-04 2.763844e-03)
4771          	(3.632635e-01 2.163291e-01 9.604940e+02)	(3.600053e-01 2.154284e-01 9.604912e+02)	(3.258221e-03 9.006896e-04 2.765464e-03)
4772          	(3.634743e-01 2.164448e-01 9.604937e+02)	(3.602155e-01 2.155426e-01 9.604909e+02)	(3.258740e-03 9.021739e-04 2.766774e-03)
4773          	(3.635777e-01 2.165291e-01 9.604937e+02)	(3.603185e-01 2.156255e-01 9.604909e+02)	(3.259205e-03 9.036965e-04 2.767849e-03)
4774          	(3.636861e-01 2.166172e-01 9.604937e+02)	(3.604265e-01 2.157119e-01 9.604909e+02)	(3.259638e-03 9.052692e-04 2.768678e-03)
4775          	(3.637984e-01 2.167083e-01 9.604937e+02)	(3.605383e-01 2.158014e-01 9.604909e+02)	(3.260102e-03 9.068341e-04 2.769264e-03)
4776          	(3.639147e-01 2.168074e-01 9.604937e+02)	(3.606540e-01 2.158990e-01 9.604909e+02)	(3.260630e-03 9.083939e-04 2.769596e-03)
4777          	(3.640337e-01 2.169104e-01 9.604936e+02)	(3.607724e-01 2.160005e-01 9.604909e+02)	(3.261258e-03 9.099059e-04 2.769670e-03)
4778          	(3.642273e-01 2.170367e-01 9.604932e+02)	(3.609651e-01 2.161254e-01 9.604904e+02)	(3.262179e-03 9.113128e-04 2.769447e-03)
4779          	(3.643393e-01 2.171265e-01 9.604932e+02)	(3.610761e-01 2.162139e-01 9.604904e+02)	(3.263217e-03 9.125167e-04 2.768994e-03)
4780          	(3.644511e-01 2.172212e-01 9.604931e+02)	(3.611867e-01 2.163077e-01 9.604904e+02)	(3.264350e-03 9.135495e-04 2.768285e-03)
4781          	(3.645519e-01 2.173048e-01 9.604931e+02)	(3.612863e-01 2.163905e-01 9.604903e+02)	(3.265606e-03 9.143416e-04 2.767334e-03)
4782          	(3.646449e-01 2.173843e-01 9.604930e+02)	(3.613779e-01 2.164694e-01 9.604902e+02)	(3.266972e-03 9.148923e-04 2.766130e-03)
4783          	(3.647321e-01 2.174660e-01 9.604929e+02)	(3.614637e-01 2.165507e-01 9.604901e+02)	(3.268434e-03 9.152270e-04 2.764674e-03)
4784          	(3.648085e-01 2.175407e-01 9.604928e+02)	(3.615385e-01 2.166253e-01 9.604900e+02)	(3.269970e-03 9.153365e-04 2.762976e-03)
4785          	(3.648744e-01 2.176080e-01 9.604926e+02)	(3.616028e-01 2.166928e-01 9.604899e+02)	(3.271589e-03 9.151742e-04 2.761033e-03)
4786          	(3.649315e-01 2.176687e-01 9.604925e+02)	(3.616582e-01 2.167540e-01 9.604897e+02)	(3.273290e-03 9.147476e-04 2.758848e-03)
4787          	(3.650853e-01 2.177521e-01 9.604919e+02)	(3.618100e-01 2.168381e-01 9.604892e+02)	(3.275336e-03 9.139808e-04 2.756343e-03)
4788          	(3.651374e-01 2.178028e-01 9.604918e+02)	(3.618600e-01 2.168899e-01 9.604890e+02)	(3.277405e-03 9.129213e-04 2.753647e-03)
4789          	(3.651892e-01 2.178536e-01 9.604916e+02)	(3.619097e-01 2.169420e-01 9.604889e+02)	(3.279457e-03 9.116113e-04 2.750749e-03)
4790          	(3.652417e-01 2.179102e-01 9.604915e+02)	(3.619602e-01 2.170000e-01 9.604887e+02)	(3.281507e-03 9.101089e-04 2.747659e-03)
4791          	(3.652947e-01 2.179665e-01 9.604913e+02)	(3.620112e-01 2.170580e-01 9.604886e+02)	(3.283546e-03 9.084196e-04 2.744393e-03)
4792          	(3.653492e-01 2.180230e-01 9.604911e+02)	(3.620636e-01 2.171164e-01 9.604884e+02)	(3.285589e-03 9.065703e-04 2.740986e-03)
4793          	(3.654062e-01 2.180803e-01 9.604910e+02)	(3.621186e-01 2.171758e-01 9.604882e+02)	(3.287635e-03 9.045527e-04 2.737478e-03)
4794          	(3.654664e-01 2.181392e-01 9.604908e+02)	(3.621768e-01 2.172368e-01 9.604881e+02)	(3.289678e-03 9.023932e-04 2.733907e-03)
4795          	(3.655309e-01 2.182002e-01 9.604906e+02)	(3.622392e-01 2.173000e-01 9.604879e+02)	(3.291714e-03 9.001273e-04 2.730310e-03)
4796          	(3.655987e-01 2.182635e-01 9.604905e+02)	(3.623049e-01 2.173657e-01 9.604877e+02)	(3.293720e-03 8.977811e-04 2.726727e-03)
4797          	(3.656688e-01 2.183291e-01 9.604903e+02)	(3.623731e-01 2.174337e-01 9.604876e+02)	(3.295665e-03 8.953853e-04 2.723185e-03)
4798          	(3.657399e-01 2.183963e-01 9.604902e+02)	(3.624424e-01 2.175033e-01 9.604875e+02)	(3.297529e-03 8.929947e-04 2.719723e-03)
4799          	(3.658107e-01 2.184648e-01 9.604901e+02)	(3.625115e-01 2.175742e-01 9.604874e+02)	(3.299262e-03 8.906212e-04 2.716366e-03)
4800          	(3.658803e-01 2.185343e-01 9.604900e+02)	(3.625795e-01 2.176460e-01 9.604872e+02)	(3.300834e-03 8.883240e-04 2.713122e-03)
4801          	(3.659477e-01 2.186044e-01 9.604899e+02)	(3.626455e-01 2.177183e-01 9.604872e+02)	(3.302213e-03 8.861233e-04 2.710017e-03)
4802          	(3.660120e-01 2.186747e-01 9.604898e+02)	(3.627086e-01 2.177906e-01 9.604871e+02)	(3.303373e-03 8.840531e-04 2.707069e-03)
4803          	(3.660720e-01 2.187445e-01 9.604897e+02)	(3.627678e-01 2.178623e-01 9.604870e+02)	(3.304271e-03 8.821416e-04 2.704297e-03)
4804          	(3.661268e-01 2.188131e-01 9.604896e+02)	(3.628219e-01 2.179327e-01 9.604869e+02)	(3.304917e-03 8.804109e-04 2.701743e-03)
4805          	(3.661751e-01 2.188799e-01 9.604896e+02)	(3.628698e-01 2.180010e-01 9.604869e+02)	(3.305296e-03 8.788633e-04 2.699452e-03)
4806          	(3.662159e-01 2.189441e-01 9.604896e+02)	(3.629105e-01 2.180666e-01 9.604869e+02)	(3.305398e-03 8.775275e-04 2.697467e-03)
4807          	(3.662484e-01 2.190054e-01 9.604896e+02)	(3.629431e-01 2.181289e-01 9.604869e+02)	(3.305230e-03 8.764169e-04 2.695842e-03)
4808          	(3.662722e-01 2.190635e-01 9.604896e+02)	(3.629674e-01 2.181879e-01 9.604869e+02)	(3.304797e-03 8.755640e-04 2.694627e-03)
4809          	(3.662877e-01 2.191186e-01 9.604896e+02)	(3.629836e-01 2.182436e-01 9.604869e+02)	(3.304104e-03 8.749947e-04 2.693852e-03)
4810          	(3.663879e-01 2.192071e-01 9.604893e+02)	(3.630845e-01 2.183323e-01 9.604866e+02)	(3.303351e-03 8.747551e-04 2.693537e-03)
4811          	(3.663927e-01 2.192570e-01 9.604893e+02)	(3.630903e-01 2.183822e-01 9.604866e+02)	(3.302328e-03 8.748375e-04 2.693701e-03)
4812          	(3.663939e-01 2.193066e-01 9.604895e+02)	(3.630929e-01 2.184314e-01 9.604868e+02)	(3.301002e-03 8.752876e-04 2.694333e-03)
4813          	(3.663933e-01 2.193572e-01 9.604896e+02)	(3.630939e-01 2.184811e-01 9.604869e+02)	(3.299433e-03 8.761200e-04 2.695431e-03)
4814          	(3.663928e-01 2.194096e-01 9.604897e+02)	(3.630952e-01 2.185322e-01 9.604870e+02)	(3.297643e-03 8.773464e-04 2.696966e-03)
4815          	(3.663942e-01 2.194641e-01 9.604899e+02)	(3.630985e-01 2.185852e-01 9.604872e+02)	(3.295666e-03 8.789507e-04 2.698884e-03)
4816          	(3.663993e-01 2.195215e-01 9.604900e+02)	(3.631057e-01 2.186406e-01 9.604873e+02)	(3.293554e-03 8.809200e-04 2.701124e-03)
4817          	(3.664100e-01 2.195821e-01 9.604902e+02)	(3.631186e-01 2.186989e-01 9.604875e+02)	(3.291345e-03 8.832147e-04 2.703627e-03)
4818          	(3.664283e-01 2.196469e-01 9.604903e+02)	(3.631392e-01 2.187611e-01 9.604876e+02)	(3.289107e-03 8.858043e-04 2.706327e-03)
4819          	(3.664561e-01 2.197164e-01 9.604905e+02)	(3.631692e-01 2.188277e-01 9.604877e+02)	(3.286899e-03 8.886593e-04 2.709167e-03)
4820          	(3.664942e-01 2.197910e-01 9.604906e+02)	(3.632095e-01 2.188992e-01 9.604879e+02)	(3.284748e-03 8.917574e-04 2.712080e-03)
4821          	(3.665425e-01 2.198706e-01 9.604907e+02)	(3.632598e-01 2.189755e-01 9.604880e+02)	(3.282681e-03 8.950678e-04 2.715000e-03)
4822          	(3.666018e-01 2.199553e-01 9.604908e+02)	(3.633211e-01 2.190567e-01 9.604881e+02)	(3.280711e-03 8.985934e-04 2.717874e-03)
4823          	(3.666760e-01 2.200488e-01 9.604909e+02)	(3.633971e-01 2.191465e-01 9.604882e+02)	(3.278822e-03 9.023153e-04 2.720658e-03)
4824          	(3.669201e-01 2.201946e-01 9.604905e+02)	(3.636427e-01 2.192885e-01 9.604878e+02)	(3.277411e-03 9.061313e-04 2.723261e-03)
4825          	(3.670094e-01 2.202954e-01 9.604906e+02)	(3.637334e-01 2.193853e-01 9.604879e+02)	(3.275967e-03 9.100882e-04 2.725759e-03)
4826          	(3.671064e-01 2.204008e-01 9.604907e+02)	(3.638319e-01 2.194866e-01 9.604879e+02)	(3.274444e-03 9.141840e-04 2.728122e-03)
4827          	(3.672094e-01 2.205094e-01 9.604908e+02)	(3.639364e-01 2.195910e-01 9.604880e+02)	(3.272919e-03 9.183582e-04 2.730345e-03)
4828          	(3.673158e-01 2.206194e-01 9.604908e+02)	(3.640444e-01 2.196968e-01 9.604881e+02)	(3.271385e-03 9.226058e-04 2.732411e-03)
4829          	(3.674233e-01 2.207294e-01 9.604909e+02)	(3.641534e-01 2.198025e-01 9.604882e+02)	(3.269849e-03 9.268803e-04 2.734312e-03)
4830          	(3.675295e-01 2.208378e-01 9.604910e+02)	(3.642611e-01 2.199066e-01 9.604882e+02)	(3.268321e-03 9.311500e-04 2.736047e-03)
4831          	(3.676327e-01 2.209438e-01 9.604910e+02)	(3.643659e-01 2.200084e-01 9.604883e+02)	(3.266811e-03 9.353944e-04 2.737615e-03)
4832          	(3.677319e-01 2.210470e-01 9.604911e+02)	(3.644666e-01 2.201075e-01 9.604883e+02)	(3.265329e-03 9.395660e-04 2.739013e-03)
4833          	(3.678269e-01 2.211474e-01 9.604911e+02)	(3.645630e-01 2.202038e-01 9.604884e+02)	(3.263877e-03 9.436309e-04 2.740250e-03)
4834          	(3.679187e-01 2.212459e-01 9.604912e+02)	(3.646562e-01 2.202984e-01 9.604884e+02)	(3.262490e-03 9.475813e-04 2.741328e-03)
4835          	(3.680069e-01 2.213420e-01 9.604912e+02)	(3.647457e-01 2.203907e-01 9.604884e+02)	(3.261179e-03 9.513655e-04 2.742255e-03)
4836          	(3.680917e-01 2.214358e-01 9.604912e+02)	(3.648318e-01 2.204808e-01 9.604885e+02)	(3.259960e-03 9.549750e-04 2.743022e-03)
4837          	(3.681733e-01 2.215271e-01 9.604912e+02)	(3.649145e-01 2.205687e-01 9.604885e+02)	(3.258858e-03 9.583956e-04 2.743635e-03)
4838          	(3.682514e-01 2.216155e-01 9.604913e+02)	(3.649935e-01 2.206539e-01 9.604885e+02)	(3.257894e-03 9.616037e-04 2.744088e-03)
4839          	(3.683255e-01 2.217006e-01 9.604913e+02)	(3.650684e-01 2.207360e-01 9.604885e+02)	(3.257086e-03 9.645987e-04 2.744378e-03)
4840          	(3.683949e-01 2.217818e-01 9.604913e+02)	(3.651384e-01 2.208144e-01 9.604885e+02)	(3.256462e-03 9.673756e-04 2.744492e-03)
4841          	(3.685587e-01 2.218944e-01 9.604908e+02)	(3.653025e-01 2.209245e-01 9.604880e+02)	(3.256256e-03 9.699156e-04 2.744380e-03)
4842          	(3.686208e-01 2.219681e-01 9.604908e+02)	(3.653646e-01 2.209959e-01 9.604880e+02)	(3.256195e-03 9.721998e-04 2.744125e-03)
4843          	(3.686761e-01 2.220372e-01 9.604908e+02)	(3.654198e-01 2.210629e-01 9.604880e+02)	(3.256259e-03 9.742567e-04 2.743709e-03)
4844          	(3.687227e-01 2.221010e-01 9.604907e+02)	(3.654662e-01 2.211249e-01 9.604880e+02)	(3.256491e-03 9.760770e-04 2.743140e-03)
4845          	(3.687594e-01 2.221588e-01 9.604907e+02)	(3.655026e-01 2.211811e-01 9.604880e+02)	(3.256866e-03 9.776914e-04 2.742419e-03)
4846          	(3.687857e-01 2.222105e-01 9.604907e+02)	(3.655283e-01 2.212314e-01 9.604880e+02)	(3.257399e-03 9.791305e-04 2.741564e-03)
4847          	(3.688020e-01 2.222563e-01 9.604907e+02)	(3.655439e-01 2.212759e-01 9.604879e+02)	(3.258049e-03 9.803864e-04 2.740581e-03)
4848          	(3.688096e-01 2.222970e-01 9.604906e+02)	(3.655508e-01 2.213155e-01 9.604879e+02)	(3.258802e-03 9.814723e-04 2.739473e-03)
4849          	(3.688106e-01 2.223336e-01 9.604905e+02)	(3.655509e-01 2.213512e-01 9.604878e+02)	(3.259661e-03 9.824052e-04 2.738248e-03)
4850          	(3.688068e-01 2.223673e-01 9.604905e+02)	(3.655462e-01 2.213841e-01 9.604877e+02)	(3.260595e-03 9.831911e-04 2.736914e-03)
4851          	(3.688003e-01 2.223991e-01 9.604904e+02)	(3.655387e-01 2.214153e-01 9.604877e+02)	(3.261584e-03 9.838295e-04 2.735483e-03)
4852          	(3.687929e-01 2.224299e-01 9.604903e+02)	(3.655303e-01 2.214456e-01 9.604876e+02)	(3.262630e-03 9.843355e-04 2.733970e-03)
4853          	(3.687836e-01 2.224634e-01 9.604902e+02)	(3.655199e-01 2.214786e-01 9.604875e+02)	(3.263678e-03 9.847385e-04 2.732389e-03)
4854          	(3.687750e-01 2.224986e-01 9.604901e+02)	(3.655103e-01 2.215135e-01 9.604874e+02)	(3.264712e-03 9.850378e-04 2.730763e-03)
4855          	(3.688475e-01 2.225496e-01 9.604895e+02)	(3.655815e-01 2.215645e-01 9.604868e+02)	(3.265957e-03 9.851670e-04 2.729070e-03)
4856          	(3.688587e-01 2.225807e-01 9.604894e+02)	(3.655916e-01 2.215955e-01 9.604867e+02)	(3.267145e-03 9.851285e-04 2.727412e-03)
4857          	(3.688685e-01 2.226118e-01 9.604894e+02)	(3.656003e-01 2.216269e-01 9.604867e+02)	(3.268220e-03 9.849411e-04 2.725810e-03)
4858          	(3.688724e-01 2.226413e-01 9.604893e+02)	(3.656032e-01 2.216567e-01 9.604866e+02)	(3.269176e-03 9.846374e-04 2.724291e-03)
4859          	(3.688668e-01 2.226675e-01 9.604893e+02)	(3.655968e-01 2.216833e-01 9.604865e+02)	(3.269987e-03 9.842126e-04 2.722882e-03)
4860          	(3.688463e-01 2.226905e-01 9.604892e+02)	(3.655757e-01 2.217068e-01 9.604865e+02)	(3.270608e-03 9.837087e-04 2.721606e-03)
4861          	(3.688095e-01 2.227101e-01 9.604892e+02)	(3.655384e-01 2.217269e-01 9.604864e+02)	(3.271017e-03 9.831645e-04 2.720482e-03)
4862          	(3.687577e-01 2.227237e-01 9.604891e+02)	(3.654865e-01 2.217411e-01 9.604864e+02)	(3.271191e-03 9.825996e-04 2.719530e-03)
4863          	(3.686950e-01 2.227280e-01 9.604890e+02)	(3.654239e-01 2.217460e-01 9.604863e+02)	(3.271146e-03 9.820002e-04 2.718757e-03)
4864          	(3.685880e-01 2.227119e-01 9.604889e+02)	(3.653171e-01 2.217305e-01 9.604862e+02)	(3.270828e-03 9.814030e-04 2.718188e-03)
4865          	(3.685238e-01 2.226966e-01 9.604889e+02)	(3.652535e-01 2.217158e-01 9.604861e+02)	(3.270382e-03 9.807513e-04 2.717793e-03)
4866          	(3.685444e-01 2.227108e-01 9.604884e+02)	(3.652744e-01 2.217307e-01 9.604857e+02)	(3.269989e-03 9.800893e-04 2.717559e-03)
4867          	(3.684896e-01 2.227013e-01 9.604884e+02)	(3.652202e-01 2.217218e-01 9.604857e+02)	(3.269417e-03 9.794648e-04 2.717519e-03)
4868          	(3.684388e-01 2.226959e-01 9.604884e+02)	(3.651702e-01 2.217170e-01 9.604857e+02)	(3.268585e-03 9.789283e-04 2.717670e-03)
4869          	(3.683924e-01 2.226951e-01 9.604884e+02)	(3.651249e-01 2.217166e-01 9.604857e+02)	(3.267542e-03 9.785047e-04 2.718015e-03)
4870          	(3.683506e-01 2.226986e-01 9.604885e+02)	(3.650843e-01 2.217204e-01 9.604858e+02)	(3.266299e-03 9.782267e-04 2.718571e-03)
4871          	(3.683087e-01 2.227094e-01 9.604885e+02)	(3.650438e-01 2.217313e-01 9.604858e+02)	(3.264836e-03 9.781311e-04 2.719327e-03)
4872          	(3.682702e-01 2.227216e-01 9.604886e+02)	(3.650070e-01 2.217433e-01 9.604859e+02)	(3.263184e-03 9.782326e-04 2.720280e-03)
4873          	(3.682355e-01 2.227339e-01 9.604886e+02)	(3.649741e-01 2.217554e-01 9.604859e+02)	(3.261374e-03 9.785300e-04 2.721415e-03)
4874          	(3.682027e-01 2.227477e-01 9.604887e+02)	(3.649432e-01 2.217686e-01 9.604860e+02)	(3.259429e-03 9.790489e-04 2.722723e-03)
4875          	(3.681822e-01 2.227561e-01 9.604887e+02)	(3.649248e-01 2.217764e-01 9.604860e+02)	(3.257417e-03 9.797500e-04 2.724176e-03)
4876          	(3.681661e-01 2.227659e-01 9.604888e+02)	(3.649107e-01 2.217853e-01 9.604861e+02)	(3.255356e-03 9.806694e-04 2.725781e-03)
4877          	(3.681554e-01 2.227778e-01 9.604889e+02)	(3.649021e-01 2.217960e-01 9.604862e+02)	(3.253261e-03 9.818149e-04 2.727529e-03)
4878          	(3.681514e-01 2.227924e-01 9.604890e+02)	(3.649002e-01 2.218092e-01 9.604862e+02)	(3.251157e-03 9.831988e-04 2.729417e-03)
4879          	(3.681552e-01 2.228102e-01 9.604890e+02)	(3.649061e-01 2.218254e-01 9.604863e+02)	(3.249076e-03 9.848076e-04 2.731433e-03)
4880          	(3.681673e-01 2.228313e-01 9.604891e+02)	(3.649203e-01 2.218447e-01 9.604864e+02)	(3.247051e-03 9.866259e-04 2.733559e-03)
4881          	(3.682861e-01 2.228975e-01 9.604887e+02)	(3.650408e-01 2.219088e-01 9.604859e+02)	(3.245282e-03 9.886465e-04 2.735724e-03)
4882          	(3.683133e-01 2.229250e-01 9.604887e+02)	(3.650697e-01 2.219342e-01 9.604860e+02)	(3.243567e-03 9.908534e-04 2.737933e-03)
4883          	(3.683494e-01 2.229555e-01 9.604888e+02)	(3.651076e-01 2.219623e-01 9.604861e+02)	(3.241884e-03 9.932161e-04 2.740137e-03)
4884          	(3.683938e-01 2.229885e-01 9.604889e+02)	(3.651535e-01 2.219928e-01 9.604861e+02)	(3.240287e-03 9.957103e-04 2.742296e-03)
4885          	(3.684444e-01 2.230230e-01 9.604889e+02)	(3.652056e-01 2.220247e-01 9.604862e+02)	(3.238777e-03 9.983053e-04 2.744364e-03)
4886          	(3.684982e-01 2.230576e-01 9.604890e+02)	(3.652609e-01 2.220567e-01 9.604862e+02)	(3.237349e-03 1.000967e-03 2.746310e-03)
4887          	(3.685522e-01 2.230907e-01 9.604890e+02)	(3.653162e-01 2.220871e-01 9.604863e+02)	(3.235987e-03 1.003663e-03 2.748100e-03)
4888          	(3.686028e-01 2.231215e-01 9.604890e+02)	(3.653681e-01 2.221152e-01 9.604863e+02)	(3.234681e-03 1.006370e-03 2.749714e-03)
4889          	(3.686485e-01 2.231494e-01 9.604890e+02)	(3.654150e-01 2.221403e-01 9.604863e+02)	(3.233427e-03 1.009062e-03 2.751124e-03)
4890          	(3.686890e-01 2.231731e-01 9.604890e+02)	(3.654568e-01 2.221614e-01 9.604863e+02)	(3.232231e-03 1.011715e-03 2.752325e-03)
4891          	(3.688057e-01 2.232218e-01 9.604886e+02)	(3.655744e-01 2.222075e-01 9.604859e+02)	(3.231288e-03 1.014282e-03 2.753250e-03)
4892          	(3.688411e-01 2.232397e-01 9.604886e+02)	(3.656108e-01 2.222229e-01 9.604859e+02)	(3.230386e-03 1.016744e-03 2.753988e-03)
4893          	(3.688750e-01 2.232556e-01 9.604886e+02)	(3.656455e-01 2.222365e-01 9.604859e+02)	(3.229527e-03 1.019090e-03 2.754509e-03)
4894          	(3.689082e-01 2.232697e-01 9.604886e+02)	(3.656795e-01 2.222484e-01 9.604858e+02)	(3.228752e-03 1.021286e-03 2.754824e-03)
4895          	(3.689396e-01 2.232806e-01 9.604886e+02)	(3.657115e-01 2.222574e-01 9.604858e+02)	(3.228059e-03 1.023283e-03 2.754924e-03)
4896          	(3.689690e-01 2.232885e-01 9.604885e+02)	(3.657415e-01 2.222635e-01 9.604858e+02)	(3.227450e-03 1.025066e-03 2.754825e-03)
4897          	(3.689956e-01 2.232930e-01 9.604885e+02)	(3.657687e-01 2.222664e-01 9.604857e+02)	(3.226940e-03 1.026608e-03 2.754534e-03)
4898          	(3.690186e-01 2.232936e-01 9.604884e+02)	(3.657921e-01 2.222657e-01 9.604857e+02)	(3.226529e-03 1.027903e-03 2.754071e-03)
4899          	(3.690372e-01 2.232905e-01 9.604884e+02)	(3.658110e-01 2.222615e-01 9.604856e+02)	(3.226225e-03 1.028932e-03 2.753432e-03)
4900          	(3.690507e-01 2.232826e-01 9.604883e+02)	(3.658247e-01 2.222529e-01 9.604856e+02)	(3.226041e-03 1.029694e-03 2.752627e-03)
4901          	(3.690586e-01 2.232697e-01 9.604883e+02)	(3.658326e-01 2.222395e-01 9.604855e+02)	(3.225994e-03 1.030195e-03 2.751643e-03)
4902          	(3.690600e-01 2.232504e-01 9.604882e+02)	(3.658339e-01 2.222200e-01 9.604854e+02)	(3.226102e-03 1.030424e-03 2.750491e-03)
4903          	(3.690556e-01 2.232263e-01 9.604881e+02)	(3.658293e-01 2.221960e-01 9.604854e+02)	(3.226369e-03 1.030385e-03 2.749155e-03)
4904          	(3.690460e-01 2.231979e-01 9.604880e+02)	(3.658192e-01 2.221678e-01 9.604853e+02)	(3.226803e-03 1.030102e-03 2.747641e-03)
4905          	(3.690316e-01 2.231653e-01 9.604879e+02)	(3.658042e-01 2.221357e-01 9.604852e+02)	(3.227413e-03 1.029574e-03 2.745939e-03)
4906          	(3.690132e-01 2.231290e-01 9.604879e+02)	(3.657850e-01 2.221002e-01 9.604851e+02)	(3.228212e-03 1.028814e-03 2.744067e-03)
4907          	(3.689918e-01 2.230893e-01 9.604878e+02)	(3.657626e-01 2.220615e-01 9.604850e+02)	(3.229179e-03 1.027821e-03 2.742031e-03)
4908          	(3.689684e-01 2.230470e-01 9.604877e+02)	(3.657380e-01 2.220203e-01 9.604849e+02)	(3.230316e-03 1.026620e-03 2.739854e-03)
4909          	(3.689418e-01 2.230000e-01 9.604876e+02)	(3.657102e-01 2.219748e-01 9.604848e+02)	(3.231617e-03 1.025218e-03 2.737552e-03)
4910          	(3.689167e-01 2.229527e-01 9.604874e+02)	(3.656836e-01 2.219291e-01 9.604847e+02)	(3.233071e-03 1.023627e-03 2.735153e-03)
4911          	(3.688945e-01 2.229061e-01 9.604873e+02)	(3.656598e-01 2.218843e-01 9.604846e+02)	(3.234663e-03 1.021870e-03 2.732666e-03)
4912          	(3.688760e-01 2.228609e-01 9.604872e+02)	(3.656397e-01 2.218409e-01 9.604845e+02)	(3.236379e-03 1.019970e-03 2.730115e-03)
4913          	(3.688617e-01 2.228173e-01 9.604871e+02)	(3.656235e-01 2.217993e-01 9.604843e+02)	(3.238200e-03 1.017925e-03 2.727491e-03)
4914          	(3.688510e-01 2.227750e-01 9.604869e+02)	(3.656109e-01 2.217593e-01 9.604842e+02)	(3.240111e-03 1.015740e-03 2.724792e-03)
4915          	(3.688447e-01 2.227360e-01 9.604868e+02)	(3.656027e-01 2.217226e-01 9.604841e+02)	(3.242069e-03 1.013421e-03 2.722005e-03)
4916          	(3.688398e-01 2.226967e-01 9.604866e+02)	(3.655957e-01 2.216857e-01 9.604839e+02)	(3.244053e-03 1.010976e-03 2.719138e-03)
4917          	(3.688343e-01 2.226542e-01 9.604865e+02)	(3.655883e-01 2.216458e-01 9.604838e+02)	(3.246026e-03 1.008392e-03 2.716196e-03)
4918          	(3.688293e-01 2.226115e-01 9.604864e+02)	(3.655813e-01 2.216058e-01 9.604836e+02)	(3.247971e-03 1.005668e-03 2.713213e-03)
4919          	(3.688241e-01 2.225685e-01 9.604862e+02)	(3.655743e-01 2.215657e-01 9.604835e+02)	(3.249829e-03 1.002807e-03 2.710208e-03)
4920          	(3.688178e-01 2.225251e-01 9.604861e+02)	(3.655663e-01 2.215252e-01 9.604834e+02)	(3.251589e-03 9.998282e-04 2.707217e-03)
4921          	(3.688093e-01 2.224807e-01 9.604860e+02)	(3.655561e-01 2.214840e-01 9.604833e+02)	(3.253226e-03 9.967335e-04 2.704264e-03)
4922          	(3.687955e-01 2.224322e-01 9.604859e+02)	(3.655408e-01 2.214387e-01 9.604832e+02)	(3.254718e-03 9.935239e-04 2.701392e-03)
4923          	(3.686606e-01 2.223396e-01 9.604863e+02)	(3.654049e-01 2.213494e-01 9.604836e+02)	(3.255776e-03 9.902480e-04 2.698627e-03)
4924          	(3.686339e-01 2.222914e-01 9.604862e+02)	(3.653772e-01 2.213045e-01 9.604835e+02)	(3.256753e-03 9.869308e-04 2.696023e-03)
4925          	(3.686006e-01 2.222405e-01 9.604861e+02)	(3.653430e-01 2.212569e-01 9.604834e+02)	(3.257627e-03 9.836080e-04 2.693601e-03)
4926          	(3.685618e-01 2.221873e-01 9.604861e+02)	(3.653034e-01 2.212070e-01 9.604834e+02)	(3.258391e-03 9.803179e-04 2.691389e-03)
4927          	(3.685193e-01 2.221329e-01 9.604860e+02)	(3.652603e-01 2.211558e-01 9.604833e+02)	(3.259050e-03 9.771032e-04 2.689408e-03)
4928          	(3.684762e-01 2.220771e-01 9.604860e+02)	(3.652166e-01 2.211031e-01 9.604833e+02)	(3.259626e-03 9.740034e-04 2.687682e-03)
4929          	(3.684342e-01 2.220239e-01 9.604860e+02)	(3.651741e-01 2.210528e-01 9.604833e+02)	(3.260130e-03 9.710588e-04 2.686221e-03)
4930          	(3.683206e-01 2.219525e-01 9.604864e+02)	(3.650602e-01 2.209841e-01 9.604837e+02)	(3.260390e-03 9.683649e-04 2.685070e-03)
4931          	(3.682764e-01 2.219046e-01 9.604864e+02)	(3.650157e-01 2.209388e-01 9.604837e+02)	(3.260627e-03 9.658681e-04 2.684172e-03)
4932          	(3.682349e-01 2.218627e-01 9.604864e+02)	(3.649741e-01 2.208991e-01 9.604837e+02)	(3.260836e-03 9.636285e-04 2.683529e-03)
4933          	(3.681985e-01 2.218244e-01 9.604864e+02)	(3.649375e-01 2.208628e-01 9.604837e+02)	(3.261009e-03 9.616289e-04 2.683122e-03)
4934          	(3.681684e-01 2.217899e-01 9.604864e+02)	(3.649073e-01 2.208300e-01 9.604838e+02)	(3.261142e-03 9.598519e-04 2.682936e-03)
4935          	(3.681452e-01 2.217592e-01 9.604865e+02)	(3.648840e-01 2.208009e-01 9.604838e+02)	(3.261248e-03 9.582928e-04 2.682931e-03)
4936          	(3.681289e-01 2.217320e-01 9.604865e+02)	(3.648676e-01 2.207751e-01 9.604838e+02)	(3.261333e-03 9.569354e-04 2.683083e-03)
4937          	(3.681185e-01 2.217080e-01 9.604865e+02)	(3.648571e-01 2.207522e-01 9.604838e+02)	(3.261402e-03 9.557423e-04 2.683358e-03)
4938          	(3.681125e-01 2.216862e-01 9.604866e+02)	(3.648510e-01 2.207315e-01 9.604839e+02)	(3.261459e-03 9.546983e-04 2.683729e-03)
4939          	(3.679984e-01 2.216274e-01 9.604873e+02)	(3.647371e-01 2.206736e-01 9.604846e+02)	(3.261247e-03 9.537969e-04 2.684212e-03)
4940          	(3.679837e-01 2.216042e-01 9.604873e+02)	(3.647226e-01 2.206512e-01 9.604846e+02)	(3.261090e-03 9.530105e-04 2.684703e-03)
4941          	(3.679693e-01 2.215811e-01 9.604873e+02)	(3.647083e-01 2.206288e-01 9.604846e+02)	(3.260998e-03 9.523247e-04 2.685204e-03)
4942          	(3.679582e-01 2.215587e-01 9.604873e+02)	(3.646973e-01 2.206070e-01 9.604847e+02)	(3.260972e-03 9.517255e-04 2.685688e-03)
4943          	(3.679532e-01 2.215381e-01 9.604874e+02)	(3.646922e-01 2.205869e-01 9.604847e+02)	(3.261007e-03 9.511964e-04 2.686129e-03)
4944          	(3.679566e-01 2.215203e-01 9.604874e+02)	(3.646955e-01 2.205696e-01 9.604847e+02)	(3.261124e-03 9.507262e-04 2.686506e-03)
4945          	(3.679701e-01 2.215058e-01 9.604874e+02)	(3.647088e-01 2.205555e-01 9.604847e+02)	(3.261317e-03 9.502897e-04 2.686805e-03)
4946          	(3.679933e-01 2.214951e-01 9.604874e+02)	(3.647317e-01 2.205452e-01 9.604847e+02)	(3.261586e-03 9.498913e-04 2.687019e-03)
4947          	(3.680247e-01 2.214879e-01 9.604874e+02)	(3.647628e-01 2.205384e-01 9.604847e+02)	(3.261916e-03 9.495155e-04 2.687134e-03)
4948          	(3.680623e-01 2.214836e-01 9.604875e+02)	(3.648000e-01 2.205344e-01 9.604848e+02)	(3.262310e-03 9.491666e-04 2.687162e-03)
4949          	(3.681037e-01 2.214813e-01 9.604875e+02)	(3.648409e-01 2.205324e-01 9.604848e+02)	(3.262743e-03 9.488327e-04 2.687106e-03)
4950          	(3.680142e-01 2.214293e-01 9.604881e+02)	(3.647512e-01 2.204808e-01 9.604854e+02)	(3.262907e-03 9.485106e-04 2.687025e-03)
4951          	(3.680511e-01 2.214273e-01 9.604881e+02)	(3.647879e-01 2.204790e-01 9.604854e+02)	(3.263171e-03 9.482319e-04 2.686881e-03)
4952          	(3.680878e-01 2.214251e-01 9.604881e+02)	(3.648242e-01 2.204771e-01 9.604854e+02)	(3.263564e-03 9.479914e-04 2.686708e-03)
4953          	(3.681250e-01 2.214230e-01 9.604881e+02)	(3.648610e-01 2.204752e-01 9.604854e+02)	(3.264024e-03 9.477828e-04 2.686500e-03)
4954          	(3.681630e-01 2.214210e-01 9.604881e+02)	(3.648985e-01 2.204734e-01 9.604854e+02)	(3.264553e-03 9.475971e-04 2.686260e-03)
4955          	(3.682031e-01 2.214177e-01 9.604881e+02)	(3.649379e-01 2.204703e-01 9.604854e+02)	(3.265130e-03 9.474093e-04 2.685977e-03)
4956          	(3.681847e-01 2.213965e-01 9.604885e+02)	(3.649191e-01 2.204492e-01 9.604858e+02)	(3.265606e-03 9.472538e-04 2.685656e-03)
4957          	(3.682156e-01 2.213924e-01 9.604885e+02)	(3.649495e-01 2.204453e-01 9.604858e+02)	(3.266130e-03 9.470974e-04 2.685273e-03)
4958          	(3.682472e-01 2.213869e-01 9.604885e+02)	(3.649804e-01 2.204400e-01 9.604858e+02)	(3.266745e-03 9.469321e-04 2.684812e-03)
4959          	(3.682799e-01 2.213820e-01 9.604884e+02)	(3.650124e-01 2.204353e-01 9.604857e+02)	(3.267414e-03 9.467392e-04 2.684234e-03)
4960          	(3.683142e-01 2.213776e-01 9.604884e+02)	(3.650460e-01 2.204311e-01 9.604857e+02)	(3.268152e-03 9.465054e-04 2.683522e-03)
4961          	(3.683800e-01 2.213812e-01 9.604885e+02)	(3.651110e-01 2.204350e-01 9.604858e+02)	(3.269019e-03 9.461966e-04 2.682634e-03)
4962          	(3.684133e-01 2.213782e-01 9.604884e+02)	(3.651434e-01 2.204324e-01 9.604857e+02)	(3.269916e-03 9.458154e-04 2.681585e-03)
4963          	(3.684455e-01 2.213752e-01 9.604884e+02)	(3.651747e-01 2.204298e-01 9.604857e+02)	(3.270844e-03 9.453463e-04 2.680361e-03)
4964          	(3.684742e-01 2.213667e-01 9.604883e+02)	(3.652024e-01 2.204219e-01 9.604857e+02)	(3.271829e-03 9.447601e-04 2.678952e-03)
4965          	(3.684986e-01 2.213534e-01 9.604883e+02)	(3.652258e-01 2.204094e-01 9.604856e+02)	(3.272869e-03 9.440307e-04 2.677345e-03)
4966          	(3.685174e-01 2.213344e-01 9.604882e+02)	(3.652435e-01 2.203913e-01 9.604856e+02)	(3.273990e-03 9.431414e-04 2.675543e-03)
4967          	(3.684022e-01 2.212623e-01 9.604888e+02)	(3.651273e-01 2.203202e-01 9.604861e+02)	(3.274926e-03 9.420948e-04 2.673525e-03)
4968          	(3.684028e-01 2.212313e-01 9.604888e+02)	(3.651268e-01 2.202904e-01 9.604861e+02)	(3.275985e-03 9.408866e-04 2.671355e-03)
4969          	(3.683968e-01 2.211945e-01 9.604887e+02)	(3.651196e-01 2.202550e-01 9.604860e+02)	(3.277208e-03 9.395119e-04 2.669014e-03)
4970          	(3.683857e-01 2.211526e-01 9.604886e+02)	(3.651071e-01 2.202146e-01 9.604859e+02)	(3.278574e-03 9.379695e-04 2.666505e-03)
4971          	(3.683715e-01 2.211069e-01 9.604885e+02)	(3.650914e-01 2.201707e-01 9.604859e+02)	(3.280071e-03 9.362648e-04 2.663824e-03)
4972          	(3.683564e-01 2.210595e-01 9.604884e+02)	(3.650747e-01 2.201251e-01 9.604858e+02)	(3.281712e-03 9.344321e-04 2.660989e-03)
4973          	(3.683428e-01 2.210125e-01 9.604883e+02)	(3.650593e-01 2.200800e-01 9.604857e+02)	(3.283467e-03 9.324915e-04 2.658008e-03)
4974          	(3.683319e-01 2.209677e-01 9.604882e+02)	(3.650466e-01 2.200372e-01 9.604856e+02)	(3.285335e-03 9.304908e-04 2.654915e-03)
4975          	(3.683237e-01 2.209260e-01 9.604881e+02)	(3.650365e-01 2.199976e-01 9.604855e+02)	(3.287248e-03 9.284660e-04 2.651735e-03)
4976          	(3.682294e-01 2.208516e-01 9.604886e+02)	(3.649404e-01 2.199251e-01 9.604859e+02)	(3.289026e-03 9.264634e-04 2.648478e-03)
4977          	(3.682195e-01 2.208174e-01 9.604885e+02)	(3.649287e-01 2.198929e-01 9.604858e+02)	(3.290771e-03 9.245046e-04 2.645233e-03)
4978          	(3.682042e-01 2.207828e-01 9.604884e+02)	(3.649117e-01 2.198602e-01 9.604857e+02)	(3.292501e-03 9.225760e-04 2.642001e-03)
4979          	(3.681808e-01 2.207470e-01 9.604883e+02)	(3.648867e-01 2.198263e-01 9.604856e+02)	(3.294144e-03 9.206825e-04 2.638794e-03)
4980          	(3.681460e-01 2.207060e-01 9.604882e+02)	(3.648503e-01 2.197871e-01 9.604855e+02)	(3.295685e-03 9.188354e-04 2.635632e-03)
4981          	(3.680986e-01 2.206587e-01 9.604881e+02)	(3.648015e-01 2.197416e-01 9.604854e+02)	(3.297107e-03 9.170304e-04 2.632536e-03)
4982          	(3.680384e-01 2.206046e-01 9.604880e+02)	(3.647400e-01 2.196893e-01 9.604854e+02)	(3.298402e-03 9.152781e-04 2.629550e-03)
4983          	(3.679665e-01 2.205447e-01 9.604879e+02)	(3.646669e-01 2.196312e-01 9.604853e+02)	(3.299563e-03 9.135694e-04 2.626706e-03)
4984          	(3.678842e-01 2.204798e-01 9.604879e+02)	(3.645836e-01 2.195678e-01 9.604853e+02)	(3.300591e-03 9.119244e-04 2.624051e-03)
4985          	(3.677926e-01 2.204086e-01 9.604879e+02)	(3.644911e-01 2.194982e-01 9.604853e+02)	(3.301482e-03 9.103231e-04 2.621628e-03)
4986          	(3.675820e-01 2.202950e-01 9.604884e+02)	(3.642800e-01 2.193862e-01 9.604858e+02)	(3.301989e-03 9.088124e-04 2.619506e-03)
4987          	(3.674751e-01 2.202204e-01 9.604884e+02)	(3.641727e-01 2.193130e-01 9.604858e+02)	(3.302405e-03 9.073911e-04 2.617649e-03)
4988          	(3.673590e-01 2.201420e-01 9.604885e+02)	(3.640563e-01 2.192359e-01 9.604858e+02)	(3.302718e-03 9.060644e-04 2.616081e-03)
4989          	(3.672336e-01 2.200598e-01 9.604885e+02)	(3.639307e-01 2.191550e-01 9.604859e+02)	(3.302886e-03 9.048517e-04 2.614811e-03)
4990          	(3.670999e-01 2.199746e-01 9.604885e+02)	(3.637970e-01 2.190708e-01 9.604859e+02)	(3.302906e-03 9.037823e-04 2.613845e-03)
4991          	(3.669601e-01 2.198875e-01 9.604886e+02)	(3.636574e-01 2.189846e-01 9.604860e+02)	(3.302770e-03 9.028671e-04 2.613183e-03)
4992          	(3.668172e-01 2.198003e-01 9.604887e+02)	(3.635147e-01 2.188982e-01 9.604860e+02)	(3.302477e-03 9.021346e-04 2.612812e-03)
4993          	(3.666738e-01 2.197153e-01 9.604887e+02)	(3.633718e-01 2.188136e-01 9.604861e+02)	(3.302015e-03 9.016135e-04 2.612717e-03)
4994          	(3.665328e-01 2.196334e-01 9.604888e+02)	(3.632314e-01 2.187321e-01 9.604862e+02)	(3.301380e-03 9.013026e-04 2.612879e-03)
4995          	(3.663958e-01 2.195556e-01 9.604889e+02)	(3.630952e-01 2.186544e-01 9.604863e+02)	(3.300568e-03 9.012324e-04 2.613264e-03)
4996          	(3.662638e-01 2.194823e-01 9.604890e+02)	(3.629642e-01 2.185809e-01 9.604864e+02)	(3.299589e-03 9.014199e-04 2.613859e-03)
4997          	(3.661367e-01 2.194136e-01 9.604891e+02)	(3.628383e-01 2.185118e-01 9.604865e+02)	(3.298412e-03 9.018584e-04 2.614640e-03)
4998          	(3.660141e-01 2.193494e-01 9.604892e+02)	(3.627171e-01 2.184468e-01 9.604866e+02)	(3.297069e-03 9.025493e-04 2.615588e-03)
4999          	(3.658958e-01 2.192893e-01 9.604893e+02)	(3.626002e-01 2.183858e-01 9.604867e+02)	(3.295586e-03 9.034900e-04 2.616683e-03)
5000          	(3.657815e-01 2.192333e-01 9.604894e+02)	(3.624876e-01 2.183286e-01 9.604868e+02)	(3.293977e-03 9.046508e-04 2.617903e-03)
5001          	(3.656717e-01 2.191813e-01 9.604895e+02)	(3.623794e-01 2.182753e-01 9.604869e+02)	(3.292274e-03 9.060138e-04 2.619224e-03)
5002          	(3.655652e-01 2.191317e-01 9.604896e+02)	(3.622747e-01 2.182241e-01 9.604870e+02)	(3.290531e-03 9.075605e-04 2.620631e-03)
5003          	(3.654653e-01 2.190874e-01 9.604898e+02)	(3.621765e-01 2.181782e-01 9.604871e+02)	(3.288773e-03 9.092556e-04 2.622100e-03)
5004          	(3.652649e-01 2.190173e-01 9.604904e+02)	(3.619781e-01 2.181062e-01 9.604878e+02)	(3.286791e-03 9.111103e-04 2.623682e-03)
5005          	(3.651771e-01 2.189825e-01 9.604905e+02)	(3.618922e-01 2.180694e-01 9.604878e+02)	(3.284932e-03 9.130602e-04 2.625210e-03)
5006          	(3.650950e-01 2.189508e-01 9.604905e+02)	(3.618117e-01 2.180358e-01 9.604879e+02)	(3.283226e-03 9.150314e-04 2.626701e-03)
5007          	(3.650219e-01 2.189229e-01 9.604906e+02)	(3.617402e-01 2.180059e-01 9.604880e+02)	(3.281669e-03 9.170091e-04 2.628110e-03)
5008          	(3.649598e-01 2.189008e-01 9.604907e+02)	(3.616795e-01 2.179818e-01 9.604881e+02)	(3.280269e-03 9.189551e-04 2.629412e-03)
5009          	(3.649121e-01 2.188862e-01 9.604907e+02)	(3.616331e-01 2.179653e-01 9.604881e+02)	(3.279014e-03 9.208374e-04 2.630571e-03)
5010          	(3.648828e-01 2.188809e-01 9.604908e+02)	(3.616049e-01 2.179582e-01 9.604882e+02)	(3.277916e-03 9.226479e-04 2.631542e-03)
5011          	(3.648753e-01 2.188866e-01 9.604908e+02)	(3.615984e-01 2.179623e-01 9.604882e+02)	(3.276969e-03 9.243789e-04 2.632301e-03)
5012          	(3.648921e-01 2.189046e-01 9.604909e+02)	(3.616159e-01 2.179786e-01 9.604882e+02)	(3.276170e-03 9.260048e-04 2.632830e-03)
5013          	(3.649482e-01 2.189379e-01 9.604909e+02)	(3.616726e-01 2.180104e-01 9.604883e+02)	(3.275564e-03 9.275004e-04 2.633107e-03)
5014          	(3.650249e-01 2.189831e-01 9.604909e+02)	(3.617498e-01 2.180542e-01 9.604883e+02)	(3.275146e-03 9.288710e-04 2.633143e-03)
5015          	(3.651186e-01 2.190384e-01 9.604909e+02)	(3.618437e-01 2.181083e-01 9.604883e+02)	(3.274879e-03 9.301005e-04 2.632948e-03)
5016          	(3.652155e-01 2.191014e-01 9.604909e+02)	(3.619407e-01 2.181702e-01 9.604883e+02)	(3.274743e-03 9.312049e-04 2.632562e-03)
5017          	(3.653209e-01 2.191703e-01 9.604909e+02)	(3.620462e-01 2.182381e-01 9.604883e+02)	(3.274727e-03 9.321686e-04 2.632018e-03)
5018          	(3.654344e-01 2.192424e-01 9.604909e+02)	(3.621595e-01 2.183094e-01 9.604883e+02)	(3.274848e-03 9.329791e-04 2.631353e-03)
5019          	(3.655524e-01 2.193156e-01 9.604909e+02)	(3.622773e-01 2.183820e-01 9.604882e+02)	(3.275110e-03 9.336210e-04 2.630605e-03)
5020          	(3.656717e-01 2.193883e-01 9.604909e+02)	(3.623962e-01 2.184542e-01 9.604882e+02)	(3.275523e-03 9.341058e-04 2.629813e-03)
5021          	(3.657896e-01 2.194591e-01 9.604908e+02)	(3.625135e-01 2.185246e-01 9.604882e+02)	(3.276087e-03 9.344417e-04 2.629002e-03)
5022          	(3.659039e-01 2.195271e-01 9.604908e+02)	(3.626271e-01 2.185924e-01 9.604882e+02)	(3.276809e-03 9.346532e-04 2.628196e-03)
5023          	(3.660127e-01 2.195915e-01 9.604908e+02)	(3.627350e-01 2.186567e-01 9.604882e+02)	(3.277694e-03 9.347646e-04 2.627405e-03)
5024          	(3.661155e-01 2.196524e-01 9.604908e+02)	(3.628368e-01 2.187176e-01 9.604882e+02)	(3.278726e-03 9.347792e-04 2.626626e-03)
5025          	(3.662110e-01 2.197093e-01 9.604908e+02)	(3.629311e-01 2.187745e-01 9.604882e+02)	(3.279890e-03 9.347245e-04 2.625845e-03)
5026          	(3.662983e-01 2.197616e-01 9.604908e+02)	(3.630171e-01 2.188270e-01 9.604882e+02)	(3.281190e-03 9.346119e-04 2.625044e-03)
5027          	(3.663766e-01 2.198089e-01 9.604908e+02)	(3.630940e-01 2.188745e-01 9.604882e+02)	(3.282584e-03 9.344288e-04 2.624195e-03)
5028          	(3.663982e-01 2.198396e-01 9.604912e+02)	(3.631142e-01 2.189054e-01 9.604885e+02)	(3.283945e-03 9.341979e-04 2.623281e-03)
5029          	(3.664488e-01 2.198712e-01 9.604911e+02)	(3.631635e-01 2.189373e-01 9.604885e+02)	(3.285387e-03 9.338680e-04 2.622275e-03)
5030          	(3.664886e-01 2.198962e-01 9.604911e+02)	(3.632017e-01 2.189628e-01 9.604885e+02)	(3.286921e-03 9.334145e-04 2.621157e-03)
5031          	(3.665194e-01 2.199160e-01 9.604911e+02)	(3.632309e-01 2.189832e-01 9.604884e+02)	(3.288515e-03 9.328344e-04 2.619894e-03)
5032          	(3.665431e-01 2.199316e-01 9.604910e+02)	(3.632530e-01 2.189995e-01 9.604884e+02)	(3.290164e-03 9.321400e-04 2.618477e-03)
5033          	(3.665619e-01 2.199441e-01 9.604910e+02)	(3.632700e-01 2.190128e-01 9.604883e+02)	(3.291855e-03 9.313080e-04 2.616888e-03)
5034          	(3.665778e-01 2.199551e-01 9.604909e+02)	(3.632842e-01 2.190247e-01 9.604883e+02)	(3.293606e-03 9.303631e-04 2.615115e-03)
5035          	(3.665935e-01 2.199656e-01 9.604908e+02)	(3.632981e-01 2.190363e-01 9.604882e+02)	(3.295405e-03 9.292970e-04 2.613163e-03)
5036          	(3.666207e-01 2.199790e-01 9.604907e+02)	(3.633234e-01 2.190509e-01 9.604881e+02)	(3.297266e-03 9.281141e-04 2.611031e-03)
5037          	(3.666515e-01 2.199949e-01 9.604906e+02)	(3.633523e-01 2.190680e-01 9.604880e+02)	(3.299189e-03 9.268441e-04 2.608728e-03)
5038          	(3.666863e-01 2.200137e-01 9.604905e+02)	(3.633852e-01 2.190882e-01 9.604879e+02)	(3.301145e-03 9.255299e-04 2.606283e-03)
5039          	(3.667248e-01 2.200354e-01 9.604905e+02)	(3.634217e-01 2.191112e-01 9.604879e+02)	(3.303104e-03 9.241891e-04 2.603722e-03)
5040          	(3.667659e-01 2.200596e-01 9.604904e+02)	(3.634608e-01 2.191368e-01 9.604878e+02)	(3.305054e-03 9.228484e-04 2.601078e-03)
5041          	(3.668081e-01 2.200854e-01 9.604903e+02)	(3.635011e-01 2.191639e-01 9.604877e+02)	(3.306968e-03 9.215215e-04 2.598376e-03)
5042          	(3.668344e-01 2.201078e-01 9.604902e+02)	(3.635256e-01 2.191876e-01 9.604876e+02)	(3.308802e-03 9.202126e-04 2.595655e-03)
5043          	(3.668588e-01 2.201295e-01 9.604901e+02)	(3.635483e-01 2.192106e-01 9.604875e+02)	(3.310547e-03 9.189291e-04 2.592933e-03)
5044          	(3.668806e-01 2.201496e-01 9.604900e+02)	(3.635684e-01 2.192319e-01 9.604875e+02)	(3.312221e-03 9.176717e-04 2.590247e-03)
5045          	(3.668983e-01 2.201674e-01 9.604900e+02)	(3.635845e-01 2.192509e-01 9.604874e+02)	(3.313805e-03 9.164384e-04 2.587624e-03)
5046          	(3.669114e-01 2.201826e-01 9.604899e+02)	(3.635961e-01 2.192673e-01 9.604873e+02)	(3.315314e-03 9.152338e-04 2.585102e-03)
5047          	(3.669192e-01 2.201949e-01 9.604899e+02)	(3.636024e-01 2.192809e-01 9.604873e+02)	(3.316731e-03 9.140694e-04 2.582722e-03)
5048          	(3.669210e-01 2.202043e-01 9.604899e+02)	(3.636030e-01 2.192914e-01 9.604873e+02)	(3.318053e-03 9.129309e-04 2.580525e-03)
5049          	(3.669167e-01 2.202108e-01 9.604899e+02)	(3.635974e-01 2.192990e-01 9.604873e+02)	(3.319275e-03 9.118275e-04 2.578542e-03)
5050          	(3.669060e-01 2.202147e-01 9.604899e+02)	(3.635856e-01 2.193039e-01 9.604873e+02)	(3.320396e-03 9.107860e-04 2.576813e-03)
5051          	(3.668893e-01 2.202165e-01 9.604899e+02)	(3.635679e-01 2.193067e-01 9.604873e+02)	(3.321409e-03 9.097934e-04 2.575367e-03)
5052          	(3.668676e-01 2.202170e-01 9.604899e+02)	(3.635453e-01 2.193081e-01 9.604873e+02)	(3.322306e-03 9.088698e-04 2.574232e-03)
5053          	(3.668405e-01 2.202168e-01 9.604900e+02)	(3.635175e-01 2.193088e-01 9.604874e+02)	(3.323085e-03 9.080437e-04 2.573425e-03)
5054          	(3.668109e-01 2.202172e-01 9.604901e+02)	(3.634872e-01 2.193098e-01 9.604875e+02)	(3.323751e-03 9.073227e-04 2.572962e-03)
5055          	(3.667797e-01 2.202188e-01 9.604901e+02)	(3.634554e-01 2.193121e-01 9.604876e+02)	(3.324304e-03 9.067235e-04 2.572852e-03)
5056          	(3.667477e-01 2.202223e-01 9.604902e+02)	(3.634230e-01 2.193160e-01 9.604877e+02)	(3.324758e-03 9.062763e-04 2.573110e-03)
5057          	(3.667158e-01 2.202279e-01 9.604904e+02)	(3.633906e-01 2.193219e-01 9.604878e+02)	(3.325127e-03 9.059908e-04 2.573725e-03)
5058          	(3.666843e-01 2.202357e-01 9.604905e+02)	(3.633589e-01 2.193298e-01 9.604879e+02)	(3.325413e-03 9.058986e-04 2.574699e-03)
5059          	(3.666559e-01 2.202466e-01 9.604907e+02)	(3.633303e-01 2.193406e-01 9.604881e+02)	(3.325627e-03 9.060071e-04 2.576017e-03)
5060          	(3.666286e-01 2.202592e-01 9.604908e+02)	(3.633028e-01 2.193529e-01 9.604882e+02)	(3.325773e-03 9.063222e-04 2.577666e-03)
5061          	(3.666067e-01 2.202753e-01 9.604910e+02)	(3.632809e-01 2.193685e-01 9.604884e+02)	(3.325850e-03 9.068508e-04 2.579611e-03)
5062          	(3.665857e-01 2.202922e-01 9.604912e+02)	(3.632598e-01 2.193846e-01 9.604886e+02)	(3.325863e-03 9.076117e-04 2.581837e-03)
5063          	(3.665653e-01 2.203093e-01 9.604913e+02)	(3.632395e-01 2.194008e-01 9.604888e+02)	(3.325795e-03 9.085661e-04 2.584310e-03)
5064          	(3.665453e-01 2.203262e-01 9.604915e+02)	(3.632196e-01 2.194165e-01 9.604890e+02)	(3.325655e-03 9.097196e-04 2.586999e-03)
5065          	(3.665295e-01 2.203442e-01 9.604917e+02)	(3.632040e-01 2.194331e-01 9.604892e+02)	(3.325454e-03 9.110389e-04 2.589850e-03)
5066          	(3.665036e-01 2.203562e-01 9.604919e+02)	(3.631784e-01 2.194437e-01 9.604894e+02)	(3.325175e-03 9.124985e-04 2.592825e-03)
5067          	(3.664790e-01 2.203678e-01 9.604921e+02)	(3.631542e-01 2.194538e-01 9.604895e+02)	(3.324817e-03 9.140598e-04 2.595864e-03)
5068          	(3.664704e-01 2.203852e-01 9.604924e+02)	(3.631460e-01 2.194695e-01 9.604898e+02)	(3.324450e-03 9.157246e-04 2.598924e-03)
5069          	(3.664494e-01 2.203959e-01 9.604925e+02)	(3.631254e-01 2.194785e-01 9.604899e+02)	(3.324021e-03 9.174586e-04 2.601947e-03)
5070          	(3.664316e-01 2.204067e-01 9.604927e+02)	(3.631080e-01 2.194874e-01 9.604901e+02)	(3.323553e-03 9.192483e-04 2.604891e-03)
5071          	(3.664179e-01 2.204178e-01 9.604929e+02)	(3.630948e-01 2.194967e-01 9.604903e+02)	(3.323075e-03 9.210696e-04 2.607714e-03)
5072          	(3.664275e-01 2.204359e-01 9.604931e+02)	(3.631048e-01 2.195130e-01 9.604905e+02)	(3.322651e-03 9.229172e-04 2.610380e-03)
5073          	(3.664255e-01 2.204497e-01 9.604932e+02)	(3.631033e-01 2.195249e-01 9.604906e+02)	(3.322234e-03 9.247709e-04 2.612857e-03)
5074          	(3.664524e-01 2.204726e-01 9.604934e+02)	(3.631305e-01 2.195460e-01 9.604908e+02)	(3.321900e-03 9.266230e-04 2.615130e-03)
5075          	(3.664673e-01 2.204925e-01 9.604935e+02)	(3.631457e-01 2.195640e-01 9.604909e+02)	(3.321608e-03 9.284655e-04 2.617187e-03)
5076          	(3.664912e-01 2.205157e-01 9.604936e+02)	(3.631698e-01 2.195854e-01 9.604910e+02)	(3.321375e-03 9.302836e-04 2.619024e-03)
5077          	(3.665237e-01 2.205423e-01 9.604937e+02)	(3.632025e-01 2.196102e-01 9.604911e+02)	(3.321205e-03 9.320781e-04 2.620640e-03)
5078          	(3.665645e-01 2.205722e-01 9.604938e+02)	(3.632434e-01 2.196383e-01 9.604912e+02)	(3.321111e-03 9.338267e-04 2.622044e-03)
5079          	(3.666133e-01 2.206053e-01 9.604939e+02)	(3.632922e-01 2.196698e-01 9.604913e+02)	(3.321078e-03 9.355192e-04 2.623237e-03)
5080          	(3.666692e-01 2.206415e-01 9.604940e+02)	(3.633481e-01 2.197043e-01 9.604914e+02)	(3.321120e-03 9.371629e-04 2.624224e-03)
5081          	(3.667316e-01 2.206805e-01 9.604941e+02)	(3.634104e-01 2.197418e-01 9.604914e+02)	(3.321218e-03 9.387244e-04 2.625019e-03)
5082          	(3.667994e-01 2.207219e-01 9.604941e+02)	(3.634781e-01 2.197817e-01 9.604915e+02)	(3.321379e-03 9.401991e-04 2.625631e-03)
5083          	(3.668717e-01 2.207651e-01 9.604942e+02)	(3.635501e-01 2.198236e-01 9.604915e+02)	(3.321616e-03 9.415601e-04 2.626073e-03)
5084          	(3.669467e-01 2.208092e-01 9.604942e+02)	(3.636248e-01 2.198663e-01 9.604916e+02)	(3.321925e-03 9.428054e-04 2.626353e-03)
5085          	(3.670247e-01 2.208542e-01 9.604942e+02)	(3.637024e-01 2.199103e-01 9.604916e+02)	(3.322299e-03 9.439050e-04 2.626489e-03)
5086          	(3.671051e-01 2.209001e-01 9.604942e+02)	(3.637823e-01 2.199552e-01 9.604916e+02)	(3.322757e-03 9.448659e-04 2.626481e-03)
5087          	(3.671876e-01 2.209465e-01 9.604942e+02)	(3.638643e-01 2.200009e-01 9.604916e+02)	(3.323305e-03 9.456764e-04 2.626340e-03)
5088          	(3.672717e-01 2.209932e-01 9.604942e+02)	(3.639477e-01 2.200468e-01 9.604916e+02)	(3.323927e-03 9.463472e-04 2.626057e-03)
5089          	(3.673574e-01 2.210404e-01 9.604942e+02)	(3.640328e-01 2.200935e-01 9.604916e+02)	(3.324643e-03 9.468705e-04 2.625631e-03)
5090          	(3.674436e-01 2.210870e-01 9.604942e+02)	(3.641182e-01 2.201398e-01 9.604916e+02)	(3.325441e-03 9.472615e-04 2.625035e-03)
5091          	(3.675298e-01 2.211328e-01 9.604942e+02)	(3.642034e-01 2.201853e-01 9.604915e+02)	(3.326317e-03 9.475068e-04 2.624255e-03)
5092          	(3.676155e-01 2.211774e-01 9.604941e+02)	(3.642882e-01 2.202297e-01 9.604915e+02)	(3.327288e-03 9.476313e-04 2.623259e-03)
5093          	(3.677004e-01 2.212206e-01 9.604940e+02)	(3.643720e-01 2.202730e-01 9.604914e+02)	(3.328317e-03 9.476066e-04 2.622038e-03)
5094          	(3.677838e-01 2.212623e-01 9.604940e+02)	(3.644544e-01 2.203148e-01 9.604913e+02)	(3.329408e-03 9.474767e-04 2.620576e-03)
5095          	(3.678688e-01 2.213050e-01 9.604939e+02)	(3.645383e-01 2.203577e-01 9.604912e+02)	(3.330558e-03 9.472331e-04 2.618887e-03)
5096          	(3.679502e-01 2.213445e-01 9.604938e+02)	(3.646184e-01 2.203976e-01 9.604911e+02)	(3.331748e-03 9.469110e-04 2.616978e-03)
5097          	(3.680264e-01 2.213804e-01 9.604936e+02)	(3.646935e-01 2.204339e-01 9.604910e+02)	(3.332940e-03 9.465037e-04 2.614878e-03)
5098          	(3.680942e-01 2.214099e-01 9.604935e+02)	(3.647600e-01 2.204638e-01 9.604909e+02)	(3.334136e-03 9.460391e-04 2.612607e-03)
5099          	(3.681560e-01 2.214370e-01 9.604934e+02)	(3.648207e-01 2.204915e-01 9.604908e+02)	(3.335295e-03 9.455207e-04 2.610202e-03)
5100          	(3.682093e-01 2.214591e-01 9.604933e+02)	(3.648729e-01 2.205141e-01 9.604907e+02)	(3.336400e-03 9.449775e-04 2.607668e-03)
