# Moment      
# CofR        : (0.000000e+00 0.000000e+00 0.000000e+00)
#
# Time        	(total_x total_y total_z)	(pressure_x pressure_y pressure_z)	(viscous_x viscous_y viscous_z)
4601          	(2.851854e-03 1.338327e-02 -1.496589e-02)	(2.869440e-03 1.320523e-02 -1.482793e-02)	(-1.758585e-05 1.780471e-04 -1.379598e-04)
4602          	(2.832902e-03 1.336825e-02 -1.495093e-02)	(2.850710e-03 1.319045e-02 -1.481312e-02)	(-1.780771e-05 1.777997e-04 -1.378078e-04)
4603          	(2.814077e-03 1.335316e-02 -1.493423e-02)	(2.832108e-03 1.317561e-02 -1.479659e-02)	(-1.803116e-05 1.775461e-04 -1.376462e-04)
4604          	(2.795528e-03 1.333816e-02 -1.491611e-02)	(2.813782e-03 1.316087e-02 -1.477864e-02)	(-1.825323e-05 1.772888e-04 -1.374705e-04)
4605          	(2.777388e-03 1.332338e-02 -1.489697e-02)	(2.795865e-03 1.314636e-02 -1.475967e-02)	(-1.847693e-05 1.770277e-04 -1.372930e-04)
4606          	(2.762531e-03 1.330913e-02 -1.487742e-02)	(2.781232e-03 1.313237e-02 -1.474030e-02)	(-1.870020e-05 1.767597e-04 -1.371139e-04)
4607          	(2.745258e-03 1.329520e-02 -1.485791e-02)	(2.764181e-03 1.311871e-02 -1.472097e-02)	(-1.892307e-05 1.764941e-04 -1.369373e-04)
4608          	(2.728484e-03 1.328181e-02 -1.483868e-02)	(2.747628e-03 1.310558e-02 -1.470192e-02)	(-1.914373e-05 1.762335e-04 -1.367631e-04)
4609          	(2.712223e-03 1.326900e-02 -1.482001e-02)	(2.731588e-03 1.309302e-02 -1.468340e-02)	(-1.936474e-05 1.759777e-04 -1.366003e-04)
4610          	(2.700861e-03 1.325610e-02 -1.480137e-02)	(2.720443e-03 1.308038e-02 -1.466493e-02)	(-1.958264e-05 1.757172e-04 -1.364461e-04)
4611          	(2.686146e-03 1.324494e-02 -1.478527e-02)	(2.705944e-03 1.306947e-02 -1.464897e-02)	(-1.979765e-05 1.754684e-04 -1.363040e-04)
4612          	(2.671857e-03 1.323430e-02 -1.476996e-02)	(2.691863e-03 1.305907e-02 -1.463379e-02)	(-2.000553e-05 1.752351e-04 -1.361703e-04)
4613          	(2.658049e-03 1.322423e-02 -1.475532e-02)	(2.678257e-03 1.304922e-02 -1.461928e-02)	(-2.020821e-05 1.750145e-04 -1.360448e-04)
4614          	(2.644862e-03 1.321481e-02 -1.474128e-02)	(2.665264e-03 1.304000e-02 -1.460535e-02)	(-2.040166e-05 1.748088e-04 -1.359256e-04)
4615          	(2.632437e-03 1.320615e-02 -1.472784e-02)	(2.653024e-03 1.303153e-02 -1.459202e-02)	(-2.058714e-05 1.746186e-04 -1.358166e-04)
4616          	(2.621075e-03 1.319837e-02 -1.471490e-02)	(2.641836e-03 1.302393e-02 -1.457919e-02)	(-2.076113e-05 1.744450e-04 -1.357113e-04)
4617          	(2.610717e-03 1.319136e-02 -1.470210e-02)	(2.631641e-03 1.301707e-02 -1.456649e-02)	(-2.092392e-05 1.742879e-04 -1.356110e-04)
4618          	(2.601368e-03 1.318494e-02 -1.468938e-02)	(2.622438e-03 1.301079e-02 -1.455387e-02)	(-2.106988e-05 1.741491e-04 -1.355098e-04)
4619          	(2.593999e-03 1.317978e-02 -1.467692e-02)	(2.615200e-03 1.300575e-02 -1.454151e-02)	(-2.120091e-05 1.740280e-04 -1.354122e-04)
4620          	(2.593151e-03 1.317592e-02 -1.466593e-02)	(2.614464e-03 1.300201e-02 -1.453061e-02)	(-2.131291e-05 1.739166e-04 -1.353175e-04)
4621          	(2.590116e-03 1.317313e-02 -1.465410e-02)	(2.611521e-03 1.299930e-02 -1.451888e-02)	(-2.140533e-05 1.738259e-04 -1.352218e-04)
4622          	(2.589177e-03 1.317151e-02 -1.464225e-02)	(2.610652e-03 1.299775e-02 -1.450714e-02)	(-2.147489e-05 1.737572e-04 -1.351144e-04)
4623          	(2.590464e-03 1.317123e-02 -1.463044e-02)	(2.611988e-03 1.299752e-02 -1.449544e-02)	(-2.152373e-05 1.737088e-04 -1.350038e-04)
4624          	(2.593622e-03 1.317203e-02 -1.461862e-02)	(2.615169e-03 1.299835e-02 -1.448373e-02)	(-2.154724e-05 1.736828e-04 -1.348880e-04)
4625          	(2.598516e-03 1.317387e-02 -1.460689e-02)	(2.620063e-03 1.300019e-02 -1.447213e-02)	(-2.154653e-05 1.736791e-04 -1.347671e-04)
4626          	(2.604808e-03 1.317648e-02 -1.459529e-02)	(2.626327e-03 1.300278e-02 -1.446065e-02)	(-2.151920e-05 1.736985e-04 -1.346428e-04)
4627          	(2.612563e-03 1.317997e-02 -1.458400e-02)	(2.634031e-03 1.300623e-02 -1.444948e-02)	(-2.146760e-05 1.737409e-04 -1.345204e-04)
4628          	(2.621649e-03 1.318425e-02 -1.457298e-02)	(2.643038e-03 1.301044e-02 -1.443859e-02)	(-2.138911e-05 1.738064e-04 -1.343941e-04)
4629          	(2.634433e-03 1.318953e-02 -1.456460e-02)	(2.655720e-03 1.301564e-02 -1.443033e-02)	(-2.128617e-05 1.738894e-04 -1.342738e-04)
4630          	(2.646028e-03 1.319497e-02 -1.455388e-02)	(2.667189e-03 1.302098e-02 -1.441972e-02)	(-2.116119e-05 1.739929e-04 -1.341577e-04)
4631          	(2.658693e-03 1.320088e-02 -1.454301e-02)	(2.679708e-03 1.302676e-02 -1.440897e-02)	(-2.101434e-05 1.741162e-04 -1.340403e-04)
4632          	(2.672354e-03 1.320725e-02 -1.453199e-02)	(2.693198e-03 1.303299e-02 -1.439807e-02)	(-2.084394e-05 1.742579e-04 -1.339237e-04)
4633          	(2.686852e-03 1.321406e-02 -1.452083e-02)	(2.707505e-03 1.303964e-02 -1.438702e-02)	(-2.065302e-05 1.744165e-04 -1.338121e-04)
4634          	(2.702025e-03 1.322126e-02 -1.450971e-02)	(2.722465e-03 1.304667e-02 -1.437601e-02)	(-2.043987e-05 1.745909e-04 -1.336998e-04)
4635          	(2.717604e-03 1.322875e-02 -1.449868e-02)	(2.737814e-03 1.305397e-02 -1.436509e-02)	(-2.020986e-05 1.747780e-04 -1.335903e-04)
4636          	(2.733393e-03 1.323646e-02 -1.448802e-02)	(2.753355e-03 1.306148e-02 -1.435454e-02)	(-1.996170e-05 1.749769e-04 -1.334808e-04)
4637          	(2.749160e-03 1.324428e-02 -1.447787e-02)	(2.768864e-03 1.306910e-02 -1.434449e-02)	(-1.970363e-05 1.751832e-04 -1.333735e-04)
4638          	(2.764701e-03 1.325212e-02 -1.446830e-02)	(2.784135e-03 1.307673e-02 -1.433504e-02)	(-1.943397e-05 1.753960e-04 -1.332621e-04)
4639          	(2.779819e-03 1.325989e-02 -1.445939e-02)	(2.798980e-03 1.308428e-02 -1.432624e-02)	(-1.916088e-05 1.756115e-04 -1.331558e-04)
4640          	(2.794335e-03 1.326749e-02 -1.445117e-02)	(2.813217e-03 1.309166e-02 -1.431813e-02)	(-1.888217e-05 1.758292e-04 -1.330437e-04)
4641          	(2.808046e-03 1.327481e-02 -1.444367e-02)	(2.826653e-03 1.309877e-02 -1.431073e-02)	(-1.860703e-05 1.760449e-04 -1.329340e-04)
4642          	(2.820757e-03 1.328176e-02 -1.443685e-02)	(2.839089e-03 1.310550e-02 -1.430403e-02)	(-1.833219e-05 1.762590e-04 -1.328211e-04)
4643          	(2.832237e-03 1.328818e-02 -1.443069e-02)	(2.850304e-03 1.311171e-02 -1.429798e-02)	(-1.806638e-05 1.764677e-04 -1.327112e-04)
4644          	(2.842291e-03 1.329396e-02 -1.442509e-02)	(2.860097e-03 1.311728e-02 -1.429250e-02)	(-1.780619e-05 1.766714e-04 -1.325953e-04)
4645          	(2.850734e-03 1.329898e-02 -1.441996e-02)	(2.868296e-03 1.312211e-02 -1.428747e-02)	(-1.756188e-05 1.768661e-04 -1.324886e-04)
4646          	(2.857441e-03 1.330316e-02 -1.441517e-02)	(2.874768e-03 1.312611e-02 -1.428280e-02)	(-1.732691e-05 1.770532e-04 -1.323752e-04)
4647          	(2.862309e-03 1.330645e-02 -1.441065e-02)	(2.879422e-03 1.312922e-02 -1.427838e-02)	(-1.711243e-05 1.772276e-04 -1.322712e-04)
4648          	(2.865296e-03 1.330882e-02 -1.440630e-02)	(2.882207e-03 1.313143e-02 -1.427414e-02)	(-1.691075e-05 1.773922e-04 -1.321643e-04)
4649          	(2.866360e-03 1.331024e-02 -1.440203e-02)	(2.883092e-03 1.313270e-02 -1.426996e-02)	(-1.673139e-05 1.775425e-04 -1.320669e-04)
4650          	(2.865340e-03 1.331053e-02 -1.439779e-02)	(2.881906e-03 1.313285e-02 -1.426582e-02)	(-1.656604e-05 1.776812e-04 -1.319675e-04)
4651          	(2.862422e-03 1.330987e-02 -1.439345e-02)	(2.878845e-03 1.313206e-02 -1.426157e-02)	(-1.642259e-05 1.778049e-04 -1.318798e-04)
4652          	(2.857630e-03 1.330826e-02 -1.438894e-02)	(2.873923e-03 1.313034e-02 -1.425715e-02)	(-1.629233e-05 1.779165e-04 -1.317883e-04)
4653          	(2.853980e-03 1.330512e-02 -1.438341e-02)	(2.870164e-03 1.312711e-02 -1.425170e-02)	(-1.618343e-05 1.780031e-04 -1.317083e-04)
4654          	(2.845689e-03 1.330158e-02 -1.437934e-02)	(2.861776e-03 1.312350e-02 -1.424771e-02)	(-1.608633e-05 1.780787e-04 -1.316283e-04)
4655          	(2.835600e-03 1.329710e-02 -1.437505e-02)	(2.851609e-03 1.311896e-02 -1.424350e-02)	(-1.600908e-05 1.781413e-04 -1.315568e-04)
4656          	(2.823748e-03 1.329171e-02 -1.437030e-02)	(2.839690e-03 1.311352e-02 -1.423882e-02)	(-1.594238e-05 1.781917e-04 -1.314818e-04)
4657          	(2.810196e-03 1.328543e-02 -1.436489e-02)	(2.826090e-03 1.310721e-02 -1.423348e-02)	(-1.589358e-05 1.782275e-04 -1.314163e-04)
4658          	(2.796939e-03 1.327778e-02 -1.435883e-02)	(2.812793e-03 1.309954e-02 -1.422748e-02)	(-1.585377e-05 1.782445e-04 -1.313480e-04)
4659          	(2.780605e-03 1.326984e-02 -1.435196e-02)	(2.796433e-03 1.309160e-02 -1.422068e-02)	(-1.582821e-05 1.782492e-04 -1.312798e-04)
4660          	(2.762934e-03 1.326105e-02 -1.434379e-02)	(2.778741e-03 1.308281e-02 -1.421258e-02)	(-1.580739e-05 1.782458e-04 -1.312036e-04)
4661          	(2.743967e-03 1.325138e-02 -1.433400e-02)	(2.759766e-03 1.307315e-02 -1.420287e-02)	(-1.579967e-05 1.782300e-04 -1.311263e-04)
4662          	(2.723789e-03 1.324080e-02 -1.432237e-02)	(2.739586e-03 1.306260e-02 -1.419133e-02)	(-1.579648e-05 1.782041e-04 -1.310355e-04)
4663          	(2.702474e-03 1.322934e-02 -1.430883e-02)	(2.718281e-03 1.305117e-02 -1.417789e-02)	(-1.580723e-05 1.781656e-04 -1.309433e-04)
4664          	(2.680118e-03 1.321700e-02 -1.429340e-02)	(2.695941e-03 1.303888e-02 -1.416256e-02)	(-1.582231e-05 1.781178e-04 -1.308365e-04)
4665          	(2.656810e-03 1.320383e-02 -1.427617e-02)	(2.672663e-03 1.302577e-02 -1.414545e-02)	(-1.585312e-05 1.780564e-04 -1.307259e-04)
4666          	(2.632935e-03 1.319012e-02 -1.425742e-02)	(2.648826e-03 1.301213e-02 -1.412681e-02)	(-1.589125e-05 1.779853e-04 -1.306017e-04)
4667          	(2.608266e-03 1.317567e-02 -1.423715e-02)	(2.624212e-03 1.299777e-02 -1.410668e-02)	(-1.594602e-05 1.779010e-04 -1.304706e-04)
4668          	(2.582675e-03 1.316032e-02 -1.421543e-02)	(2.598684e-03 1.298251e-02 -1.408511e-02)	(-1.600842e-05 1.778073e-04 -1.303216e-04)
4669          	(2.558805e-03 1.314379e-02 -1.419369e-02)	(2.574897e-03 1.296610e-02 -1.406352e-02)	(-1.609201e-05 1.776919e-04 -1.301749e-04)
4670          	(2.533229e-03 1.312816e-02 -1.417096e-02)	(2.549411e-03 1.295058e-02 -1.404095e-02)	(-1.618188e-05 1.775718e-04 -1.300056e-04)
4671          	(2.507215e-03 1.311201e-02 -1.414732e-02)	(2.523504e-03 1.293456e-02 -1.401749e-02)	(-1.628844e-05 1.774442e-04 -1.298243e-04)
4672          	(2.481187e-03 1.309582e-02 -1.412307e-02)	(2.497588e-03 1.291850e-02 -1.399345e-02)	(-1.640129e-05 1.773131e-04 -1.296202e-04)
4673          	(2.455312e-03 1.307973e-02 -1.409838e-02)	(2.471842e-03 1.290255e-02 -1.396897e-02)	(-1.652990e-05 1.771761e-04 -1.294047e-04)
4674          	(2.429915e-03 1.306400e-02 -1.407349e-02)	(2.446579e-03 1.288696e-02 -1.394432e-02)	(-1.666393e-05 1.770381e-04 -1.291678e-04)
4675          	(2.405289e-03 1.304884e-02 -1.404864e-02)	(2.422099e-03 1.287194e-02 -1.391972e-02)	(-1.681071e-05 1.768981e-04 -1.289202e-04)
4676          	(2.381733e-03 1.303445e-02 -1.402400e-02)	(2.398690e-03 1.285769e-02 -1.389535e-02)	(-1.695704e-05 1.767623e-04 -1.286505e-04)
4677          	(2.364349e-03 1.302039e-02 -1.400081e-02)	(2.381461e-03 1.284377e-02 -1.387243e-02)	(-1.711270e-05 1.766149e-04 -1.283789e-04)
4678          	(2.344000e-03 1.300821e-02 -1.397769e-02)	(2.361262e-03 1.283173e-02 -1.384960e-02)	(-1.726196e-05 1.764799e-04 -1.280891e-04)
4679          	(2.325065e-03 1.299697e-02 -1.395452e-02)	(2.342474e-03 1.282062e-02 -1.382673e-02)	(-1.740978e-05 1.763573e-04 -1.277875e-04)
4680          	(2.307655e-03 1.298677e-02 -1.393112e-02)	(2.325200e-03 1.281052e-02 -1.380366e-02)	(-1.754492e-05 1.762493e-04 -1.274647e-04)
4681          	(2.291902e-03 1.297769e-02 -1.390750e-02)	(2.309575e-03 1.280153e-02 -1.378037e-02)	(-1.767302e-05 1.761548e-04 -1.271376e-04)
4682          	(2.277963e-03 1.296983e-02 -1.388374e-02)	(2.295744e-03 1.279375e-02 -1.375695e-02)	(-1.778109e-05 1.760788e-04 -1.267942e-04)
4683          	(2.265964e-03 1.296326e-02 -1.386008e-02)	(2.283839e-03 1.278724e-02 -1.373363e-02)	(-1.787524e-05 1.760198e-04 -1.264482e-04)
4684          	(2.256014e-03 1.295800e-02 -1.383677e-02)	(2.273957e-03 1.278202e-02 -1.371067e-02)	(-1.794368e-05 1.759830e-04 -1.260934e-04)
4685          	(2.248154e-03 1.295407e-02 -1.381413e-02)	(2.266146e-03 1.277810e-02 -1.368839e-02)	(-1.799207e-05 1.759664e-04 -1.257434e-04)
4686          	(2.242386e-03 1.295140e-02 -1.379242e-02)	(2.260397e-03 1.277543e-02 -1.366703e-02)	(-1.801125e-05 1.759736e-04 -1.253928e-04)
4687          	(2.238430e-03 1.294976e-02 -1.377159e-02)	(2.256434e-03 1.277376e-02 -1.364654e-02)	(-1.800426e-05 1.760039e-04 -1.250499e-04)
4688          	(2.236497e-03 1.294930e-02 -1.375214e-02)	(2.254461e-03 1.277324e-02 -1.362742e-02)	(-1.796384e-05 1.760603e-04 -1.247139e-04)
4689          	(2.236483e-03 1.294995e-02 -1.373421e-02)	(2.254379e-03 1.277381e-02 -1.360982e-02)	(-1.789670e-05 1.761399e-04 -1.243922e-04)
4690          	(2.237911e-03 1.295137e-02 -1.371766e-02)	(2.255707e-03 1.277512e-02 -1.359358e-02)	(-1.779564e-05 1.762454e-04 -1.240828e-04)
4691          	(2.241042e-03 1.295379e-02 -1.370286e-02)	(2.258708e-03 1.277742e-02 -1.357907e-02)	(-1.766665e-05 1.763741e-04 -1.237885e-04)
4692          	(2.245676e-03 1.295712e-02 -1.368987e-02)	(2.263185e-03 1.278060e-02 -1.356636e-02)	(-1.750868e-05 1.765247e-04 -1.235088e-04)
4693          	(2.256014e-03 1.296152e-02 -1.368082e-02)	(2.273340e-03 1.278484e-02 -1.355757e-02)	(-1.732635e-05 1.766865e-04 -1.232515e-04)
4694          	(2.262746e-03 1.296579e-02 -1.367152e-02)	(2.279865e-03 1.278892e-02 -1.354850e-02)	(-1.711961e-05 1.768688e-04 -1.230143e-04)
4695          	(2.270153e-03 1.297055e-02 -1.366405e-02)	(2.287047e-03 1.279348e-02 -1.354125e-02)	(-1.689381e-05 1.770690e-04 -1.227942e-04)
4696          	(2.277944e-03 1.297576e-02 -1.365844e-02)	(2.294594e-03 1.279848e-02 -1.353585e-02)	(-1.665000e-05 1.772856e-04 -1.225978e-04)
4697          	(2.286074e-03 1.298149e-02 -1.365491e-02)	(2.302467e-03 1.280397e-02 -1.353249e-02)	(-1.639279e-05 1.775153e-04 -1.224208e-04)
4698          	(2.293863e-03 1.298736e-02 -1.365319e-02)	(2.309987e-03 1.280961e-02 -1.353092e-02)	(-1.612440e-05 1.777566e-04 -1.222646e-04)
4699          	(2.301317e-03 1.299335e-02 -1.365350e-02)	(2.317166e-03 1.281534e-02 -1.353137e-02)	(-1.584940e-05 1.780063e-04 -1.221286e-04)
4700          	(2.307852e-03 1.299912e-02 -1.365537e-02)	(2.323422e-03 1.282086e-02 -1.353336e-02)	(-1.557040e-05 1.782634e-04 -1.220149e-04)
4701          	(2.312990e-03 1.300440e-02 -1.365840e-02)	(2.328282e-03 1.282588e-02 -1.353648e-02)	(-1.529203e-05 1.785238e-04 -1.219167e-04)
4702          	(2.317079e-03 1.300926e-02 -1.366285e-02)	(2.332095e-03 1.283047e-02 -1.354101e-02)	(-1.501574e-05 1.787863e-04 -1.218374e-04)
4703          	(2.320153e-03 1.301364e-02 -1.366870e-02)	(2.334899e-03 1.283460e-02 -1.354693e-02)	(-1.474545e-05 1.790470e-04 -1.217723e-04)
4704          	(2.322270e-03 1.301753e-02 -1.367599e-02)	(2.336754e-03 1.283822e-02 -1.355427e-02)	(-1.448412e-05 1.793037e-04 -1.217267e-04)
4705          	(2.323471e-03 1.302088e-02 -1.368474e-02)	(2.337706e-03 1.284133e-02 -1.356304e-02)	(-1.423519e-05 1.795527e-04 -1.216963e-04)
4706          	(2.323788e-03 1.302368e-02 -1.369492e-02)	(2.337787e-03 1.284388e-02 -1.357324e-02)	(-1.399906e-05 1.797931e-04 -1.216799e-04)
4707          	(2.323223e-03 1.302589e-02 -1.370650e-02)	(2.337003e-03 1.284587e-02 -1.358483e-02)	(-1.378017e-05 1.800208e-04 -1.216704e-04)
4708          	(2.321758e-03 1.302751e-02 -1.371932e-02)	(2.335337e-03 1.284727e-02 -1.359764e-02)	(-1.357950e-05 1.802351e-04 -1.216745e-04)
4709          	(2.319356e-03 1.302850e-02 -1.373314e-02)	(2.332755e-03 1.284807e-02 -1.361146e-02)	(-1.339900e-05 1.804337e-04 -1.216807e-04)
4710          	(2.316205e-03 1.302895e-02 -1.374785e-02)	(2.329446e-03 1.284834e-02 -1.362615e-02)	(-1.324075e-05 1.806151e-04 -1.216935e-04)
4711          	(2.311915e-03 1.302871e-02 -1.376294e-02)	(2.325020e-03 1.284793e-02 -1.364123e-02)	(-1.310570e-05 1.807784e-04 -1.217085e-04)
4712          	(2.306405e-03 1.302778e-02 -1.377815e-02)	(2.319400e-03 1.284686e-02 -1.365642e-02)	(-1.299513e-05 1.809231e-04 -1.217254e-04)
4713          	(2.299607e-03 1.302616e-02 -1.379323e-02)	(2.312519e-03 1.284511e-02 -1.367149e-02)	(-1.291148e-05 1.810475e-04 -1.217418e-04)
4714          	(2.291489e-03 1.302387e-02 -1.380802e-02)	(2.304343e-03 1.284271e-02 -1.368626e-02)	(-1.285389e-05 1.811527e-04 -1.217591e-04)
4715          	(2.282054e-03 1.302093e-02 -1.382233e-02)	(2.294877e-03 1.283969e-02 -1.370056e-02)	(-1.282267e-05 1.812384e-04 -1.217747e-04)
4716          	(2.271328e-03 1.301737e-02 -1.383606e-02)	(2.284147e-03 1.283607e-02 -1.371426e-02)	(-1.281883e-05 1.813042e-04 -1.217932e-04)
4717          	(2.259371e-03 1.301321e-02 -1.384907e-02)	(2.272213e-03 1.283186e-02 -1.372726e-02)	(-1.284219e-05 1.813503e-04 -1.218118e-04)
4718          	(2.246274e-03 1.300848e-02 -1.386129e-02)	(2.259165e-03 1.282710e-02 -1.373946e-02)	(-1.289071e-05 1.813777e-04 -1.218343e-04)
4719          	(2.232172e-03 1.300318e-02 -1.387263e-02)	(2.245136e-03 1.282179e-02 -1.375077e-02)	(-1.296450e-05 1.813863e-04 -1.218594e-04)
4720          	(2.217226e-03 1.299734e-02 -1.388297e-02)	(2.230287e-03 1.281596e-02 -1.376108e-02)	(-1.306170e-05 1.813769e-04 -1.218903e-04)
4721          	(2.201627e-03 1.299099e-02 -1.389220e-02)	(2.214808e-03 1.280964e-02 -1.377027e-02)	(-1.318078e-05 1.813499e-04 -1.219260e-04)
4722          	(2.185769e-03 1.298420e-02 -1.390030e-02)	(2.199090e-03 1.280289e-02 -1.377833e-02)	(-1.332105e-05 1.813049e-04 -1.219663e-04)
4723          	(2.169615e-03 1.297695e-02 -1.390704e-02)	(2.183096e-03 1.279571e-02 -1.378502e-02)	(-1.348115e-05 1.812433e-04 -1.220156e-04)
4724          	(2.153392e-03 1.296935e-02 -1.391250e-02)	(2.167052e-03 1.278819e-02 -1.379043e-02)	(-1.366021e-05 1.811658e-04 -1.220733e-04)
4725          	(2.137232e-03 1.296142e-02 -1.391650e-02)	(2.151089e-03 1.278035e-02 -1.379436e-02)	(-1.385725e-05 1.810725e-04 -1.221392e-04)
4726          	(2.121302e-03 1.295324e-02 -1.391894e-02)	(2.135371e-03 1.277227e-02 -1.379673e-02)	(-1.406899e-05 1.809655e-04 -1.222146e-04)
4727          	(2.105714e-03 1.294483e-02 -1.391968e-02)	(2.120009e-03 1.276399e-02 -1.379739e-02)	(-1.429482e-05 1.808450e-04 -1.222973e-04)
4728          	(2.090629e-03 1.293635e-02 -1.391882e-02)	(2.105162e-03 1.275564e-02 -1.379643e-02)	(-1.453353e-05 1.807124e-04 -1.223892e-04)
4729          	(2.076166e-03 1.292791e-02 -1.391637e-02)	(2.090949e-03 1.274734e-02 -1.379388e-02)	(-1.478310e-05 1.805693e-04 -1.224873e-04)
4730          	(2.062461e-03 1.291963e-02 -1.391241e-02)	(2.077501e-03 1.273921e-02 -1.378982e-02)	(-1.503965e-05 1.804180e-04 -1.225918e-04)
4731          	(2.049667e-03 1.291163e-02 -1.390707e-02)	(2.064968e-03 1.273137e-02 -1.378437e-02)	(-1.530089e-05 1.802597e-04 -1.226977e-04)
4732          	(2.037950e-03 1.290404e-02 -1.390046e-02)	(2.053511e-03 1.272394e-02 -1.377765e-02)	(-1.556099e-05 1.800984e-04 -1.228079e-04)
4733          	(2.027501e-03 1.289699e-02 -1.389270e-02)	(2.043316e-03 1.271705e-02 -1.376978e-02)	(-1.581531e-05 1.799359e-04 -1.229167e-04)
4734          	(2.018500e-03 1.289057e-02 -1.388387e-02)	(2.034558e-03 1.271079e-02 -1.376084e-02)	(-1.605806e-05 1.797754e-04 -1.230242e-04)
4735          	(2.011108e-03 1.288486e-02 -1.387397e-02)	(2.027392e-03 1.270524e-02 -1.375084e-02)	(-1.628369e-05 1.796199e-04 -1.231283e-04)
4736          	(2.005447e-03 1.287989e-02 -1.386302e-02)	(2.021934e-03 1.270042e-02 -1.373979e-02)	(-1.648774e-05 1.794725e-04 -1.232290e-04)
4737          	(2.001593e-03 1.287572e-02 -1.385101e-02)	(2.018261e-03 1.269638e-02 -1.372768e-02)	(-1.666816e-05 1.793342e-04 -1.233243e-04)
4738          	(1.999606e-03 1.287236e-02 -1.383800e-02)	(2.016428e-03 1.269315e-02 -1.371459e-02)	(-1.682190e-05 1.792075e-04 -1.234145e-04)
4739          	(1.999517e-03 1.286984e-02 -1.382413e-02)	(2.016464e-03 1.269075e-02 -1.370063e-02)	(-1.694707e-05 1.790932e-04 -1.234968e-04)
4740          	(2.001351e-03 1.286820e-02 -1.380959e-02)	(2.018394e-03 1.268921e-02 -1.368602e-02)	(-1.704297e-05 1.789919e-04 -1.235730e-04)
4741          	(2.005124e-03 1.286747e-02 -1.379466e-02)	(2.022231e-03 1.268857e-02 -1.367102e-02)	(-1.710766e-05 1.789045e-04 -1.236413e-04)
4742          	(2.010849e-03 1.286771e-02 -1.377967e-02)	(2.027989e-03 1.268888e-02 -1.365597e-02)	(-1.714033e-05 1.788310e-04 -1.236981e-04)
4743          	(2.018533e-03 1.286896e-02 -1.376497e-02)	(2.035674e-03 1.269019e-02 -1.364123e-02)	(-1.714126e-05 1.787716e-04 -1.237422e-04)
4744          	(2.028160e-03 1.287129e-02 -1.375093e-02)	(2.045272e-03 1.269256e-02 -1.362715e-02)	(-1.711124e-05 1.787274e-04 -1.237789e-04)
4745          	(2.039684e-03 1.287471e-02 -1.373786e-02)	(2.056734e-03 1.269601e-02 -1.361406e-02)	(-1.705016e-05 1.786988e-04 -1.238039e-04)
4746          	(2.053026e-03 1.287923e-02 -1.372596e-02)	(2.069986e-03 1.270054e-02 -1.360214e-02)	(-1.695997e-05 1.786863e-04 -1.238206e-04)
4747          	(2.068085e-03 1.288481e-02 -1.371535e-02)	(2.084928e-03 1.270612e-02 -1.359152e-02)	(-1.684214e-05 1.786907e-04 -1.238291e-04)
4748          	(2.084690e-03 1.289139e-02 -1.370613e-02)	(2.101389e-03 1.271268e-02 -1.358229e-02)	(-1.669852e-05 1.787131e-04 -1.238341e-04)
4749          	(2.102733e-03 1.289893e-02 -1.369815e-02)	(2.119265e-03 1.272018e-02 -1.357431e-02)	(-1.653201e-05 1.787534e-04 -1.238370e-04)
4750          	(2.121757e-03 1.290723e-02 -1.369179e-02)	(2.138103e-03 1.272842e-02 -1.356795e-02)	(-1.634575e-05 1.788118e-04 -1.238405e-04)
4751          	(2.141296e-03 1.291610e-02 -1.368732e-02)	(2.157439e-03 1.273721e-02 -1.356348e-02)	(-1.614242e-05 1.788882e-04 -1.238462e-04)
4752          	(2.161214e-03 1.292553e-02 -1.368452e-02)	(2.177141e-03 1.274655e-02 -1.356067e-02)	(-1.592698e-05 1.789807e-04 -1.238558e-04)
4753          	(2.181218e-03 1.293544e-02 -1.368345e-02)	(2.196920e-03 1.275635e-02 -1.355957e-02)	(-1.570239e-05 1.790892e-04 -1.238732e-04)
4754          	(2.201035e-03 1.294574e-02 -1.368414e-02)	(2.216506e-03 1.276652e-02 -1.356025e-02)	(-1.547134e-05 1.792126e-04 -1.238958e-04)
4755          	(2.220429e-03 1.295636e-02 -1.368666e-02)	(2.235668e-03 1.277701e-02 -1.356273e-02)	(-1.523854e-05 1.793488e-04 -1.239274e-04)
4756          	(2.239203e-03 1.296723e-02 -1.369099e-02)	(2.254209e-03 1.278773e-02 -1.356702e-02)	(-1.500639e-05 1.794971e-04 -1.239701e-04)
4757          	(2.257194e-03 1.297826e-02 -1.369711e-02)	(2.271970e-03 1.279861e-02 -1.357308e-02)	(-1.477677e-05 1.796563e-04 -1.240244e-04)
4758          	(2.274262e-03 1.298937e-02 -1.370492e-02)	(2.288815e-03 1.280954e-02 -1.358083e-02)	(-1.455308e-05 1.798245e-04 -1.240929e-04)
4759          	(2.290316e-03 1.300044e-02 -1.371430e-02)	(2.304654e-03 1.282044e-02 -1.359012e-02)	(-1.433806e-05 1.800002e-04 -1.241804e-04)
4760          	(2.305298e-03 1.301139e-02 -1.372513e-02)	(2.319431e-03 1.283120e-02 -1.360084e-02)	(-1.413269e-05 1.801820e-04 -1.242859e-04)
4761          	(2.319276e-03 1.302232e-02 -1.373729e-02)	(2.333215e-03 1.284196e-02 -1.361288e-02)	(-1.393927e-05 1.803680e-04 -1.244113e-04)
4762          	(2.331812e-03 1.303361e-02 -1.375014e-02)	(2.345573e-03 1.285305e-02 -1.362558e-02)	(-1.376082e-05 1.805592e-04 -1.245567e-04)
4763          	(2.343013e-03 1.304438e-02 -1.376426e-02)	(2.356610e-03 1.286363e-02 -1.363955e-02)	(-1.359647e-05 1.807528e-04 -1.247198e-04)
4764          	(2.352531e-03 1.305449e-02 -1.377958e-02)	(2.365981e-03 1.287354e-02 -1.365467e-02)	(-1.344926e-05 1.809452e-04 -1.249035e-04)
4765          	(2.360387e-03 1.306375e-02 -1.379615e-02)	(2.373708e-03 1.288261e-02 -1.367105e-02)	(-1.332021e-05 1.811339e-04 -1.251069e-04)
4766          	(2.364990e-03 1.307167e-02 -1.381426e-02)	(2.378200e-03 1.289035e-02 -1.368893e-02)	(-1.321002e-05 1.813182e-04 -1.253269e-04)
4767          	(2.371831e-03 1.307890e-02 -1.383327e-02)	(2.384954e-03 1.289741e-02 -1.370771e-02)	(-1.312261e-05 1.814857e-04 -1.255624e-04)
4768          	(2.377590e-03 1.308548e-02 -1.385325e-02)	(2.390651e-03 1.290384e-02 -1.372744e-02)	(-1.306027e-05 1.816356e-04 -1.258137e-04)
4769          	(2.382239e-03 1.309140e-02 -1.387403e-02)	(2.395263e-03 1.290963e-02 -1.374796e-02)	(-1.302343e-05 1.817677e-04 -1.260716e-04)
4770          	(2.385750e-03 1.309667e-02 -1.389542e-02)	(2.398764e-03 1.291479e-02 -1.376909e-02)	(-1.301434e-05 1.818806e-04 -1.263346e-04)
4771          	(2.388120e-03 1.310132e-02 -1.391721e-02)	(2.401153e-03 1.291934e-02 -1.379061e-02)	(-1.303312e-05 1.819739e-04 -1.265998e-04)
4772          	(2.384531e-03 1.310594e-02 -1.393690e-02)	(2.397609e-03 1.292388e-02 -1.381004e-02)	(-1.307871e-05 1.820614e-04 -1.268563e-04)
4773          	(2.384659e-03 1.310972e-02 -1.395883e-02)	(2.397808e-03 1.292760e-02 -1.383172e-02)	(-1.314894e-05 1.821278e-04 -1.271129e-04)
4774          	(2.383711e-03 1.311307e-02 -1.398089e-02)	(2.396954e-03 1.293090e-02 -1.385351e-02)	(-1.324330e-05 1.821735e-04 -1.273762e-04)
4775          	(2.381718e-03 1.311597e-02 -1.400301e-02)	(2.395078e-03 1.293377e-02 -1.387537e-02)	(-1.335950e-05 1.822007e-04 -1.276381e-04)
4776          	(2.379433e-03 1.311892e-02 -1.402532e-02)	(2.392933e-03 1.293671e-02 -1.389742e-02)	(-1.349919e-05 1.822094e-04 -1.279017e-04)
4777          	(2.376291e-03 1.312150e-02 -1.404723e-02)	(2.389951e-03 1.293930e-02 -1.391906e-02)	(-1.365997e-05 1.822006e-04 -1.281651e-04)
4778          	(2.368393e-03 1.312347e-02 -1.406831e-02)	(2.382234e-03 1.294129e-02 -1.393988e-02)	(-1.384128e-05 1.821823e-04 -1.284230e-04)
4779          	(2.361888e-03 1.312380e-02 -1.408798e-02)	(2.375924e-03 1.294165e-02 -1.395930e-02)	(-1.403545e-05 1.821468e-04 -1.286760e-04)
4780          	(2.355077e-03 1.312401e-02 -1.410669e-02)	(2.369321e-03 1.294192e-02 -1.397777e-02)	(-1.424430e-05 1.820937e-04 -1.289244e-04)
4781          	(2.346568e-03 1.312284e-02 -1.412373e-02)	(2.361031e-03 1.294082e-02 -1.399457e-02)	(-1.446313e-05 1.820254e-04 -1.291622e-04)
4782          	(2.337125e-03 1.312089e-02 -1.413904e-02)	(2.351818e-03 1.293894e-02 -1.400965e-02)	(-1.469268e-05 1.819417e-04 -1.293877e-04)
4783          	(2.327546e-03 1.311874e-02 -1.415269e-02)	(2.342479e-03 1.293690e-02 -1.402309e-02)	(-1.493307e-05 1.818438e-04 -1.296008e-04)
4784          	(2.317017e-03 1.311569e-02 -1.416431e-02)	(2.332199e-03 1.293396e-02 -1.403451e-02)	(-1.518152e-05 1.817330e-04 -1.297988e-04)
4785          	(2.305527e-03 1.311172e-02 -1.417383e-02)	(2.320964e-03 1.293011e-02 -1.404385e-02)	(-1.543780e-05 1.816096e-04 -1.299798e-04)
4786          	(2.293085e-03 1.310690e-02 -1.418121e-02)	(2.308786e-03 1.292542e-02 -1.405106e-02)	(-1.570063e-05 1.814749e-04 -1.301446e-04)
4787          	(2.274052e-03 1.310088e-02 -1.418275e-02)	(2.290023e-03 1.291954e-02 -1.405247e-02)	(-1.597196e-05 1.813395e-04 -1.302774e-04)
4788          	(2.259618e-03 1.309463e-02 -1.418623e-02)	(2.275865e-03 1.291344e-02 -1.405584e-02)	(-1.624674e-05 1.811932e-04 -1.303929e-04)
4789          	(2.244544e-03 1.308799e-02 -1.418782e-02)	(2.261070e-03 1.290696e-02 -1.405733e-02)	(-1.652655e-05 1.810355e-04 -1.304895e-04)
4790          	(2.229542e-03 1.308148e-02 -1.418799e-02)	(2.246354e-03 1.290061e-02 -1.405743e-02)	(-1.681187e-05 1.808697e-04 -1.305668e-04)
4791          	(2.213885e-03 1.307458e-02 -1.418640e-02)	(2.230987e-03 1.289388e-02 -1.405578e-02)	(-1.710201e-05 1.806966e-04 -1.306202e-04)
4792          	(2.197724e-03 1.306741e-02 -1.418326e-02)	(2.215119e-03 1.288689e-02 -1.405260e-02)	(-1.739496e-05 1.805194e-04 -1.306541e-04)
4793          	(2.181305e-03 1.306015e-02 -1.417886e-02)	(2.198993e-03 1.287981e-02 -1.404820e-02)	(-1.768822e-05 1.803401e-04 -1.306653e-04)
4794          	(2.164905e-03 1.305299e-02 -1.417358e-02)	(2.182885e-03 1.287283e-02 -1.404292e-02)	(-1.797989e-05 1.801614e-04 -1.306551e-04)
4795          	(2.148776e-03 1.304610e-02 -1.416769e-02)	(2.167044e-03 1.286611e-02 -1.403706e-02)	(-1.826822e-05 1.799859e-04 -1.306245e-04)
4796          	(2.133235e-03 1.303965e-02 -1.416157e-02)	(2.151786e-03 1.285983e-02 -1.403100e-02)	(-1.855103e-05 1.798160e-04 -1.305741e-04)
4797          	(2.118488e-03 1.303372e-02 -1.415543e-02)	(2.137315e-03 1.285407e-02 -1.402493e-02)	(-1.882788e-05 1.796524e-04 -1.305022e-04)
4798          	(2.104657e-03 1.302836e-02 -1.414938e-02)	(2.123753e-03 1.284887e-02 -1.401897e-02)	(-1.909611e-05 1.794976e-04 -1.304143e-04)
4799          	(2.091809e-03 1.302357e-02 -1.414351e-02)	(2.111164e-03 1.284422e-02 -1.401321e-02)	(-1.935495e-05 1.793512e-04 -1.303049e-04)
4800          	(2.079976e-03 1.301932e-02 -1.413789e-02)	(2.099582e-03 1.284011e-02 -1.400771e-02)	(-1.960553e-05 1.792132e-04 -1.301785e-04)
4801          	(2.069219e-03 1.301563e-02 -1.413263e-02)	(2.089066e-03 1.283655e-02 -1.400259e-02)	(-1.984676e-05 1.790838e-04 -1.300344e-04)
4802          	(2.059647e-03 1.301253e-02 -1.412784e-02)	(2.079725e-03 1.283357e-02 -1.399797e-02)	(-2.007823e-05 1.789631e-04 -1.298752e-04)
4803          	(2.051434e-03 1.301009e-02 -1.412368e-02)	(2.071735e-03 1.283124e-02 -1.399398e-02)	(-2.030067e-05 1.788500e-04 -1.296999e-04)
4804          	(2.044785e-03 1.300839e-02 -1.412027e-02)	(2.065297e-03 1.282964e-02 -1.399076e-02)	(-2.051181e-05 1.787464e-04 -1.295160e-04)
4805          	(2.039915e-03 1.300751e-02 -1.411775e-02)	(2.060625e-03 1.282886e-02 -1.398843e-02)	(-2.070941e-05 1.786526e-04 -1.293229e-04)
4806          	(2.037019e-03 1.300754e-02 -1.411618e-02)	(2.057911e-03 1.282897e-02 -1.398706e-02)	(-2.089177e-05 1.785695e-04 -1.291246e-04)
4807          	(2.036250e-03 1.300855e-02 -1.411559e-02)	(2.057306e-03 1.283005e-02 -1.398666e-02)	(-2.105610e-05 1.784984e-04 -1.289236e-04)
4808          	(2.037694e-03 1.301058e-02 -1.411597e-02)	(2.058893e-03 1.283213e-02 -1.398724e-02)	(-2.119974e-05 1.784412e-04 -1.287249e-04)
4809          	(2.041355e-03 1.301363e-02 -1.411735e-02)	(2.062676e-03 1.283524e-02 -1.398882e-02)	(-2.132174e-05 1.783982e-04 -1.285304e-04)
4810          	(2.044167e-03 1.301867e-02 -1.411919e-02)	(2.065588e-03 1.284029e-02 -1.399085e-02)	(-2.142129e-05 1.783809e-04 -1.283378e-04)
4811          	(2.051535e-03 1.302355e-02 -1.412206e-02)	(2.073031e-03 1.284518e-02 -1.399390e-02)	(-2.149679e-05 1.783774e-04 -1.281569e-04)
4812          	(2.060608e-03 1.302932e-02 -1.412599e-02)	(2.082159e-03 1.285094e-02 -1.399800e-02)	(-2.155071e-05 1.783856e-04 -1.279900e-04)
4813          	(2.071167e-03 1.303593e-02 -1.413110e-02)	(2.092751e-03 1.285752e-02 -1.400326e-02)	(-2.158399e-05 1.784071e-04 -1.278384e-04)
4814          	(2.082888e-03 1.304322e-02 -1.413738e-02)	(2.104486e-03 1.286478e-02 -1.400968e-02)	(-2.159827e-05 1.784415e-04 -1.277025e-04)
4815          	(2.095377e-03 1.305105e-02 -1.414473e-02)	(2.116975e-03 1.287256e-02 -1.401715e-02)	(-2.159723e-05 1.784875e-04 -1.275826e-04)
4816          	(2.108226e-03 1.305922e-02 -1.415298e-02)	(2.129811e-03 1.288068e-02 -1.402550e-02)	(-2.158504e-05 1.785436e-04 -1.274813e-04)
4817          	(2.121056e-03 1.306757e-02 -1.416196e-02)	(2.142620e-03 1.288896e-02 -1.403456e-02)	(-2.156457e-05 1.786085e-04 -1.273961e-04)
4818          	(2.133526e-03 1.307596e-02 -1.417149e-02)	(2.155066e-03 1.289728e-02 -1.404416e-02)	(-2.154055e-05 1.786805e-04 -1.273301e-04)
4819          	(2.145356e-03 1.308428e-02 -1.418145e-02)	(2.166872e-03 1.290552e-02 -1.405416e-02)	(-2.151644e-05 1.787585e-04 -1.272860e-04)
4820          	(2.156309e-03 1.309243e-02 -1.419174e-02)	(2.177805e-03 1.291359e-02 -1.406448e-02)	(-2.149620e-05 1.788407e-04 -1.272624e-04)
4821          	(2.166260e-03 1.310032e-02 -1.420235e-02)	(2.187745e-03 1.292139e-02 -1.407509e-02)	(-2.148453e-05 1.789246e-04 -1.272584e-04)
4822          	(2.175052e-03 1.310789e-02 -1.421328e-02)	(2.196537e-03 1.292888e-02 -1.408601e-02)	(-2.148460e-05 1.790088e-04 -1.272757e-04)
4823          	(2.182872e-03 1.311538e-02 -1.422476e-02)	(2.204372e-03 1.293629e-02 -1.409745e-02)	(-2.150029e-05 1.790904e-04 -1.273083e-04)
4824          	(2.182171e-03 1.312275e-02 -1.423442e-02)	(2.203704e-03 1.294357e-02 -1.410707e-02)	(-2.153382e-05 1.791849e-04 -1.273459e-04)
4825          	(2.187579e-03 1.312935e-02 -1.424733e-02)	(2.209165e-03 1.295009e-02 -1.411992e-02)	(-2.158578e-05 1.792679e-04 -1.274043e-04)
4826          	(2.191868e-03 1.313557e-02 -1.426140e-02)	(2.213526e-03 1.295623e-02 -1.413392e-02)	(-2.165754e-05 1.793361e-04 -1.274824e-04)
4827          	(2.195010e-03 1.314131e-02 -1.427670e-02)	(2.216760e-03 1.296192e-02 -1.414913e-02)	(-2.174965e-05 1.793907e-04 -1.275752e-04)
4828          	(2.196997e-03 1.314650e-02 -1.429310e-02)	(2.218860e-03 1.296707e-02 -1.416542e-02)	(-2.186274e-05 1.794309e-04 -1.276804e-04)
4829          	(2.197866e-03 1.315108e-02 -1.431036e-02)	(2.219862e-03 1.297162e-02 -1.418256e-02)	(-2.199664e-05 1.794552e-04 -1.277929e-04)
4830          	(2.197716e-03 1.315503e-02 -1.432816e-02)	(2.219866e-03 1.297557e-02 -1.420025e-02)	(-2.214980e-05 1.794636e-04 -1.279103e-04)
4831          	(2.196700e-03 1.315839e-02 -1.434620e-02)	(2.219022e-03 1.297893e-02 -1.421817e-02)	(-2.232180e-05 1.794556e-04 -1.280324e-04)
4832          	(2.194968e-03 1.316121e-02 -1.436419e-02)	(2.217479e-03 1.298178e-02 -1.423604e-02)	(-2.251106e-05 1.794316e-04 -1.281552e-04)
4833          	(2.192641e-03 1.316356e-02 -1.438191e-02)	(2.215357e-03 1.298417e-02 -1.425363e-02)	(-2.271573e-05 1.793916e-04 -1.282756e-04)
4834          	(2.189816e-03 1.316554e-02 -1.439926e-02)	(2.212750e-03 1.298620e-02 -1.427086e-02)	(-2.293442e-05 1.793372e-04 -1.283982e-04)
4835          	(2.186473e-03 1.316711e-02 -1.441603e-02)	(2.209638e-03 1.298784e-02 -1.428751e-02)	(-2.316555e-05 1.792685e-04 -1.285186e-04)
4836          	(2.182573e-03 1.316826e-02 -1.443207e-02)	(2.205983e-03 1.298908e-02 -1.430343e-02)	(-2.340990e-05 1.791854e-04 -1.286366e-04)
4837          	(2.178061e-03 1.316897e-02 -1.444720e-02)	(2.201727e-03 1.298988e-02 -1.431845e-02)	(-2.366553e-05 1.790890e-04 -1.287537e-04)
4838          	(2.172865e-03 1.316917e-02 -1.446123e-02)	(2.196797e-03 1.299019e-02 -1.433236e-02)	(-2.393228e-05 1.789794e-04 -1.288686e-04)
4839          	(2.166928e-03 1.316882e-02 -1.447398e-02)	(2.191138e-03 1.298996e-02 -1.434499e-02)	(-2.420975e-05 1.788569e-04 -1.289823e-04)
4840          	(2.160225e-03 1.316787e-02 -1.448530e-02)	(2.184723e-03 1.298915e-02 -1.435620e-02)	(-2.449871e-05 1.787216e-04 -1.290971e-04)
4841          	(2.148704e-03 1.316685e-02 -1.449252e-02)	(2.173504e-03 1.298827e-02 -1.436332e-02)	(-2.480015e-05 1.785836e-04 -1.292002e-04)
4842          	(2.140731e-03 1.316491e-02 -1.450132e-02)	(2.165839e-03 1.298648e-02 -1.437201e-02)	(-2.510783e-05 1.784331e-04 -1.293059e-04)
4843          	(2.132060e-03 1.316236e-02 -1.450895e-02)	(2.157484e-03 1.298409e-02 -1.437953e-02)	(-2.542401e-05 1.782682e-04 -1.294159e-04)
4844          	(2.122702e-03 1.315914e-02 -1.451536e-02)	(2.148450e-03 1.298105e-02 -1.438583e-02)	(-2.574754e-05 1.780917e-04 -1.295269e-04)
4845          	(2.112717e-03 1.315524e-02 -1.452053e-02)	(2.138796e-03 1.297734e-02 -1.439089e-02)	(-2.607944e-05 1.779029e-04 -1.296356e-04)
4846          	(2.102196e-03 1.315070e-02 -1.452444e-02)	(2.128615e-03 1.297300e-02 -1.439469e-02)	(-2.641854e-05 1.777039e-04 -1.297483e-04)
4847          	(2.091245e-03 1.314559e-02 -1.452714e-02)	(2.118009e-03 1.296810e-02 -1.439728e-02)	(-2.676370e-05 1.774946e-04 -1.298551e-04)
4848          	(2.079947e-03 1.314000e-02 -1.452877e-02)	(2.107062e-03 1.296272e-02 -1.439881e-02)	(-2.711475e-05 1.772756e-04 -1.299553e-04)
4849          	(2.068368e-03 1.313402e-02 -1.452953e-02)	(2.095839e-03 1.295697e-02 -1.439948e-02)	(-2.747134e-05 1.770480e-04 -1.300514e-04)
4850          	(2.056556e-03 1.312775e-02 -1.452961e-02)	(2.084388e-03 1.295093e-02 -1.439947e-02)	(-2.783218e-05 1.768132e-04 -1.301393e-04)
4851          	(2.044554e-03 1.312126e-02 -1.452919e-02)	(2.072750e-03 1.294469e-02 -1.439898e-02)	(-2.819673e-05 1.765714e-04 -1.302147e-04)
4852          	(2.032416e-03 1.311464e-02 -1.452846e-02)	(2.060979e-03 1.293831e-02 -1.439818e-02)	(-2.856346e-05 1.763252e-04 -1.302818e-04)
4853          	(2.020833e-03 1.310832e-02 -1.452804e-02)	(2.049765e-03 1.293225e-02 -1.439770e-02)	(-2.893218e-05 1.760747e-04 -1.303371e-04)
4854          	(2.009593e-03 1.310222e-02 -1.452756e-02)	(2.038893e-03 1.292640e-02 -1.439718e-02)	(-2.929991e-05 1.758222e-04 -1.303790e-04)
4855          	(1.993259e-03 1.309533e-02 -1.452298e-02)	(2.022924e-03 1.291975e-02 -1.439258e-02)	(-2.966508e-05 1.755780e-04 -1.303980e-04)
4856          	(1.980996e-03 1.308902e-02 -1.452219e-02)	(2.011017e-03 1.291368e-02 -1.439178e-02)	(-3.002015e-05 1.753364e-04 -1.304022e-04)
4857          	(1.969247e-03 1.308295e-02 -1.452151e-02)	(1.999612e-03 1.290785e-02 -1.439112e-02)	(-3.036472e-05 1.750967e-04 -1.303924e-04)
4858          	(1.958228e-03 1.307712e-02 -1.452090e-02)	(1.988925e-03 1.290225e-02 -1.439053e-02)	(-3.069646e-05 1.748614e-04 -1.303700e-04)
4859          	(1.948211e-03 1.307157e-02 -1.452040e-02)	(1.979225e-03 1.289694e-02 -1.439007e-02)	(-3.101402e-05 1.746308e-04 -1.303317e-04)
4860          	(1.939897e-03 1.306658e-02 -1.452079e-02)	(1.971212e-03 1.289218e-02 -1.439051e-02)	(-3.131591e-05 1.744050e-04 -1.302802e-04)
4861          	(1.933683e-03 1.306235e-02 -1.452206e-02)	(1.965283e-03 1.288816e-02 -1.439184e-02)	(-3.160068e-05 1.741848e-04 -1.302192e-04)
4862          	(1.929307e-03 1.305872e-02 -1.452348e-02)	(1.961172e-03 1.288475e-02 -1.439334e-02)	(-3.186549e-05 1.739717e-04 -1.301459e-04)
4863          	(1.926069e-03 1.305534e-02 -1.452466e-02)	(1.958177e-03 1.288157e-02 -1.439461e-02)	(-3.210850e-05 1.737668e-04 -1.300574e-04)
4864          	(1.925182e-03 1.305195e-02 -1.452363e-02)	(1.957509e-03 1.287838e-02 -1.439367e-02)	(-3.232720e-05 1.735694e-04 -1.299569e-04)
4865          	(1.922453e-03 1.304853e-02 -1.452272e-02)	(1.954973e-03 1.287514e-02 -1.439288e-02)	(-3.251986e-05 1.733866e-04 -1.298424e-04)
4866          	(1.917766e-03 1.304638e-02 -1.452055e-02)	(1.950454e-03 1.287315e-02 -1.439084e-02)	(-3.268799e-05 1.732289e-04 -1.297091e-04)
4867          	(1.917929e-03 1.304489e-02 -1.452057e-02)	(1.950760e-03 1.287181e-02 -1.439099e-02)	(-3.283117e-05 1.730860e-04 -1.295758e-04)
4868          	(1.919642e-03 1.304444e-02 -1.452148e-02)	(1.952592e-03 1.287148e-02 -1.439204e-02)	(-3.295035e-05 1.729574e-04 -1.294409e-04)
4869          	(1.922974e-03 1.304507e-02 -1.452355e-02)	(1.956020e-03 1.287222e-02 -1.439424e-02)	(-3.304662e-05 1.728456e-04 -1.293083e-04)
4870          	(1.927959e-03 1.304681e-02 -1.452688e-02)	(1.961076e-03 1.287405e-02 -1.439769e-02)	(-3.311772e-05 1.727535e-04 -1.291820e-04)
4871          	(1.935395e-03 1.305005e-02 -1.453291e-02)	(1.968562e-03 1.287737e-02 -1.440384e-02)	(-3.316696e-05 1.726797e-04 -1.290643e-04)
4872          	(1.944197e-03 1.305417e-02 -1.453955e-02)	(1.977390e-03 1.288155e-02 -1.441060e-02)	(-3.319305e-05 1.726259e-04 -1.289576e-04)
4873          	(1.954108e-03 1.305904e-02 -1.454644e-02)	(1.987305e-03 1.288644e-02 -1.441758e-02)	(-3.319723e-05 1.725921e-04 -1.288610e-04)
4874          	(1.965370e-03 1.306475e-02 -1.455374e-02)	(1.998550e-03 1.289217e-02 -1.442497e-02)	(-3.317996e-05 1.725785e-04 -1.287769e-04)
4875          	(1.975997e-03 1.307033e-02 -1.455887e-02)	(2.009140e-03 1.289774e-02 -1.443017e-02)	(-3.314292e-05 1.725846e-04 -1.286996e-04)
4876          	(1.987332e-03 1.307645e-02 -1.456455e-02)	(2.020418e-03 1.290383e-02 -1.443592e-02)	(-3.308658e-05 1.726102e-04 -1.286357e-04)
4877          	(1.999197e-03 1.308304e-02 -1.457105e-02)	(2.032211e-03 1.291038e-02 -1.444246e-02)	(-3.301414e-05 1.726527e-04 -1.285872e-04)
4878          	(2.011393e-03 1.309003e-02 -1.457860e-02)	(2.044320e-03 1.291732e-02 -1.445004e-02)	(-3.292712e-05 1.727109e-04 -1.285580e-04)
4879          	(2.023716e-03 1.309734e-02 -1.458741e-02)	(2.056545e-03 1.292455e-02 -1.445886e-02)	(-3.282891e-05 1.727821e-04 -1.285493e-04)
4880          	(2.035965e-03 1.310486e-02 -1.459760e-02)	(2.068686e-03 1.293199e-02 -1.446904e-02)	(-3.272134e-05 1.728649e-04 -1.285634e-04)
4881          	(2.046024e-03 1.311427e-02 -1.460978e-02)	(2.078633e-03 1.294130e-02 -1.448119e-02)	(-3.260866e-05 1.729674e-04 -1.285914e-04)
4882          	(2.057377e-03 1.312175e-02 -1.462310e-02)	(2.089872e-03 1.294868e-02 -1.449445e-02)	(-3.249489e-05 1.730728e-04 -1.286497e-04)
4883          	(2.068312e-03 1.312926e-02 -1.463773e-02)	(2.100696e-03 1.295608e-02 -1.450900e-02)	(-3.238461e-05 1.731770e-04 -1.287297e-04)
4884          	(2.078861e-03 1.313677e-02 -1.465378e-02)	(2.111140e-03 1.296349e-02 -1.452495e-02)	(-3.227861e-05 1.732813e-04 -1.288315e-04)
4885          	(2.088984e-03 1.314421e-02 -1.467114e-02)	(2.121164e-03 1.297083e-02 -1.454219e-02)	(-3.218002e-05 1.733832e-04 -1.289508e-04)
4886          	(2.098600e-03 1.315144e-02 -1.468955e-02)	(2.130690e-03 1.297796e-02 -1.456046e-02)	(-3.208954e-05 1.734813e-04 -1.290863e-04)
4887          	(2.107635e-03 1.315833e-02 -1.470867e-02)	(2.139644e-03 1.298476e-02 -1.457944e-02)	(-3.200995e-05 1.735726e-04 -1.292326e-04)
4888          	(2.116144e-03 1.316481e-02 -1.472887e-02)	(2.148085e-03 1.299116e-02 -1.459948e-02)	(-3.194190e-05 1.736556e-04 -1.293902e-04)
4889          	(2.124138e-03 1.317085e-02 -1.474968e-02)	(2.156027e-03 1.299712e-02 -1.462012e-02)	(-3.188851e-05 1.737274e-04 -1.295567e-04)
4890          	(2.131350e-03 1.317627e-02 -1.477039e-02)	(2.163199e-03 1.300248e-02 -1.464066e-02)	(-3.184875e-05 1.737874e-04 -1.297303e-04)
4891          	(2.135339e-03 1.318200e-02 -1.478998e-02)	(2.167164e-03 1.300816e-02 -1.466008e-02)	(-3.182540e-05 1.738429e-04 -1.299007e-04)
4892          	(2.140620e-03 1.318614e-02 -1.480910e-02)	(2.172435e-03 1.301226e-02 -1.467903e-02)	(-3.181490e-05 1.738844e-04 -1.300751e-04)
4893          	(2.145059e-03 1.318975e-02 -1.482929e-02)	(2.176881e-03 1.301584e-02 -1.469903e-02)	(-3.182187e-05 1.739090e-04 -1.302555e-04)
4894          	(2.148735e-03 1.319288e-02 -1.485053e-02)	(2.180578e-03 1.301896e-02 -1.472009e-02)	(-3.184269e-05 1.739205e-04 -1.304419e-04)
4895          	(2.151441e-03 1.319538e-02 -1.487305e-02)	(2.183319e-03 1.302146e-02 -1.474242e-02)	(-3.187869e-05 1.739179e-04 -1.306289e-04)
4896          	(2.153381e-03 1.319736e-02 -1.489612e-02)	(2.185309e-03 1.302345e-02 -1.476530e-02)	(-3.192781e-05 1.739030e-04 -1.308155e-04)
4897          	(2.154680e-03 1.319886e-02 -1.491909e-02)	(2.186669e-03 1.302498e-02 -1.478809e-02)	(-3.198963e-05 1.738765e-04 -1.309992e-04)
4898          	(2.155465e-03 1.319993e-02 -1.494129e-02)	(2.187526e-03 1.302609e-02 -1.481011e-02)	(-3.206056e-05 1.738412e-04 -1.311785e-04)
4899          	(2.155981e-03 1.320071e-02 -1.496200e-02)	(2.188122e-03 1.302691e-02 -1.483065e-02)	(-3.214107e-05 1.737968e-04 -1.313493e-04)
4900          	(2.156085e-03 1.320106e-02 -1.498092e-02)	(2.188313e-03 1.302732e-02 -1.484941e-02)	(-3.222836e-05 1.737455e-04 -1.315122e-04)
4901          	(2.155805e-03 1.320101e-02 -1.499772e-02)	(2.188129e-03 1.302732e-02 -1.486605e-02)	(-3.232337e-05 1.736870e-04 -1.316688e-04)
4902          	(2.154976e-03 1.320041e-02 -1.501222e-02)	(2.187398e-03 1.302678e-02 -1.488040e-02)	(-3.242238e-05 1.736232e-04 -1.318197e-04)
4903          	(2.153873e-03 1.319946e-02 -1.502423e-02)	(2.186399e-03 1.302590e-02 -1.489227e-02)	(-3.252635e-05 1.735536e-04 -1.319644e-04)
4904          	(2.152511e-03 1.319819e-02 -1.503373e-02)	(2.185144e-03 1.302471e-02 -1.490163e-02)	(-3.263277e-05 1.734800e-04 -1.321046e-04)
4905          	(2.150881e-03 1.319660e-02 -1.504075e-02)	(2.183624e-03 1.302320e-02 -1.490851e-02)	(-3.274290e-05 1.734014e-04 -1.322400e-04)
4906          	(2.148956e-03 1.319472e-02 -1.504535e-02)	(2.181809e-03 1.302140e-02 -1.491297e-02)	(-3.285323e-05 1.733205e-04 -1.323729e-04)
4907          	(2.146692e-03 1.319252e-02 -1.504765e-02)	(2.179655e-03 1.301929e-02 -1.491516e-02)	(-3.296321e-05 1.732369e-04 -1.324981e-04)
4908          	(2.144025e-03 1.319002e-02 -1.504784e-02)	(2.177095e-03 1.301687e-02 -1.491522e-02)	(-3.307060e-05 1.731524e-04 -1.326180e-04)
4909          	(2.140711e-03 1.318701e-02 -1.504618e-02)	(2.173886e-03 1.301394e-02 -1.491345e-02)	(-3.317506e-05 1.730673e-04 -1.327336e-04)
4910          	(2.136925e-03 1.318375e-02 -1.504288e-02)	(2.170198e-03 1.301077e-02 -1.491003e-02)	(-3.327359e-05 1.729840e-04 -1.328435e-04)
4911          	(2.132614e-03 1.318027e-02 -1.503823e-02)	(2.165982e-03 1.300736e-02 -1.490528e-02)	(-3.336774e-05 1.729023e-04 -1.329481e-04)
4912          	(2.127733e-03 1.317655e-02 -1.503253e-02)	(2.161188e-03 1.300372e-02 -1.489948e-02)	(-3.345518e-05 1.728246e-04 -1.330485e-04)
4913          	(2.122234e-03 1.317258e-02 -1.502598e-02)	(2.155772e-03 1.299983e-02 -1.489284e-02)	(-3.353806e-05 1.727500e-04 -1.331428e-04)
4914          	(2.116077e-03 1.316832e-02 -1.501870e-02)	(2.149693e-03 1.299564e-02 -1.488547e-02)	(-3.361584e-05 1.726793e-04 -1.332311e-04)
4915          	(2.109472e-03 1.316393e-02 -1.501075e-02)	(2.143163e-03 1.299132e-02 -1.487744e-02)	(-3.369085e-05 1.726111e-04 -1.333086e-04)
4916          	(2.102152e-03 1.315914e-02 -1.500214e-02)	(2.135914e-03 1.298659e-02 -1.486876e-02)	(-3.376253e-05 1.725461e-04 -1.333767e-04)
4917          	(2.093928e-03 1.315374e-02 -1.499294e-02)	(2.127760e-03 1.298126e-02 -1.485950e-02)	(-3.383200e-05 1.724826e-04 -1.334318e-04)
4918          	(2.085283e-03 1.314808e-02 -1.498329e-02)	(2.119180e-03 1.297565e-02 -1.484982e-02)	(-3.389653e-05 1.724226e-04 -1.334754e-04)
4919          	(2.076419e-03 1.314225e-02 -1.497337e-02)	(2.110376e-03 1.296989e-02 -1.483987e-02)	(-3.395686e-05 1.723647e-04 -1.335009e-04)
4920          	(2.067550e-03 1.313637e-02 -1.496332e-02)	(2.101561e-03 1.296406e-02 -1.482981e-02)	(-3.401136e-05 1.723101e-04 -1.335127e-04)
4921          	(2.058893e-03 1.313052e-02 -1.495329e-02)	(2.092954e-03 1.295827e-02 -1.481978e-02)	(-3.406081e-05 1.722581e-04 -1.335103e-04)
4922          	(2.050409e-03 1.312457e-02 -1.494360e-02)	(2.084511e-03 1.295236e-02 -1.481010e-02)	(-3.410166e-05 1.722103e-04 -1.334933e-04)
4923          	(2.046340e-03 1.311764e-02 -1.493354e-02)	(2.080476e-03 1.294549e-02 -1.480008e-02)	(-3.413610e-05 1.721532e-04 -1.334650e-04)
4924          	(2.040462e-03 1.311286e-02 -1.492556e-02)	(2.074621e-03 1.294075e-02 -1.479213e-02)	(-3.415930e-05 1.721044e-04 -1.334286e-04)
4925          	(2.035554e-03 1.310843e-02 -1.491794e-02)	(2.069727e-03 1.293637e-02 -1.478456e-02)	(-3.417344e-05 1.720628e-04 -1.333774e-04)
4926          	(2.031633e-03 1.310441e-02 -1.491061e-02)	(2.065808e-03 1.293238e-02 -1.477729e-02)	(-3.417541e-05 1.720289e-04 -1.333189e-04)
4927          	(2.028757e-03 1.310088e-02 -1.490367e-02)	(2.062923e-03 1.292888e-02 -1.477041e-02)	(-3.416565e-05 1.720023e-04 -1.332552e-04)
4928          	(2.026622e-03 1.309775e-02 -1.489740e-02)	(2.060764e-03 1.292577e-02 -1.476421e-02)	(-3.414200e-05 1.719849e-04 -1.331897e-04)
4929          	(2.025700e-03 1.309540e-02 -1.489192e-02)	(2.059806e-03 1.292342e-02 -1.475879e-02)	(-3.410547e-05 1.719763e-04 -1.331244e-04)
4930          	(2.029441e-03 1.309377e-02 -1.488865e-02)	(2.063496e-03 1.292179e-02 -1.475558e-02)	(-3.405523e-05 1.719704e-04 -1.330695e-04)
4931          	(2.031102e-03 1.309294e-02 -1.488546e-02)	(2.065093e-03 1.292096e-02 -1.475244e-02)	(-3.399137e-05 1.719758e-04 -1.330217e-04)
4932          	(2.034191e-03 1.309309e-02 -1.488323e-02)	(2.068107e-03 1.292109e-02 -1.475024e-02)	(-3.391566e-05 1.719929e-04 -1.329841e-04)
4933          	(2.038207e-03 1.309394e-02 -1.488205e-02)	(2.072034e-03 1.292192e-02 -1.474910e-02)	(-3.382728e-05 1.720214e-04 -1.329577e-04)
4934          	(2.043055e-03 1.309548e-02 -1.488202e-02)	(2.076781e-03 1.292342e-02 -1.474908e-02)	(-3.372561e-05 1.720623e-04 -1.329419e-04)
4935          	(2.048629e-03 1.309766e-02 -1.488320e-02)	(2.082242e-03 1.292554e-02 -1.475026e-02)	(-3.361295e-05 1.721148e-04 -1.329404e-04)
4936          	(2.054802e-03 1.310038e-02 -1.488556e-02)	(2.088292e-03 1.292821e-02 -1.475260e-02)	(-3.349025e-05 1.721792e-04 -1.329547e-04)
4937          	(2.061441e-03 1.310356e-02 -1.488900e-02)	(2.094800e-03 1.293131e-02 -1.475602e-02)	(-3.335907e-05 1.722541e-04 -1.329816e-04)
4938          	(2.068415e-03 1.310707e-02 -1.489331e-02)	(2.101636e-03 1.293473e-02 -1.476029e-02)	(-3.322082e-05 1.723389e-04 -1.330231e-04)
4939          	(2.080686e-03 1.311052e-02 -1.490300e-02)	(2.113762e-03 1.293810e-02 -1.476991e-02)	(-3.307560e-05 1.724211e-04 -1.330883e-04)
4940          	(2.087942e-03 1.311397e-02 -1.490720e-02)	(2.120871e-03 1.294146e-02 -1.477403e-02)	(-3.292962e-05 1.725111e-04 -1.331664e-04)
4941          	(2.095346e-03 1.311751e-02 -1.491160e-02)	(2.128130e-03 1.294490e-02 -1.477835e-02)	(-3.278431e-05 1.726076e-04 -1.332507e-04)
4942          	(2.102853e-03 1.312120e-02 -1.491640e-02)	(2.135492e-03 1.294849e-02 -1.478305e-02)	(-3.263896e-05 1.727098e-04 -1.333481e-04)
4943          	(2.110305e-03 1.312503e-02 -1.492177e-02)	(2.142801e-03 1.295221e-02 -1.478831e-02)	(-3.249573e-05 1.728158e-04 -1.334554e-04)
4944          	(2.117466e-03 1.312893e-02 -1.492779e-02)	(2.149821e-03 1.295601e-02 -1.479422e-02)	(-3.235518e-05 1.729256e-04 -1.335740e-04)
4945          	(2.124024e-03 1.313277e-02 -1.493441e-02)	(2.156244e-03 1.295974e-02 -1.480071e-02)	(-3.221935e-05 1.730375e-04 -1.336998e-04)
4946          	(2.129872e-03 1.313649e-02 -1.494181e-02)	(2.161960e-03 1.296334e-02 -1.480798e-02)	(-3.208848e-05 1.731514e-04 -1.338341e-04)
4947          	(2.134912e-03 1.313999e-02 -1.495005e-02)	(2.166878e-03 1.296673e-02 -1.481608e-02)	(-3.196597e-05 1.732643e-04 -1.339742e-04)
4948          	(2.139144e-03 1.314322e-02 -1.495929e-02)	(2.170996e-03 1.296985e-02 -1.482516e-02)	(-3.185194e-05 1.733756e-04 -1.341226e-04)
4949          	(2.142644e-03 1.314615e-02 -1.496966e-02)	(2.174392e-03 1.297267e-02 -1.483538e-02)	(-3.174811e-05 1.734826e-04 -1.342753e-04)
4950          	(2.150518e-03 1.314779e-02 -1.498556e-02)	(2.182170e-03 1.297422e-02 -1.485112e-02)	(-3.165259e-05 1.735708e-04 -1.344407e-04)
4951          	(2.152866e-03 1.314998e-02 -1.499732e-02)	(2.184434e-03 1.297632e-02 -1.486271e-02)	(-3.156786e-05 1.736555e-04 -1.346097e-04)
4952          	(2.154858e-03 1.315197e-02 -1.501063e-02)	(2.186351e-03 1.297823e-02 -1.487585e-02)	(-3.149366e-05 1.737373e-04 -1.347807e-04)
4953          	(2.156582e-03 1.315383e-02 -1.502594e-02)	(2.188012e-03 1.298002e-02 -1.489098e-02)	(-3.143028e-05 1.738119e-04 -1.349538e-04)
4954          	(2.158074e-03 1.315560e-02 -1.504332e-02)	(2.189451e-03 1.298172e-02 -1.490819e-02)	(-3.137687e-05 1.738794e-04 -1.351310e-04)
4955          	(2.158982e-03 1.315707e-02 -1.506254e-02)	(2.190316e-03 1.298313e-02 -1.492724e-02)	(-3.133375e-05 1.739384e-04 -1.353061e-04)
4956          	(2.162508e-03 1.315842e-02 -1.508750e-02)	(2.193811e-03 1.298444e-02 -1.495201e-02)	(-3.130308e-05 1.739814e-04 -1.354889e-04)
4957          	(2.163403e-03 1.315968e-02 -1.510630e-02)	(2.194683e-03 1.298567e-02 -1.497064e-02)	(-3.128081e-05 1.740178e-04 -1.356644e-04)
4958          	(2.163797e-03 1.316067e-02 -1.512491e-02)	(2.195065e-03 1.298662e-02 -1.498907e-02)	(-3.126869e-05 1.740483e-04 -1.358363e-04)
4959          	(2.164023e-03 1.316160e-02 -1.514285e-02)	(2.195290e-03 1.298753e-02 -1.500684e-02)	(-3.126754e-05 1.740709e-04 -1.360016e-04)
4960          	(2.164066e-03 1.316249e-02 -1.515971e-02)	(2.195342e-03 1.298840e-02 -1.502354e-02)	(-3.127619e-05 1.740871e-04 -1.361634e-04)
4961          	(2.162558e-03 1.316336e-02 -1.517604e-02)	(2.193853e-03 1.298926e-02 -1.503972e-02)	(-3.129535e-05 1.740992e-04 -1.363169e-04)
4962          	(2.162733e-03 1.316434e-02 -1.518942e-02)	(2.194056e-03 1.299024e-02 -1.505296e-02)	(-3.132289e-05 1.741046e-04 -1.364620e-04)
4963          	(2.163021e-03 1.316537e-02 -1.520056e-02)	(2.194379e-03 1.299127e-02 -1.506397e-02)	(-3.135845e-05 1.741033e-04 -1.365970e-04)
4964          	(2.162859e-03 1.316600e-02 -1.520944e-02)	(2.194259e-03 1.299190e-02 -1.507271e-02)	(-3.139998e-05 1.740971e-04 -1.367235e-04)
4965          	(2.162426e-03 1.316630e-02 -1.521565e-02)	(2.193873e-03 1.299222e-02 -1.507882e-02)	(-3.144695e-05 1.740856e-04 -1.368366e-04)
4966          	(2.161659e-03 1.316621e-02 -1.521899e-02)	(2.193156e-03 1.299214e-02 -1.508205e-02)	(-3.149706e-05 1.740704e-04 -1.369390e-04)
4967          	(2.165117e-03 1.316465e-02 -1.521855e-02)	(2.196667e-03 1.299062e-02 -1.508151e-02)	(-3.154984e-05 1.740383e-04 -1.370314e-04)
4968          	(2.163924e-03 1.316372e-02 -1.521664e-02)	(2.195526e-03 1.298971e-02 -1.507953e-02)	(-3.160204e-05 1.740065e-04 -1.371124e-04)
4969          	(2.162247e-03 1.316227e-02 -1.521222e-02)	(2.193904e-03 1.298830e-02 -1.507504e-02)	(-3.165691e-05 1.739743e-04 -1.371795e-04)
4970          	(2.159927e-03 1.316028e-02 -1.520532e-02)	(2.191639e-03 1.298634e-02 -1.506808e-02)	(-3.171217e-05 1.739416e-04 -1.372379e-04)
4971          	(2.156849e-03 1.315773e-02 -1.519611e-02)	(2.188618e-03 1.298382e-02 -1.505883e-02)	(-3.176886e-05 1.739073e-04 -1.372842e-04)
4972          	(2.152976e-03 1.315468e-02 -1.518496e-02)	(2.184802e-03 1.298080e-02 -1.504764e-02)	(-3.182624e-05 1.738734e-04 -1.373249e-04)
4973          	(2.148350e-03 1.315123e-02 -1.517238e-02)	(2.180236e-03 1.297739e-02 -1.503502e-02)	(-3.188623e-05 1.738386e-04 -1.373556e-04)
4974          	(2.143081e-03 1.314751e-02 -1.515893e-02)	(2.175029e-03 1.297370e-02 -1.502154e-02)	(-3.194842e-05 1.738046e-04 -1.373840e-04)
4975          	(2.137321e-03 1.314360e-02 -1.514513e-02)	(2.169336e-03 1.296983e-02 -1.500772e-02)	(-3.201460e-05 1.737701e-04 -1.374071e-04)
4976          	(2.133101e-03 1.313808e-02 -1.512914e-02)	(2.165186e-03 1.296436e-02 -1.499170e-02)	(-3.208526e-05 1.737270e-04 -1.374333e-04)
4977          	(2.127694e-03 1.313440e-02 -1.511723e-02)	(2.159854e-03 1.296072e-02 -1.497977e-02)	(-3.215960e-05 1.736845e-04 -1.374522e-04)
4978          	(2.122273e-03 1.313057e-02 -1.510545e-02)	(2.154512e-03 1.295692e-02 -1.496798e-02)	(-3.223907e-05 1.736428e-04 -1.374662e-04)
4979          	(2.116993e-03 1.312659e-02 -1.509348e-02)	(2.149317e-03 1.295299e-02 -1.495601e-02)	(-3.232352e-05 1.735992e-04 -1.374688e-04)
4980          	(2.111672e-03 1.312224e-02 -1.508075e-02)	(2.144085e-03 1.294868e-02 -1.494329e-02)	(-3.241312e-05 1.735535e-04 -1.374617e-04)
4981          	(2.106438e-03 1.311753e-02 -1.506710e-02)	(2.138944e-03 1.294403e-02 -1.492965e-02)	(-3.250669e-05 1.735054e-04 -1.374440e-04)
4982          	(2.101484e-03 1.311258e-02 -1.505244e-02)	(2.134085e-03 1.293912e-02 -1.491503e-02)	(-3.260120e-05 1.734564e-04 -1.374138e-04)
4983          	(2.097057e-03 1.310755e-02 -1.503702e-02)	(2.129752e-03 1.293415e-02 -1.489965e-02)	(-3.269497e-05 1.734063e-04 -1.373683e-04)
4984          	(2.093361e-03 1.310262e-02 -1.502108e-02)	(2.126145e-03 1.292926e-02 -1.488377e-02)	(-3.278471e-05 1.733572e-04 -1.373113e-04)
4985          	(2.090315e-03 1.309773e-02 -1.500480e-02)	(2.123181e-03 1.292442e-02 -1.486756e-02)	(-3.286649e-05 1.733103e-04 -1.372402e-04)
4986          	(2.091811e-03 1.309203e-02 -1.498929e-02)	(2.124749e-03 1.291878e-02 -1.485213e-02)	(-3.293813e-05 1.732557e-04 -1.371642e-04)
4987          	(2.091712e-03 1.308840e-02 -1.497366e-02)	(2.124709e-03 1.291519e-02 -1.483658e-02)	(-3.299747e-05 1.732089e-04 -1.370785e-04)
4988          	(2.092816e-03 1.308518e-02 -1.495783e-02)	(2.125859e-03 1.291201e-02 -1.482084e-02)	(-3.304265e-05 1.731709e-04 -1.369812e-04)
4989          	(2.095061e-03 1.308234e-02 -1.494165e-02)	(2.128134e-03 1.290920e-02 -1.480478e-02)	(-3.307269e-05 1.731405e-04 -1.368743e-04)
4990          	(2.098391e-03 1.307987e-02 -1.492521e-02)	(2.131477e-03 1.290675e-02 -1.478845e-02)	(-3.308633e-05 1.731189e-04 -1.367645e-04)
4991          	(2.102752e-03 1.307783e-02 -1.490877e-02)	(2.135836e-03 1.290472e-02 -1.477212e-02)	(-3.308363e-05 1.731056e-04 -1.366514e-04)
4992          	(2.108072e-03 1.307625e-02 -1.489270e-02)	(2.141138e-03 1.290315e-02 -1.475617e-02)	(-3.306536e-05 1.731003e-04 -1.365379e-04)
4993          	(2.114317e-03 1.307522e-02 -1.487752e-02)	(2.147350e-03 1.290211e-02 -1.474110e-02)	(-3.303288e-05 1.731025e-04 -1.364275e-04)
4994          	(2.121296e-03 1.307470e-02 -1.486356e-02)	(2.154283e-03 1.290159e-02 -1.472724e-02)	(-3.298659e-05 1.731121e-04 -1.363197e-04)
4995          	(2.128877e-03 1.307468e-02 -1.485109e-02)	(2.161807e-03 1.290155e-02 -1.471487e-02)	(-3.293066e-05 1.731270e-04 -1.362164e-04)
4996          	(2.136891e-03 1.307507e-02 -1.484021e-02)	(2.169757e-03 1.290192e-02 -1.470409e-02)	(-3.286584e-05 1.731481e-04 -1.361253e-04)
4997          	(2.145287e-03 1.307586e-02 -1.483106e-02)	(2.178082e-03 1.290268e-02 -1.469502e-02)	(-3.279432e-05 1.731732e-04 -1.360384e-04)
4998          	(2.153989e-03 1.307698e-02 -1.482356e-02)	(2.186707e-03 1.290378e-02 -1.468760e-02)	(-3.271791e-05 1.732024e-04 -1.359612e-04)
4999          	(2.162950e-03 1.307841e-02 -1.481760e-02)	(2.195589e-03 1.290517e-02 -1.468170e-02)	(-3.263891e-05 1.732343e-04 -1.358981e-04)
5000          	(2.172142e-03 1.308012e-02 -1.481298e-02)	(2.204701e-03 1.290685e-02 -1.467713e-02)	(-3.255879e-05 1.732682e-04 -1.358451e-04)
5001          	(2.181560e-03 1.308212e-02 -1.480951e-02)	(2.214040e-03 1.290882e-02 -1.467370e-02)	(-3.248007e-05 1.733022e-04 -1.358021e-04)
5002          	(2.191042e-03 1.308428e-02 -1.480694e-02)	(2.223444e-03 1.291094e-02 -1.467117e-02)	(-3.240206e-05 1.733376e-04 -1.357758e-04)
5003          	(2.200809e-03 1.308683e-02 -1.480526e-02)	(2.233135e-03 1.291346e-02 -1.466949e-02)	(-3.232600e-05 1.733734e-04 -1.357618e-04)
5004          	(2.216070e-03 1.308980e-02 -1.480703e-02)	(2.248320e-03 1.291640e-02 -1.467126e-02)	(-3.224959e-05 1.733997e-04 -1.357679e-04)
5005          	(2.225969e-03 1.309286e-02 -1.480630e-02)	(2.258148e-03 1.291943e-02 -1.467051e-02)	(-3.217928e-05 1.734282e-04 -1.357865e-04)
5006          	(2.235977e-03 1.309617e-02 -1.480581e-02)	(2.268089e-03 1.292271e-02 -1.467000e-02)	(-3.211122e-05 1.734604e-04 -1.358130e-04)
5007          	(2.245786e-03 1.309963e-02 -1.480543e-02)	(2.277834e-03 1.292614e-02 -1.466958e-02)	(-3.204802e-05 1.734934e-04 -1.358487e-04)
5008          	(2.255346e-03 1.310330e-02 -1.480530e-02)	(2.287334e-03 1.292978e-02 -1.466941e-02)	(-3.198819e-05 1.735286e-04 -1.358926e-04)
5009          	(2.264283e-03 1.310707e-02 -1.480552e-02)	(2.296217e-03 1.293350e-02 -1.466958e-02)	(-3.193373e-05 1.735646e-04 -1.359412e-04)
5010          	(2.272176e-03 1.311079e-02 -1.480624e-02)	(2.304062e-03 1.293719e-02 -1.467025e-02)	(-3.188630e-05 1.736017e-04 -1.359934e-04)
5011          	(2.278640e-03 1.311437e-02 -1.480773e-02)	(2.310488e-03 1.294073e-02 -1.467168e-02)	(-3.184854e-05 1.736390e-04 -1.360525e-04)
5012          	(2.283401e-03 1.311771e-02 -1.481019e-02)	(2.315221e-03 1.294403e-02 -1.467408e-02)	(-3.182062e-05 1.736767e-04 -1.361117e-04)
5013          	(2.285451e-03 1.312063e-02 -1.481445e-02)	(2.317256e-03 1.294692e-02 -1.467828e-02)	(-3.180558e-05 1.737144e-04 -1.361748e-04)
5014          	(2.286021e-03 1.312337e-02 -1.481980e-02)	(2.317825e-03 1.294961e-02 -1.468355e-02)	(-3.180322e-05 1.737525e-04 -1.362439e-04)
5015          	(2.285351e-03 1.312594e-02 -1.482623e-02)	(2.317165e-03 1.295215e-02 -1.468992e-02)	(-3.181440e-05 1.737885e-04 -1.363156e-04)
5016          	(2.284575e-03 1.312864e-02 -1.483341e-02)	(2.316412e-03 1.295481e-02 -1.469702e-02)	(-3.183686e-05 1.738223e-04 -1.363889e-04)
5017          	(2.283137e-03 1.313125e-02 -1.484186e-02)	(2.315007e-03 1.295740e-02 -1.470540e-02)	(-3.187030e-05 1.738526e-04 -1.364669e-04)
5018          	(2.280906e-03 1.313366e-02 -1.485148e-02)	(2.312818e-03 1.295977e-02 -1.471494e-02)	(-3.191196e-05 1.738810e-04 -1.365468e-04)
5019          	(2.278104e-03 1.313587e-02 -1.486221e-02)	(2.310065e-03 1.296196e-02 -1.472558e-02)	(-3.196065e-05 1.739067e-04 -1.366303e-04)
5020          	(2.274952e-03 1.313793e-02 -1.487392e-02)	(2.306965e-03 1.296400e-02 -1.473721e-02)	(-3.201304e-05 1.739316e-04 -1.367168e-04)
5021          	(2.271649e-03 1.313986e-02 -1.488641e-02)	(2.303719e-03 1.296590e-02 -1.474960e-02)	(-3.206960e-05 1.739543e-04 -1.368052e-04)
5022          	(2.268360e-03 1.314169e-02 -1.489940e-02)	(2.300489e-03 1.296772e-02 -1.476250e-02)	(-3.212829e-05 1.739759e-04 -1.368990e-04)
5023          	(2.265201e-03 1.314344e-02 -1.491254e-02)	(2.297391e-03 1.296945e-02 -1.477554e-02)	(-3.218994e-05 1.739957e-04 -1.369997e-04)
5024          	(2.262220e-03 1.314513e-02 -1.492556e-02)	(2.294474e-03 1.297112e-02 -1.478846e-02)	(-3.225437e-05 1.740132e-04 -1.371037e-04)
5025          	(2.259408e-03 1.314670e-02 -1.493805e-02)	(2.291731e-03 1.297267e-02 -1.480084e-02)	(-3.232312e-05 1.740268e-04 -1.372129e-04)
5026          	(2.256713e-03 1.314810e-02 -1.494966e-02)	(2.289110e-03 1.297406e-02 -1.481234e-02)	(-3.239657e-05 1.740368e-04 -1.373279e-04)
5027          	(2.254060e-03 1.314924e-02 -1.496007e-02)	(2.286537e-03 1.297520e-02 -1.482263e-02)	(-3.247696e-05 1.740404e-04 -1.374448e-04)
5028          	(2.253367e-03 1.314995e-02 -1.497097e-02)	(2.285933e-03 1.297592e-02 -1.483340e-02)	(-3.256642e-05 1.740309e-04 -1.375663e-04)
5029          	(2.250784e-03 1.315026e-02 -1.497787e-02)	(2.283446e-03 1.297624e-02 -1.484018e-02)	(-3.266162e-05 1.740158e-04 -1.376834e-04)
5030          	(2.247995e-03 1.315010e-02 -1.498278e-02)	(2.280758e-03 1.297611e-02 -1.484498e-02)	(-3.276271e-05 1.739952e-04 -1.377956e-04)
5031          	(2.244884e-03 1.314947e-02 -1.498562e-02)	(2.277755e-03 1.297551e-02 -1.484771e-02)	(-3.287164e-05 1.739673e-04 -1.379005e-04)
5032          	(2.241362e-03 1.314838e-02 -1.498628e-02)	(2.274349e-03 1.297444e-02 -1.484828e-02)	(-3.298711e-05 1.739337e-04 -1.379971e-04)
5033          	(2.237377e-03 1.314685e-02 -1.498473e-02)	(2.270487e-03 1.297295e-02 -1.484665e-02)	(-3.310946e-05 1.738939e-04 -1.380820e-04)
5034          	(2.232938e-03 1.314496e-02 -1.498109e-02)	(2.266177e-03 1.297111e-02 -1.484293e-02)	(-3.323879e-05 1.738492e-04 -1.381600e-04)
5035          	(2.228036e-03 1.314279e-02 -1.497540e-02)	(2.261409e-03 1.296899e-02 -1.483717e-02)	(-3.337336e-05 1.738008e-04 -1.382285e-04)
5036          	(2.222060e-03 1.314030e-02 -1.496771e-02)	(2.255571e-03 1.296655e-02 -1.482942e-02)	(-3.351144e-05 1.737515e-04 -1.382858e-04)
5037          	(2.215858e-03 1.313780e-02 -1.495840e-02)	(2.249511e-03 1.296410e-02 -1.482007e-02)	(-3.365309e-05 1.737020e-04 -1.383352e-04)
5038          	(2.209560e-03 1.313538e-02 -1.494764e-02)	(2.243356e-03 1.296172e-02 -1.480926e-02)	(-3.379581e-05 1.736543e-04 -1.383797e-04)
5039          	(2.203283e-03 1.313309e-02 -1.493557e-02)	(2.237222e-03 1.295948e-02 -1.479715e-02)	(-3.393838e-05 1.736089e-04 -1.384172e-04)
5040          	(2.197140e-03 1.313097e-02 -1.492227e-02)	(2.231218e-03 1.295740e-02 -1.478382e-02)	(-3.407820e-05 1.735676e-04 -1.384499e-04)
5041          	(2.191246e-03 1.312904e-02 -1.490782e-02)	(2.225461e-03 1.295551e-02 -1.476934e-02)	(-3.421415e-05 1.735306e-04 -1.384775e-04)
5042          	(2.186597e-03 1.312740e-02 -1.489293e-02)	(2.220941e-03 1.295390e-02 -1.475443e-02)	(-3.434365e-05 1.734972e-04 -1.385005e-04)
5043          	(2.182311e-03 1.312591e-02 -1.487688e-02)	(2.216777e-03 1.295244e-02 -1.473836e-02)	(-3.446617e-05 1.734672e-04 -1.385189e-04)
5044          	(2.178496e-03 1.312460e-02 -1.485963e-02)	(2.213074e-03 1.295116e-02 -1.472109e-02)	(-3.457874e-05 1.734430e-04 -1.385322e-04)
5045          	(2.175326e-03 1.312353e-02 -1.484134e-02)	(2.210005e-03 1.295011e-02 -1.470281e-02)	(-3.467928e-05 1.734250e-04 -1.385380e-04)
5046          	(2.172977e-03 1.312279e-02 -1.482221e-02)	(2.207742e-03 1.294937e-02 -1.468368e-02)	(-3.476574e-05 1.734146e-04 -1.385382e-04)
5047          	(2.171647e-03 1.312246e-02 -1.480247e-02)	(2.206483e-03 1.294904e-02 -1.466394e-02)	(-3.483566e-05 1.734126e-04 -1.385325e-04)
5048          	(2.171545e-03 1.312265e-02 -1.478235e-02)	(2.206430e-03 1.294923e-02 -1.464383e-02)	(-3.488525e-05 1.734209e-04 -1.385179e-04)
5049          	(2.172844e-03 1.312345e-02 -1.476209e-02)	(2.207758e-03 1.295001e-02 -1.462359e-02)	(-3.491392e-05 1.734396e-04 -1.384970e-04)
5050          	(2.175701e-03 1.312497e-02 -1.474191e-02)	(2.210620e-03 1.295150e-02 -1.460344e-02)	(-3.491889e-05 1.734707e-04 -1.384720e-04)
5051          	(2.180236e-03 1.312727e-02 -1.472205e-02)	(2.215134e-03 1.295376e-02 -1.458361e-02)	(-3.489822e-05 1.735150e-04 -1.384423e-04)
5052          	(2.186539e-03 1.313045e-02 -1.470273e-02)	(2.221390e-03 1.295688e-02 -1.456432e-02)	(-3.485041e-05 1.735732e-04 -1.384083e-04)
5053          	(2.194724e-03 1.313457e-02 -1.468448e-02)	(2.229499e-03 1.296093e-02 -1.454611e-02)	(-3.477589e-05 1.736456e-04 -1.383750e-04)
5054          	(2.204797e-03 1.313973e-02 -1.466730e-02)	(2.239470e-03 1.296599e-02 -1.452896e-02)	(-3.467264e-05 1.737337e-04 -1.383431e-04)
5055          	(2.216779e-03 1.314595e-02 -1.465143e-02)	(2.251320e-03 1.297212e-02 -1.451312e-02)	(-3.454142e-05 1.738370e-04 -1.383128e-04)
5056          	(2.230638e-03 1.315327e-02 -1.463708e-02)	(2.265019e-03 1.297931e-02 -1.449879e-02)	(-3.438109e-05 1.739572e-04 -1.382888e-04)
5057          	(2.246281e-03 1.316164e-02 -1.462435e-02)	(2.280475e-03 1.298755e-02 -1.448608e-02)	(-3.419378e-05 1.740931e-04 -1.382742e-04)
5058          	(2.263567e-03 1.317101e-02 -1.461326e-02)	(2.297546e-03 1.299676e-02 -1.447499e-02)	(-3.397898e-05 1.742456e-04 -1.382705e-04)
5059          	(2.282316e-03 1.318133e-02 -1.460335e-02)	(2.316055e-03 1.300691e-02 -1.446507e-02)	(-3.373857e-05 1.744141e-04 -1.382778e-04)
5060          	(2.302288e-03 1.319240e-02 -1.459477e-02)	(2.335761e-03 1.301781e-02 -1.445647e-02)	(-3.347285e-05 1.745987e-04 -1.382971e-04)
5061          	(2.323242e-03 1.320422e-02 -1.458681e-02)	(2.356427e-03 1.302943e-02 -1.444848e-02)	(-3.318526e-05 1.747976e-04 -1.383278e-04)
5062          	(2.344989e-03 1.321654e-02 -1.457980e-02)	(2.377865e-03 1.304152e-02 -1.444142e-02)	(-3.287608e-05 1.750113e-04 -1.383744e-04)
5063          	(2.367350e-03 1.322922e-02 -1.457350e-02)	(2.399897e-03 1.305398e-02 -1.443507e-02)	(-3.254708e-05 1.752380e-04 -1.384312e-04)
5064          	(2.390158e-03 1.324217e-02 -1.456769e-02)	(2.422359e-03 1.306670e-02 -1.442919e-02)	(-3.220130e-05 1.754761e-04 -1.385048e-04)
5065          	(2.413181e-03 1.325537e-02 -1.456189e-02)	(2.445022e-03 1.307964e-02 -1.442330e-02)	(-3.184168e-05 1.757238e-04 -1.385884e-04)
5066          	(2.436314e-03 1.326830e-02 -1.455704e-02)	(2.467785e-03 1.309232e-02 -1.441835e-02)	(-3.147104e-05 1.759779e-04 -1.386867e-04)
5067          	(2.459397e-03 1.328123e-02 -1.455206e-02)	(2.490490e-03 1.310500e-02 -1.441327e-02)	(-3.109288e-05 1.762354e-04 -1.387919e-04)
5068          	(2.481968e-03 1.329433e-02 -1.454604e-02)	(2.512679e-03 1.311784e-02 -1.440713e-02)	(-3.071066e-05 1.764971e-04 -1.389087e-04)
5069          	(2.504030e-03 1.330675e-02 -1.454088e-02)	(2.534358e-03 1.313000e-02 -1.440185e-02)	(-3.032804e-05 1.767575e-04 -1.390289e-04)
5070          	(2.525201e-03 1.331874e-02 -1.453568e-02)	(2.555150e-03 1.314172e-02 -1.439653e-02)	(-2.994887e-05 1.770146e-04 -1.391568e-04)
5071          	(2.545238e-03 1.333017e-02 -1.453058e-02)	(2.574814e-03 1.315290e-02 -1.439129e-02)	(-2.957579e-05 1.772667e-04 -1.392895e-04)
5072          	(2.563438e-03 1.334120e-02 -1.452483e-02)	(2.592649e-03 1.316369e-02 -1.438540e-02)	(-2.921090e-05 1.775150e-04 -1.394261e-04)
5073          	(2.580513e-03 1.335125e-02 -1.452077e-02)	(2.609372e-03 1.317350e-02 -1.438120e-02)	(-2.885893e-05 1.777537e-04 -1.395647e-04)
5074          	(2.595303e-03 1.336080e-02 -1.451676e-02)	(2.623823e-03 1.318282e-02 -1.437705e-02)	(-2.851995e-05 1.779856e-04 -1.397064e-04)
5075          	(2.609132e-03 1.336948e-02 -1.451483e-02)	(2.637330e-03 1.319127e-02 -1.437497e-02)	(-2.819729e-05 1.782067e-04 -1.398524e-04)
5076          	(2.621426e-03 1.337754e-02 -1.451417e-02)	(2.649318e-03 1.319912e-02 -1.437417e-02)	(-2.789167e-05 1.784167e-04 -1.400039e-04)
5077          	(2.632261e-03 1.338501e-02 -1.451489e-02)	(2.659864e-03 1.320640e-02 -1.437473e-02)	(-2.760303e-05 1.786162e-04 -1.401578e-04)
5078          	(2.641719e-03 1.339195e-02 -1.451698e-02)	(2.669050e-03 1.321314e-02 -1.437667e-02)	(-2.733080e-05 1.788059e-04 -1.403144e-04)
5079          	(2.649881e-03 1.339838e-02 -1.452044e-02)	(2.676957e-03 1.321939e-02 -1.437997e-02)	(-2.707530e-05 1.789857e-04 -1.404697e-04)
5080          	(2.656827e-03 1.340434e-02 -1.452517e-02)	(2.683663e-03 1.322518e-02 -1.438455e-02)	(-2.683628e-05 1.791565e-04 -1.406282e-04)
5081          	(2.662633e-03 1.340984e-02 -1.453106e-02)	(2.689245e-03 1.323052e-02 -1.439028e-02)	(-2.661208e-05 1.793184e-04 -1.407822e-04)
5082          	(2.667376e-03 1.341490e-02 -1.453793e-02)	(2.693778e-03 1.323542e-02 -1.439700e-02)	(-2.640185e-05 1.794724e-04 -1.409334e-04)
5083          	(2.671123e-03 1.341952e-02 -1.454561e-02)	(2.697327e-03 1.323990e-02 -1.440453e-02)	(-2.620447e-05 1.796193e-04 -1.410814e-04)
5084          	(2.673888e-03 1.342366e-02 -1.455387e-02)	(2.699907e-03 1.324390e-02 -1.441265e-02)	(-2.601962e-05 1.797592e-04 -1.412257e-04)
5085          	(2.675752e-03 1.342737e-02 -1.456261e-02)	(2.701597e-03 1.324748e-02 -1.442125e-02)	(-2.584481e-05 1.798932e-04 -1.413615e-04)
5086          	(2.676723e-03 1.343064e-02 -1.457166e-02)	(2.702404e-03 1.325062e-02 -1.443017e-02)	(-2.568129e-05 1.800213e-04 -1.414923e-04)
5087          	(2.676775e-03 1.343343e-02 -1.458085e-02)	(2.702302e-03 1.325329e-02 -1.443923e-02)	(-2.552748e-05 1.801445e-04 -1.416175e-04)
5088          	(2.675862e-03 1.343570e-02 -1.458997e-02)	(2.701247e-03 1.325544e-02 -1.444824e-02)	(-2.538438e-05 1.802621e-04 -1.417354e-04)
5089          	(2.673978e-03 1.343746e-02 -1.459890e-02)	(2.699229e-03 1.325709e-02 -1.445705e-02)	(-2.525169e-05 1.803746e-04 -1.418478e-04)
5090          	(2.670963e-03 1.343857e-02 -1.460740e-02)	(2.696095e-03 1.325809e-02 -1.446545e-02)	(-2.513249e-05 1.804803e-04 -1.419542e-04)
5091          	(2.666738e-03 1.343896e-02 -1.461534e-02)	(2.691765e-03 1.325838e-02 -1.447328e-02)	(-2.502731e-05 1.805783e-04 -1.420533e-04)
5092          	(2.661246e-03 1.343859e-02 -1.462260e-02)	(2.686186e-03 1.325792e-02 -1.448045e-02)	(-2.494006e-05 1.806673e-04 -1.421517e-04)
5093          	(2.654468e-03 1.343744e-02 -1.462912e-02)	(2.679338e-03 1.325669e-02 -1.448688e-02)	(-2.487069e-05 1.807459e-04 -1.422405e-04)
5094          	(2.646448e-03 1.343551e-02 -1.463486e-02)	(2.671270e-03 1.325470e-02 -1.449253e-02)	(-2.482212e-05 1.808127e-04 -1.423257e-04)
5095          	(2.637400e-03 1.343305e-02 -1.463964e-02)	(2.662193e-03 1.325218e-02 -1.449724e-02)	(-2.479318e-05 1.808683e-04 -1.424041e-04)
5096          	(2.627230e-03 1.342980e-02 -1.464362e-02)	(2.652014e-03 1.324889e-02 -1.450114e-02)	(-2.478439e-05 1.809118e-04 -1.424777e-04)
5097          	(2.616089e-03 1.342582e-02 -1.464684e-02)	(2.640882e-03 1.324488e-02 -1.450430e-02)	(-2.479383e-05 1.809432e-04 -1.425415e-04)
5098          	(2.603914e-03 1.342094e-02 -1.464939e-02)	(2.628736e-03 1.323998e-02 -1.450679e-02)	(-2.482225e-05 1.809620e-04 -1.426023e-04)
5099          	(2.591250e-03 1.341561e-02 -1.465103e-02)	(2.616117e-03 1.323464e-02 -1.450838e-02)	(-2.486620e-05 1.809693e-04 -1.426523e-04)
5100          	(2.577961e-03 1.340962e-02 -1.465190e-02)	(2.602889e-03 1.322866e-02 -1.450921e-02)	(-2.492840e-05 1.809635e-04 -1.426940e-04)
