# Force       
# CofR        : (0.000000e+00 0.000000e+00 0.000000e+00)
#
# Time        	(total_x total_y total_z)	(pressure_x pressure_y pressure_z)	(viscous_x viscous_y viscous_z)
1             	(1.793848e+01 -2.655682e+02 9.095448e+02)	(1.789413e+01 -2.655715e+02 9.095457e+02)	(4.435237e-02 3.298893e-03 -8.765898e-04)
2             	(1.547986e+01 -2.678541e+02 9.096364e+02)	(1.545071e+01 -2.678488e+02 9.096371e+02)	(2.914766e-02 -5.383142e-03 -7.048855e-04)
3             	(9.735400e+00 -2.732622e+02 9.098927e+02)	(9.718448e+00 -2.732499e+02 9.098931e+02)	(1.695188e-02 -1.230974e-02 -3.998350e-04)
4             	(2.991147e+00 -2.796358e+02 9.103329e+02)	(2.980159e+00 -2.796202e+02 9.103326e+02)	(1.098810e-02 -1.556799e-02 3.013632e-04)
5             	(-2.768864e+00 -2.851269e+02 9.109505e+02)	(-2.778284e+00 -2.851114e+02 9.109492e+02)	(9.420161e-03 -1.543358e-02 1.321288e-03)
6             	(-6.036388e+00 -2.882521e+02 9.112503e+02)	(-6.047398e+00 -2.882391e+02 9.112482e+02)	(1.100906e-02 -1.294881e-02 2.145652e-03)
7             	(-6.627610e+00 -2.888205e+02 9.111771e+02)	(-6.641626e+00 -2.888109e+02 9.111743e+02)	(1.401578e-02 -9.617811e-03 2.741988e-03)
8             	(-5.388152e+00 -2.876419e+02 9.108775e+02)	(-5.405154e+00 -2.876357e+02 9.108744e+02)	(1.700203e-02 -6.213850e-03 3.141955e-03)
9             	(-3.065716e+00 -2.854240e+02 9.104389e+02)	(-3.084700e+00 -2.854205e+02 9.104357e+02)	(1.898403e-02 -3.522396e-03 3.233082e-03)
10            	(-5.893820e-01 -2.830529e+02 9.100127e+02)	(-6.088078e-01 -2.830510e+02 9.100099e+02)	(1.942571e-02 -1.964277e-03 2.837763e-03)
11            	(1.310745e+00 -2.812290e+02 9.097184e+02)	(1.292464e+00 -2.812273e+02 9.097162e+02)	(1.828065e-02 -1.698219e-03 2.163947e-03)
12            	(2.284291e+00 -2.802927e+02 9.096134e+02)	(2.268127e+00 -2.802903e+02 9.096117e+02)	(1.616340e-02 -2.418259e-03 1.693239e-03)
13            	(2.408963e+00 -2.801699e+02 9.096578e+02)	(2.395142e+00 -2.801664e+02 9.096563e+02)	(1.382110e-02 -3.509222e-03 1.486143e-03)
14            	(1.999289e+00 -2.805593e+02 9.098082e+02)	(1.987511e+00 -2.805548e+02 9.098066e+02)	(1.177775e-02 -4.535158e-03 1.564189e-03)
15            	(1.218996e+00 -2.813068e+02 9.100170e+02)	(1.208652e+00 -2.813015e+02 9.100151e+02)	(1.034367e-02 -5.255706e-03 1.903436e-03)
16            	(3.920783e-01 -2.821003e+02 9.102128e+02)	(3.824948e-01 -2.820948e+02 9.102103e+02)	(9.583435e-03 -5.559018e-03 2.435211e-03)
17            	(-2.308466e-01 -2.826991e+02 9.103343e+02)	(-2.402053e-01 -2.826936e+02 9.103313e+02)	(9.358716e-03 -5.484689e-03 3.016765e-03)
18            	(-5.589758e-01 -2.830145e+02 9.103756e+02)	(-5.684651e-01 -2.830094e+02 9.103720e+02)	(9.489264e-03 -5.127072e-03 3.510239e-03)
19            	(-5.992173e-01 -2.830521e+02 9.103523e+02)	(-6.090052e-01 -2.830475e+02 9.103484e+02)	(9.787900e-03 -4.602173e-03 3.862703e-03)
20            	(-4.612128e-01 -2.829185e+02 9.102848e+02)	(-4.712965e-01 -2.829145e+02 9.102807e+02)	(1.008370e-02 -4.045860e-03 4.091586e-03)
21            	(-2.277501e-01 -2.826927e+02 9.101982e+02)	(-2.379903e-01 -2.826891e+02 9.101940e+02)	(1.024025e-02 -3.568196e-03 4.209480e-03)
22            	(2.447141e-02 -2.824467e+02 9.101097e+02)	(1.427265e-02 -2.824435e+02 9.101055e+02)	(1.019876e-02 -3.232417e-03 4.229965e-03)
23            	(2.495099e-01 -2.822239e+02 9.100315e+02)	(2.395366e-01 -2.822209e+02 9.100274e+02)	(9.973253e-03 -3.050242e-03 4.167277e-03)
24            	(3.668920e-01 -2.821065e+02 9.099985e+02)	(3.572984e-01 -2.821035e+02 9.099945e+02)	(9.593648e-03 -3.013384e-03 4.096704e-03)
25            	(3.996643e-01 -2.820714e+02 9.099937e+02)	(3.905208e-01 -2.820684e+02 9.099896e+02)	(9.143521e-03 -3.072050e-03 4.055718e-03)
26            	(3.751735e-01 -2.820917e+02 9.100054e+02)	(3.664850e-01 -2.820886e+02 9.100013e+02)	(8.688510e-03 -3.175791e-03 4.050755e-03)
27            	(3.156572e-01 -2.821472e+02 9.100274e+02)	(3.073712e-01 -2.821439e+02 9.100233e+02)	(8.286010e-03 -3.283079e-03 4.083431e-03)
28            	(2.389237e-01 -2.822203e+02 9.100547e+02)	(2.309647e-01 -2.822169e+02 9.100506e+02)	(7.959022e-03 -3.356368e-03 4.152362e-03)
29            	(1.705542e-01 -2.822861e+02 9.100756e+02)	(1.628375e-01 -2.822827e+02 9.100714e+02)	(7.716717e-03 -3.379441e-03 4.244658e-03)
30            	(1.259045e-01 -2.823293e+02 9.100861e+02)	(1.183543e-01 -2.823259e+02 9.100818e+02)	(7.550166e-03 -3.350631e-03 4.346086e-03)
31            	(1.061315e-01 -2.823490e+02 9.100895e+02)	(9.869539e-02 -2.823457e+02 9.100850e+02)	(7.436140e-03 -3.281686e-03 4.449071e-03)
32            	(1.102460e-01 -2.823449e+02 9.100837e+02)	(1.028956e-01 -2.823417e+02 9.100791e+02)	(7.350414e-03 -3.192694e-03 4.544027e-03)
33            	(1.213742e-01 -2.823356e+02 9.100791e+02)	(1.140978e-01 -2.823325e+02 9.100744e+02)	(7.276478e-03 -3.096490e-03 4.639746e-03)
34            	(1.386515e-01 -2.823206e+02 9.100743e+02)	(1.314657e-01 -2.823176e+02 9.100696e+02)	(7.185828e-03 -3.010404e-03 4.727104e-03)
35            	(1.546970e-01 -2.823061e+02 9.100688e+02)	(1.476201e-01 -2.823032e+02 9.100640e+02)	(7.076914e-03 -2.943726e-03 4.805505e-03)
36            	(1.674567e-01 -2.822947e+02 9.100653e+02)	(1.605051e-01 -2.822918e+02 9.100604e+02)	(6.951611e-03 -2.898001e-03 4.871700e-03)
37            	(1.741987e-01 -2.822884e+02 9.100615e+02)	(1.673800e-01 -2.822855e+02 9.100566e+02)	(6.818696e-03 -2.873605e-03 4.930211e-03)
38            	(1.800896e-01 -2.822833e+02 9.100639e+02)	(1.734106e-01 -2.822804e+02 9.100589e+02)	(6.678994e-03 -2.859918e-03 4.971339e-03)
39            	(1.814583e-01 -2.822819e+02 9.100648e+02)	(1.749095e-01 -2.822791e+02 9.100598e+02)	(6.548866e-03 -2.854995e-03 5.005937e-03)
40            	(1.808411e-01 -2.822822e+02 9.100670e+02)	(1.744159e-01 -2.822794e+02 9.100619e+02)	(6.425195e-03 -2.852329e-03 5.033996e-03)
41            	(1.792251e-01 -2.822838e+02 9.100710e+02)	(1.729129e-01 -2.822810e+02 9.100659e+02)	(6.312159e-03 -2.848568e-03 5.058171e-03)
42            	(1.773515e-01 -2.822856e+02 9.100746e+02)	(1.711412e-01 -2.822827e+02 9.100695e+02)	(6.210345e-03 -2.842642e-03 5.081102e-03)
43            	(1.763033e-01 -2.822864e+02 9.100766e+02)	(1.701838e-01 -2.822836e+02 9.100715e+02)	(6.119532e-03 -2.834985e-03 5.104691e-03)
44            	(1.749544e-01 -2.822875e+02 9.100785e+02)	(1.689185e-01 -2.822847e+02 9.100734e+02)	(6.035847e-03 -2.826588e-03 5.131354e-03)
45            	(1.735941e-01 -2.822887e+02 9.100800e+02)	(1.676371e-01 -2.822859e+02 9.100749e+02)	(5.957009e-03 -2.819124e-03 5.162663e-03)
46            	(1.718452e-01 -2.822903e+02 9.100813e+02)	(1.659636e-01 -2.822875e+02 9.100761e+02)	(5.881537e-03 -2.813445e-03 5.199651e-03)
47            	(1.695803e-01 -2.822923e+02 9.100824e+02)	(1.637714e-01 -2.822895e+02 9.100771e+02)	(5.808815e-03 -2.809767e-03 5.241875e-03)
48            	(1.670979e-01 -2.822946e+02 9.100833e+02)	(1.613582e-01 -2.822918e+02 9.100781e+02)	(5.739681e-03 -2.807789e-03 5.287308e-03)
49            	(1.643914e-01 -2.822971e+02 9.100842e+02)	(1.587163e-01 -2.822943e+02 9.100788e+02)	(5.675073e-03 -2.806854e-03 5.333945e-03)
50            	(1.617733e-01 -2.822994e+02 9.100848e+02)	(1.561576e-01 -2.822966e+02 9.100795e+02)	(5.615791e-03 -2.806084e-03 5.379538e-03)
51            	(1.595341e-01 -2.823014e+02 9.100854e+02)	(1.539719e-01 -2.822986e+02 9.100800e+02)	(5.562238e-03 -2.804615e-03 5.421796e-03)
52            	(1.578416e-01 -2.823028e+02 9.100860e+02)	(1.523272e-01 -2.823000e+02 9.100805e+02)	(5.514427e-03 -2.801733e-03 5.458965e-03)
53            	(1.567507e-01 -2.823036e+02 9.100865e+02)	(1.512783e-01 -2.823008e+02 9.100810e+02)	(5.472324e-03 -2.797133e-03 5.489738e-03)
54            	(1.562173e-01 -2.823038e+02 9.100870e+02)	(1.507816e-01 -2.823010e+02 9.100815e+02)	(5.435687e-03 -2.790638e-03 5.513537e-03)
55            	(1.561823e-01 -2.823036e+02 9.100875e+02)	(1.507783e-01 -2.823008e+02 9.100820e+02)	(5.403933e-03 -2.782445e-03 5.530264e-03)
56            	(1.565865e-01 -2.823029e+02 9.100881e+02)	(1.512102e-01 -2.823001e+02 9.100825e+02)	(5.376373e-03 -2.772896e-03 5.539876e-03)
57            	(1.573673e-01 -2.823018e+02 9.100887e+02)	(1.520145e-01 -2.822990e+02 9.100831e+02)	(5.352757e-03 -2.762005e-03 5.542608e-03)
58            	(1.584404e-01 -2.823004e+02 9.100893e+02)	(1.531074e-01 -2.822977e+02 9.100838e+02)	(5.333010e-03 -2.749501e-03 5.538729e-03)
59            	(1.597117e-01 -2.822988e+02 9.100901e+02)	(1.543948e-01 -2.822961e+02 9.100846e+02)	(5.316847e-03 -2.734960e-03 5.529163e-03)
60            	(1.610776e-01 -2.822971e+02 9.100910e+02)	(1.557736e-01 -2.822944e+02 9.100855e+02)	(5.304018e-03 -2.718212e-03 5.515468e-03)
61            	(1.624276e-01 -2.822955e+02 9.100920e+02)	(1.571324e-01 -2.822928e+02 9.100865e+02)	(5.295193e-03 -2.698859e-03 5.498631e-03)
62            	(1.631827e-01 -2.822947e+02 9.100950e+02)	(1.578925e-01 -2.822921e+02 9.100896e+02)	(5.290269e-03 -2.675358e-03 5.479088e-03)
63            	(1.644036e-01 -2.822935e+02 9.100967e+02)	(1.591114e-01 -2.822908e+02 9.100912e+02)	(5.292222e-03 -2.649043e-03 5.457255e-03)
64            	(1.645931e-01 -2.822936e+02 9.101006e+02)	(1.592943e-01 -2.822910e+02 9.100951e+02)	(5.298818e-03 -2.619090e-03 5.434451e-03)
65            	(1.653303e-01 -2.822930e+02 9.101021e+02)	(1.600194e-01 -2.822904e+02 9.100967e+02)	(5.310861e-03 -2.588872e-03 5.410734e-03)
66            	(1.648511e-01 -2.822939e+02 9.101058e+02)	(1.595258e-01 -2.822914e+02 9.101004e+02)	(5.325328e-03 -2.557277e-03 5.387392e-03)
67            	(1.651871e-01 -2.822937e+02 9.101070e+02)	(1.598446e-01 -2.822911e+02 9.101016e+02)	(5.342498e-03 -2.527250e-03 5.363153e-03)
68            	(1.647526e-01 -2.822944e+02 9.101094e+02)	(1.593925e-01 -2.822919e+02 9.101041e+02)	(5.360128e-03 -2.498771e-03 5.339319e-03)
69            	(1.649664e-01 -2.822942e+02 9.101102e+02)	(1.595861e-01 -2.822917e+02 9.101049e+02)	(5.380293e-03 -2.472076e-03 5.314631e-03)
70            	(1.650828e-01 -2.822942e+02 9.101114e+02)	(1.596798e-01 -2.822917e+02 9.101061e+02)	(5.402951e-03 -2.445931e-03 5.290135e-03)
71            	(1.649752e-01 -2.822944e+02 9.101127e+02)	(1.595471e-01 -2.822919e+02 9.101074e+02)	(5.428049e-03 -2.418868e-03 5.264618e-03)
72            	(1.647724e-01 -2.822946e+02 9.101138e+02)	(1.593178e-01 -2.822922e+02 9.101086e+02)	(5.454607e-03 -2.391889e-03 5.238894e-03)
73            	(1.648174e-01 -2.822944e+02 9.101139e+02)	(1.593348e-01 -2.822921e+02 9.101087e+02)	(5.482584e-03 -2.365071e-03 5.212771e-03)
74            	(1.648190e-01 -2.822943e+02 9.101139e+02)	(1.593075e-01 -2.822920e+02 9.101087e+02)	(5.511450e-03 -2.338871e-03 5.186818e-03)
75            	(1.645012e-01 -2.822946e+02 9.101142e+02)	(1.589621e-01 -2.822922e+02 9.101091e+02)	(5.539116e-03 -2.314908e-03 5.162393e-03)
76            	(1.644646e-01 -2.822945e+02 9.101140e+02)	(1.588987e-01 -2.822922e+02 9.101088e+02)	(5.565874e-03 -2.292907e-03 5.138383e-03)
77            	(1.643963e-01 -2.822944e+02 9.101136e+02)	(1.588053e-01 -2.822921e+02 9.101084e+02)	(5.590916e-03 -2.273024e-03 5.114708e-03)
78            	(1.643052e-01 -2.822943e+02 9.101130e+02)	(1.586918e-01 -2.822920e+02 9.101079e+02)	(5.613404e-03 -2.256524e-03 5.091588e-03)
79            	(1.642042e-01 -2.822942e+02 9.101122e+02)	(1.585717e-01 -2.822920e+02 9.101072e+02)	(5.632426e-03 -2.243785e-03 5.069669e-03)
80            	(1.641093e-01 -2.822941e+02 9.101113e+02)	(1.584616e-01 -2.822919e+02 9.101062e+02)	(5.647699e-03 -2.234231e-03 5.048961e-03)
81            	(1.638465e-01 -2.822942e+02 9.101103e+02)	(1.581881e-01 -2.822920e+02 9.101053e+02)	(5.658479e-03 -2.227057e-03 5.029269e-03)
82            	(1.638430e-01 -2.822940e+02 9.101090e+02)	(1.581777e-01 -2.822917e+02 9.101040e+02)	(5.665257e-03 -2.222043e-03 5.010408e-03)
83            	(1.639220e-01 -2.822937e+02 9.101075e+02)	(1.582542e-01 -2.822914e+02 9.101025e+02)	(5.667846e-03 -2.219777e-03 4.993059e-03)
84            	(1.641017e-01 -2.822932e+02 9.101058e+02)	(1.584356e-01 -2.822910e+02 9.101008e+02)	(5.666094e-03 -2.220443e-03 4.977590e-03)
85            	(1.643987e-01 -2.822927e+02 9.101040e+02)	(1.587378e-01 -2.822905e+02 9.100990e+02)	(5.660912e-03 -2.222656e-03 4.962863e-03)
86            	(1.648133e-01 -2.822921e+02 9.101020e+02)	(1.591599e-01 -2.822899e+02 9.100970e+02)	(5.653479e-03 -2.225316e-03 4.947941e-03)
87            	(1.653490e-01 -2.822914e+02 9.100999e+02)	(1.597042e-01 -2.822891e+02 9.100949e+02)	(5.644716e-03 -2.227389e-03 4.932129e-03)
88            	(1.659967e-01 -2.822905e+02 9.100976e+02)	(1.603612e-01 -2.822883e+02 9.100927e+02)	(5.635498e-03 -2.228385e-03 4.914802e-03)
89            	(1.667462e-01 -2.822896e+02 9.100953e+02)	(1.611200e-01 -2.822874e+02 9.100904e+02)	(5.626271e-03 -2.228298e-03 4.896604e-03)
90            	(1.675899e-01 -2.822886e+02 9.100929e+02)	(1.619728e-01 -2.822863e+02 9.100881e+02)	(5.617041e-03 -2.227357e-03 4.878405e-03)
91            	(1.685256e-01 -2.822874e+02 9.100906e+02)	(1.629182e-01 -2.822852e+02 9.100857e+02)	(5.607382e-03 -2.225801e-03 4.861491e-03)
92            	(1.695904e-01 -2.822862e+02 9.100883e+02)	(1.639934e-01 -2.822839e+02 9.100834e+02)	(5.596941e-03 -2.223365e-03 4.846654e-03)
93            	(1.707831e-01 -2.822848e+02 9.100860e+02)	(1.651974e-01 -2.822825e+02 9.100812e+02)	(5.585663e-03 -2.219774e-03 4.833885e-03)
94            	(1.721103e-01 -2.822832e+02 9.100838e+02)	(1.665370e-01 -2.822810e+02 9.100790e+02)	(5.573300e-03 -2.215117e-03 4.823484e-03)
95            	(1.735936e-01 -2.822815e+02 9.100817e+02)	(1.680342e-01 -2.822793e+02 9.100769e+02)	(5.559456e-03 -2.210055e-03 4.815660e-03)
96            	(1.752839e-01 -2.822796e+02 9.100797e+02)	(1.697398e-01 -2.822774e+02 9.100748e+02)	(5.544073e-03 -2.204401e-03 4.810547e-03)
97            	(1.774729e-01 -2.822771e+02 9.100771e+02)	(1.719448e-01 -2.822749e+02 9.100723e+02)	(5.528081e-03 -2.198083e-03 4.807675e-03)
98            	(1.794715e-01 -2.822748e+02 9.100752e+02)	(1.739607e-01 -2.822726e+02 9.100704e+02)	(5.510779e-03 -2.190588e-03 4.806715e-03)
99            	(1.816305e-01 -2.822724e+02 9.100734e+02)	(1.761379e-01 -2.822703e+02 9.100686e+02)	(5.492509e-03 -2.181993e-03 4.807316e-03)
100           	(1.839380e-01 -2.822699e+02 9.100715e+02)	(1.784641e-01 -2.822677e+02 9.100667e+02)	(5.473911e-03 -2.172144e-03 4.808849e-03)
101           	(1.863712e-01 -2.822672e+02 9.100697e+02)	(1.809159e-01 -2.822651e+02 9.100649e+02)	(5.455305e-03 -2.161093e-03 4.810463e-03)
102           	(1.892228e-01 -2.822641e+02 9.100674e+02)	(1.837847e-01 -2.822620e+02 9.100626e+02)	(5.438116e-03 -2.148618e-03 4.811501e-03)
103           	(1.917248e-01 -2.822613e+02 9.100657e+02)	(1.863032e-01 -2.822592e+02 9.100609e+02)	(5.421596e-03 -2.134488e-03 4.811414e-03)
104           	(1.942357e-01 -2.822586e+02 9.100640e+02)	(1.888294e-01 -2.822564e+02 9.100592e+02)	(5.406312e-03 -2.118603e-03 4.809914e-03)
105           	(1.967336e-01 -2.822558e+02 9.100623e+02)	(1.913411e-01 -2.822537e+02 9.100575e+02)	(5.392539e-03 -2.100992e-03 4.806478e-03)
106           	(1.992000e-01 -2.822530e+02 9.100607e+02)	(1.938195e-01 -2.822509e+02 9.100558e+02)	(5.380564e-03 -2.081408e-03 4.800919e-03)
107           	(2.016240e-01 -2.822502e+02 9.100590e+02)	(1.962536e-01 -2.822482e+02 9.100542e+02)	(5.370391e-03 -2.060040e-03 4.792797e-03)
108           	(2.040002e-01 -2.822475e+02 9.100574e+02)	(1.986380e-01 -2.822455e+02 9.100526e+02)	(5.362191e-03 -2.036623e-03 4.781983e-03)
109           	(2.063275e-01 -2.822448e+02 9.100558e+02)	(2.009717e-01 -2.822428e+02 9.100511e+02)	(5.355797e-03 -2.011329e-03 4.768386e-03)
110           	(2.086093e-01 -2.822422e+02 9.100542e+02)	(2.032584e-01 -2.822402e+02 9.100495e+02)	(5.350950e-03 -1.984317e-03 4.752156e-03)
111           	(2.108524e-01 -2.822396e+02 9.100526e+02)	(2.055049e-01 -2.822377e+02 9.100479e+02)	(5.347445e-03 -1.955827e-03 4.733570e-03)
112           	(2.130906e-01 -2.822371e+02 9.100511e+02)	(2.077457e-01 -2.822352e+02 9.100464e+02)	(5.344959e-03 -1.926131e-03 4.712992e-03)
113           	(2.153262e-01 -2.822346e+02 9.100495e+02)	(2.099833e-01 -2.822327e+02 9.100448e+02)	(5.342949e-03 -1.895700e-03 4.690873e-03)
114           	(2.175874e-01 -2.822321e+02 9.100479e+02)	(2.122460e-01 -2.822303e+02 9.100432e+02)	(5.341422e-03 -1.864494e-03 4.667585e-03)
115           	(2.198992e-01 -2.822297e+02 9.100462e+02)	(2.145585e-01 -2.822278e+02 9.100416e+02)	(5.340687e-03 -1.832106e-03 4.643588e-03)
116           	(2.222841e-01 -2.822272e+02 9.100446e+02)	(2.169431e-01 -2.822254e+02 9.100400e+02)	(5.340958e-03 -1.798217e-03 4.619315e-03)
117           	(2.247753e-01 -2.822246e+02 9.100429e+02)	(2.194331e-01 -2.822228e+02 9.100383e+02)	(5.342276e-03 -1.762596e-03 4.595096e-03)
118           	(2.273506e-01 -2.822220e+02 9.100413e+02)	(2.220059e-01 -2.822202e+02 9.100367e+02)	(5.344642e-03 -1.725179e-03 4.571060e-03)
119           	(2.299626e-01 -2.822195e+02 9.100403e+02)	(2.246152e-01 -2.822178e+02 9.100358e+02)	(5.347409e-03 -1.686107e-03 4.546937e-03)
120           	(2.327628e-01 -2.822167e+02 9.100387e+02)	(2.274117e-01 -2.822151e+02 9.100342e+02)	(5.351019e-03 -1.646423e-03 4.522683e-03)
121           	(2.355833e-01 -2.822140e+02 9.100372e+02)	(2.302281e-01 -2.822124e+02 9.100327e+02)	(5.355220e-03 -1.606126e-03 4.498069e-03)
122           	(2.382428e-01 -2.822115e+02 9.100362e+02)	(2.328837e-01 -2.822099e+02 9.100318e+02)	(5.359101e-03 -1.565243e-03 4.473004e-03)
123           	(2.410225e-01 -2.822087e+02 9.100346e+02)	(2.356591e-01 -2.822072e+02 9.100301e+02)	(5.363374e-03 -1.524435e-03 4.447741e-03)
124           	(2.437407e-01 -2.822060e+02 9.100329e+02)	(2.383729e-01 -2.822045e+02 9.100285e+02)	(5.367754e-03 -1.483825e-03 4.422525e-03)
125           	(2.463794e-01 -2.822034e+02 9.100312e+02)	(2.410074e-01 -2.822019e+02 9.100268e+02)	(5.371968e-03 -1.443724e-03 4.397413e-03)
126           	(2.489062e-01 -2.822008e+02 9.100297e+02)	(2.435305e-01 -2.821994e+02 9.100253e+02)	(5.375678e-03 -1.404257e-03 4.372370e-03)
127           	(2.512378e-01 -2.821985e+02 9.100285e+02)	(2.458594e-01 -2.821971e+02 9.100242e+02)	(5.378434e-03 -1.365270e-03 4.347310e-03)
128           	(2.534798e-01 -2.821961e+02 9.100266e+02)	(2.480991e-01 -2.821948e+02 9.100223e+02)	(5.380706e-03 -1.327278e-03 4.322258e-03)
129           	(2.556964e-01 -2.821938e+02 9.100247e+02)	(2.503139e-01 -2.821925e+02 9.100204e+02)	(5.382594e-03 -1.290079e-03 4.296932e-03)
130           	(2.579279e-01 -2.821915e+02 9.100226e+02)	(2.525437e-01 -2.821902e+02 9.100183e+02)	(5.384201e-03 -1.253668e-03 4.270918e-03)
131           	(2.602161e-01 -2.821891e+02 9.100204e+02)	(2.548304e-01 -2.821879e+02 9.100161e+02)	(5.385627e-03 -1.217923e-03 4.243665e-03)
132           	(2.626243e-01 -2.821867e+02 9.100179e+02)	(2.572374e-01 -2.821855e+02 9.100137e+02)	(5.386956e-03 -1.182646e-03 4.214371e-03)
133           	(2.651968e-01 -2.821841e+02 9.100151e+02)	(2.598085e-01 -2.821830e+02 9.100109e+02)	(5.388276e-03 -1.147683e-03 4.182296e-03)
134           	(2.679832e-01 -2.821814e+02 9.100120e+02)	(2.625934e-01 -2.821803e+02 9.100078e+02)	(5.389836e-03 -1.112984e-03 4.146611e-03)
135           	(2.710912e-01 -2.821784e+02 9.100084e+02)	(2.656994e-01 -2.821773e+02 9.100043e+02)	(5.391811e-03 -1.078481e-03 4.106593e-03)
136           	(2.746783e-01 -2.821750e+02 9.100043e+02)	(2.692837e-01 -2.821739e+02 9.100002e+02)	(5.394600e-03 -1.044065e-03 4.061456e-03)
137           	(2.786910e-01 -2.821712e+02 9.099997e+02)	(2.732926e-01 -2.821702e+02 9.099957e+02)	(5.398353e-03 -1.009661e-03 4.010718e-03)
138           	(2.831846e-01 -2.821669e+02 9.099946e+02)	(2.777815e-01 -2.821659e+02 9.099906e+02)	(5.403126e-03 -9.744664e-04 3.953227e-03)
139           	(2.882193e-01 -2.821621e+02 9.099889e+02)	(2.828103e-01 -2.821612e+02 9.099850e+02)	(5.409021e-03 -9.378309e-04 3.888021e-03)
140           	(2.939059e-01 -2.821567e+02 9.099826e+02)	(2.884896e-01 -2.821558e+02 9.099788e+02)	(5.416312e-03 -8.995237e-04 3.814530e-03)
141           	(3.002530e-01 -2.821506e+02 9.099759e+02)	(2.948278e-01 -2.821497e+02 9.099722e+02)	(5.425222e-03 -8.589396e-04 3.731960e-03)
142           	(3.157965e-01 -2.821352e+02 9.099632e+02)	(3.103502e-01 -2.821344e+02 9.099596e+02)	(5.446288e-03 -8.067448e-04 3.625562e-03)
143           	(3.212752e-01 -2.821298e+02 9.099572e+02)	(3.158117e-01 -2.821291e+02 9.099537e+02)	(5.463471e-03 -7.542461e-04 3.514452e-03)
144           	(3.269323e-01 -2.821243e+02 9.099512e+02)	(3.214544e-01 -2.821236e+02 9.099478e+02)	(5.477974e-03 -7.057064e-04 3.406460e-03)
145           	(3.329196e-01 -2.821186e+02 9.099451e+02)	(3.274281e-01 -2.821179e+02 9.099418e+02)	(5.491544e-03 -6.576949e-04 3.294740e-03)
146           	(3.490824e-01 -2.821026e+02 9.099338e+02)	(3.435663e-01 -2.821020e+02 9.099306e+02)	(5.516102e-03 -5.998525e-04 3.165165e-03)
147           	(3.535232e-01 -2.820984e+02 9.099289e+02)	(3.479879e-01 -2.820979e+02 9.099258e+02)	(5.535246e-03 -5.459040e-04 3.037433e-03)
148           	(3.572832e-01 -2.820950e+02 9.099243e+02)	(3.517336e-01 -2.820945e+02 9.099214e+02)	(5.549601e-03 -4.990041e-04 2.917333e-03)
149           	(3.604693e-01 -2.820922e+02 9.099200e+02)	(3.549084e-01 -2.820918e+02 9.099172e+02)	(5.560905e-03 -4.568386e-04 2.800378e-03)
150           	(3.683966e-01 -2.820848e+02 9.099121e+02)	(3.628215e-01 -2.820844e+02 9.099094e+02)	(5.575126e-03 -4.171367e-04 2.679927e-03)
151           	(3.687937e-01 -2.820849e+02 9.099091e+02)	(3.632112e-01 -2.820845e+02 9.099066e+02)	(5.582496e-03 -3.839954e-04 2.565332e-03)
152           	(3.677312e-01 -2.820865e+02 9.099067e+02)	(3.621500e-01 -2.820861e+02 9.099042e+02)	(5.581203e-03 -3.607768e-04 2.462734e-03)
153           	(3.650183e-01 -2.820898e+02 9.099048e+02)	(3.594462e-01 -2.820894e+02 9.099024e+02)	(5.572153e-03 -3.468915e-04 2.368956e-03)
154           	(3.604233e-01 -2.820951e+02 9.099032e+02)	(3.548682e-01 -2.820948e+02 9.099010e+02)	(5.555091e-03 -3.441594e-04 2.283802e-03)
155           	(3.509052e-01 -2.821054e+02 9.098982e+02)	(3.453802e-01 -2.821050e+02 9.098960e+02)	(5.524957e-03 -3.643773e-04 2.205481e-03)
156           	(3.439587e-01 -2.821130e+02 9.098976e+02)	(3.384697e-01 -2.821126e+02 9.098954e+02)	(5.488937e-03 -3.903913e-04 2.131824e-03)
157           	(3.356366e-01 -2.821219e+02 9.098973e+02)	(3.301915e-01 -2.821215e+02 9.098952e+02)	(5.445135e-03 -4.241120e-04 2.070700e-03)
158           	(3.259469e-01 -2.821323e+02 9.098973e+02)	(3.205519e-01 -2.821318e+02 9.098953e+02)	(5.394979e-03 -4.657664e-04 2.017938e-03)
159           	(3.150235e-01 -2.821438e+02 9.098975e+02)	(3.096845e-01 -2.821433e+02 9.098955e+02)	(5.338955e-03 -5.152331e-04 1.973657e-03)
160           	(3.034088e-01 -2.821559e+02 9.098978e+02)	(2.981305e-01 -2.821553e+02 9.098958e+02)	(5.278277e-03 -5.710119e-04 1.936420e-03)
161           	(2.920541e-01 -2.821677e+02 9.098981e+02)	(2.868391e-01 -2.821671e+02 9.098962e+02)	(5.214994e-03 -6.307262e-04 1.904617e-03)
162           	(2.816609e-01 -2.821785e+02 9.098984e+02)	(2.765095e-01 -2.821778e+02 9.098965e+02)	(5.151406e-03 -6.916716e-04 1.878241e-03)
163           	(2.727008e-01 -2.821877e+02 9.098987e+02)	(2.676112e-01 -2.821870e+02 9.098968e+02)	(5.089649e-03 -7.510733e-04 1.856970e-03)
164           	(2.654387e-01 -2.821952e+02 9.098989e+02)	(2.604071e-01 -2.821944e+02 9.098971e+02)	(5.031614e-03 -8.068148e-04 1.840385e-03)
165           	(2.597910e-01 -2.822010e+02 9.098991e+02)	(2.548126e-01 -2.822002e+02 9.098973e+02)	(4.978466e-03 -8.572109e-04 1.828030e-03)
166           	(2.555305e-01 -2.822054e+02 9.098992e+02)	(2.505992e-01 -2.822045e+02 9.098974e+02)	(4.931279e-03 -9.008918e-04 1.818640e-03)
167           	(2.524199e-01 -2.822085e+02 9.098993e+02)	(2.475295e-01 -2.822076e+02 9.098975e+02)	(4.890406e-03 -9.375097e-04 1.811034e-03)
168           	(2.504297e-01 -2.822106e+02 9.098995e+02)	(2.455737e-01 -2.822096e+02 9.098977e+02)	(4.856003e-03 -9.672242e-04 1.803787e-03)
169           	(2.490211e-01 -2.822120e+02 9.098996e+02)	(2.441939e-01 -2.822110e+02 9.098978e+02)	(4.827173e-03 -9.910236e-04 1.796579e-03)
170           	(2.480035e-01 -2.822129e+02 9.098998e+02)	(2.432008e-01 -2.822119e+02 9.098980e+02)	(4.802688e-03 -1.010036e-03 1.789849e-03)
171           	(2.470124e-01 -2.822139e+02 9.098998e+02)	(2.422312e-01 -2.822128e+02 9.098981e+02)	(4.781165e-03 -1.025573e-03 1.784026e-03)
172           	(2.461272e-01 -2.822147e+02 9.099000e+02)	(2.413656e-01 -2.822136e+02 9.098982e+02)	(4.761617e-03 -1.038491e-03 1.778964e-03)
173           	(2.452257e-01 -2.822155e+02 9.099001e+02)	(2.404825e-01 -2.822144e+02 9.098983e+02)	(4.743193e-03 -1.049490e-03 1.774526e-03)
174           	(2.442387e-01 -2.822163e+02 9.099003e+02)	(2.395135e-01 -2.822153e+02 9.098985e+02)	(4.725202e-03 -1.058758e-03 1.770563e-03)
175           	(2.430509e-01 -2.822174e+02 9.099006e+02)	(2.383439e-01 -2.822163e+02 9.098988e+02)	(4.707002e-03 -1.066418e-03 1.767077e-03)
176           	(2.415677e-01 -2.822187e+02 9.099008e+02)	(2.368796e-01 -2.822176e+02 9.098991e+02)	(4.688077e-03 -1.072570e-03 1.764135e-03)
177           	(2.397918e-01 -2.822202e+02 9.099012e+02)	(2.351237e-01 -2.822191e+02 9.098994e+02)	(4.668092e-03 -1.077231e-03 1.761818e-03)
178           	(2.376956e-01 -2.822219e+02 9.099016e+02)	(2.330490e-01 -2.822208e+02 9.098998e+02)	(4.646605e-03 -1.080623e-03 1.760573e-03)
179           	(2.353243e-01 -2.822238e+02 9.099021e+02)	(2.307008e-01 -2.822227e+02 9.099003e+02)	(4.623483e-03 -1.082861e-03 1.760892e-03)
180           	(2.327443e-01 -2.822258e+02 9.099026e+02)	(2.281454e-01 -2.822247e+02 9.099009e+02)	(4.598881e-03 -1.083869e-03 1.763396e-03)
181           	(2.300346e-01 -2.822278e+02 9.099033e+02)	(2.254615e-01 -2.822268e+02 9.099015e+02)	(4.573093e-03 -1.083477e-03 1.768525e-03)
182           	(2.272770e-01 -2.822299e+02 9.099040e+02)	(2.227307e-01 -2.822288e+02 9.099022e+02)	(4.546381e-03 -1.081698e-03 1.776902e-03)
183           	(2.245646e-01 -2.822319e+02 9.099048e+02)	(2.200454e-01 -2.822308e+02 9.099030e+02)	(4.519202e-03 -1.078470e-03 1.788786e-03)
184           	(2.219774e-01 -2.822337e+02 9.099057e+02)	(2.174854e-01 -2.822327e+02 9.099039e+02)	(4.492012e-03 -1.073682e-03 1.804442e-03)
185           	(2.195835e-01 -2.822354e+02 9.099067e+02)	(2.151182e-01 -2.822343e+02 9.099048e+02)	(4.465370e-03 -1.067164e-03 1.823716e-03)
186           	(2.174443e-01 -2.822368e+02 9.099077e+02)	(2.130046e-01 -2.822358e+02 9.099058e+02)	(4.439676e-03 -1.058595e-03 1.846278e-03)
187           	(2.156107e-01 -2.822380e+02 9.099087e+02)	(2.111953e-01 -2.822369e+02 9.099068e+02)	(4.415368e-03 -1.047766e-03 1.871573e-03)
188           	(2.140654e-01 -2.822388e+02 9.099097e+02)	(2.096727e-01 -2.822378e+02 9.099078e+02)	(4.392723e-03 -1.034810e-03 1.899083e-03)
189           	(2.128116e-01 -2.822394e+02 9.099107e+02)	(2.084397e-01 -2.822384e+02 9.099088e+02)	(4.371909e-03 -1.019843e-03 1.928419e-03)
190           	(2.118918e-01 -2.822397e+02 9.099118e+02)	(2.075390e-01 -2.822387e+02 9.099098e+02)	(4.352835e-03 -1.003241e-03 1.958983e-03)
191           	(2.112364e-01 -2.822398e+02 9.099127e+02)	(2.069010e-01 -2.822388e+02 9.099107e+02)	(4.335378e-03 -9.852679e-04 1.990533e-03)
192           	(2.108283e-01 -2.822396e+02 9.099137e+02)	(2.065090e-01 -2.822386e+02 9.099116e+02)	(4.319239e-03 -9.662809e-04 2.022846e-03)
193           	(2.106358e-01 -2.822392e+02 9.099146e+02)	(2.063316e-01 -2.822382e+02 9.099125e+02)	(4.304202e-03 -9.464843e-04 2.055675e-03)
194           	(2.106140e-01 -2.822386e+02 9.099154e+02)	(2.063239e-01 -2.822377e+02 9.099133e+02)	(4.290048e-03 -9.263385e-04 2.088691e-03)
195           	(2.107121e-01 -2.822379e+02 9.099163e+02)	(2.064354e-01 -2.822370e+02 9.099141e+02)	(4.276679e-03 -9.060391e-04 2.121535e-03)
196           	(2.108830e-01 -2.822372e+02 9.099171e+02)	(2.066191e-01 -2.822363e+02 9.099149e+02)	(4.263945e-03 -8.860223e-04 2.154003e-03)
197           	(2.110942e-01 -2.822365e+02 9.099178e+02)	(2.068424e-01 -2.822356e+02 9.099156e+02)	(4.251752e-03 -8.663907e-04 2.185942e-03)
198           	(2.113202e-01 -2.822357e+02 9.099186e+02)	(2.070802e-01 -2.822349e+02 9.099163e+02)	(4.240032e-03 -8.472954e-04 2.217314e-03)
199           	(2.115779e-01 -2.822350e+02 9.099193e+02)	(2.073491e-01 -2.822341e+02 9.099170e+02)	(4.228755e-03 -8.285737e-04 2.248217e-03)
200           	(2.118813e-01 -2.822342e+02 9.099200e+02)	(2.076632e-01 -2.822334e+02 9.099177e+02)	(4.218089e-03 -8.100716e-04 2.278598e-03)
201           	(2.122490e-01 -2.822334e+02 9.099207e+02)	(2.080409e-01 -2.822326e+02 9.099184e+02)	(4.208057e-03 -7.914470e-04 2.308614e-03)
202           	(2.127151e-01 -2.822324e+02 9.099214e+02)	(2.085164e-01 -2.822317e+02 9.099191e+02)	(4.198630e-03 -7.722852e-04 2.338245e-03)
203           	(2.133403e-01 -2.822313e+02 9.099220e+02)	(2.091504e-01 -2.822306e+02 9.099197e+02)	(4.189911e-03 -7.523467e-04 2.367607e-03)
204           	(2.141692e-01 -2.822301e+02 9.099227e+02)	(2.099871e-01 -2.822294e+02 9.099203e+02)	(4.182106e-03 -7.314139e-04 2.396551e-03)
205           	(2.152493e-01 -2.822287e+02 9.099233e+02)	(2.110738e-01 -2.822279e+02 9.099209e+02)	(4.175547e-03 -7.093983e-04 2.424823e-03)
206           	(2.166058e-01 -2.822270e+02 9.099240e+02)	(2.124355e-01 -2.822263e+02 9.099215e+02)	(4.170309e-03 -6.863947e-04 2.452057e-03)
207           	(2.182740e-01 -2.822250e+02 9.099245e+02)	(2.141073e-01 -2.822243e+02 9.099221e+02)	(4.166731e-03 -6.624152e-04 2.477795e-03)
208           	(2.202599e-01 -2.822227e+02 9.099251e+02)	(2.160949e-01 -2.822221e+02 9.099226e+02)	(4.165023e-03 -6.374762e-04 2.501360e-03)
209           	(2.225793e-01 -2.822202e+02 9.099255e+02)	(2.184140e-01 -2.822196e+02 9.099230e+02)	(4.165297e-03 -6.117076e-04 2.522243e-03)
210           	(2.251592e-01 -2.822174e+02 9.099258e+02)	(2.209916e-01 -2.822168e+02 9.099233e+02)	(4.167587e-03 -5.853108e-04 2.540103e-03)
211           	(2.279456e-01 -2.822144e+02 9.099261e+02)	(2.237740e-01 -2.822138e+02 9.099235e+02)	(4.171626e-03 -5.591083e-04 2.554988e-03)
212           	(2.308776e-01 -2.822112e+02 9.099262e+02)	(2.267001e-01 -2.822107e+02 9.099237e+02)	(4.177566e-03 -5.332139e-04 2.566517e-03)
213           	(2.338801e-01 -2.822081e+02 9.099263e+02)	(2.296947e-01 -2.822076e+02 9.099237e+02)	(4.185430e-03 -5.082107e-04 2.574643e-03)
214           	(2.369283e-01 -2.822049e+02 9.099262e+02)	(2.327331e-01 -2.822044e+02 9.099237e+02)	(4.195166e-03 -4.844470e-04 2.579357e-03)
215           	(2.399843e-01 -2.822018e+02 9.099261e+02)	(2.357773e-01 -2.822013e+02 9.099235e+02)	(4.206952e-03 -4.622661e-04 2.580486e-03)
216           	(2.430245e-01 -2.821987e+02 9.099260e+02)	(2.388035e-01 -2.821983e+02 9.099234e+02)	(4.221055e-03 -4.416834e-04 2.577899e-03)
217           	(2.460149e-01 -2.821957e+02 9.099257e+02)	(2.417773e-01 -2.821953e+02 9.099231e+02)	(4.237615e-03 -4.226876e-04 2.571707e-03)
218           	(2.489364e-01 -2.821928e+02 9.099254e+02)	(2.446796e-01 -2.821924e+02 9.099229e+02)	(4.256850e-03 -4.051392e-04 2.561946e-03)
219           	(2.517611e-01 -2.821901e+02 9.099251e+02)	(2.474822e-01 -2.821897e+02 9.099226e+02)	(4.278898e-03 -3.887840e-04 2.548838e-03)
220           	(2.544927e-01 -2.821874e+02 9.099247e+02)	(2.501891e-01 -2.821871e+02 9.099222e+02)	(4.303640e-03 -3.737228e-04 2.532878e-03)
221           	(2.571797e-01 -2.821849e+02 9.099243e+02)	(2.528489e-01 -2.821845e+02 9.099218e+02)	(4.330813e-03 -3.600004e-04 2.514486e-03)
222           	(2.597826e-01 -2.821824e+02 9.099239e+02)	(2.554225e-01 -2.821820e+02 9.099214e+02)	(4.360063e-03 -3.478104e-04 2.494022e-03)
223           	(2.622300e-01 -2.821801e+02 9.099233e+02)	(2.578392e-01 -2.821797e+02 9.099209e+02)	(4.390868e-03 -3.370844e-04 2.471471e-03)
224           	(2.644949e-01 -2.821779e+02 9.099228e+02)	(2.600725e-01 -2.821776e+02 9.099203e+02)	(4.422428e-03 -3.279024e-04 2.447156e-03)
225           	(2.664560e-01 -2.821761e+02 9.099221e+02)	(2.620020e-01 -2.821758e+02 9.099197e+02)	(4.453966e-03 -3.203311e-04 2.421427e-03)
226           	(2.683271e-01 -2.821744e+02 9.099215e+02)	(2.638420e-01 -2.821741e+02 9.099191e+02)	(4.485084e-03 -3.144170e-04 2.394528e-03)
227           	(2.701422e-01 -2.821727e+02 9.099210e+02)	(2.656266e-01 -2.821724e+02 9.099186e+02)	(4.515501e-03 -3.102806e-04 2.366768e-03)
228           	(2.717270e-01 -2.821713e+02 9.099204e+02)	(2.671823e-01 -2.821710e+02 9.099181e+02)	(4.544708e-03 -3.079701e-04 2.338596e-03)
229           	(2.730715e-01 -2.821702e+02 9.099198e+02)	(2.684994e-01 -2.821699e+02 9.099175e+02)	(4.572097e-03 -3.075310e-04 2.310429e-03)
230           	(2.741920e-01 -2.821693e+02 9.099193e+02)	(2.695949e-01 -2.821690e+02 9.099170e+02)	(4.597180e-03 -3.089044e-04 2.282773e-03)
231           	(2.750899e-01 -2.821686e+02 9.099189e+02)	(2.704703e-01 -2.821683e+02 9.099166e+02)	(4.619588e-03 -3.119536e-04 2.255890e-03)
232           	(2.757861e-01 -2.821682e+02 9.099185e+02)	(2.711470e-01 -2.821679e+02 9.099163e+02)	(4.639054e-03 -3.164595e-04 2.229991e-03)
233           	(2.762214e-01 -2.821682e+02 9.099185e+02)	(2.715663e-01 -2.821679e+02 9.099163e+02)	(4.655140e-03 -3.226430e-04 2.205220e-03)
234           	(2.758194e-01 -2.821692e+02 9.099198e+02)	(2.711535e-01 -2.821689e+02 9.099177e+02)	(4.665956e-03 -3.297723e-04 2.181687e-03)
235           	(2.752991e-01 -2.821703e+02 9.099210e+02)	(2.706267e-01 -2.821699e+02 9.099188e+02)	(4.672394e-03 -3.378520e-04 2.159489e-03)
236           	(2.749122e-01 -2.821710e+02 9.099207e+02)	(2.702358e-01 -2.821706e+02 9.099186e+02)	(4.676343e-03 -3.470274e-04 2.138903e-03)
237           	(2.742616e-01 -2.821719e+02 9.099206e+02)	(2.695842e-01 -2.821715e+02 9.099185e+02)	(4.677408e-03 -3.568364e-04 2.120018e-03)
238           	(2.734106e-01 -2.821730e+02 9.099206e+02)	(2.687351e-01 -2.821726e+02 9.099185e+02)	(4.675448e-03 -3.669907e-04 2.102781e-03)
239           	(2.719367e-01 -2.821748e+02 9.099220e+02)	(2.672679e-01 -2.821744e+02 9.099199e+02)	(4.668847e-03 -3.766434e-04 2.087374e-03)
240           	(2.707909e-01 -2.821760e+02 9.099221e+02)	(2.661309e-01 -2.821756e+02 9.099200e+02)	(4.660061e-03 -3.858662e-04 2.073851e-03)
241           	(2.695509e-01 -2.821772e+02 9.099222e+02)	(2.649016e-01 -2.821768e+02 9.099202e+02)	(4.649259e-03 -3.942524e-04 2.062468e-03)
242           	(2.682340e-01 -2.821784e+02 9.099225e+02)	(2.635974e-01 -2.821780e+02 9.099204e+02)	(4.636627e-03 -4.015673e-04 2.053301e-03)
243           	(2.668093e-01 -2.821797e+02 9.099229e+02)	(2.621869e-01 -2.821792e+02 9.099209e+02)	(4.622409e-03 -4.075193e-04 2.046468e-03)
244           	(2.653254e-01 -2.821809e+02 9.099234e+02)	(2.607186e-01 -2.821805e+02 9.099214e+02)	(4.606775e-03 -4.121411e-04 2.042196e-03)
245           	(2.637952e-01 -2.821822e+02 9.099241e+02)	(2.592052e-01 -2.821818e+02 9.099220e+02)	(4.590037e-03 -4.151445e-04 2.040407e-03)
246           	(2.622334e-01 -2.821836e+02 9.099248e+02)	(2.576610e-01 -2.821831e+02 9.099228e+02)	(4.572374e-03 -4.167619e-04 2.041235e-03)
247           	(2.606478e-01 -2.821849e+02 9.099256e+02)	(2.560936e-01 -2.821845e+02 9.099235e+02)	(4.554113e-03 -4.170862e-04 2.044540e-03)
248           	(2.590425e-01 -2.821863e+02 9.099264e+02)	(2.545071e-01 -2.821858e+02 9.099244e+02)	(4.535412e-03 -4.164418e-04 2.050314e-03)
249           	(2.574215e-01 -2.821877e+02 9.099273e+02)	(2.529051e-01 -2.821872e+02 9.099252e+02)	(4.516478e-03 -4.150238e-04 2.058304e-03)
250           	(2.557941e-01 -2.821891e+02 9.099281e+02)	(2.512967e-01 -2.821887e+02 9.099261e+02)	(4.497358e-03 -4.132420e-04 2.068412e-03)
251           	(2.541827e-01 -2.821905e+02 9.099290e+02)	(2.497045e-01 -2.821901e+02 9.099270e+02)	(4.478228e-03 -4.110027e-04 2.080242e-03)
252           	(2.526037e-01 -2.821920e+02 9.099299e+02)	(2.481447e-01 -2.821916e+02 9.099278e+02)	(4.459046e-03 -4.087874e-04 2.093764e-03)
253           	(2.510780e-01 -2.821934e+02 9.099308e+02)	(2.466379e-01 -2.821930e+02 9.099287e+02)	(4.440064e-03 -4.063366e-04 2.108592e-03)
254           	(2.496276e-01 -2.821947e+02 9.099318e+02)	(2.452063e-01 -2.821943e+02 9.099296e+02)	(4.421275e-03 -4.038714e-04 2.124642e-03)
255           	(2.482698e-01 -2.821959e+02 9.099327e+02)	(2.438669e-01 -2.821955e+02 9.099306e+02)	(4.402823e-03 -4.013013e-04 2.141706e-03)
256           	(2.470685e-01 -2.821970e+02 9.099337e+02)	(2.426837e-01 -2.821966e+02 9.099315e+02)	(4.384772e-03 -3.984936e-04 2.159723e-03)
257           	(2.460376e-01 -2.821979e+02 9.099347e+02)	(2.416702e-01 -2.821975e+02 9.099325e+02)	(4.367367e-03 -3.951020e-04 2.178429e-03)
258           	(2.451488e-01 -2.821987e+02 9.099357e+02)	(2.407982e-01 -2.821983e+02 9.099335e+02)	(4.350588e-03 -3.914111e-04 2.198028e-03)
259           	(2.443533e-01 -2.821993e+02 9.099368e+02)	(2.400186e-01 -2.821989e+02 9.099346e+02)	(4.334677e-03 -3.870469e-04 2.218246e-03)
260           	(2.436465e-01 -2.821998e+02 9.099378e+02)	(2.393270e-01 -2.821995e+02 9.099356e+02)	(4.319564e-03 -3.822848e-04 2.239279e-03)
261           	(2.430227e-01 -2.822003e+02 9.099389e+02)	(2.387172e-01 -2.821999e+02 9.099366e+02)	(4.305505e-03 -3.768524e-04 2.260818e-03)
262           	(2.424348e-01 -2.822006e+02 9.099399e+02)	(2.381425e-01 -2.822003e+02 9.099377e+02)	(4.292313e-03 -3.711090e-04 2.283014e-03)
263           	(2.413369e-01 -2.822017e+02 9.099420e+02)	(2.370583e-01 -2.822013e+02 9.099397e+02)	(4.278584e-03 -3.644507e-04 2.305579e-03)
264           	(2.409080e-01 -2.822019e+02 9.099430e+02)	(2.366414e-01 -2.822015e+02 9.099407e+02)	(4.266588e-03 -3.577904e-04 2.328333e-03)
265           	(2.405176e-01 -2.822021e+02 9.099440e+02)	(2.362610e-01 -2.822018e+02 9.099416e+02)	(4.256519e-03 -3.508356e-04 2.351042e-03)
266           	(2.401571e-01 -2.822023e+02 9.099448e+02)	(2.359092e-01 -2.822019e+02 9.099425e+02)	(4.247936e-03 -3.439042e-04 2.373700e-03)
267           	(2.398035e-01 -2.822025e+02 9.099457e+02)	(2.355627e-01 -2.822021e+02 9.099433e+02)	(4.240828e-03 -3.369284e-04 2.396070e-03)
268           	(2.394750e-01 -2.822026e+02 9.099464e+02)	(2.352400e-01 -2.822023e+02 9.099440e+02)	(4.235039e-03 -3.301437e-04 2.418233e-03)
269           	(2.391456e-01 -2.822028e+02 9.099471e+02)	(2.349150e-01 -2.822025e+02 9.099447e+02)	(4.230591e-03 -3.234847e-04 2.440085e-03)
270           	(2.388505e-01 -2.822030e+02 9.099478e+02)	(2.346232e-01 -2.822027e+02 9.099453e+02)	(4.227361e-03 -3.171678e-04 2.461768e-03)
271           	(2.385967e-01 -2.822031e+02 9.099484e+02)	(2.343713e-01 -2.822028e+02 9.099459e+02)	(4.225436e-03 -3.111370e-04 2.483195e-03)
272           	(2.383887e-01 -2.822032e+02 9.099490e+02)	(2.341640e-01 -2.822029e+02 9.099465e+02)	(4.224707e-03 -3.055538e-04 2.504460e-03)
273           	(2.382274e-01 -2.822033e+02 9.099497e+02)	(2.340022e-01 -2.822030e+02 9.099471e+02)	(4.225219e-03 -3.003561e-04 2.525401e-03)
274           	(2.381257e-01 -2.822034e+02 9.099503e+02)	(2.338988e-01 -2.822031e+02 9.099477e+02)	(4.226809e-03 -2.957409e-04 2.546157e-03)
275           	(2.380606e-01 -2.822034e+02 9.099509e+02)	(2.338312e-01 -2.822031e+02 9.099483e+02)	(4.229469e-03 -2.916771e-04 2.566659e-03)
276           	(2.380295e-01 -2.822034e+02 9.099516e+02)	(2.337965e-01 -2.822031e+02 9.099490e+02)	(4.233010e-03 -2.882935e-04 2.587052e-03)
277           	(2.380302e-01 -2.822034e+02 9.099522e+02)	(2.337928e-01 -2.822031e+02 9.099496e+02)	(4.237353e-03 -2.855239e-04 2.607262e-03)
278           	(2.380612e-01 -2.822033e+02 9.099529e+02)	(2.338188e-01 -2.822031e+02 9.099503e+02)	(4.242387e-03 -2.833475e-04 2.627267e-03)
279           	(2.381179e-01 -2.822033e+02 9.099536e+02)	(2.338700e-01 -2.822030e+02 9.099510e+02)	(4.247959e-03 -2.816914e-04 2.647025e-03)
280           	(2.382012e-01 -2.822032e+02 9.099543e+02)	(2.339472e-01 -2.822029e+02 9.099516e+02)	(4.253944e-03 -2.805343e-04 2.666559e-03)
281           	(2.383089e-01 -2.822031e+02 9.099550e+02)	(2.340486e-01 -2.822028e+02 9.099523e+02)	(4.260309e-03 -2.797735e-04 2.685795e-03)
282           	(2.384452e-01 -2.822029e+02 9.099557e+02)	(2.341782e-01 -2.822026e+02 9.099530e+02)	(4.266982e-03 -2.793034e-04 2.704703e-03)
283           	(2.386030e-01 -2.822028e+02 9.099564e+02)	(2.343291e-01 -2.822025e+02 9.099537e+02)	(4.273871e-03 -2.790024e-04 2.723227e-03)
284           	(2.387726e-01 -2.822026e+02 9.099571e+02)	(2.344917e-01 -2.822023e+02 9.099543e+02)	(4.280900e-03 -2.787926e-04 2.741381e-03)
285           	(2.389562e-01 -2.822024e+02 9.099577e+02)	(2.346682e-01 -2.822022e+02 9.099550e+02)	(4.288005e-03 -2.786558e-04 2.759213e-03)
286           	(2.391528e-01 -2.822023e+02 9.099584e+02)	(2.348577e-01 -2.822020e+02 9.099556e+02)	(4.295121e-03 -2.785602e-04 2.776783e-03)
287           	(2.393506e-01 -2.822021e+02 9.099590e+02)	(2.350485e-01 -2.822018e+02 9.099562e+02)	(4.302143e-03 -2.785494e-04 2.794237e-03)
288           	(2.395433e-01 -2.822020e+02 9.099596e+02)	(2.352342e-01 -2.822017e+02 9.099567e+02)	(4.309064e-03 -2.785494e-04 2.811579e-03)
289           	(2.397255e-01 -2.822019e+02 9.099601e+02)	(2.354097e-01 -2.822016e+02 9.099573e+02)	(4.315806e-03 -2.785701e-04 2.828847e-03)
290           	(2.398844e-01 -2.822018e+02 9.099606e+02)	(2.355620e-01 -2.822015e+02 9.099578e+02)	(4.322311e-03 -2.786572e-04 2.846152e-03)
291           	(2.401853e-01 -2.822014e+02 9.099604e+02)	(2.358562e-01 -2.822011e+02 9.099575e+02)	(4.329143e-03 -2.789241e-04 2.863501e-03)
292           	(2.404017e-01 -2.822011e+02 9.099602e+02)	(2.360659e-01 -2.822009e+02 9.099574e+02)	(4.335789e-03 -2.792473e-04 2.880986e-03)
293           	(2.404205e-01 -2.822011e+02 9.099606e+02)	(2.360791e-01 -2.822009e+02 9.099577e+02)	(4.341453e-03 -2.792559e-04 2.898498e-03)
294           	(2.404249e-01 -2.822012e+02 9.099609e+02)	(2.360786e-01 -2.822009e+02 9.099579e+02)	(4.346242e-03 -2.791231e-04 2.916087e-03)
295           	(2.404239e-01 -2.822012e+02 9.099611e+02)	(2.360735e-01 -2.822009e+02 9.099581e+02)	(4.350374e-03 -2.787447e-04 2.933639e-03)
296           	(2.406850e-01 -2.822009e+02 9.099606e+02)	(2.363302e-01 -2.822006e+02 9.099576e+02)	(4.354796e-03 -2.785443e-04 2.951187e-03)
297           	(2.407006e-01 -2.822009e+02 9.099607e+02)	(2.363422e-01 -2.822006e+02 9.099577e+02)	(4.358397e-03 -2.779488e-04 2.968583e-03)
298           	(2.409799e-01 -2.822005e+02 9.099602e+02)	(2.366178e-01 -2.822002e+02 9.099572e+02)	(4.362083e-03 -2.773968e-04 2.985766e-03)
299           	(2.410446e-01 -2.822005e+02 9.099603e+02)	(2.366797e-01 -2.822002e+02 9.099573e+02)	(4.364875e-03 -2.763923e-04 3.002540e-03)
300           	(2.411347e-01 -2.822004e+02 9.099604e+02)	(2.367677e-01 -2.822002e+02 9.099574e+02)	(4.366957e-03 -2.750157e-04 3.018825e-03)
301           	(2.415106e-01 -2.822000e+02 9.099598e+02)	(2.371411e-01 -2.821997e+02 9.099568e+02)	(4.369430e-03 -2.735846e-04 3.034469e-03)
302           	(2.416803e-01 -2.821999e+02 9.099599e+02)	(2.373090e-01 -2.821996e+02 9.099568e+02)	(4.371221e-03 -2.717087e-04 3.049373e-03)
303           	(2.418804e-01 -2.821997e+02 9.099599e+02)	(2.375079e-01 -2.821994e+02 9.099568e+02)	(4.372534e-03 -2.694386e-04 3.063413e-03)
304           	(2.423323e-01 -2.821992e+02 9.099593e+02)	(2.379579e-01 -2.821990e+02 9.099562e+02)	(4.374387e-03 -2.670298e-04 3.076463e-03)
305           	(2.425926e-01 -2.821990e+02 9.099593e+02)	(2.382167e-01 -2.821988e+02 9.099562e+02)	(4.375924e-03 -2.641044e-04 3.088479e-03)
306           	(2.428486e-01 -2.821988e+02 9.099592e+02)	(2.384715e-01 -2.821985e+02 9.099561e+02)	(4.377167e-03 -2.608697e-04 3.099456e-03)
307           	(2.433179e-01 -2.821983e+02 9.099585e+02)	(2.389389e-01 -2.821981e+02 9.099554e+02)	(4.379028e-03 -2.574783e-04 3.109248e-03)
308           	(2.436244e-01 -2.821981e+02 9.099585e+02)	(2.392438e-01 -2.821979e+02 9.099554e+02)	(4.380687e-03 -2.538708e-04 3.117962e-03)
309           	(2.439348e-01 -2.821979e+02 9.099584e+02)	(2.395527e-01 -2.821977e+02 9.099552e+02)	(4.382181e-03 -2.501433e-04 3.125597e-03)
310           	(2.442491e-01 -2.821977e+02 9.099582e+02)	(2.398656e-01 -2.821974e+02 9.099551e+02)	(4.383509e-03 -2.463111e-04 3.132067e-03)
311           	(2.445698e-01 -2.821975e+02 9.099580e+02)	(2.401851e-01 -2.821972e+02 9.099548e+02)	(4.384698e-03 -2.423313e-04 3.137321e-03)
312           	(2.449002e-01 -2.821972e+02 9.099577e+02)	(2.405146e-01 -2.821970e+02 9.099545e+02)	(4.385615e-03 -2.383325e-04 3.141421e-03)
313           	(2.452450e-01 -2.821970e+02 9.099573e+02)	(2.408587e-01 -2.821967e+02 9.099541e+02)	(4.386294e-03 -2.342357e-04 3.144253e-03)
314           	(2.458313e-01 -2.821963e+02 9.099561e+02)	(2.414439e-01 -2.821961e+02 9.099530e+02)	(4.387377e-03 -2.302535e-04 3.145671e-03)
315           	(2.462045e-01 -2.821960e+02 9.099556e+02)	(2.418166e-01 -2.821958e+02 9.099525e+02)	(4.387930e-03 -2.261545e-04 3.145828e-03)
316           	(2.466013e-01 -2.821957e+02 9.099550e+02)	(2.422133e-01 -2.821955e+02 9.099519e+02)	(4.388003e-03 -2.220416e-04 3.144729e-03)
317           	(2.470352e-01 -2.821953e+02 9.099544e+02)	(2.426474e-01 -2.821951e+02 9.099513e+02)	(4.387788e-03 -2.178946e-04 3.142283e-03)
318           	(2.477866e-01 -2.821945e+02 9.099532e+02)	(2.433984e-01 -2.821943e+02 9.099500e+02)	(4.388183e-03 -2.139684e-04 3.138298e-03)
319           	(2.482920e-01 -2.821941e+02 9.099524e+02)	(2.439037e-01 -2.821939e+02 9.099493e+02)	(4.388223e-03 -2.099185e-04 3.132959e-03)
320           	(2.488611e-01 -2.821935e+02 9.099516e+02)	(2.444731e-01 -2.821933e+02 9.099484e+02)	(4.388013e-03 -2.058476e-04 3.126238e-03)
321           	(2.494778e-01 -2.821929e+02 9.099507e+02)	(2.450900e-01 -2.821927e+02 9.099476e+02)	(4.387797e-03 -2.016674e-04 3.118088e-03)
322           	(2.501714e-01 -2.821922e+02 9.099498e+02)	(2.457837e-01 -2.821920e+02 9.099466e+02)	(4.387673e-03 -1.973934e-04 3.108551e-03)
323           	(2.509475e-01 -2.821915e+02 9.099488e+02)	(2.465598e-01 -2.821913e+02 9.099457e+02)	(4.387759e-03 -1.929403e-04 3.097630e-03)
324           	(2.517771e-01 -2.821906e+02 9.099478e+02)	(2.473891e-01 -2.821904e+02 9.099447e+02)	(4.388042e-03 -1.883272e-04 3.085435e-03)
325           	(2.527731e-01 -2.821897e+02 9.099466e+02)	(2.483842e-01 -2.821895e+02 9.099436e+02)	(4.388904e-03 -1.836652e-04 3.071934e-03)
326           	(2.536390e-01 -2.821888e+02 9.099456e+02)	(2.492493e-01 -2.821886e+02 9.099425e+02)	(4.389675e-03 -1.788880e-04 3.057538e-03)
327           	(2.545144e-01 -2.821880e+02 9.099445e+02)	(2.501241e-01 -2.821878e+02 9.099415e+02)	(4.390334e-03 -1.739810e-04 3.042279e-03)
328           	(2.554882e-01 -2.821870e+02 9.099434e+02)	(2.510971e-01 -2.821868e+02 9.099404e+02)	(4.391116e-03 -1.690780e-04 3.026257e-03)
329           	(2.563310e-01 -2.821862e+02 9.099423e+02)	(2.519393e-01 -2.821860e+02 9.099393e+02)	(4.391703e-03 -1.641591e-04 3.009754e-03)
330           	(2.571707e-01 -2.821854e+02 9.099412e+02)	(2.527786e-01 -2.821852e+02 9.099382e+02)	(4.392097e-03 -1.592691e-04 2.992882e-03)
331           	(2.580088e-01 -2.821846e+02 9.099401e+02)	(2.536164e-01 -2.821844e+02 9.099371e+02)	(4.392427e-03 -1.543617e-04 2.975707e-03)
332           	(2.588606e-01 -2.821838e+02 9.099390e+02)	(2.544679e-01 -2.821836e+02 9.099360e+02)	(4.392766e-03 -1.493285e-04 2.958293e-03)
333           	(2.597051e-01 -2.821830e+02 9.099379e+02)	(2.553119e-01 -2.821828e+02 9.099350e+02)	(4.393214e-03 -1.440849e-04 2.940649e-03)
334           	(2.605366e-01 -2.821822e+02 9.099369e+02)	(2.561429e-01 -2.821821e+02 9.099339e+02)	(4.393701e-03 -1.387651e-04 2.923026e-03)
335           	(2.613488e-01 -2.821815e+02 9.099358e+02)	(2.569544e-01 -2.821813e+02 9.099329e+02)	(4.394373e-03 -1.332263e-04 2.905320e-03)
336           	(2.621369e-01 -2.821807e+02 9.099348e+02)	(2.577418e-01 -2.821806e+02 9.099319e+02)	(4.395085e-03 -1.275404e-04 2.887751e-03)
337           	(2.628966e-01 -2.821801e+02 9.099337e+02)	(2.585007e-01 -2.821799e+02 9.099309e+02)	(4.395928e-03 -1.217484e-04 2.870296e-03)
338           	(2.636233e-01 -2.821794e+02 9.099327e+02)	(2.592266e-01 -2.821793e+02 9.099299e+02)	(4.396772e-03 -1.158318e-04 2.853029e-03)
339           	(2.644385e-01 -2.821787e+02 9.099316e+02)	(2.600404e-01 -2.821786e+02 9.099288e+02)	(4.398164e-03 -1.099098e-04 2.835669e-03)
340           	(2.650369e-01 -2.821782e+02 9.099307e+02)	(2.606376e-01 -2.821781e+02 9.099278e+02)	(4.399278e-03 -1.039883e-04 2.818613e-03)
341           	(2.655536e-01 -2.821777e+02 9.099297e+02)	(2.611533e-01 -2.821776e+02 9.099269e+02)	(4.400268e-03 -9.813477e-05 2.801600e-03)
342           	(2.661073e-01 -2.821773e+02 9.099287e+02)	(2.617063e-01 -2.821772e+02 9.099259e+02)	(4.401094e-03 -9.245320e-05 2.784781e-03)
343           	(2.668666e-01 -2.821766e+02 9.099275e+02)	(2.624638e-01 -2.821765e+02 9.099247e+02)	(4.402770e-03 -8.722924e-05 2.767793e-03)
344           	(2.672995e-01 -2.821762e+02 9.099265e+02)	(2.628955e-01 -2.821762e+02 9.099238e+02)	(4.403928e-03 -8.238793e-05 2.751050e-03)
345           	(2.677036e-01 -2.821759e+02 9.099256e+02)	(2.632988e-01 -2.821759e+02 9.099229e+02)	(4.404843e-03 -7.801305e-05 2.734226e-03)
346           	(2.680763e-01 -2.821757e+02 9.099247e+02)	(2.636709e-01 -2.821756e+02 9.099220e+02)	(4.405453e-03 -7.431965e-05 2.717530e-03)
347           	(2.687439e-01 -2.821751e+02 9.099232e+02)	(2.643369e-01 -2.821750e+02 9.099205e+02)	(4.407010e-03 -7.150951e-05 2.700586e-03)
348           	(2.690217e-01 -2.821749e+02 9.099224e+02)	(2.646137e-01 -2.821749e+02 9.099197e+02)	(4.407994e-03 -6.945576e-05 2.683905e-03)
349           	(2.692355e-01 -2.821749e+02 9.099215e+02)	(2.648268e-01 -2.821748e+02 9.099188e+02)	(4.408737e-03 -6.814365e-05 2.667204e-03)
350           	(2.693963e-01 -2.821749e+02 9.099207e+02)	(2.649871e-01 -2.821748e+02 9.099180e+02)	(4.409244e-03 -6.777696e-05 2.650838e-03)
351           	(2.695022e-01 -2.821749e+02 9.099198e+02)	(2.650923e-01 -2.821748e+02 9.099172e+02)	(4.409869e-03 -6.829587e-05 2.634580e-03)
352           	(2.695516e-01 -2.821750e+02 9.099191e+02)	(2.651410e-01 -2.821750e+02 9.099164e+02)	(4.410527e-03 -6.983630e-05 2.618692e-03)
353           	(2.695439e-01 -2.821752e+02 9.099183e+02)	(2.651323e-01 -2.821751e+02 9.099157e+02)	(4.411542e-03 -7.242215e-05 2.602938e-03)
354           	(2.694869e-01 -2.821755e+02 9.099176e+02)	(2.650742e-01 -2.821754e+02 9.099150e+02)	(4.412766e-03 -7.615413e-05 2.587540e-03)
355           	(2.693742e-01 -2.821758e+02 9.099169e+02)	(2.649598e-01 -2.821757e+02 9.099143e+02)	(4.414439e-03 -8.102005e-05 2.572301e-03)
356           	(2.695250e-01 -2.821757e+02 9.099156e+02)	(2.651077e-01 -2.821757e+02 9.099130e+02)	(4.417332e-03 -8.716994e-05 2.557305e-03)
357           	(2.693035e-01 -2.821762e+02 9.099150e+02)	(2.648832e-01 -2.821761e+02 9.099125e+02)	(4.420260e-03 -9.406845e-05 2.542637e-03)
358           	(2.690272e-01 -2.821766e+02 9.099145e+02)	(2.646040e-01 -2.821765e+02 9.099120e+02)	(4.423191e-03 -1.017408e-04 2.528339e-03)
359           	(2.686990e-01 -2.821772e+02 9.099141e+02)	(2.642728e-01 -2.821771e+02 9.099115e+02)	(4.426193e-03 -1.101636e-04 2.514640e-03)
360           	(2.683107e-01 -2.821778e+02 9.099137e+02)	(2.638814e-01 -2.821777e+02 9.099112e+02)	(4.429268e-03 -1.193204e-04 2.501663e-03)
361           	(2.678747e-01 -2.821784e+02 9.099134e+02)	(2.634422e-01 -2.821783e+02 9.099109e+02)	(4.432473e-03 -1.290561e-04 2.489392e-03)
362           	(2.673841e-01 -2.821791e+02 9.099131e+02)	(2.629484e-01 -2.821790e+02 9.099106e+02)	(4.435689e-03 -1.393601e-04 2.478048e-03)
363           	(2.668162e-01 -2.821799e+02 9.099129e+02)	(2.623773e-01 -2.821797e+02 9.099105e+02)	(4.438826e-03 -1.501950e-04 2.467781e-03)
364           	(2.660731e-01 -2.821808e+02 9.099129e+02)	(2.616316e-01 -2.821806e+02 9.099105e+02)	(4.441507e-03 -1.612921e-04 2.458596e-03)
365           	(2.652704e-01 -2.821818e+02 9.099133e+02)	(2.608267e-01 -2.821816e+02 9.099108e+02)	(4.443748e-03 -1.725944e-04 2.450457e-03)
366           	(2.647385e-01 -2.821825e+02 9.099132e+02)	(2.602921e-01 -2.821823e+02 9.099108e+02)	(4.446488e-03 -1.841313e-04 2.443187e-03)
367           	(2.641981e-01 -2.821832e+02 9.099132e+02)	(2.597484e-01 -2.821830e+02 9.099107e+02)	(4.449685e-03 -1.958355e-04 2.436730e-03)
368           	(2.634437e-01 -2.821842e+02 9.099137e+02)	(2.589911e-01 -2.821840e+02 9.099112e+02)	(4.452609e-03 -2.074586e-04 2.430959e-03)
369           	(2.629120e-01 -2.821849e+02 9.099136e+02)	(2.584559e-01 -2.821847e+02 9.099112e+02)	(4.456050e-03 -2.192519e-04 2.425763e-03)
370           	(2.622368e-01 -2.821859e+02 9.099141e+02)	(2.577773e-01 -2.821856e+02 9.099117e+02)	(4.459508e-03 -2.309760e-04 2.421089e-03)
371           	(2.616043e-01 -2.821868e+02 9.099145e+02)	(2.571412e-01 -2.821865e+02 9.099121e+02)	(4.463116e-03 -2.428800e-04 2.416873e-03)
372           	(2.610711e-01 -2.821875e+02 9.099147e+02)	(2.566039e-01 -2.821872e+02 9.099123e+02)	(4.467168e-03 -2.548966e-04 2.412935e-03)
373           	(2.604110e-01 -2.821884e+02 9.099151e+02)	(2.559396e-01 -2.821881e+02 9.099127e+02)	(4.471317e-03 -2.671288e-04 2.409309e-03)
374           	(2.598491e-01 -2.821891e+02 9.099150e+02)	(2.553732e-01 -2.821888e+02 9.099126e+02)	(4.475883e-03 -2.795441e-04 2.405798e-03)
375           	(2.592612e-01 -2.821898e+02 9.099150e+02)	(2.547805e-01 -2.821895e+02 9.099126e+02)	(4.480731e-03 -2.922055e-04 2.402472e-03)
376           	(2.584449e-01 -2.821909e+02 9.099156e+02)	(2.539598e-01 -2.821906e+02 9.099132e+02)	(4.485171e-03 -3.049517e-04 2.399419e-03)
377           	(2.577860e-01 -2.821917e+02 9.099156e+02)	(2.532961e-01 -2.821913e+02 9.099132e+02)	(4.489889e-03 -3.178491e-04 2.396496e-03)
378           	(2.570750e-01 -2.821925e+02 9.099156e+02)	(2.525802e-01 -2.821921e+02 9.099132e+02)	(4.494718e-03 -3.308519e-04 2.393856e-03)
379           	(2.561586e-01 -2.821937e+02 9.099165e+02)	(2.516596e-01 -2.821933e+02 9.099141e+02)	(4.499015e-03 -3.437272e-04 2.391600e-03)
380           	(2.553671e-01 -2.821946e+02 9.099165e+02)	(2.508637e-01 -2.821942e+02 9.099141e+02)	(4.503398e-03 -3.565108e-04 2.389673e-03)
381           	(2.545347e-01 -2.821955e+02 9.099166e+02)	(2.500269e-01 -2.821951e+02 9.099142e+02)	(4.507742e-03 -3.691970e-04 2.388216e-03)
382           	(2.536676e-01 -2.821965e+02 9.099167e+02)	(2.491558e-01 -2.821961e+02 9.099143e+02)	(4.511864e-03 -3.816562e-04 2.387298e-03)
383           	(2.527746e-01 -2.821974e+02 9.099168e+02)	(2.482588e-01 -2.821970e+02 9.099145e+02)	(4.515758e-03 -3.937565e-04 2.386785e-03)
384           	(2.518640e-01 -2.821984e+02 9.099170e+02)	(2.473447e-01 -2.821980e+02 9.099146e+02)	(4.519305e-03 -4.054188e-04 2.386693e-03)
385           	(2.507004e-01 -2.821997e+02 9.099177e+02)	(2.461787e-01 -2.821993e+02 9.099153e+02)	(4.521683e-03 -4.162148e-04 2.386992e-03)
386           	(2.498139e-01 -2.822007e+02 9.099179e+02)	(2.452899e-01 -2.822003e+02 9.099155e+02)	(4.523947e-03 -4.265695e-04 2.387581e-03)
387           	(2.489337e-01 -2.822017e+02 9.099180e+02)	(2.444076e-01 -2.822012e+02 9.099156e+02)	(4.526066e-03 -4.363207e-04 2.388382e-03)
388           	(2.480586e-01 -2.822026e+02 9.099181e+02)	(2.435307e-01 -2.822022e+02 9.099157e+02)	(4.527823e-03 -4.454558e-04 2.389370e-03)
389           	(2.471842e-01 -2.822035e+02 9.099183e+02)	(2.426550e-01 -2.822031e+02 9.099159e+02)	(4.529153e-03 -4.539397e-04 2.390408e-03)
390           	(2.463041e-01 -2.822045e+02 9.099184e+02)	(2.417742e-01 -2.822040e+02 9.099160e+02)	(4.529901e-03 -4.619528e-04 2.391625e-03)
391           	(2.453966e-01 -2.822054e+02 9.099185e+02)	(2.408665e-01 -2.822050e+02 9.099161e+02)	(4.530055e-03 -4.694152e-04 2.392906e-03)
392           	(2.444621e-01 -2.822064e+02 9.099186e+02)	(2.399326e-01 -2.822059e+02 9.099162e+02)	(4.529563e-03 -4.764803e-04 2.394321e-03)
393           	(2.434980e-01 -2.822073e+02 9.099186e+02)	(2.389697e-01 -2.822068e+02 9.099162e+02)	(4.528367e-03 -4.832228e-04 2.395949e-03)
394           	(2.424760e-01 -2.822083e+02 9.099187e+02)	(2.379496e-01 -2.822078e+02 9.099163e+02)	(4.526419e-03 -4.897624e-04 2.397936e-03)
395           	(2.414017e-01 -2.822093e+02 9.099188e+02)	(2.368780e-01 -2.822088e+02 9.099164e+02)	(4.523742e-03 -4.961336e-04 2.400335e-03)
396           	(2.402784e-01 -2.822103e+02 9.099188e+02)	(2.357580e-01 -2.822098e+02 9.099164e+02)	(4.520372e-03 -5.023876e-04 2.403258e-03)
397           	(2.391385e-01 -2.822113e+02 9.099188e+02)	(2.346221e-01 -2.822108e+02 9.099164e+02)	(4.516463e-03 -5.085100e-04 2.406700e-03)
398           	(2.379778e-01 -2.822122e+02 9.099187e+02)	(2.334657e-01 -2.822117e+02 9.099162e+02)	(4.512117e-03 -5.145236e-04 2.410740e-03)
399           	(2.371522e-01 -2.822126e+02 9.099175e+02)	(2.326435e-01 -2.822121e+02 9.099151e+02)	(4.508700e-03 -5.208720e-04 2.415445e-03)
400           	(2.360220e-01 -2.822134e+02 9.099174e+02)	(2.315175e-01 -2.822129e+02 9.099150e+02)	(4.504526e-03 -5.266347e-04 2.420682e-03)
401           	(2.351296e-01 -2.822137e+02 9.099162e+02)	(2.306288e-01 -2.822132e+02 9.099138e+02)	(4.500829e-03 -5.326750e-04 2.426775e-03)
402           	(2.341262e-01 -2.822144e+02 9.099163e+02)	(2.296297e-01 -2.822139e+02 9.099138e+02)	(4.496447e-03 -5.379432e-04 2.433166e-03)
403           	(2.331848e-01 -2.822150e+02 9.099163e+02)	(2.286932e-01 -2.822145e+02 9.099138e+02)	(4.491575e-03 -5.426129e-04 2.440008e-03)
404           	(2.325926e-01 -2.822150e+02 9.099150e+02)	(2.281046e-01 -2.822144e+02 9.099125e+02)	(4.488006e-03 -5.474165e-04 2.447506e-03)
405           	(2.317998e-01 -2.822154e+02 9.099151e+02)	(2.273159e-01 -2.822149e+02 9.099126e+02)	(4.483943e-03 -5.514937e-04 2.455284e-03)
406           	(2.312157e-01 -2.822154e+02 9.099142e+02)	(2.267353e-01 -2.822149e+02 9.099118e+02)	(4.480401e-03 -5.553719e-04 2.463600e-03)
407           	(2.305653e-01 -2.822157e+02 9.099144e+02)	(2.260887e-01 -2.822152e+02 9.099120e+02)	(4.476575e-03 -5.585363e-04 2.471996e-03)
408           	(2.299748e-01 -2.822160e+02 9.099146e+02)	(2.255023e-01 -2.822154e+02 9.099121e+02)	(4.472508e-03 -5.612654e-04 2.480660e-03)
409           	(2.296178e-01 -2.822159e+02 9.099141e+02)	(2.251484e-01 -2.822153e+02 9.099116e+02)	(4.469348e-03 -5.639668e-04 2.489603e-03)
410           	(2.290695e-01 -2.822162e+02 9.099144e+02)	(2.246035e-01 -2.822156e+02 9.099119e+02)	(4.465933e-03 -5.664348e-04 2.498769e-03)
411           	(2.285458e-01 -2.822164e+02 9.099146e+02)	(2.240834e-01 -2.822158e+02 9.099121e+02)	(4.462369e-03 -5.686461e-04 2.508150e-03)
412           	(2.280315e-01 -2.822166e+02 9.099149e+02)	(2.235726e-01 -2.822160e+02 9.099124e+02)	(4.458821e-03 -5.708030e-04 2.517852e-03)
413           	(2.275935e-01 -2.822168e+02 9.099153e+02)	(2.231380e-01 -2.822162e+02 9.099128e+02)	(4.455507e-03 -5.729253e-04 2.527793e-03)
414           	(2.271453e-01 -2.822170e+02 9.099158e+02)	(2.226929e-01 -2.822164e+02 9.099132e+02)	(4.452397e-03 -5.749466e-04 2.538013e-03)
415           	(2.266922e-01 -2.822172e+02 9.099162e+02)	(2.222427e-01 -2.822167e+02 9.099137e+02)	(4.449483e-03 -5.769213e-04 2.548575e-03)
416           	(2.262446e-01 -2.822175e+02 9.099167e+02)	(2.217979e-01 -2.822169e+02 9.099141e+02)	(4.446749e-03 -5.788197e-04 2.559478e-03)
417           	(2.258170e-01 -2.822177e+02 9.099171e+02)	(2.213728e-01 -2.822171e+02 9.099145e+02)	(4.444227e-03 -5.805803e-04 2.570693e-03)
418           	(2.254249e-01 -2.822178e+02 9.099175e+02)	(2.209830e-01 -2.822173e+02 9.099149e+02)	(4.441881e-03 -5.822648e-04 2.582280e-03)
419           	(2.250994e-01 -2.822180e+02 9.099178e+02)	(2.206596e-01 -2.822174e+02 9.099153e+02)	(4.439788e-03 -5.836541e-04 2.594057e-03)
420           	(2.248295e-01 -2.822180e+02 9.099182e+02)	(2.203916e-01 -2.822174e+02 9.099156e+02)	(4.437819e-03 -5.847877e-04 2.606011e-03)
421           	(2.246221e-01 -2.822180e+02 9.099186e+02)	(2.201861e-01 -2.822175e+02 9.099160e+02)	(4.435965e-03 -5.856265e-04 2.617974e-03)
422           	(2.244804e-01 -2.822180e+02 9.099189e+02)	(2.200462e-01 -2.822174e+02 9.099163e+02)	(4.434236e-03 -5.862087e-04 2.629818e-03)
423           	(2.243853e-01 -2.822179e+02 9.099193e+02)	(2.199526e-01 -2.822173e+02 9.099166e+02)	(4.432653e-03 -5.865368e-04 2.641464e-03)
424           	(2.243540e-01 -2.822178e+02 9.099196e+02)	(2.199227e-01 -2.822172e+02 9.099169e+02)	(4.431253e-03 -5.865769e-04 2.652848e-03)
425           	(2.241104e-01 -2.822180e+02 9.099205e+02)	(2.196812e-01 -2.822174e+02 9.099179e+02)	(4.429267e-03 -5.860270e-04 2.664035e-03)
426           	(2.242637e-01 -2.822177e+02 9.099208e+02)	(2.198358e-01 -2.822171e+02 9.099181e+02)	(4.427902e-03 -5.853918e-04 2.674878e-03)
427           	(2.242871e-01 -2.822177e+02 9.099219e+02)	(2.198605e-01 -2.822172e+02 9.099192e+02)	(4.426600e-03 -5.842693e-04 2.685435e-03)
428           	(2.244586e-01 -2.822176e+02 9.099227e+02)	(2.200329e-01 -2.822170e+02 9.099200e+02)	(4.425608e-03 -5.828933e-04 2.695601e-03)
429           	(2.247870e-01 -2.822173e+02 9.099231e+02)	(2.203616e-01 -2.822167e+02 9.099203e+02)	(4.425415e-03 -5.815319e-04 2.705323e-03)
430           	(2.250841e-01 -2.822169e+02 9.099232e+02)	(2.206586e-01 -2.822163e+02 9.099205e+02)	(4.425525e-03 -5.799710e-04 2.714665e-03)
431           	(2.253411e-01 -2.822168e+02 9.099241e+02)	(2.209156e-01 -2.822162e+02 9.099214e+02)	(4.425486e-03 -5.779788e-04 2.723681e-03)
432           	(2.256886e-01 -2.822164e+02 9.099243e+02)	(2.212629e-01 -2.822158e+02 9.099215e+02)	(4.425701e-03 -5.759644e-04 2.732415e-03)
433           	(2.261931e-01 -2.822159e+02 9.099247e+02)	(2.217667e-01 -2.822153e+02 9.099219e+02)	(4.426371e-03 -5.737223e-04 2.740723e-03)
434           	(2.265050e-01 -2.822158e+02 9.099256e+02)	(2.220783e-01 -2.822152e+02 9.099229e+02)	(4.426635e-03 -5.711685e-04 2.748853e-03)
435           	(2.270530e-01 -2.822153e+02 9.099259e+02)	(2.226257e-01 -2.822147e+02 9.099231e+02)	(4.427364e-03 -5.685437e-04 2.756526e-03)
436           	(2.274043e-01 -2.822150e+02 9.099267e+02)	(2.229765e-01 -2.822145e+02 9.099239e+02)	(4.427797e-03 -5.657463e-04 2.763954e-03)
437           	(2.279832e-01 -2.822145e+02 9.099268e+02)	(2.235545e-01 -2.822139e+02 9.099240e+02)	(4.428735e-03 -5.629520e-04 2.770931e-03)
438           	(2.285789e-01 -2.822140e+02 9.099270e+02)	(2.241488e-01 -2.822134e+02 9.099242e+02)	(4.430037e-03 -5.602192e-04 2.777519e-03)
439           	(2.289978e-01 -2.822137e+02 9.099276e+02)	(2.245667e-01 -2.822131e+02 9.099248e+02)	(4.431082e-03 -5.573063e-04 2.783652e-03)
440           	(2.296318e-01 -2.822131e+02 9.099276e+02)	(2.251992e-01 -2.822126e+02 9.099248e+02)	(4.432589e-03 -5.545607e-04 2.789246e-03)
441           	(2.302920e-01 -2.822125e+02 9.099276e+02)	(2.258575e-01 -2.822120e+02 9.099248e+02)	(4.434553e-03 -5.518720e-04 2.794197e-03)
442           	(2.309693e-01 -2.822119e+02 9.099277e+02)	(2.265325e-01 -2.822114e+02 9.099249e+02)	(4.436817e-03 -5.492598e-04 2.798388e-03)
443           	(2.314828e-01 -2.822116e+02 9.099280e+02)	(2.270440e-01 -2.822110e+02 9.099252e+02)	(4.438806e-03 -5.466147e-04 2.801864e-03)
444           	(2.321519e-01 -2.822109e+02 9.099277e+02)	(2.277107e-01 -2.822104e+02 9.099249e+02)	(4.441169e-03 -5.442220e-04 2.804503e-03)
445           	(2.328606e-01 -2.822103e+02 9.099274e+02)	(2.284167e-01 -2.822098e+02 9.099246e+02)	(4.443936e-03 -5.419342e-04 2.806205e-03)
446           	(2.336582e-01 -2.822096e+02 9.099272e+02)	(2.292111e-01 -2.822091e+02 9.099244e+02)	(4.447092e-03 -5.397417e-04 2.806814e-03)
447           	(2.344304e-01 -2.822089e+02 9.099268e+02)	(2.299799e-01 -2.822084e+02 9.099240e+02)	(4.450470e-03 -5.376260e-04 2.806375e-03)
448           	(2.352846e-01 -2.822082e+02 9.099264e+02)	(2.308305e-01 -2.822077e+02 9.099236e+02)	(4.454038e-03 -5.356224e-04 2.804786e-03)
449           	(2.361018e-01 -2.822075e+02 9.099259e+02)	(2.316440e-01 -2.822069e+02 9.099231e+02)	(4.457760e-03 -5.336324e-04 2.802009e-03)
450           	(2.369321e-01 -2.822067e+02 9.099253e+02)	(2.324706e-01 -2.822062e+02 9.099225e+02)	(4.461535e-03 -5.317455e-04 2.798063e-03)
451           	(2.377859e-01 -2.822060e+02 9.099248e+02)	(2.333205e-01 -2.822055e+02 9.099220e+02)	(4.465441e-03 -5.298609e-04 2.792937e-03)
452           	(2.386580e-01 -2.822053e+02 9.099242e+02)	(2.341886e-01 -2.822047e+02 9.099214e+02)	(4.469433e-03 -5.280527e-04 2.786693e-03)
453           	(2.395404e-01 -2.822045e+02 9.099235e+02)	(2.350668e-01 -2.822040e+02 9.099208e+02)	(4.473614e-03 -5.262230e-04 2.779280e-03)
454           	(2.404903e-01 -2.822037e+02 9.099230e+02)	(2.360122e-01 -2.822032e+02 9.099202e+02)	(4.478017e-03 -5.244735e-04 2.770810e-03)
455           	(2.413455e-01 -2.822030e+02 9.099223e+02)	(2.368629e-01 -2.822025e+02 9.099196e+02)	(4.482544e-03 -5.227638e-04 2.761391e-03)
456           	(2.421832e-01 -2.822023e+02 9.099217e+02)	(2.376961e-01 -2.822018e+02 9.099189e+02)	(4.487090e-03 -5.212110e-04 2.751174e-03)
457           	(2.429966e-01 -2.822016e+02 9.099210e+02)	(2.385048e-01 -2.822011e+02 9.099183e+02)	(4.491751e-03 -5.197025e-04 2.740187e-03)
458           	(2.438289e-01 -2.822009e+02 9.099204e+02)	(2.393324e-01 -2.822004e+02 9.099177e+02)	(4.496488e-03 -5.182122e-04 2.728549e-03)
459           	(2.445879e-01 -2.822003e+02 9.099197e+02)	(2.400866e-01 -2.821997e+02 9.099170e+02)	(4.501245e-03 -5.167635e-04 2.716410e-03)
460           	(2.453225e-01 -2.821996e+02 9.099191e+02)	(2.408166e-01 -2.821991e+02 9.099164e+02)	(4.505913e-03 -5.153050e-04 2.703878e-03)
461           	(2.460349e-01 -2.821990e+02 9.099185e+02)	(2.415244e-01 -2.821985e+02 9.099158e+02)	(4.510545e-03 -5.137695e-04 2.691031e-03)
462           	(2.467231e-01 -2.821984e+02 9.099179e+02)	(2.422081e-01 -2.821979e+02 9.099152e+02)	(4.515088e-03 -5.120998e-04 2.677935e-03)
463           	(2.473854e-01 -2.821979e+02 9.099173e+02)	(2.428659e-01 -2.821973e+02 9.099146e+02)	(4.519542e-03 -5.102852e-04 2.664706e-03)
464           	(2.480196e-01 -2.821973e+02 9.099167e+02)	(2.434958e-01 -2.821968e+02 9.099141e+02)	(4.523803e-03 -5.083667e-04 2.651471e-03)
465           	(2.486221e-01 -2.821967e+02 9.099162e+02)	(2.440941e-01 -2.821962e+02 9.099136e+02)	(4.527915e-03 -5.062985e-04 2.638287e-03)
466           	(2.491890e-01 -2.821962e+02 9.099157e+02)	(2.446572e-01 -2.821957e+02 9.099131e+02)	(4.531806e-03 -5.041127e-04 2.625247e-03)
467           	(2.497176e-01 -2.821957e+02 9.099153e+02)	(2.451821e-01 -2.821952e+02 9.099126e+02)	(4.535462e-03 -5.018468e-04 2.612491e-03)
468           	(2.502060e-01 -2.821953e+02 9.099148e+02)	(2.456672e-01 -2.821948e+02 9.099122e+02)	(4.538873e-03 -4.995188e-04 2.600019e-03)
469           	(2.506541e-01 -2.821948e+02 9.099144e+02)	(2.461121e-01 -2.821943e+02 9.099118e+02)	(4.542008e-03 -4.972219e-04 2.588016e-03)
470           	(2.510617e-01 -2.821944e+02 9.099140e+02)	(2.465168e-01 -2.821939e+02 9.099115e+02)	(4.544855e-03 -4.949388e-04 2.576402e-03)
471           	(2.514291e-01 -2.821940e+02 9.099137e+02)	(2.468817e-01 -2.821935e+02 9.099111e+02)	(4.547364e-03 -4.927022e-04 2.565311e-03)
472           	(2.517559e-01 -2.821937e+02 9.099134e+02)	(2.472064e-01 -2.821932e+02 9.099108e+02)	(4.549499e-03 -4.905521e-04 2.554723e-03)
473           	(2.520419e-01 -2.821934e+02 9.099131e+02)	(2.474906e-01 -2.821929e+02 9.099105e+02)	(4.551272e-03 -4.884908e-04 2.544709e-03)
474           	(2.522721e-01 -2.821931e+02 9.099128e+02)	(2.477195e-01 -2.821926e+02 9.099103e+02)	(4.552636e-03 -4.865035e-04 2.535277e-03)
475           	(2.524668e-01 -2.821928e+02 9.099125e+02)	(2.479132e-01 -2.821923e+02 9.099100e+02)	(4.553590e-03 -4.846959e-04 2.526536e-03)
476           	(2.526235e-01 -2.821926e+02 9.099123e+02)	(2.480693e-01 -2.821921e+02 9.099098e+02)	(4.554193e-03 -4.829981e-04 2.518381e-03)
477           	(2.527023e-01 -2.821925e+02 9.099121e+02)	(2.481479e-01 -2.821920e+02 9.099096e+02)	(4.554406e-03 -4.814734e-04 2.510882e-03)
478           	(2.527586e-01 -2.821923e+02 9.099119e+02)	(2.482044e-01 -2.821918e+02 9.099094e+02)	(4.554231e-03 -4.800616e-04 2.504019e-03)
479           	(2.528138e-01 -2.821922e+02 9.099117e+02)	(2.482600e-01 -2.821917e+02 9.099092e+02)	(4.553720e-03 -4.786835e-04 2.497722e-03)
480           	(2.528503e-01 -2.821921e+02 9.099115e+02)	(2.482975e-01 -2.821916e+02 9.099090e+02)	(4.552857e-03 -4.773009e-04 2.491945e-03)
481           	(2.528685e-01 -2.821920e+02 9.099114e+02)	(2.483169e-01 -2.821915e+02 9.099089e+02)	(4.551642e-03 -4.758420e-04 2.486635e-03)
482           	(2.528679e-01 -2.821919e+02 9.099113e+02)	(2.483179e-01 -2.821914e+02 9.099088e+02)	(4.550027e-03 -4.743600e-04 2.481794e-03)
483           	(2.528472e-01 -2.821918e+02 9.099112e+02)	(2.482991e-01 -2.821913e+02 9.099087e+02)	(4.548092e-03 -4.727344e-04 2.477322e-03)
484           	(2.528040e-01 -2.821918e+02 9.099111e+02)	(2.482582e-01 -2.821913e+02 9.099087e+02)	(4.545751e-03 -4.710435e-04 2.473311e-03)
485           	(2.527368e-01 -2.821918e+02 9.099111e+02)	(2.481937e-01 -2.821913e+02 9.099086e+02)	(4.543066e-03 -4.691943e-04 2.469683e-03)
486           	(2.526442e-01 -2.821918e+02 9.099111e+02)	(2.481041e-01 -2.821913e+02 9.099086e+02)	(4.540049e-03 -4.672006e-04 2.466415e-03)
487           	(2.525246e-01 -2.821918e+02 9.099111e+02)	(2.479878e-01 -2.821914e+02 9.099086e+02)	(4.536725e-03 -4.650056e-04 2.463502e-03)
488           	(2.523764e-01 -2.821919e+02 9.099111e+02)	(2.478433e-01 -2.821915e+02 9.099086e+02)	(4.533060e-03 -4.626843e-04 2.460976e-03)
489           	(2.521983e-01 -2.821920e+02 9.099112e+02)	(2.476692e-01 -2.821916e+02 9.099087e+02)	(4.529127e-03 -4.601857e-04 2.458764e-03)
490           	(2.517572e-01 -2.821926e+02 9.099122e+02)	(2.472333e-01 -2.821921e+02 9.099097e+02)	(4.523962e-03 -4.573262e-04 2.457031e-03)
491           	(2.516173e-01 -2.821927e+02 9.099123e+02)	(2.470981e-01 -2.821923e+02 9.099098e+02)	(4.519173e-03 -4.544313e-04 2.455422e-03)
492           	(2.514046e-01 -2.821930e+02 9.099124e+02)	(2.468901e-01 -2.821925e+02 9.099100e+02)	(4.514521e-03 -4.516406e-04 2.454155e-03)
493           	(2.511300e-01 -2.821932e+02 9.099126e+02)	(2.466201e-01 -2.821928e+02 9.099101e+02)	(4.509821e-03 -4.489034e-04 2.453105e-03)
494           	(2.505789e-01 -2.821939e+02 9.099134e+02)	(2.460747e-01 -2.821935e+02 9.099110e+02)	(4.504265e-03 -4.461602e-04 2.452463e-03)
495           	(2.502326e-01 -2.821943e+02 9.099135e+02)	(2.457337e-01 -2.821938e+02 9.099111e+02)	(4.498902e-03 -4.435479e-04 2.451883e-03)
496           	(2.498637e-01 -2.821946e+02 9.099136e+02)	(2.453701e-01 -2.821942e+02 9.099112e+02)	(4.493625e-03 -4.411374e-04 2.451532e-03)
497           	(2.494819e-01 -2.821950e+02 9.099138e+02)	(2.449935e-01 -2.821946e+02 9.099113e+02)	(4.488410e-03 -4.388200e-04 2.451275e-03)
498           	(2.491018e-01 -2.821954e+02 9.099140e+02)	(2.446186e-01 -2.821950e+02 9.099115e+02)	(4.483210e-03 -4.367406e-04 2.451203e-03)
499           	(2.485043e-01 -2.821961e+02 9.099146e+02)	(2.440269e-01 -2.821957e+02 9.099122e+02)	(4.477437e-03 -4.346531e-04 2.451320e-03)
500           	(2.481117e-01 -2.821965e+02 9.099147e+02)	(2.436398e-01 -2.821961e+02 9.099123e+02)	(4.471818e-03 -4.328065e-04 2.451452e-03)
501           	(2.477204e-01 -2.821969e+02 9.099149e+02)	(2.432540e-01 -2.821965e+02 9.099124e+02)	(4.466396e-03 -4.310615e-04 2.451579e-03)
502           	(2.473301e-01 -2.821973e+02 9.099150e+02)	(2.428690e-01 -2.821969e+02 9.099125e+02)	(4.461100e-03 -4.294540e-04 2.451685e-03)
503           	(2.469418e-01 -2.821977e+02 9.099151e+02)	(2.424858e-01 -2.821973e+02 9.099126e+02)	(4.455962e-03 -4.279681e-04 2.451691e-03)
504           	(2.465568e-01 -2.821981e+02 9.099152e+02)	(2.421058e-01 -2.821977e+02 9.099127e+02)	(4.450938e-03 -4.267255e-04 2.451678e-03)
505           	(2.461742e-01 -2.821985e+02 9.099153e+02)	(2.417282e-01 -2.821981e+02 9.099128e+02)	(4.446085e-03 -4.256151e-04 2.451537e-03)
506           	(2.457936e-01 -2.821989e+02 9.099154e+02)	(2.413522e-01 -2.821985e+02 9.099129e+02)	(4.441371e-03 -4.247695e-04 2.451345e-03)
507           	(2.454172e-01 -2.821993e+02 9.099155e+02)	(2.409803e-01 -2.821989e+02 9.099130e+02)	(4.436866e-03 -4.239985e-04 2.450943e-03)
508           	(2.450399e-01 -2.821997e+02 9.099155e+02)	(2.406074e-01 -2.821993e+02 9.099131e+02)	(4.432527e-03 -4.235000e-04 2.450484e-03)
509           	(2.446600e-01 -2.822001e+02 9.099156e+02)	(2.402316e-01 -2.821997e+02 9.099132e+02)	(4.428420e-03 -4.231423e-04 2.449863e-03)
510           	(2.442808e-01 -2.822006e+02 9.099157e+02)	(2.398563e-01 -2.822001e+02 9.099132e+02)	(4.424505e-03 -4.230367e-04 2.449149e-03)
511           	(2.438904e-01 -2.822010e+02 9.099158e+02)	(2.394696e-01 -2.822006e+02 9.099133e+02)	(4.420839e-03 -4.231074e-04 2.448261e-03)
512           	(2.434943e-01 -2.822014e+02 9.099158e+02)	(2.390769e-01 -2.822010e+02 9.099134e+02)	(4.417413e-03 -4.234541e-04 2.447251e-03)
513           	(2.430896e-01 -2.822019e+02 9.099159e+02)	(2.386754e-01 -2.822015e+02 9.099134e+02)	(4.414218e-03 -4.241188e-04 2.446105e-03)
514           	(2.426833e-01 -2.822023e+02 9.099159e+02)	(2.382721e-01 -2.822019e+02 9.099135e+02)	(4.411263e-03 -4.250945e-04 2.444822e-03)
515           	(2.422773e-01 -2.822028e+02 9.099159e+02)	(2.378687e-01 -2.822024e+02 9.099135e+02)	(4.408562e-03 -4.262930e-04 2.443339e-03)
516           	(2.418724e-01 -2.822033e+02 9.099160e+02)	(2.374664e-01 -2.822028e+02 9.099135e+02)	(4.406044e-03 -4.278477e-04 2.441780e-03)
517           	(2.414692e-01 -2.822037e+02 9.099160e+02)	(2.370655e-01 -2.822033e+02 9.099135e+02)	(4.403724e-03 -4.296843e-04 2.440092e-03)
518           	(2.410682e-01 -2.822042e+02 9.099160e+02)	(2.366666e-01 -2.822037e+02 9.099136e+02)	(4.401577e-03 -4.317909e-04 2.438301e-03)
519           	(2.406653e-01 -2.822046e+02 9.099160e+02)	(2.362657e-01 -2.822042e+02 9.099136e+02)	(4.399580e-03 -4.341775e-04 2.436418e-03)
520           	(2.402625e-01 -2.822051e+02 9.099160e+02)	(2.358648e-01 -2.822047e+02 9.099135e+02)	(4.397703e-03 -4.369300e-04 2.434530e-03)
521           	(2.398616e-01 -2.822056e+02 9.099159e+02)	(2.354657e-01 -2.822051e+02 9.099135e+02)	(4.395945e-03 -4.399305e-04 2.432583e-03)
522           	(2.394565e-01 -2.822060e+02 9.099159e+02)	(2.350622e-01 -2.822056e+02 9.099135e+02)	(4.394307e-03 -4.432349e-04 2.430610e-03)
523           	(2.390552e-01 -2.822065e+02 9.099158e+02)	(2.346624e-01 -2.822060e+02 9.099134e+02)	(4.392772e-03 -4.468551e-04 2.428640e-03)
524           	(2.387256e-01 -2.822068e+02 9.099155e+02)	(2.343339e-01 -2.822064e+02 9.099130e+02)	(4.391636e-03 -4.508722e-04 2.426700e-03)
525           	(2.383107e-01 -2.822073e+02 9.099154e+02)	(2.339202e-01 -2.822068e+02 9.099130e+02)	(4.390461e-03 -4.551000e-04 2.424808e-03)
526           	(2.379094e-01 -2.822077e+02 9.099150e+02)	(2.335199e-01 -2.822072e+02 9.099126e+02)	(4.389438e-03 -4.598172e-04 2.423048e-03)
527           	(2.374993e-01 -2.822081e+02 9.099150e+02)	(2.331109e-01 -2.822077e+02 9.099125e+02)	(4.388394e-03 -4.646753e-04 2.421321e-03)
528           	(2.371341e-01 -2.822085e+02 9.099146e+02)	(2.327465e-01 -2.822080e+02 9.099122e+02)	(4.387595e-03 -4.699265e-04 2.419723e-03)
529           	(2.367103e-01 -2.822089e+02 9.099145e+02)	(2.323236e-01 -2.822085e+02 9.099121e+02)	(4.386707e-03 -4.753422e-04 2.418256e-03)
530           	(2.362697e-01 -2.822094e+02 9.099145e+02)	(2.318839e-01 -2.822089e+02 9.099121e+02)	(4.385754e-03 -4.809869e-04 2.416987e-03)
531           	(2.358006e-01 -2.822099e+02 9.099143e+02)	(2.314158e-01 -2.822094e+02 9.099119e+02)	(4.384771e-03 -4.867905e-04 2.415925e-03)
532           	(2.353829e-01 -2.822103e+02 9.099140e+02)	(2.309988e-01 -2.822098e+02 9.099115e+02)	(4.384112e-03 -4.930067e-04 2.415169e-03)
533           	(2.349009e-01 -2.822108e+02 9.099139e+02)	(2.305176e-01 -2.822103e+02 9.099115e+02)	(4.383350e-03 -4.992617e-04 2.414717e-03)
534           	(2.344121e-01 -2.822112e+02 9.099138e+02)	(2.300295e-01 -2.822107e+02 9.099114e+02)	(4.382535e-03 -5.056331e-04 2.414636e-03)
535           	(2.339597e-01 -2.822117e+02 9.099135e+02)	(2.295777e-01 -2.822111e+02 9.099111e+02)	(4.381985e-03 -5.123144e-04 2.415028e-03)
536           	(2.334499e-01 -2.822122e+02 9.099136e+02)	(2.290685e-01 -2.822116e+02 9.099111e+02)	(4.381333e-03 -5.189846e-04 2.415857e-03)
537           	(2.329227e-01 -2.822127e+02 9.099136e+02)	(2.285421e-01 -2.822121e+02 9.099112e+02)	(4.380564e-03 -5.257030e-04 2.417223e-03)
538           	(2.323765e-01 -2.822132e+02 9.099136e+02)	(2.279967e-01 -2.822127e+02 9.099112e+02)	(4.379773e-03 -5.323893e-04 2.419110e-03)
539           	(2.318660e-01 -2.822136e+02 9.099134e+02)	(2.274868e-01 -2.822131e+02 9.099109e+02)	(4.379213e-03 -5.393953e-04 2.421735e-03)
540           	(2.313206e-01 -2.822141e+02 9.099135e+02)	(2.269421e-01 -2.822136e+02 9.099110e+02)	(4.378565e-03 -5.462961e-04 2.424946e-03)
541           	(2.307746e-01 -2.822146e+02 9.099136e+02)	(2.263969e-01 -2.822141e+02 9.099111e+02)	(4.377780e-03 -5.530600e-04 2.428751e-03)
542           	(2.302306e-01 -2.822151e+02 9.099137e+02)	(2.258537e-01 -2.822146e+02 9.099112e+02)	(4.376962e-03 -5.597703e-04 2.433193e-03)
543           	(2.296909e-01 -2.822156e+02 9.099138e+02)	(2.253148e-01 -2.822150e+02 9.099113e+02)	(4.376113e-03 -5.663942e-04 2.438272e-03)
544           	(2.292624e-01 -2.822159e+02 9.099136e+02)	(2.248867e-01 -2.822153e+02 9.099111e+02)	(4.375687e-03 -5.730900e-04 2.444021e-03)
545           	(2.287807e-01 -2.822163e+02 9.099137e+02)	(2.244056e-01 -2.822157e+02 9.099113e+02)	(4.375076e-03 -5.795486e-04 2.450285e-03)
546           	(2.283256e-01 -2.822167e+02 9.099139e+02)	(2.239513e-01 -2.822161e+02 9.099115e+02)	(4.374323e-03 -5.856256e-04 2.456894e-03)
547           	(2.278992e-01 -2.822170e+02 9.099141e+02)	(2.235258e-01 -2.822164e+02 9.099116e+02)	(4.373478e-03 -5.914496e-04 2.463918e-03)
548           	(2.275036e-01 -2.822173e+02 9.099143e+02)	(2.231310e-01 -2.822167e+02 9.099118e+02)	(4.372606e-03 -5.970147e-04 2.471299e-03)
549           	(2.271400e-01 -2.822176e+02 9.099145e+02)	(2.227683e-01 -2.822170e+02 9.099120e+02)	(4.371706e-03 -6.023551e-04 2.479043e-03)
550           	(2.268133e-01 -2.822178e+02 9.099146e+02)	(2.224424e-01 -2.822172e+02 9.099121e+02)	(4.370836e-03 -6.073863e-04 2.487060e-03)
551           	(2.265258e-01 -2.822180e+02 9.099148e+02)	(2.221558e-01 -2.822174e+02 9.099123e+02)	(4.370006e-03 -6.121699e-04 2.495341e-03)
552           	(2.263259e-01 -2.822181e+02 9.099150e+02)	(2.219566e-01 -2.822175e+02 9.099125e+02)	(4.369360e-03 -6.165070e-04 2.503687e-03)
553           	(2.261467e-01 -2.822182e+02 9.099153e+02)	(2.217779e-01 -2.822176e+02 9.099128e+02)	(4.368809e-03 -6.205482e-04 2.512223e-03)
554           	(2.259862e-01 -2.822183e+02 9.099155e+02)	(2.216178e-01 -2.822177e+02 9.099130e+02)	(4.368350e-03 -6.241722e-04 2.520846e-03)
555           	(2.258443e-01 -2.822184e+02 9.099158e+02)	(2.214764e-01 -2.822177e+02 9.099132e+02)	(4.367950e-03 -6.274502e-04 2.529618e-03)
556           	(2.257226e-01 -2.822184e+02 9.099160e+02)	(2.213550e-01 -2.822178e+02 9.099135e+02)	(4.367630e-03 -6.303406e-04 2.538510e-03)
557           	(2.256229e-01 -2.822184e+02 9.099162e+02)	(2.212555e-01 -2.822178e+02 9.099137e+02)	(4.367373e-03 -6.328561e-04 2.547511e-03)
558           	(2.255344e-01 -2.822184e+02 9.099165e+02)	(2.211672e-01 -2.822178e+02 9.099139e+02)	(4.367218e-03 -6.349508e-04 2.556588e-03)
559           	(2.254741e-01 -2.822184e+02 9.099167e+02)	(2.211070e-01 -2.822178e+02 9.099142e+02)	(4.367126e-03 -6.367001e-04 2.565777e-03)
560           	(2.254430e-01 -2.822184e+02 9.099170e+02)	(2.210758e-01 -2.822177e+02 9.099144e+02)	(4.367184e-03 -6.380234e-04 2.574981e-03)
561           	(2.254412e-01 -2.822183e+02 9.099172e+02)	(2.210738e-01 -2.822177e+02 9.099147e+02)	(4.367371e-03 -6.389553e-04 2.584212e-03)
562           	(2.254682e-01 -2.822182e+02 9.099175e+02)	(2.211005e-01 -2.822176e+02 9.099149e+02)	(4.367717e-03 -6.394724e-04 2.593396e-03)
563           	(2.255304e-01 -2.822181e+02 9.099178e+02)	(2.211622e-01 -2.822175e+02 9.099152e+02)	(4.368204e-03 -6.396466e-04 2.602565e-03)
564           	(2.256186e-01 -2.822180e+02 9.099181e+02)	(2.212498e-01 -2.822173e+02 9.099154e+02)	(4.368833e-03 -6.394460e-04 2.611636e-03)
565           	(2.257320e-01 -2.822178e+02 9.099183e+02)	(2.213624e-01 -2.822172e+02 9.099157e+02)	(4.369584e-03 -6.388718e-04 2.620566e-03)
566           	(2.258710e-01 -2.822176e+02 9.099186e+02)	(2.215006e-01 -2.822170e+02 9.099159e+02)	(4.370463e-03 -6.379255e-04 2.629301e-03)
567           	(2.260298e-01 -2.822174e+02 9.099188e+02)	(2.216584e-01 -2.822168e+02 9.099162e+02)	(4.371413e-03 -6.366163e-04 2.637808e-03)
568           	(2.262165e-01 -2.822172e+02 9.099190e+02)	(2.218440e-01 -2.822166e+02 9.099164e+02)	(4.372430e-03 -6.350048e-04 2.646057e-03)
569           	(2.264268e-01 -2.822170e+02 9.099193e+02)	(2.220533e-01 -2.822163e+02 9.099166e+02)	(4.373508e-03 -6.331026e-04 2.654015e-03)
570           	(2.266785e-01 -2.822167e+02 9.099194e+02)	(2.223038e-01 -2.822161e+02 9.099168e+02)	(4.374748e-03 -6.308507e-04 2.661530e-03)
571           	(2.269434e-01 -2.822164e+02 9.099196e+02)	(2.225675e-01 -2.822158e+02 9.099170e+02)	(4.375969e-03 -6.283084e-04 2.668677e-03)
572           	(2.272475e-01 -2.822161e+02 9.099198e+02)	(2.228701e-01 -2.822155e+02 9.099171e+02)	(4.377328e-03 -6.255253e-04 2.675370e-03)
573           	(2.274670e-01 -2.822159e+02 9.099201e+02)	(2.230886e-01 -2.822153e+02 9.099174e+02)	(4.378415e-03 -6.223199e-04 2.681554e-03)
574           	(2.278195e-01 -2.822155e+02 9.099202e+02)	(2.234398e-01 -2.822149e+02 9.099175e+02)	(4.379740e-03 -6.189793e-04 2.687248e-03)
575           	(2.282011e-01 -2.822152e+02 9.099202e+02)	(2.238199e-01 -2.822145e+02 9.099175e+02)	(4.381215e-03 -6.154880e-04 2.692497e-03)
576           	(2.286640e-01 -2.822147e+02 9.099203e+02)	(2.242811e-01 -2.822141e+02 9.099176e+02)	(4.382917e-03 -6.116597e-04 2.697097e-03)
577           	(2.291650e-01 -2.822142e+02 9.099204e+02)	(2.247803e-01 -2.822136e+02 9.099177e+02)	(4.384757e-03 -6.075693e-04 2.701171e-03)
578           	(2.297016e-01 -2.822137e+02 9.099205e+02)	(2.253148e-01 -2.822131e+02 9.099178e+02)	(4.386785e-03 -6.032113e-04 2.704630e-03)
579           	(2.301728e-01 -2.822134e+02 9.099209e+02)	(2.257843e-01 -2.822128e+02 9.099182e+02)	(4.388534e-03 -5.984491e-04 2.707546e-03)
580           	(2.307156e-01 -2.822129e+02 9.099209e+02)	(2.263252e-01 -2.822123e+02 9.099182e+02)	(4.390412e-03 -5.935816e-04 2.709970e-03)
581           	(2.312687e-01 -2.822124e+02 9.099210e+02)	(2.268763e-01 -2.822118e+02 9.099182e+02)	(4.392367e-03 -5.886141e-04 2.711915e-03)
582           	(2.317293e-01 -2.822120e+02 9.099213e+02)	(2.273353e-01 -2.822115e+02 9.099186e+02)	(4.393928e-03 -5.833159e-04 2.713321e-03)
583           	(2.322782e-01 -2.822116e+02 9.099213e+02)	(2.278826e-01 -2.822110e+02 9.099186e+02)	(4.395586e-03 -5.780531e-04 2.714350e-03)
584           	(2.328246e-01 -2.822111e+02 9.099213e+02)	(2.284273e-01 -2.822105e+02 9.099186e+02)	(4.397249e-03 -5.727266e-04 2.714945e-03)
585           	(2.332923e-01 -2.822107e+02 9.099216e+02)	(2.288939e-01 -2.822102e+02 9.099189e+02)	(4.398458e-03 -5.670392e-04 2.714983e-03)
586           	(2.338218e-01 -2.822103e+02 9.099215e+02)	(2.294221e-01 -2.822097e+02 9.099188e+02)	(4.399706e-03 -5.613890e-04 2.714668e-03)
587           	(2.343456e-01 -2.822098e+02 9.099215e+02)	(2.299447e-01 -2.822093e+02 9.099188e+02)	(4.400870e-03 -5.557474e-04 2.713988e-03)
588           	(2.348676e-01 -2.822094e+02 9.099214e+02)	(2.304656e-01 -2.822088e+02 9.099187e+02)	(4.401961e-03 -5.499355e-04 2.712814e-03)
589           	(2.352911e-01 -2.822091e+02 9.099217e+02)	(2.308887e-01 -2.822085e+02 9.099190e+02)	(4.402461e-03 -5.438405e-04 2.711219e-03)
590           	(2.358000e-01 -2.822086e+02 9.099216e+02)	(2.313971e-01 -2.822081e+02 9.099188e+02)	(4.402962e-03 -5.376667e-04 2.709207e-03)
591           	(2.363043e-01 -2.822082e+02 9.099214e+02)	(2.319009e-01 -2.822076e+02 9.099187e+02)	(4.403389e-03 -5.313928e-04 2.706785e-03)
592           	(2.368032e-01 -2.822077e+02 9.099213e+02)	(2.323995e-01 -2.822072e+02 9.099186e+02)	(4.403706e-03 -5.249930e-04 2.703931e-03)
593           	(2.372951e-01 -2.822073e+02 9.099212e+02)	(2.328913e-01 -2.822068e+02 9.099185e+02)	(4.403837e-03 -5.184854e-04 2.700662e-03)
594           	(2.377044e-01 -2.822070e+02 9.099212e+02)	(2.333009e-01 -2.822065e+02 9.099185e+02)	(4.403579e-03 -5.116906e-04 2.696878e-03)
595           	(2.381749e-01 -2.822066e+02 9.099210e+02)	(2.337717e-01 -2.822061e+02 9.099183e+02)	(4.403182e-03 -5.049336e-04 2.692744e-03)
596           	(2.386186e-01 -2.822062e+02 9.099207e+02)	(2.342159e-01 -2.822057e+02 9.099180e+02)	(4.402640e-03 -4.981279e-04 2.688215e-03)
597           	(2.390603e-01 -2.822059e+02 9.099204e+02)	(2.346584e-01 -2.822054e+02 9.099178e+02)	(4.401925e-03 -4.913258e-04 2.683244e-03)
598           	(2.394978e-01 -2.822055e+02 9.099201e+02)	(2.350968e-01 -2.822050e+02 9.099175e+02)	(4.401016e-03 -4.845792e-04 2.677881e-03)
599           	(2.399266e-01 -2.822051e+02 9.099198e+02)	(2.355266e-01 -2.822046e+02 9.099172e+02)	(4.399954e-03 -4.778370e-04 2.672011e-03)
600           	(2.403370e-01 -2.822047e+02 9.099195e+02)	(2.359384e-01 -2.822043e+02 9.099168e+02)	(4.398654e-03 -4.712624e-04 2.665768e-03)
601           	(2.407294e-01 -2.822044e+02 9.099191e+02)	(2.363322e-01 -2.822040e+02 9.099165e+02)	(4.397129e-03 -4.648173e-04 2.659101e-03)
602           	(2.410991e-01 -2.822041e+02 9.099188e+02)	(2.367038e-01 -2.822036e+02 9.099161e+02)	(4.395353e-03 -4.586040e-04 2.652110e-03)
603           	(2.414425e-01 -2.822038e+02 9.099184e+02)	(2.370492e-01 -2.822034e+02 9.099157e+02)	(4.393338e-03 -4.525025e-04 2.644739e-03)
604           	(2.417571e-01 -2.822035e+02 9.099180e+02)	(2.373660e-01 -2.822031e+02 9.099154e+02)	(4.391080e-03 -4.466602e-04 2.637092e-03)
605           	(2.420413e-01 -2.822033e+02 9.099176e+02)	(2.376527e-01 -2.822029e+02 9.099150e+02)	(4.388570e-03 -4.410017e-04 2.629199e-03)
606           	(2.422895e-01 -2.822031e+02 9.099172e+02)	(2.379037e-01 -2.822027e+02 9.099146e+02)	(4.385809e-03 -4.355988e-04 2.621133e-03)
607           	(2.425081e-01 -2.822029e+02 9.099168e+02)	(2.381253e-01 -2.822025e+02 9.099142e+02)	(4.382827e-03 -4.303899e-04 2.612892e-03)
608           	(2.426978e-01 -2.822028e+02 9.099164e+02)	(2.383182e-01 -2.822024e+02 9.099138e+02)	(4.379618e-03 -4.255070e-04 2.604605e-03)
609           	(2.429180e-01 -2.822026e+02 9.099159e+02)	(2.385416e-01 -2.822022e+02 9.099133e+02)	(4.376396e-03 -4.208834e-04 2.596212e-03)
