# Moment      
# CofR        : (0.000000e+00 0.000000e+00 0.000000e+00)
#
# Time        	(total_x total_y total_z)	(pressure_x pressure_y pressure_z)	(viscous_x viscous_y viscous_z)
1             	(2.214495e+02 -7.554859e+00 3.803923e+01)	(2.214500e+02 -7.556307e+00 3.804944e+01)	(-4.607803e-04 1.447726e-03 -1.020082e-02)
2             	(2.215236e+02 -7.613650e+00 3.861282e+01)	(2.215239e+02 -7.614977e+00 3.861941e+01)	(-3.801567e-04 1.326294e-03 -6.590848e-03)
3             	(2.217169e+02 -7.743027e+00 3.997048e+01)	(2.217172e+02 -7.744206e+00 3.997419e+01)	(-2.632064e-04 1.178219e-03 -3.715750e-03)
4             	(2.219880e+02 -7.885160e+00 4.159067e+01)	(2.219880e+02 -7.886170e+00 4.159310e+01)	(-1.465200e-06 1.010084e-03 -2.430443e-03)
5             	(2.223015e+02 -7.984075e+00 4.301921e+01)	(2.223012e+02 -7.984918e+00 4.302151e+01)	(3.772207e-04 8.422589e-04 -2.303556e-03)
6             	(2.224615e+02 -8.046355e+00 4.382679e+01)	(2.224608e+02 -8.047038e+00 4.382964e+01)	(6.924715e-04 6.826590e-04 -2.847695e-03)
7             	(2.224526e+02 -8.064735e+00 4.396670e+01)	(2.224517e+02 -8.065302e+00 4.397045e+01)	(9.362800e-04 5.672905e-04 -3.753205e-03)
8             	(2.223387e+02 -8.049591e+00 4.365834e+01)	(2.223377e+02 -8.050095e+00 4.366286e+01)	(1.077157e-03 5.037205e-04 -4.523181e-03)
9             	(2.221615e+02 -8.014300e+00 4.308280e+01)	(2.221604e+02 -8.014801e+00 4.308775e+01)	(1.075674e-03 5.010401e-04 -4.957295e-03)
10            	(2.219862e+02 -7.972655e+00 4.247299e+01)	(2.219852e+02 -7.973199e+00 4.247795e+01)	(9.111752e-04 5.435584e-04 -4.960010e-03)
11            	(2.218628e+02 -7.937117e+00 4.200989e+01)	(2.218622e+02 -7.937705e+00 4.201446e+01)	(6.637055e-04 5.875876e-04 -4.562332e-03)
12            	(2.218134e+02 -7.916094e+00 4.177527e+01)	(2.218129e+02 -7.916705e+00 4.177923e+01)	(4.818863e-04 6.110771e-04 -3.956750e-03)
13            	(2.218237e+02 -7.910583e+00 4.174837e+01)	(2.218233e+02 -7.911194e+00 4.175170e+01)	(3.855402e-04 6.106032e-04 -3.334828e-03)
14            	(2.218744e+02 -7.915064e+00 4.185018e+01)	(2.218741e+02 -7.915656e+00 4.185301e+01)	(3.824654e-04 5.915528e-04 -2.834552e-03)
15            	(2.219488e+02 -7.927395e+00 4.203859e+01)	(2.219483e+02 -7.927950e+00 4.204111e+01)	(4.651096e-04 5.543592e-04 -2.527248e-03)
16            	(2.220199e+02 -7.942033e+00 4.223717e+01)	(2.220193e+02 -7.942539e+00 4.223958e+01)	(6.086224e-04 5.058295e-04 -2.405330e-03)
17            	(2.220662e+02 -7.954096e+00 4.238639e+01)	(2.220655e+02 -7.954553e+00 4.238881e+01)	(7.711840e-04 4.567797e-04 -2.416815e-03)
18            	(2.220843e+02 -7.961343e+00 4.246457e+01)	(2.220833e+02 -7.961759e+00 4.246707e+01)	(9.102550e-04 4.158852e-04 -2.501468e-03)
19            	(2.220785e+02 -7.963265e+00 4.247301e+01)	(2.220775e+02 -7.963654e+00 4.247561e+01)	(1.006527e-03 3.887093e-04 -2.603860e-03)
20            	(2.220574e+02 -7.961577e+00 4.243984e+01)	(2.220563e+02 -7.961951e+00 4.244252e+01)	(1.063285e-03 3.742746e-04 -2.680671e-03)
21            	(2.220294e+02 -7.957670e+00 4.238496e+01)	(2.220283e+02 -7.958040e+00 4.238767e+01)	(1.085795e-03 3.698587e-04 -2.703354e-03)
22            	(2.220007e+02 -7.952983e+00 4.232593e+01)	(2.219997e+02 -7.953355e+00 4.232860e+01)	(1.080534e-03 3.717037e-04 -2.666802e-03)
23            	(2.219756e+02 -7.948484e+00 4.227273e+01)	(2.219745e+02 -7.948860e+00 4.227531e+01)	(1.053379e-03 3.765675e-04 -2.583767e-03)
24            	(2.219648e+02 -7.945695e+00 4.224538e+01)	(2.219638e+02 -7.946073e+00 4.224785e+01)	(1.026559e-03 3.782684e-04 -2.470303e-03)
25            	(2.219631e+02 -7.944613e+00 4.223765e+01)	(2.219621e+02 -7.944989e+00 4.224000e+01)	(1.009958e-03 3.752355e-04 -2.349249e-03)
26            	(2.219668e+02 -7.944814e+00 4.224278e+01)	(2.219658e+02 -7.945181e+00 4.224502e+01)	(1.004913e-03 3.674002e-04 -2.237623e-03)
27            	(2.219737e+02 -7.946039e+00 4.225546e+01)	(2.219727e+02 -7.946394e+00 4.225761e+01)	(1.011163e-03 3.556795e-04 -2.147551e-03)
28            	(2.219824e+02 -7.947645e+00 4.227226e+01)	(2.219813e+02 -7.947986e+00 4.227434e+01)	(1.027467e-03 3.413745e-04 -2.080600e-03)
29            	(2.219891e+02 -7.949199e+00 4.228723e+01)	(2.219880e+02 -7.949526e+00 4.228927e+01)	(1.049978e-03 3.266282e-04 -2.034885e-03)
30            	(2.219926e+02 -7.950324e+00 4.229701e+01)	(2.219916e+02 -7.950637e+00 4.229901e+01)	(1.074250e-03 3.130059e-04 -2.004990e-03)
31            	(2.219938e+02 -7.950912e+00 4.230145e+01)	(2.219927e+02 -7.951213e+00 4.230343e+01)	(1.098010e-03 3.012065e-04 -1.983948e-03)
32            	(2.219921e+02 -7.950970e+00 4.230026e+01)	(2.219910e+02 -7.951261e+00 4.230223e+01)	(1.118951e-03 2.915950e-04 -1.966082e-03)
33            	(2.219907e+02 -7.950811e+00 4.229840e+01)	(2.219895e+02 -7.951095e+00 4.230034e+01)	(1.139719e-03 2.839014e-04 -1.947069e-03)
34            	(2.219890e+02 -7.950495e+00 4.229530e+01)	(2.219879e+02 -7.950773e+00 4.229722e+01)	(1.158572e-03 2.771716e-04 -1.922072e-03)
35            	(2.219873e+02 -7.950161e+00 4.229241e+01)	(2.219861e+02 -7.950433e+00 4.229430e+01)	(1.175834e-03 2.713020e-04 -1.891827e-03)
36            	(2.219862e+02 -7.949889e+00 4.229018e+01)	(2.219850e+02 -7.950155e+00 4.229204e+01)	(1.190903e-03 2.660861e-04 -1.857793e-03)
37            	(2.219850e+02 -7.949809e+00 4.228904e+01)	(2.219838e+02 -7.950070e+00 4.229086e+01)	(1.205007e-03 2.611781e-04 -1.822781e-03)
38            	(2.219855e+02 -7.949682e+00 4.228800e+01)	(2.219843e+02 -7.949939e+00 4.228979e+01)	(1.215227e-03 2.565575e-04 -1.787286e-03)
39            	(2.219856e+02 -7.949727e+00 4.228776e+01)	(2.219844e+02 -7.949979e+00 4.228952e+01)	(1.224243e-03 2.521813e-04 -1.755429e-03)
40            	(2.219861e+02 -7.949795e+00 4.228784e+01)	(2.219849e+02 -7.950043e+00 4.228957e+01)	(1.231732e-03 2.477514e-04 -1.726101e-03)
41            	(2.219871e+02 -7.949886e+00 4.228807e+01)	(2.219858e+02 -7.950130e+00 4.228977e+01)	(1.238183e-03 2.433993e-04 -1.700069e-03)
42            	(2.219880e+02 -7.949988e+00 4.228832e+01)	(2.219867e+02 -7.950227e+00 4.229000e+01)	(1.244173e-03 2.391446e-04 -1.677002e-03)
43            	(2.219884e+02 -7.950099e+00 4.228830e+01)	(2.219872e+02 -7.950334e+00 4.228996e+01)	(1.250123e-03 2.350021e-04 -1.656441e-03)
44            	(2.219888e+02 -7.950209e+00 4.228836e+01)	(2.219876e+02 -7.950440e+00 4.229000e+01)	(1.256662e-03 2.308753e-04 -1.637256e-03)
45            	(2.219891e+02 -7.950327e+00 4.228845e+01)	(2.219879e+02 -7.950553e+00 4.229007e+01)	(1.264313e-03 2.267568e-04 -1.618789e-03)
46            	(2.219894e+02 -7.950442e+00 4.228870e+01)	(2.219881e+02 -7.950664e+00 4.229030e+01)	(1.273477e-03 2.226607e-04 -1.600677e-03)
47            	(2.219897e+02 -7.950547e+00 4.228917e+01)	(2.219884e+02 -7.950766e+00 4.229076e+01)	(1.284147e-03 2.186124e-04 -1.582809e-03)
48            	(2.219899e+02 -7.950643e+00 4.228978e+01)	(2.219886e+02 -7.950858e+00 4.229135e+01)	(1.295854e-03 2.146584e-04 -1.565468e-03)
49            	(2.219902e+02 -7.950720e+00 4.229055e+01)	(2.219889e+02 -7.950931e+00 4.229210e+01)	(1.308132e-03 2.108750e-04 -1.548914e-03)
50            	(2.219904e+02 -7.950774e+00 4.229138e+01)	(2.219891e+02 -7.950982e+00 4.229291e+01)	(1.320420e-03 2.073360e-04 -1.533366e-03)
51            	(2.219906e+02 -7.950807e+00 4.229217e+01)	(2.219893e+02 -7.951011e+00 4.229368e+01)	(1.332080e-03 2.040788e-04 -1.518914e-03)
52            	(2.219908e+02 -7.950821e+00 4.229284e+01)	(2.219895e+02 -7.951022e+00 4.229434e+01)	(1.342591e-03 2.011231e-04 -1.505533e-03)
53            	(2.219910e+02 -7.950821e+00 4.229336e+01)	(2.219896e+02 -7.951019e+00 4.229486e+01)	(1.351515e-03 1.984487e-04 -1.493246e-03)
54            	(2.219911e+02 -7.950812e+00 4.229374e+01)	(2.219898e+02 -7.951008e+00 4.229522e+01)	(1.358637e-03 1.960445e-04 -1.482045e-03)
55            	(2.219912e+02 -7.950797e+00 4.229397e+01)	(2.219899e+02 -7.950990e+00 4.229544e+01)	(1.363904e-03 1.939215e-04 -1.471842e-03)
56            	(2.219914e+02 -7.950777e+00 4.229407e+01)	(2.219900e+02 -7.950969e+00 4.229554e+01)	(1.367268e-03 1.920717e-04 -1.462447e-03)
57            	(2.219915e+02 -7.950753e+00 4.229406e+01)	(2.219901e+02 -7.950944e+00 4.229552e+01)	(1.368769e-03 1.905098e-04 -1.453716e-03)
58            	(2.219916e+02 -7.950725e+00 4.229396e+01)	(2.219903e+02 -7.950915e+00 4.229540e+01)	(1.368474e-03 1.892695e-04 -1.445582e-03)
59            	(2.219918e+02 -7.950694e+00 4.229379e+01)	(2.219904e+02 -7.950882e+00 4.229523e+01)	(1.366685e-03 1.884291e-04 -1.438035e-03)
60            	(2.219920e+02 -7.950659e+00 4.229358e+01)	(2.219906e+02 -7.950847e+00 4.229501e+01)	(1.363821e-03 1.879874e-04 -1.431244e-03)
61            	(2.219922e+02 -7.950623e+00 4.229336e+01)	(2.219908e+02 -7.950811e+00 4.229479e+01)	(1.360107e-03 1.879382e-04 -1.425488e-03)
62            	(2.219929e+02 -7.950583e+00 4.229338e+01)	(2.219916e+02 -7.950771e+00 4.229480e+01)	(1.355640e-03 1.882997e-04 -1.420743e-03)
63            	(2.219933e+02 -7.950563e+00 4.229320e+01)	(2.219919e+02 -7.950753e+00 4.229462e+01)	(1.350614e-03 1.891844e-04 -1.417670e-03)
64            	(2.219943e+02 -7.950535e+00 4.229338e+01)	(2.219929e+02 -7.950726e+00 4.229480e+01)	(1.345402e-03 1.905110e-04 -1.415783e-03)
65            	(2.219946e+02 -7.950525e+00 4.229330e+01)	(2.219933e+02 -7.950717e+00 4.229472e+01)	(1.340104e-03 1.922320e-04 -1.415292e-03)
66            	(2.219956e+02 -7.950505e+00 4.229364e+01)	(2.219942e+02 -7.950699e+00 4.229506e+01)	(1.335029e-03 1.942005e-04 -1.415353e-03)
67            	(2.219958e+02 -7.950496e+00 4.229364e+01)	(2.219945e+02 -7.950692e+00 4.229506e+01)	(1.329863e-03 1.963413e-04 -1.416049e-03)
68            	(2.219965e+02 -7.950479e+00 4.229390e+01)	(2.219951e+02 -7.950678e+00 4.229531e+01)	(1.324929e-03 1.985115e-04 -1.416910e-03)
69            	(2.219967e+02 -7.950469e+00 4.229390e+01)	(2.219954e+02 -7.950670e+00 4.229532e+01)	(1.319829e-03 2.007616e-04 -1.418468e-03)
70            	(2.219970e+02 -7.950456e+00 4.229394e+01)	(2.219956e+02 -7.950659e+00 4.229536e+01)	(1.314710e-03 2.030190e-04 -1.420732e-03)
71            	(2.219973e+02 -7.950440e+00 4.229405e+01)	(2.219960e+02 -7.950645e+00 4.229547e+01)	(1.309249e-03 2.053531e-04 -1.423474e-03)
72            	(2.219976e+02 -7.950420e+00 4.229418e+01)	(2.219963e+02 -7.950628e+00 4.229560e+01)	(1.303669e-03 2.076979e-04 -1.426400e-03)
73            	(2.219976e+02 -7.950399e+00 4.229419e+01)	(2.219963e+02 -7.950609e+00 4.229562e+01)	(1.298021e-03 2.101655e-04 -1.429317e-03)
74            	(2.219976e+02 -7.950376e+00 4.229421e+01)	(2.219964e+02 -7.950589e+00 4.229564e+01)	(1.292441e-03 2.126996e-04 -1.432194e-03)
75            	(2.219978e+02 -7.950349e+00 4.229434e+01)	(2.219965e+02 -7.950564e+00 4.229577e+01)	(1.287245e-03 2.150894e-04 -1.434798e-03)
76            	(2.219977e+02 -7.950324e+00 4.229436e+01)	(2.219964e+02 -7.950541e+00 4.229580e+01)	(1.282182e-03 2.174035e-04 -1.437264e-03)
77            	(2.219977e+02 -7.950297e+00 4.229439e+01)	(2.219964e+02 -7.950517e+00 4.229583e+01)	(1.277280e-03 2.196472e-04 -1.439445e-03)
78            	(2.219975e+02 -7.950268e+00 4.229442e+01)	(2.219963e+02 -7.950490e+00 4.229586e+01)	(1.272654e-03 2.217749e-04 -1.441287e-03)
79            	(2.219974e+02 -7.950236e+00 4.229445e+01)	(2.219961e+02 -7.950460e+00 4.229590e+01)	(1.268477e-03 2.237234e-04 -1.442658e-03)
80            	(2.219972e+02 -7.950201e+00 4.229449e+01)	(2.219959e+02 -7.950426e+00 4.229594e+01)	(1.264774e-03 2.255224e-04 -1.443381e-03)
81            	(2.219970e+02 -7.950157e+00 4.229459e+01)	(2.219957e+02 -7.950385e+00 4.229603e+01)	(1.261498e-03 2.271710e-04 -1.443219e-03)
82            	(2.219967e+02 -7.950111e+00 4.229462e+01)	(2.219955e+02 -7.950339e+00 4.229606e+01)	(1.258592e-03 2.286861e-04 -1.442211e-03)
83            	(2.219964e+02 -7.950058e+00 4.229464e+01)	(2.219952e+02 -7.950288e+00 4.229608e+01)	(1.256179e-03 2.299645e-04 -1.440288e-03)
84            	(2.219960e+02 -7.949999e+00 4.229464e+01)	(2.219948e+02 -7.950230e+00 4.229608e+01)	(1.254252e-03 2.308745e-04 -1.437367e-03)
85            	(2.219956e+02 -7.949931e+00 4.229463e+01)	(2.219944e+02 -7.950163e+00 4.229606e+01)	(1.252439e-03 2.314360e-04 -1.433524e-03)
86            	(2.219952e+02 -7.949856e+00 4.229461e+01)	(2.219940e+02 -7.950088e+00 4.229603e+01)	(1.250471e-03 2.317179e-04 -1.428977e-03)
87            	(2.219947e+02 -7.949773e+00 4.229457e+01)	(2.219935e+02 -7.950005e+00 4.229599e+01)	(1.248174e-03 2.318139e-04 -1.423885e-03)
88            	(2.219942e+02 -7.949683e+00 4.229451e+01)	(2.219930e+02 -7.949915e+00 4.229593e+01)	(1.245452e-03 2.318485e-04 -1.418412e-03)
89            	(2.219937e+02 -7.949589e+00 4.229445e+01)	(2.219925e+02 -7.949821e+00 4.229587e+01)	(1.242478e-03 2.318520e-04 -1.412717e-03)
90            	(2.219932e+02 -7.949493e+00 4.229438e+01)	(2.219920e+02 -7.949725e+00 4.229579e+01)	(1.239508e-03 2.318482e-04 -1.406829e-03)
91            	(2.219927e+02 -7.949399e+00 4.229429e+01)	(2.219914e+02 -7.949630e+00 4.229569e+01)	(1.236846e-03 2.317844e-04 -1.400700e-03)
92            	(2.219921e+02 -7.949307e+00 4.229417e+01)	(2.219909e+02 -7.949539e+00 4.229557e+01)	(1.234668e-03 2.316320e-04 -1.394295e-03)
93            	(2.219916e+02 -7.949221e+00 4.229402e+01)	(2.219904e+02 -7.949452e+00 4.229541e+01)	(1.232969e-03 2.314029e-04 -1.387621e-03)
94            	(2.219911e+02 -7.949141e+00 4.229382e+01)	(2.219899e+02 -7.949372e+00 4.229520e+01)	(1.231802e-03 2.310583e-04 -1.380799e-03)
95            	(2.219906e+02 -7.949068e+00 4.229358e+01)	(2.219893e+02 -7.949298e+00 4.229495e+01)	(1.231166e-03 2.305021e-04 -1.373937e-03)
96            	(2.219900e+02 -7.948999e+00 4.229326e+01)	(2.219888e+02 -7.949229e+00 4.229463e+01)	(1.231058e-03 2.297093e-04 -1.367157e-03)
97            	(2.219894e+02 -7.948938e+00 4.229277e+01)	(2.219881e+02 -7.949167e+00 4.229413e+01)	(1.231347e-03 2.287231e-04 -1.360665e-03)
98            	(2.219889e+02 -7.948876e+00 4.229234e+01)	(2.219876e+02 -7.949104e+00 4.229369e+01)	(1.231945e-03 2.275384e-04 -1.354323e-03)
99            	(2.219884e+02 -7.948817e+00 4.229184e+01)	(2.219871e+02 -7.949043e+00 4.229319e+01)	(1.232788e-03 2.261945e-04 -1.348175e-03)
100           	(2.219879e+02 -7.948758e+00 4.229128e+01)	(2.219866e+02 -7.948983e+00 4.229262e+01)	(1.233748e-03 2.247565e-04 -1.342386e-03)
101           	(2.219873e+02 -7.948701e+00 4.229067e+01)	(2.219861e+02 -7.948924e+00 4.229201e+01)	(1.234647e-03 2.232836e-04 -1.336968e-03)
102           	(2.219867e+02 -7.948647e+00 4.228992e+01)	(2.219855e+02 -7.948868e+00 4.229125e+01)	(1.235331e-03 2.218590e-04 -1.332217e-03)
103           	(2.219862e+02 -7.948589e+00 4.228927e+01)	(2.219850e+02 -7.948809e+00 4.229060e+01)	(1.235659e-03 2.204666e-04 -1.327919e-03)
104           	(2.219857e+02 -7.948532e+00 4.228861e+01)	(2.219845e+02 -7.948751e+00 4.228994e+01)	(1.235558e-03 2.191362e-04 -1.324176e-03)
105           	(2.219852e+02 -7.948477e+00 4.228796e+01)	(2.219840e+02 -7.948695e+00 4.228928e+01)	(1.234887e-03 2.178800e-04 -1.320975e-03)
106           	(2.219847e+02 -7.948425e+00 4.228732e+01)	(2.219835e+02 -7.948642e+00 4.228864e+01)	(1.233590e-03 2.167090e-04 -1.318349e-03)
107           	(2.219843e+02 -7.948376e+00 4.228670e+01)	(2.219830e+02 -7.948592e+00 4.228802e+01)	(1.231557e-03 2.156251e-04 -1.316242e-03)
108           	(2.219838e+02 -7.948329e+00 4.228610e+01)	(2.219826e+02 -7.948544e+00 4.228741e+01)	(1.228750e-03 2.146426e-04 -1.314647e-03)
109           	(2.219833e+02 -7.948285e+00 4.228552e+01)	(2.219821e+02 -7.948499e+00 4.228683e+01)	(1.225158e-03 2.137644e-04 -1.313474e-03)
110           	(2.219829e+02 -7.948242e+00 4.228495e+01)	(2.219816e+02 -7.948455e+00 4.228626e+01)	(1.220837e-03 2.129920e-04 -1.312652e-03)
111           	(2.219824e+02 -7.948200e+00 4.228439e+01)	(2.219812e+02 -7.948413e+00 4.228570e+01)	(1.215863e-03 2.123183e-04 -1.312140e-03)
112           	(2.219819e+02 -7.948160e+00 4.228383e+01)	(2.219807e+02 -7.948372e+00 4.228514e+01)	(1.210352e-03 2.117421e-04 -1.311865e-03)
113           	(2.219815e+02 -7.948120e+00 4.228326e+01)	(2.219803e+02 -7.948331e+00 4.228457e+01)	(1.204452e-03 2.112558e-04 -1.311707e-03)
114           	(2.219810e+02 -7.948080e+00 4.228267e+01)	(2.219798e+02 -7.948291e+00 4.228398e+01)	(1.198261e-03 2.108700e-04 -1.311667e-03)
115           	(2.219805e+02 -7.948040e+00 4.228205e+01)	(2.219793e+02 -7.948251e+00 4.228336e+01)	(1.191861e-03 2.105895e-04 -1.311789e-03)
116           	(2.219800e+02 -7.948000e+00 4.228139e+01)	(2.219789e+02 -7.948210e+00 4.228270e+01)	(1.185323e-03 2.104013e-04 -1.312107e-03)
117           	(2.219796e+02 -7.947959e+00 4.228069e+01)	(2.219784e+02 -7.948169e+00 4.228200e+01)	(1.178709e-03 2.102989e-04 -1.312600e-03)
118           	(2.219791e+02 -7.947917e+00 4.227995e+01)	(2.219779e+02 -7.948127e+00 4.228126e+01)	(1.172048e-03 2.102826e-04 -1.313248e-03)
119           	(2.219788e+02 -7.947872e+00 4.227920e+01)	(2.219776e+02 -7.948082e+00 4.228052e+01)	(1.165283e-03 2.103320e-04 -1.313926e-03)
120           	(2.219783e+02 -7.947830e+00 4.227837e+01)	(2.219771e+02 -7.948041e+00 4.227968e+01)	(1.158450e-03 2.104628e-04 -1.314718e-03)
121           	(2.219778e+02 -7.947786e+00 4.227751e+01)	(2.219767e+02 -7.947997e+00 4.227882e+01)	(1.151495e-03 2.106624e-04 -1.315576e-03)
122           	(2.219775e+02 -7.947732e+00 4.227672e+01)	(2.219764e+02 -7.947942e+00 4.227803e+01)	(1.144396e-03 2.108941e-04 -1.316297e-03)
123           	(2.219770e+02 -7.947678e+00 4.227585e+01)	(2.219759e+02 -7.947889e+00 4.227717e+01)	(1.137264e-03 2.111927e-04 -1.317063e-03)
124           	(2.219765e+02 -7.947615e+00 4.227500e+01)	(2.219754e+02 -7.947826e+00 4.227632e+01)	(1.130177e-03 2.115485e-04 -1.317842e-03)
125           	(2.219761e+02 -7.947540e+00 4.227417e+01)	(2.219750e+02 -7.947752e+00 4.227549e+01)	(1.123179e-03 2.119599e-04 -1.318613e-03)
126           	(2.219757e+02 -7.947452e+00 4.227338e+01)	(2.219746e+02 -7.947664e+00 4.227470e+01)	(1.116286e-03 2.124242e-04 -1.319348e-03)
127           	(2.219754e+02 -7.947342e+00 4.227269e+01)	(2.219743e+02 -7.947555e+00 4.227401e+01)	(1.109493e-03 2.129465e-04 -1.319976e-03)
128           	(2.219749e+02 -7.947218e+00 4.227201e+01)	(2.219738e+02 -7.947432e+00 4.227333e+01)	(1.102844e-03 2.135535e-04 -1.320613e-03)
129           	(2.219745e+02 -7.947077e+00 4.227136e+01)	(2.219734e+02 -7.947291e+00 4.227269e+01)	(1.096273e-03 2.142636e-04 -1.321314e-03)
130           	(2.219740e+02 -7.946915e+00 4.227074e+01)	(2.219729e+02 -7.947130e+00 4.227206e+01)	(1.089695e-03 2.151011e-04 -1.322114e-03)
131           	(2.219736e+02 -7.946734e+00 4.227013e+01)	(2.219725e+02 -7.946950e+00 4.227146e+01)	(1.082980e-03 2.160903e-04 -1.323031e-03)
132           	(2.219730e+02 -7.946532e+00 4.226952e+01)	(2.219720e+02 -7.946749e+00 4.227084e+01)	(1.075917e-03 2.172469e-04 -1.324071e-03)
133           	(2.219724e+02 -7.946311e+00 4.226889e+01)	(2.219714e+02 -7.946529e+00 4.227022e+01)	(1.068312e-03 2.185855e-04 -1.325226e-03)
134           	(2.219718e+02 -7.946072e+00 4.226823e+01)	(2.219707e+02 -7.946292e+00 4.226956e+01)	(1.059940e-03 2.201210e-04 -1.326537e-03)
135           	(2.219710e+02 -7.945815e+00 4.226751e+01)	(2.219700e+02 -7.946037e+00 4.226884e+01)	(1.050611e-03 2.218735e-04 -1.327999e-03)
136           	(2.219701e+02 -7.945544e+00 4.226669e+01)	(2.219691e+02 -7.945768e+00 4.226802e+01)	(1.040137e-03 2.238966e-04 -1.329626e-03)
137           	(2.219691e+02 -7.945254e+00 4.226577e+01)	(2.219681e+02 -7.945481e+00 4.226710e+01)	(1.028432e-03 2.262502e-04 -1.331388e-03)
138           	(2.219679e+02 -7.944945e+00 4.226474e+01)	(2.219669e+02 -7.945174e+00 4.226608e+01)	(1.015147e-03 2.289459e-04 -1.333295e-03)
139           	(2.219666e+02 -7.944611e+00 4.226359e+01)	(2.219656e+02 -7.944843e+00 4.226492e+01)	(1.000001e-03 2.320066e-04 -1.335371e-03)
140           	(2.219652e+02 -7.944252e+00 4.226226e+01)	(2.219642e+02 -7.944487e+00 4.226360e+01)	(9.828345e-04 2.354618e-04 -1.337681e-03)
141           	(2.219637e+02 -7.943860e+00 4.226078e+01)	(2.219627e+02 -7.944100e+00 4.226212e+01)	(9.634080e-04 2.393369e-04 -1.340275e-03)
142           	(2.219605e+02 -7.943184e+00 4.225709e+01)	(2.219595e+02 -7.943429e+00 4.225843e+01)	(9.378806e-04 2.446337e-04 -1.345234e-03)
143           	(2.219591e+02 -7.942794e+00 4.225584e+01)	(2.219582e+02 -7.943044e+00 4.225719e+01)	(9.111126e-04 2.499699e-04 -1.349248e-03)
144           	(2.219578e+02 -7.942385e+00 4.225456e+01)	(2.219569e+02 -7.942640e+00 4.225592e+01)	(8.852881e-04 2.552216e-04 -1.352615e-03)
145           	(2.219565e+02 -7.941951e+00 4.225324e+01)	(2.219556e+02 -7.942212e+00 4.225460e+01)	(8.586804e-04 2.607676e-04 -1.355626e-03)
146           	(2.219537e+02 -7.941238e+00 4.224956e+01)	(2.219528e+02 -7.941506e+00 4.225093e+01)	(8.275200e-04 2.677507e-04 -1.360497e-03)
147           	(2.219526e+02 -7.940850e+00 4.224865e+01)	(2.219518e+02 -7.941124e+00 4.225002e+01)	(7.968604e-04 2.744659e-04 -1.364155e-03)
148           	(2.219517e+02 -7.940478e+00 4.224792e+01)	(2.219509e+02 -7.940759e+00 4.224928e+01)	(7.684146e-04 2.808733e-04 -1.366705e-03)
149           	(2.219509e+02 -7.940123e+00 4.224733e+01)	(2.219501e+02 -7.940410e+00 4.224870e+01)	(7.409234e-04 2.871734e-04 -1.368558e-03)
150           	(2.219491e+02 -7.939652e+00 4.224565e+01)	(2.219483e+02 -7.939946e+00 4.224702e+01)	(7.127490e-04 2.940931e-04 -1.370752e-03)
151           	(2.219486e+02 -7.939394e+00 4.224567e+01)	(2.219479e+02 -7.939695e+00 4.224704e+01)	(6.860456e-04 3.004258e-04 -1.371658e-03)
152           	(2.219483e+02 -7.939189e+00 4.224598e+01)	(2.219476e+02 -7.939496e+00 4.224735e+01)	(6.627984e-04 3.062342e-04 -1.370776e-03)
153           	(2.219481e+02 -7.939040e+00 4.224659e+01)	(2.219474e+02 -7.939351e+00 4.224796e+01)	(6.420571e-04 3.115900e-04 -1.368465e-03)
154           	(2.219480e+02 -7.938958e+00 4.224755e+01)	(2.219474e+02 -7.939275e+00 4.224891e+01)	(6.238134e-04 3.164668e-04 -1.364738e-03)
155           	(2.219473e+02 -7.938959e+00 4.224922e+01)	(2.219467e+02 -7.939280e+00 4.225058e+01)	(6.082996e-04 3.210261e-04 -1.359053e-03)
156           	(2.219474e+02 -7.938975e+00 4.225054e+01)	(2.219469e+02 -7.939300e+00 4.225189e+01)	(5.937505e-04 3.248462e-04 -1.352533e-03)
157           	(2.219477e+02 -7.939042e+00 4.225206e+01)	(2.219471e+02 -7.939369e+00 4.225340e+01)	(5.824915e-04 3.279084e-04 -1.344778e-03)
158           	(2.219481e+02 -7.939156e+00 4.225377e+01)	(2.219475e+02 -7.939486e+00 4.225511e+01)	(5.733869e-04 3.302696e-04 -1.336244e-03)
159           	(2.219485e+02 -7.939310e+00 4.225566e+01)	(2.219480e+02 -7.939642e+00 4.225698e+01)	(5.664680e-04 3.319114e-04 -1.327087e-03)
160           	(2.219490e+02 -7.939484e+00 4.225763e+01)	(2.219484e+02 -7.939817e+00 4.225895e+01)	(5.613300e-04 3.328935e-04 -1.317548e-03)
161           	(2.219495e+02 -7.939660e+00 4.225952e+01)	(2.219489e+02 -7.939993e+00 4.226083e+01)	(5.574891e-04 3.333166e-04 -1.307961e-03)
162           	(2.219499e+02 -7.939823e+00 4.226120e+01)	(2.219493e+02 -7.940156e+00 4.226250e+01)	(5.548399e-04 3.332591e-04 -1.298645e-03)
163           	(2.219503e+02 -7.939962e+00 4.226261e+01)	(2.219497e+02 -7.940295e+00 4.226390e+01)	(5.531630e-04 3.327748e-04 -1.289866e-03)
164           	(2.219505e+02 -7.940075e+00 4.226371e+01)	(2.219500e+02 -7.940407e+00 4.226499e+01)	(5.522617e-04 3.319452e-04 -1.281836e-03)
165           	(2.219508e+02 -7.940163e+00 4.226451e+01)	(2.219502e+02 -7.940493e+00 4.226579e+01)	(5.519842e-04 3.308746e-04 -1.274648e-03)
166           	(2.219510e+02 -7.940226e+00 4.226509e+01)	(2.219504e+02 -7.940555e+00 4.226635e+01)	(5.519930e-04 3.296876e-04 -1.268398e-03)
167           	(2.219511e+02 -7.940269e+00 4.226547e+01)	(2.219505e+02 -7.940598e+00 4.226673e+01)	(5.520205e-04 3.284894e-04 -1.263070e-03)
168           	(2.219512e+02 -7.940300e+00 4.226565e+01)	(2.219506e+02 -7.940627e+00 4.226690e+01)	(5.517710e-04 3.274049e-04 -1.258669e-03)
169           	(2.219513e+02 -7.940320e+00 4.226573e+01)	(2.219507e+02 -7.940646e+00 4.226699e+01)	(5.512154e-04 3.264428e-04 -1.255017e-03)
170           	(2.219513e+02 -7.940333e+00 4.226576e+01)	(2.219508e+02 -7.940659e+00 4.226702e+01)	(5.505174e-04 3.255788e-04 -1.251915e-03)
171           	(2.219514e+02 -7.940344e+00 4.226582e+01)	(2.219508e+02 -7.940669e+00 4.226707e+01)	(5.498411e-04 3.247718e-04 -1.249141e-03)
172           	(2.219514e+02 -7.940356e+00 4.226586e+01)	(2.219509e+02 -7.940680e+00 4.226711e+01)	(5.491947e-04 3.240141e-04 -1.246560e-03)
173           	(2.219515e+02 -7.940372e+00 4.226592e+01)	(2.219510e+02 -7.940696e+00 4.226717e+01)	(5.485863e-04 3.232984e-04 -1.244069e-03)
174           	(2.219516e+02 -7.940394e+00 4.226601e+01)	(2.219510e+02 -7.940717e+00 4.226725e+01)	(5.480047e-04 3.226236e-04 -1.241581e-03)
175           	(2.219517e+02 -7.940422e+00 4.226615e+01)	(2.219511e+02 -7.940744e+00 4.226739e+01)	(5.474785e-04 3.219872e-04 -1.238992e-03)
176           	(2.219518e+02 -7.940457e+00 4.226638e+01)	(2.219512e+02 -7.940779e+00 4.226761e+01)	(5.470551e-04 3.213836e-04 -1.236211e-03)
177           	(2.219519e+02 -7.940500e+00 4.226667e+01)	(2.219513e+02 -7.940821e+00 4.226790e+01)	(5.467667e-04 3.207968e-04 -1.233162e-03)
178           	(2.219520e+02 -7.940551e+00 4.226705e+01)	(2.219515e+02 -7.940871e+00 4.226828e+01)	(5.467205e-04 3.201723e-04 -1.229741e-03)
179           	(2.219522e+02 -7.940609e+00 4.226752e+01)	(2.219516e+02 -7.940929e+00 4.226875e+01)	(5.470117e-04 3.194481e-04 -1.225892e-03)
180           	(2.219524e+02 -7.940675e+00 4.226807e+01)	(2.219518e+02 -7.940994e+00 4.226929e+01)	(5.477642e-04 3.185769e-04 -1.221604e-03)
181           	(2.219526e+02 -7.940747e+00 4.226867e+01)	(2.219520e+02 -7.941065e+00 4.226989e+01)	(5.490458e-04 3.175143e-04 -1.216875e-03)
182           	(2.219528e+02 -7.940826e+00 4.226933e+01)	(2.219522e+02 -7.941143e+00 4.227054e+01)	(5.509754e-04 3.162156e-04 -1.211697e-03)
183           	(2.219530e+02 -7.940911e+00 4.227002e+01)	(2.219524e+02 -7.941226e+00 4.227122e+01)	(5.535973e-04 3.146685e-04 -1.206117e-03)
184           	(2.219532e+02 -7.941002e+00 4.227072e+01)	(2.219527e+02 -7.941315e+00 4.227192e+01)	(5.569661e-04 3.128782e-04 -1.200184e-03)
185           	(2.219535e+02 -7.941098e+00 4.227141e+01)	(2.219529e+02 -7.941409e+00 4.227261e+01)	(5.610264e-04 3.108558e-04 -1.194006e-03)
186           	(2.219537e+02 -7.941199e+00 4.227209e+01)	(2.219531e+02 -7.941508e+00 4.227327e+01)	(5.656818e-04 3.086218e-04 -1.187645e-03)
187           	(2.219539e+02 -7.941304e+00 4.227272e+01)	(2.219533e+02 -7.941610e+00 4.227390e+01)	(5.707968e-04 3.062154e-04 -1.181231e-03)
188           	(2.219541e+02 -7.941413e+00 4.227331e+01)	(2.219535e+02 -7.941717e+00 4.227449e+01)	(5.762532e-04 3.036669e-04 -1.174850e-03)
189           	(2.219543e+02 -7.941526e+00 4.227385e+01)	(2.219537e+02 -7.941827e+00 4.227502e+01)	(5.819650e-04 3.010026e-04 -1.168589e-03)
190           	(2.219544e+02 -7.941641e+00 4.227433e+01)	(2.219539e+02 -7.941939e+00 4.227549e+01)	(5.878009e-04 2.982478e-04 -1.162457e-03)
191           	(2.219546e+02 -7.941758e+00 4.227475e+01)	(2.219540e+02 -7.942054e+00 4.227591e+01)	(5.937231e-04 2.954253e-04 -1.156455e-03)
192           	(2.219547e+02 -7.941875e+00 4.227513e+01)	(2.219541e+02 -7.942168e+00 4.227628e+01)	(5.997102e-04 2.925614e-04 -1.150535e-03)
193           	(2.219548e+02 -7.941990e+00 4.227546e+01)	(2.219542e+02 -7.942279e+00 4.227660e+01)	(6.057280e-04 2.896840e-04 -1.144664e-03)
194           	(2.219549e+02 -7.942099e+00 4.227575e+01)	(2.219543e+02 -7.942385e+00 4.227689e+01)	(6.117353e-04 2.868230e-04 -1.138821e-03)
195           	(2.219550e+02 -7.942200e+00 4.227601e+01)	(2.219544e+02 -7.942484e+00 4.227715e+01)	(6.176638e-04 2.840003e-04 -1.133011e-03)
196           	(2.219551e+02 -7.942292e+00 4.227627e+01)	(2.219544e+02 -7.942574e+00 4.227740e+01)	(6.235116e-04 2.812494e-04 -1.127221e-03)
197           	(2.219551e+02 -7.942373e+00 4.227653e+01)	(2.219545e+02 -7.942652e+00 4.227765e+01)	(6.292682e-04 2.785930e-04 -1.121440e-03)
198           	(2.219552e+02 -7.942443e+00 4.227678e+01)	(2.219546e+02 -7.942719e+00 4.227790e+01)	(6.349553e-04 2.760475e-04 -1.115683e-03)
199           	(2.219553e+02 -7.942501e+00 4.227704e+01)	(2.219547e+02 -7.942775e+00 4.227815e+01)	(6.406119e-04 2.736281e-04 -1.109937e-03)
200           	(2.219554e+02 -7.942548e+00 4.227730e+01)	(2.219548e+02 -7.942820e+00 4.227840e+01)	(6.462236e-04 2.713358e-04 -1.104266e-03)
201           	(2.219555e+02 -7.942586e+00 4.227754e+01)	(2.219549e+02 -7.942856e+00 4.227864e+01)	(6.518212e-04 2.691690e-04 -1.098675e-03)
202           	(2.219556e+02 -7.942615e+00 4.227776e+01)	(2.219550e+02 -7.942882e+00 4.227885e+01)	(6.573600e-04 2.670922e-04 -1.093175e-03)
203           	(2.219557e+02 -7.942640e+00 4.227794e+01)	(2.219551e+02 -7.942905e+00 4.227902e+01)	(6.628327e-04 2.650752e-04 -1.087802e-03)
204           	(2.219558e+02 -7.942664e+00 4.227805e+01)	(2.219552e+02 -7.942927e+00 4.227914e+01)	(6.681668e-04 2.630973e-04 -1.082632e-03)
205           	(2.219559e+02 -7.942690e+00 4.227809e+01)	(2.219552e+02 -7.942951e+00 4.227917e+01)	(6.732726e-04 2.611600e-04 -1.077751e-03)
206           	(2.219559e+02 -7.942718e+00 4.227805e+01)	(2.219553e+02 -7.942977e+00 4.227912e+01)	(6.780476e-04 2.592640e-04 -1.073224e-03)
207           	(2.219560e+02 -7.942746e+00 4.227790e+01)	(2.219553e+02 -7.943004e+00 4.227897e+01)	(6.823609e-04 2.574255e-04 -1.069148e-03)
208           	(2.219560e+02 -7.942774e+00 4.227764e+01)	(2.219553e+02 -7.943030e+00 4.227871e+01)	(6.860290e-04 2.556575e-04 -1.065609e-03)
209           	(2.219559e+02 -7.942799e+00 4.227727e+01)	(2.219552e+02 -7.943053e+00 4.227833e+01)	(6.889130e-04 2.539744e-04 -1.062637e-03)
210           	(2.219559e+02 -7.942818e+00 4.227680e+01)	(2.219552e+02 -7.943070e+00 4.227786e+01)	(6.909354e-04 2.523950e-04 -1.060270e-03)
211           	(2.219558e+02 -7.942829e+00 4.227626e+01)	(2.219551e+02 -7.943080e+00 4.227732e+01)	(6.921351e-04 2.509086e-04 -1.058469e-03)
212           	(2.219557e+02 -7.942828e+00 4.227566e+01)	(2.219550e+02 -7.943078e+00 4.227672e+01)	(6.924640e-04 2.495738e-04 -1.057286e-03)
213           	(2.219556e+02 -7.942813e+00 4.227504e+01)	(2.219549e+02 -7.943062e+00 4.227609e+01)	(6.919754e-04 2.484321e-04 -1.056729e-03)
214           	(2.219554e+02 -7.942780e+00 4.227440e+01)	(2.219547e+02 -7.943027e+00 4.227546e+01)	(6.907542e-04 2.475497e-04 -1.056808e-03)
215           	(2.219553e+02 -7.942724e+00 4.227378e+01)	(2.219546e+02 -7.942971e+00 4.227484e+01)	(6.888544e-04 2.470144e-04 -1.057551e-03)
216           	(2.219552e+02 -7.942644e+00 4.227319e+01)	(2.219545e+02 -7.942891e+00 4.227425e+01)	(6.863341e-04 2.469194e-04 -1.059012e-03)
217           	(2.219551e+02 -7.942539e+00 4.227263e+01)	(2.219544e+02 -7.942786e+00 4.227370e+01)	(6.833204e-04 2.473665e-04 -1.061157e-03)
218           	(2.219550e+02 -7.942407e+00 4.227213e+01)	(2.219543e+02 -7.942655e+00 4.227320e+01)	(6.798774e-04 2.484167e-04 -1.064004e-03)
219           	(2.219550e+02 -7.942249e+00 4.227169e+01)	(2.219543e+02 -7.942499e+00 4.227276e+01)	(6.760972e-04 2.501108e-04 -1.067571e-03)
220           	(2.219549e+02 -7.942067e+00 4.227130e+01)	(2.219543e+02 -7.942319e+00 4.227237e+01)	(6.721259e-04 2.524501e-04 -1.071833e-03)
221           	(2.219549e+02 -7.941862e+00 4.227094e+01)	(2.219542e+02 -7.942118e+00 4.227201e+01)	(6.680387e-04 2.553768e-04 -1.076814e-03)
222           	(2.219549e+02 -7.941640e+00 4.227060e+01)	(2.219542e+02 -7.941899e+00 4.227169e+01)	(6.639543e-04 2.588961e-04 -1.082429e-03)
223           	(2.219549e+02 -7.941403e+00 4.227031e+01)	(2.219542e+02 -7.941666e+00 4.227140e+01)	(6.598385e-04 2.629525e-04 -1.088602e-03)
224           	(2.219549e+02 -7.941158e+00 4.227006e+01)	(2.219542e+02 -7.941426e+00 4.227116e+01)	(6.557328e-04 2.674661e-04 -1.095179e-03)
225           	(2.219549e+02 -7.940911e+00 4.226987e+01)	(2.219542e+02 -7.941183e+00 4.227098e+01)	(6.516817e-04 2.723491e-04 -1.102015e-03)
226           	(2.219549e+02 -7.940668e+00 4.226968e+01)	(2.219542e+02 -7.940945e+00 4.227079e+01)	(6.476767e-04 2.775167e-04 -1.109053e-03)
227           	(2.219549e+02 -7.940437e+00 4.226944e+01)	(2.219543e+02 -7.940720e+00 4.227056e+01)	(6.437094e-04 2.828707e-04 -1.116266e-03)
228           	(2.219549e+02 -7.940222e+00 4.226921e+01)	(2.219543e+02 -7.940511e+00 4.227034e+01)	(6.398222e-04 2.883074e-04 -1.123559e-03)
229           	(2.219549e+02 -7.940026e+00 4.226899e+01)	(2.219543e+02 -7.940320e+00 4.227012e+01)	(6.360410e-04 2.937144e-04 -1.130778e-03)
230           	(2.219549e+02 -7.939852e+00 4.226877e+01)	(2.219543e+02 -7.940151e+00 4.226991e+01)	(6.324173e-04 2.989956e-04 -1.137790e-03)
231           	(2.219549e+02 -7.939700e+00 4.226855e+01)	(2.219543e+02 -7.940004e+00 4.226970e+01)	(6.289394e-04 3.040573e-04 -1.144489e-03)
232           	(2.219549e+02 -7.939573e+00 4.226833e+01)	(2.219543e+02 -7.939882e+00 4.226948e+01)	(6.256090e-04 3.088415e-04 -1.150802e-03)
233           	(2.219550e+02 -7.939473e+00 4.226812e+01)	(2.219544e+02 -7.939786e+00 4.226928e+01)	(6.224427e-04 3.133040e-04 -1.156605e-03)
234           	(2.219555e+02 -7.939390e+00 4.226812e+01)	(2.219548e+02 -7.939707e+00 4.226929e+01)	(6.194318e-04 3.173470e-04 -1.161510e-03)
235           	(2.219558e+02 -7.939339e+00 4.226811e+01)	(2.219552e+02 -7.939660e+00 4.226927e+01)	(6.165663e-04 3.209691e-04 -1.165612e-03)
236           	(2.219558e+02 -7.939324e+00 4.226796e+01)	(2.219552e+02 -7.939648e+00 4.226913e+01)	(6.138860e-04 3.241993e-04 -1.169218e-03)
237           	(2.219558e+02 -7.939329e+00 4.226784e+01)	(2.219552e+02 -7.939656e+00 4.226901e+01)	(6.113926e-04 3.270142e-04 -1.172236e-03)
238           	(2.219558e+02 -7.939354e+00 4.226773e+01)	(2.219552e+02 -7.939684e+00 4.226890e+01)	(6.090708e-04 3.294198e-04 -1.174633e-03)
239           	(2.219562e+02 -7.939390e+00 4.226776e+01)	(2.219556e+02 -7.939721e+00 4.226893e+01)	(6.069129e-04 3.313250e-04 -1.176122e-03)
240           	(2.219562e+02 -7.939439e+00 4.226766e+01)	(2.219556e+02 -7.939772e+00 4.226884e+01)	(6.049504e-04 3.328411e-04 -1.177131e-03)
241           	(2.219563e+02 -7.939498e+00 4.226758e+01)	(2.219557e+02 -7.939832e+00 4.226876e+01)	(6.032169e-04 3.339505e-04 -1.177694e-03)
242           	(2.219563e+02 -7.939564e+00 4.226750e+01)	(2.219557e+02 -7.939899e+00 4.226868e+01)	(6.017318e-04 3.346651e-04 -1.177840e-03)
243           	(2.219564e+02 -7.939635e+00 4.226745e+01)	(2.219558e+02 -7.939970e+00 4.226863e+01)	(6.005193e-04 3.349880e-04 -1.177621e-03)
244           	(2.219566e+02 -7.939711e+00 4.226743e+01)	(2.219560e+02 -7.940046e+00 4.226860e+01)	(5.996667e-04 3.349532e-04 -1.177034e-03)
245           	(2.219567e+02 -7.939790e+00 4.226743e+01)	(2.219561e+02 -7.940125e+00 4.226861e+01)	(5.991671e-04 3.345889e-04 -1.176134e-03)
246           	(2.219569e+02 -7.939874e+00 4.226748e+01)	(2.219563e+02 -7.940208e+00 4.226865e+01)	(5.991076e-04 3.339491e-04 -1.174907e-03)
247           	(2.219570e+02 -7.939963e+00 4.226756e+01)	(2.219564e+02 -7.940296e+00 4.226873e+01)	(5.994901e-04 3.330785e-04 -1.173404e-03)
248           	(2.219572e+02 -7.940059e+00 4.226767e+01)	(2.219566e+02 -7.940391e+00 4.226885e+01)	(6.003595e-04 3.320225e-04 -1.171629e-03)
249           	(2.219574e+02 -7.940163e+00 4.226783e+01)	(2.219568e+02 -7.940493e+00 4.226900e+01)	(6.016827e-04 3.308142e-04 -1.169623e-03)
250           	(2.219576e+02 -7.940276e+00 4.226802e+01)	(2.219570e+02 -7.940606e+00 4.226918e+01)	(6.034678e-04 3.294868e-04 -1.167361e-03)
251           	(2.219577e+02 -7.940399e+00 4.226823e+01)	(2.219571e+02 -7.940727e+00 4.226939e+01)	(6.056099e-04 3.280501e-04 -1.164901e-03)
252           	(2.219579e+02 -7.940533e+00 4.226845e+01)	(2.219573e+02 -7.940859e+00 4.226962e+01)	(6.081268e-04 3.265263e-04 -1.162201e-03)
253           	(2.219580e+02 -7.940675e+00 4.226869e+01)	(2.219574e+02 -7.941000e+00 4.226984e+01)	(6.108935e-04 3.249067e-04 -1.159367e-03)
254           	(2.219582e+02 -7.940826e+00 4.226891e+01)	(2.219576e+02 -7.941149e+00 4.227007e+01)	(6.138941e-04 3.231989e-04 -1.156386e-03)
255           	(2.219583e+02 -7.940983e+00 4.226913e+01)	(2.219577e+02 -7.941304e+00 4.227029e+01)	(6.170612e-04 3.213993e-04 -1.153311e-03)
256           	(2.219585e+02 -7.941144e+00 4.226932e+01)	(2.219578e+02 -7.941464e+00 4.227047e+01)	(6.203740e-04 3.195157e-04 -1.150148e-03)
257           	(2.219586e+02 -7.941308e+00 4.226949e+01)	(2.219580e+02 -7.941626e+00 4.227063e+01)	(6.237393e-04 3.175416e-04 -1.146984e-03)
258           	(2.219587e+02 -7.941473e+00 4.226963e+01)	(2.219581e+02 -7.941788e+00 4.227077e+01)	(6.272270e-04 3.154886e-04 -1.143776e-03)
259           	(2.219588e+02 -7.941637e+00 4.226975e+01)	(2.219582e+02 -7.941951e+00 4.227089e+01)	(6.307383e-04 3.133395e-04 -1.140609e-03)
260           	(2.219590e+02 -7.941800e+00 4.226987e+01)	(2.219583e+02 -7.942111e+00 4.227101e+01)	(6.343465e-04 3.111088e-04 -1.137422e-03)
261           	(2.219591e+02 -7.941960e+00 4.226998e+01)	(2.219585e+02 -7.942269e+00 4.227112e+01)	(6.379495e-04 3.087841e-04 -1.134310e-03)
262           	(2.219592e+02 -7.942116e+00 4.227010e+01)	(2.219586e+02 -7.942422e+00 4.227123e+01)	(6.416277e-04 3.063932e-04 -1.131191e-03)
263           	(2.219596e+02 -7.942258e+00 4.227041e+01)	(2.219590e+02 -7.942562e+00 4.227154e+01)	(6.452903e-04 3.038719e-04 -1.127812e-03)
264           	(2.219597e+02 -7.942409e+00 4.227051e+01)	(2.219591e+02 -7.942710e+00 4.227164e+01)	(6.489380e-04 3.013403e-04 -1.124630e-03)
265           	(2.219598e+02 -7.942555e+00 4.227062e+01)	(2.219592e+02 -7.942854e+00 4.227174e+01)	(6.524885e-04 2.987859e-04 -1.121740e-03)
266           	(2.219599e+02 -7.942696e+00 4.227074e+01)	(2.219593e+02 -7.942992e+00 4.227186e+01)	(6.559825e-04 2.962285e-04 -1.119043e-03)
267           	(2.219600e+02 -7.942832e+00 4.227086e+01)	(2.219593e+02 -7.943126e+00 4.227197e+01)	(6.593606e-04 2.936645e-04 -1.116606e-03)
268           	(2.219601e+02 -7.942962e+00 4.227098e+01)	(2.219594e+02 -7.943254e+00 4.227210e+01)	(6.626731e-04 2.911146e-04 -1.114393e-03)
269           	(2.219601e+02 -7.943089e+00 4.227112e+01)	(2.219595e+02 -7.943378e+00 4.227223e+01)	(6.658932e-04 2.885759e-04 -1.112460e-03)
270           	(2.219602e+02 -7.943212e+00 4.227126e+01)	(2.219595e+02 -7.943498e+00 4.227237e+01)	(6.690829e-04 2.860693e-04 -1.110767e-03)
271           	(2.219602e+02 -7.943333e+00 4.227140e+01)	(2.219596e+02 -7.943616e+00 4.227250e+01)	(6.722169e-04 2.835972e-04 -1.109370e-03)
272           	(2.219603e+02 -7.943451e+00 4.227153e+01)	(2.219596e+02 -7.943732e+00 4.227264e+01)	(6.753398e-04 2.811771e-04 -1.108242e-03)
273           	(2.219603e+02 -7.943568e+00 4.227166e+01)	(2.219596e+02 -7.943847e+00 4.227276e+01)	(6.784069e-04 2.788105e-04 -1.107430e-03)
274           	(2.219603e+02 -7.943684e+00 4.227177e+01)	(2.219597e+02 -7.943960e+00 4.227288e+01)	(6.814707e-04 2.765095e-04 -1.106887e-03)
275           	(2.219604e+02 -7.943798e+00 4.227187e+01)	(2.219597e+02 -7.944072e+00 4.227298e+01)	(6.844998e-04 2.742581e-04 -1.106646e-03)
276           	(2.219604e+02 -7.943912e+00 4.227197e+01)	(2.219597e+02 -7.944184e+00 4.227307e+01)	(6.875360e-04 2.720539e-04 -1.106652e-03)
277           	(2.219605e+02 -7.944026e+00 4.227205e+01)	(2.219598e+02 -7.944296e+00 4.227316e+01)	(6.905496e-04 2.698862e-04 -1.106902e-03)
278           	(2.219605e+02 -7.944139e+00 4.227212e+01)	(2.219598e+02 -7.944406e+00 4.227322e+01)	(6.935294e-04 2.677479e-04 -1.107375e-03)
279           	(2.219606e+02 -7.944250e+00 4.227217e+01)	(2.219599e+02 -7.944516e+00 4.227328e+01)	(6.964584e-04 2.656318e-04 -1.108032e-03)
280           	(2.219606e+02 -7.944361e+00 4.227221e+01)	(2.219599e+02 -7.944624e+00 4.227332e+01)	(6.993391e-04 2.635323e-04 -1.108832e-03)
281           	(2.219607e+02 -7.944470e+00 4.227224e+01)	(2.219600e+02 -7.944732e+00 4.227335e+01)	(7.021417e-04 2.614401e-04 -1.109773e-03)
282           	(2.219608e+02 -7.944579e+00 4.227226e+01)	(2.219600e+02 -7.944838e+00 4.227337e+01)	(7.048538e-04 2.593529e-04 -1.110818e-03)
283           	(2.219608e+02 -7.944686e+00 4.227227e+01)	(2.219601e+02 -7.944943e+00 4.227338e+01)	(7.074570e-04 2.572685e-04 -1.111927e-03)
284           	(2.219609e+02 -7.944791e+00 4.227227e+01)	(2.219602e+02 -7.945046e+00 4.227338e+01)	(7.099536e-04 2.551814e-04 -1.113078e-03)
285           	(2.219609e+02 -7.944894e+00 4.227226e+01)	(2.219602e+02 -7.945147e+00 4.227338e+01)	(7.123551e-04 2.530867e-04 -1.114256e-03)
286           	(2.219610e+02 -7.944996e+00 4.227225e+01)	(2.219602e+02 -7.945247e+00 4.227337e+01)	(7.146784e-04 2.509814e-04 -1.115444e-03)
287           	(2.219610e+02 -7.945095e+00 4.227224e+01)	(2.219603e+02 -7.945344e+00 4.227335e+01)	(7.169704e-04 2.488664e-04 -1.116615e-03)
288           	(2.219610e+02 -7.945191e+00 4.227223e+01)	(2.219603e+02 -7.945438e+00 4.227334e+01)	(7.192337e-04 2.467409e-04 -1.117777e-03)
289           	(2.219611e+02 -7.945285e+00 4.227222e+01)	(2.219604e+02 -7.945530e+00 4.227334e+01)	(7.214949e-04 2.446169e-04 -1.118907e-03)
290           	(2.219611e+02 -7.945377e+00 4.227222e+01)	(2.219604e+02 -7.945620e+00 4.227334e+01)	(7.237924e-04 2.424998e-04 -1.119993e-03)
291           	(2.219609e+02 -7.945468e+00 4.227216e+01)	(2.219602e+02 -7.945708e+00 4.227328e+01)	(7.261310e-04 2.404049e-04 -1.121152e-03)
292           	(2.219608e+02 -7.945551e+00 4.227213e+01)	(2.219601e+02 -7.945790e+00 4.227325e+01)	(7.285506e-04 2.383352e-04 -1.122267e-03)
293           	(2.219608e+02 -7.945625e+00 4.227217e+01)	(2.219601e+02 -7.945861e+00 4.227330e+01)	(7.310272e-04 2.362751e-04 -1.123199e-03)
294           	(2.219608e+02 -7.945695e+00 4.227223e+01)	(2.219601e+02 -7.945929e+00 4.227335e+01)	(7.335991e-04 2.342527e-04 -1.123948e-03)
295           	(2.219608e+02 -7.945760e+00 4.227229e+01)	(2.219601e+02 -7.945992e+00 4.227341e+01)	(7.362307e-04 2.322708e-04 -1.124567e-03)
296           	(2.219606e+02 -7.945827e+00 4.227226e+01)	(2.219599e+02 -7.946057e+00 4.227338e+01)	(7.389455e-04 2.303723e-04 -1.125239e-03)
297           	(2.219606e+02 -7.945881e+00 4.227232e+01)	(2.219598e+02 -7.946110e+00 4.227345e+01)	(7.416865e-04 2.285139e-04 -1.125751e-03)
298           	(2.219604e+02 -7.945935e+00 4.227229e+01)	(2.219596e+02 -7.946162e+00 4.227342e+01)	(7.444512e-04 2.267383e-04 -1.126263e-03)
299           	(2.219604e+02 -7.945978e+00 4.227235e+01)	(2.219596e+02 -7.946203e+00 4.227347e+01)	(7.471695e-04 2.250087e-04 -1.126585e-03)
300           	(2.219603e+02 -7.946014e+00 4.227239e+01)	(2.219596e+02 -7.946238e+00 4.227352e+01)	(7.498227e-04 2.233328e-04 -1.126751e-03)
301           	(2.219601e+02 -7.946051e+00 4.227234e+01)	(2.219594e+02 -7.946273e+00 4.227346e+01)	(7.523788e-04 2.217529e-04 -1.126980e-03)
302           	(2.219601e+02 -7.946076e+00 4.227236e+01)	(2.219594e+02 -7.946296e+00 4.227349e+01)	(7.547983e-04 2.202310e-04 -1.127064e-03)
303           	(2.219601e+02 -7.946095e+00 4.227237e+01)	(2.219593e+02 -7.946314e+00 4.227350e+01)	(7.570539e-04 2.187779e-04 -1.127049e-03)
304           	(2.219599e+02 -7.946113e+00 4.227230e+01)	(2.219591e+02 -7.946330e+00 4.227343e+01)	(7.591253e-04 2.174388e-04 -1.127136e-03)
305           	(2.219599e+02 -7.946120e+00 4.227230e+01)	(2.219591e+02 -7.946336e+00 4.227343e+01)	(7.609823e-04 2.161735e-04 -1.127168e-03)
306           	(2.219599e+02 -7.946122e+00 4.227229e+01)	(2.219591e+02 -7.946337e+00 4.227342e+01)	(7.626364e-04 2.149884e-04 -1.127144e-03)
307           	(2.219597e+02 -7.946121e+00 4.227221e+01)	(2.219589e+02 -7.946335e+00 4.227334e+01)	(7.640512e-04 2.139111e-04 -1.127272e-03)
308           	(2.219597e+02 -7.946114e+00 4.227219e+01)	(2.219589e+02 -7.946327e+00 4.227332e+01)	(7.652429e-04 2.129007e-04 -1.127398e-03)
309           	(2.219596e+02 -7.946102e+00 4.227216e+01)	(2.219589e+02 -7.946314e+00 4.227329e+01)	(7.662175e-04 2.119597e-04 -1.127541e-03)
310           	(2.219596e+02 -7.946084e+00 4.227214e+01)	(2.219588e+02 -7.946295e+00 4.227326e+01)	(7.669632e-04 2.110978e-04 -1.127689e-03)
311           	(2.219595e+02 -7.946060e+00 4.227211e+01)	(2.219588e+02 -7.946270e+00 4.227323e+01)	(7.674647e-04 2.103138e-04 -1.127851e-03)
312           	(2.219595e+02 -7.946030e+00 4.227207e+01)	(2.219587e+02 -7.946240e+00 4.227320e+01)	(7.677521e-04 2.096149e-04 -1.127975e-03)
313           	(2.219594e+02 -7.945994e+00 4.227203e+01)	(2.219586e+02 -7.946203e+00 4.227316e+01)	(7.677938e-04 2.090015e-04 -1.128080e-03)
314           	(2.219591e+02 -7.945951e+00 4.227190e+01)	(2.219584e+02 -7.946159e+00 4.227303e+01)	(7.675764e-04 2.085215e-04 -1.128272e-03)
315           	(2.219591e+02 -7.945902e+00 4.227184e+01)	(2.219583e+02 -7.946110e+00 4.227297e+01)	(7.671192e-04 2.081251e-04 -1.128385e-03)
316           	(2.219590e+02 -7.945847e+00 4.227178e+01)	(2.219582e+02 -7.946055e+00 4.227291e+01)	(7.664356e-04 2.078251e-04 -1.128412e-03)
317           	(2.219588e+02 -7.945784e+00 4.227171e+01)	(2.219581e+02 -7.945992e+00 4.227284e+01)	(7.655045e-04 2.076325e-04 -1.128394e-03)
318           	(2.219586e+02 -7.945717e+00 4.227154e+01)	(2.219578e+02 -7.945925e+00 4.227267e+01)	(7.642919e-04 2.075966e-04 -1.128508e-03)
319           	(2.219584e+02 -7.945640e+00 4.227146e+01)	(2.219577e+02 -7.945848e+00 4.227259e+01)	(7.628175e-04 2.076585e-04 -1.128575e-03)
320           	(2.219583e+02 -7.945556e+00 4.227137e+01)	(2.219575e+02 -7.945764e+00 4.227249e+01)	(7.610821e-04 2.078320e-04 -1.128600e-03)
321           	(2.219581e+02 -7.945467e+00 4.227126e+01)	(2.219574e+02 -7.945675e+00 4.227239e+01)	(7.590615e-04 2.081164e-04 -1.128647e-03)
322           	(2.219580e+02 -7.945373e+00 4.227114e+01)	(2.219572e+02 -7.945582e+00 4.227227e+01)	(7.567652e-04 2.085175e-04 -1.128727e-03)
323           	(2.219578e+02 -7.945275e+00 4.227100e+01)	(2.219570e+02 -7.945484e+00 4.227213e+01)	(7.541879e-04 2.090361e-04 -1.128868e-03)
324           	(2.219576e+02 -7.945174e+00 4.227085e+01)	(2.219568e+02 -7.945384e+00 4.227198e+01)	(7.513576e-04 2.096711e-04 -1.129060e-03)
325           	(2.219574e+02 -7.945075e+00 4.227064e+01)	(2.219566e+02 -7.945286e+00 4.227177e+01)	(7.482651e-04 2.104296e-04 -1.129406e-03)
326           	(2.219572e+02 -7.944971e+00 4.227047e+01)	(2.219564e+02 -7.945182e+00 4.227160e+01)	(7.450138e-04 2.112858e-04 -1.129724e-03)
327           	(2.219570e+02 -7.944866e+00 4.227030e+01)	(2.219562e+02 -7.945079e+00 4.227143e+01)	(7.416048e-04 2.122277e-04 -1.130015e-03)
328           	(2.219568e+02 -7.944764e+00 4.227009e+01)	(2.219560e+02 -7.944977e+00 4.227122e+01)	(7.380624e-04 2.132593e-04 -1.130331e-03)
329           	(2.219566e+02 -7.944662e+00 4.226992e+01)	(2.219558e+02 -7.944877e+00 4.227106e+01)	(7.344550e-04 2.143552e-04 -1.130591e-03)
330           	(2.219563e+02 -7.944562e+00 4.226976e+01)	(2.219556e+02 -7.944778e+00 4.227089e+01)	(7.308080e-04 2.155101e-04 -1.130786e-03)
331           	(2.219561e+02 -7.944465e+00 4.226958e+01)	(2.219554e+02 -7.944682e+00 4.227071e+01)	(7.271268e-04 2.167151e-04 -1.130955e-03)
332           	(2.219559e+02 -7.944370e+00 4.226941e+01)	(2.219552e+02 -7.944588e+00 4.227054e+01)	(7.234173e-04 2.179629e-04 -1.131125e-03)
333           	(2.219557e+02 -7.944278e+00 4.226923e+01)	(2.219550e+02 -7.944497e+00 4.227036e+01)	(7.196652e-04 2.192381e-04 -1.131341e-03)
334           	(2.219555e+02 -7.944188e+00 4.226906e+01)	(2.219548e+02 -7.944409e+00 4.227019e+01)	(7.159488e-04 2.205474e-04 -1.131569e-03)
335           	(2.219553e+02 -7.944101e+00 4.226888e+01)	(2.219546e+02 -7.944323e+00 4.227001e+01)	(7.122197e-04 2.218728e-04 -1.131878e-03)
336           	(2.219551e+02 -7.944017e+00 4.226871e+01)	(2.219544e+02 -7.944240e+00 4.226984e+01)	(7.085523e-04 2.232258e-04 -1.132209e-03)
337           	(2.219549e+02 -7.943934e+00 4.226854e+01)	(2.219542e+02 -7.944158e+00 4.226968e+01)	(7.049331e-04 2.245976e-04 -1.132599e-03)
338           	(2.219547e+02 -7.943853e+00 4.226838e+01)	(2.219540e+02 -7.944079e+00 4.226952e+01)	(7.013916e-04 2.259948e-04 -1.133003e-03)
339           	(2.219545e+02 -7.943776e+00 4.226819e+01)	(2.219538e+02 -7.944004e+00 4.226932e+01)	(6.978382e-04 2.274154e-04 -1.133582e-03)
340           	(2.219543e+02 -7.943697e+00 4.226806e+01)	(2.219536e+02 -7.943926e+00 4.226919e+01)	(6.943983e-04 2.288534e-04 -1.134101e-03)
341           	(2.219541e+02 -7.943619e+00 4.226795e+01)	(2.219534e+02 -7.943850e+00 4.226908e+01)	(6.909824e-04 2.302867e-04 -1.134633e-03)
342           	(2.219539e+02 -7.943541e+00 4.226783e+01)	(2.219532e+02 -7.943773e+00 4.226897e+01)	(6.876575e-04 2.317487e-04 -1.135119e-03)
343           	(2.219536e+02 -7.943470e+00 4.226764e+01)	(2.219530e+02 -7.943703e+00 4.226878e+01)	(6.843172e-04 2.332552e-04 -1.135829e-03)
344           	(2.219535e+02 -7.943393e+00 4.226756e+01)	(2.219528e+02 -7.943627e+00 4.226869e+01)	(6.810810e-04 2.347729e-04 -1.136409e-03)
345           	(2.219533e+02 -7.943317e+00 4.226748e+01)	(2.219526e+02 -7.943553e+00 4.226862e+01)	(6.778426e-04 2.362859e-04 -1.136964e-03)
346           	(2.219531e+02 -7.943243e+00 4.226741e+01)	(2.219525e+02 -7.943480e+00 4.226855e+01)	(6.746818e-04 2.378167e-04 -1.137446e-03)
347           	(2.219528e+02 -7.943175e+00 4.226723e+01)	(2.219521e+02 -7.943415e+00 4.226837e+01)	(6.714910e-04 2.393940e-04 -1.138165e-03)
348           	(2.219527e+02 -7.943105e+00 4.226718e+01)	(2.219520e+02 -7.943346e+00 4.226832e+01)	(6.684151e-04 2.409786e-04 -1.138747e-03)
349           	(2.219525e+02 -7.943038e+00 4.226715e+01)	(2.219518e+02 -7.943280e+00 4.226829e+01)	(6.653623e-04 2.425526e-04 -1.139328e-03)
350           	(2.219524e+02 -7.942975e+00 4.226712e+01)	(2.219517e+02 -7.943219e+00 4.226826e+01)	(6.624539e-04 2.441437e-04 -1.139861e-03)
351           	(2.219522e+02 -7.942917e+00 4.226711e+01)	(2.219516e+02 -7.943163e+00 4.226825e+01)	(6.596032e-04 2.457303e-04 -1.140473e-03)
352           	(2.219521e+02 -7.942864e+00 4.226710e+01)	(2.219514e+02 -7.943111e+00 4.226824e+01)	(6.568980e-04 2.473275e-04 -1.141109e-03)
353           	(2.219520e+02 -7.942814e+00 4.226711e+01)	(2.219513e+02 -7.943063e+00 4.226825e+01)	(6.542491e-04 2.489123e-04 -1.141877e-03)
354           	(2.219518e+02 -7.942769e+00 4.226713e+01)	(2.219512e+02 -7.943020e+00 4.226827e+01)	(6.517295e-04 2.504966e-04 -1.142707e-03)
355           	(2.219517e+02 -7.942728e+00 4.226715e+01)	(2.219511e+02 -7.942980e+00 4.226829e+01)	(6.492569e-04 2.520551e-04 -1.143680e-03)
356           	(2.219514e+02 -7.942692e+00 4.226707e+01)	(2.219508e+02 -7.942946e+00 4.226822e+01)	(6.468704e-04 2.536357e-04 -1.144941e-03)
357           	(2.219513e+02 -7.942654e+00 4.226712e+01)	(2.219507e+02 -7.942909e+00 4.226827e+01)	(6.445522e-04 2.551639e-04 -1.146263e-03)
358           	(2.219513e+02 -7.942618e+00 4.226717e+01)	(2.219506e+02 -7.942874e+00 4.226832e+01)	(6.423140e-04 2.566392e-04 -1.147641e-03)
359           	(2.219512e+02 -7.942584e+00 4.226724e+01)	(2.219506e+02 -7.942842e+00 4.226839e+01)	(6.402170e-04 2.580659e-04 -1.149081e-03)
360           	(2.219512e+02 -7.942553e+00 4.226731e+01)	(2.219505e+02 -7.942812e+00 4.226846e+01)	(6.382869e-04 2.594379e-04 -1.150577e-03)
361           	(2.219512e+02 -7.942524e+00 4.226740e+01)	(2.219505e+02 -7.942784e+00 4.226855e+01)	(6.364987e-04 2.607379e-04 -1.152150e-03)
362           	(2.219512e+02 -7.942497e+00 4.226749e+01)	(2.219505e+02 -7.942759e+00 4.226865e+01)	(6.349160e-04 2.619674e-04 -1.153755e-03)
363           	(2.219512e+02 -7.942472e+00 4.226760e+01)	(2.219505e+02 -7.942735e+00 4.226876e+01)	(6.335751e-04 2.631189e-04 -1.155363e-03)
364           	(2.219512e+02 -7.942444e+00 4.226776e+01)	(2.219506e+02 -7.942708e+00 4.226892e+01)	(6.324616e-04 2.641680e-04 -1.156888e-03)
365           	(2.219514e+02 -7.942422e+00 4.226796e+01)	(2.219508e+02 -7.942687e+00 4.226912e+01)	(6.315676e-04 2.651211e-04 -1.158309e-03)
366           	(2.219514e+02 -7.942404e+00 4.226806e+01)	(2.219508e+02 -7.942670e+00 4.226922e+01)	(6.308497e-04 2.660213e-04 -1.159816e-03)
367           	(2.219514e+02 -7.942388e+00 4.226817e+01)	(2.219508e+02 -7.942654e+00 4.226933e+01)	(6.302950e-04 2.668703e-04 -1.161392e-03)
368           	(2.219516e+02 -7.942369e+00 4.226835e+01)	(2.219510e+02 -7.942637e+00 4.226951e+01)	(6.298717e-04 2.676443e-04 -1.162895e-03)
369           	(2.219517e+02 -7.942352e+00 4.226846e+01)	(2.219510e+02 -7.942621e+00 4.226962e+01)	(6.295708e-04 2.683947e-04 -1.164460e-03)
370           	(2.219518e+02 -7.942334e+00 4.226862e+01)	(2.219512e+02 -7.942603e+00 4.226979e+01)	(6.293820e-04 2.691079e-04 -1.165995e-03)
371           	(2.219520e+02 -7.942315e+00 4.226878e+01)	(2.219514e+02 -7.942585e+00 4.226994e+01)	(6.293062e-04 2.698045e-04 -1.167508e-03)
372           	(2.219521e+02 -7.942296e+00 4.226890e+01)	(2.219515e+02 -7.942566e+00 4.227007e+01)	(6.292926e-04 2.704956e-04 -1.169069e-03)
373           	(2.219522e+02 -7.942274e+00 4.226905e+01)	(2.219516e+02 -7.942546e+00 4.227022e+01)	(6.293622e-04 2.711751e-04 -1.170609e-03)
374           	(2.219523e+02 -7.942251e+00 4.226917e+01)	(2.219517e+02 -7.942523e+00 4.227034e+01)	(6.294589e-04 2.718556e-04 -1.172199e-03)
375           	(2.219523e+02 -7.942227e+00 4.226929e+01)	(2.219517e+02 -7.942500e+00 4.227047e+01)	(6.296065e-04 2.725373e-04 -1.173812e-03)
376           	(2.219526e+02 -7.942202e+00 4.226949e+01)	(2.219519e+02 -7.942475e+00 4.227067e+01)	(6.298305e-04 2.731982e-04 -1.175317e-03)
377           	(2.219526e+02 -7.942178e+00 4.226962e+01)	(2.219520e+02 -7.942452e+00 4.227080e+01)	(6.300854e-04 2.738571e-04 -1.176870e-03)
378           	(2.219527e+02 -7.942155e+00 4.226976e+01)	(2.219520e+02 -7.942430e+00 4.227094e+01)	(6.304111e-04 2.745074e-04 -1.178437e-03)
379           	(2.219530e+02 -7.942134e+00 4.226997e+01)	(2.219523e+02 -7.942409e+00 4.227115e+01)	(6.308331e-04 2.751287e-04 -1.179903e-03)
380           	(2.219530e+02 -7.942116e+00 4.227011e+01)	(2.219524e+02 -7.942391e+00 4.227130e+01)	(6.313381e-04 2.757432e-04 -1.181401e-03)
381           	(2.219531e+02 -7.942099e+00 4.227026e+01)	(2.219525e+02 -7.942376e+00 4.227145e+01)	(6.319631e-04 2.763458e-04 -1.182897e-03)
382           	(2.219532e+02 -7.942084e+00 4.227042e+01)	(2.219526e+02 -7.942361e+00 4.227160e+01)	(6.327404e-04 2.769478e-04 -1.184343e-03)
383           	(2.219533e+02 -7.942070e+00 4.227057e+01)	(2.219526e+02 -7.942348e+00 4.227176e+01)	(6.336220e-04 2.775394e-04 -1.185745e-03)
384           	(2.219534e+02 -7.942057e+00 4.227073e+01)	(2.219527e+02 -7.942335e+00 4.227192e+01)	(6.346220e-04 2.781284e-04 -1.187062e-03)
385           	(2.219536e+02 -7.942038e+00 4.227099e+01)	(2.219530e+02 -7.942317e+00 4.227218e+01)	(6.357212e-04 2.786840e-04 -1.188118e-03)
386           	(2.219537e+02 -7.942028e+00 4.227115e+01)	(2.219531e+02 -7.942307e+00 4.227234e+01)	(6.369158e-04 2.792566e-04 -1.189130e-03)
387           	(2.219538e+02 -7.942018e+00 4.227131e+01)	(2.219532e+02 -7.942298e+00 4.227250e+01)	(6.381781e-04 2.798426e-04 -1.190087e-03)
388           	(2.219539e+02 -7.942007e+00 4.227147e+01)	(2.219533e+02 -7.942287e+00 4.227267e+01)	(6.395117e-04 2.804454e-04 -1.190937e-03)
389           	(2.219540e+02 -7.941996e+00 4.227164e+01)	(2.219533e+02 -7.942277e+00 4.227283e+01)	(6.408722e-04 2.810557e-04 -1.191674e-03)
390           	(2.219541e+02 -7.941985e+00 4.227181e+01)	(2.219534e+02 -7.942266e+00 4.227300e+01)	(6.423092e-04 2.816821e-04 -1.192239e-03)
391           	(2.219541e+02 -7.941975e+00 4.227199e+01)	(2.219535e+02 -7.942258e+00 4.227318e+01)	(6.437753e-04 2.823075e-04 -1.192655e-03)
392           	(2.219542e+02 -7.941968e+00 4.227218e+01)	(2.219536e+02 -7.942251e+00 4.227337e+01)	(6.452891e-04 2.829265e-04 -1.192909e-03)
393           	(2.219543e+02 -7.941964e+00 4.227238e+01)	(2.219536e+02 -7.942248e+00 4.227357e+01)	(6.468652e-04 2.835303e-04 -1.192985e-03)
394           	(2.219543e+02 -7.941965e+00 4.227259e+01)	(2.219537e+02 -7.942249e+00 4.227378e+01)	(6.485375e-04 2.841086e-04 -1.192874e-03)
395           	(2.219544e+02 -7.941971e+00 4.227281e+01)	(2.219538e+02 -7.942256e+00 4.227400e+01)	(6.503015e-04 2.846428e-04 -1.192593e-03)
396           	(2.219544e+02 -7.941982e+00 4.227305e+01)	(2.219538e+02 -7.942268e+00 4.227424e+01)	(6.521725e-04 2.851191e-04 -1.192150e-03)
397           	(2.219545e+02 -7.942001e+00 4.227328e+01)	(2.219538e+02 -7.942287e+00 4.227447e+01)	(6.541256e-04 2.855189e-04 -1.191588e-03)
398           	(2.219545e+02 -7.942026e+00 4.227351e+01)	(2.219538e+02 -7.942312e+00 4.227470e+01)	(6.561623e-04 2.858273e-04 -1.190925e-03)
399           	(2.219542e+02 -7.942068e+00 4.227359e+01)	(2.219535e+02 -7.942354e+00 4.227478e+01)	(6.582970e-04 2.860758e-04 -1.190458e-03)
400           	(2.219542e+02 -7.942100e+00 4.227382e+01)	(2.219535e+02 -7.942386e+00 4.227501e+01)	(6.604565e-04 2.862003e-04 -1.189816e-03)
401           	(2.219538e+02 -7.942150e+00 4.227391e+01)	(2.219532e+02 -7.942436e+00 4.227510e+01)	(6.627481e-04 2.862347e-04 -1.189252e-03)
402           	(2.219539e+02 -7.942187e+00 4.227411e+01)	(2.219532e+02 -7.942473e+00 4.227530e+01)	(6.649921e-04 2.861520e-04 -1.188507e-03)
403           	(2.219539e+02 -7.942228e+00 4.227430e+01)	(2.219532e+02 -7.942514e+00 4.227548e+01)	(6.672334e-04 2.859582e-04 -1.187608e-03)
404           	(2.219535e+02 -7.942290e+00 4.227432e+01)	(2.219528e+02 -7.942575e+00 4.227551e+01)	(6.695310e-04 2.856954e-04 -1.186926e-03)
405           	(2.219535e+02 -7.942334e+00 4.227449e+01)	(2.219528e+02 -7.942620e+00 4.227568e+01)	(6.717945e-04 2.853459e-04 -1.186053e-03)
406           	(2.219533e+02 -7.942394e+00 4.227456e+01)	(2.219526e+02 -7.942679e+00 4.227575e+01)	(6.740891e-04 2.849206e-04 -1.185221e-03)
407           	(2.219533e+02 -7.942443e+00 4.227471e+01)	(2.219526e+02 -7.942727e+00 4.227590e+01)	(6.763042e-04 2.844236e-04 -1.184261e-03)
408           	(2.219533e+02 -7.942496e+00 4.227486e+01)	(2.219526e+02 -7.942780e+00 4.227604e+01)	(6.785005e-04 2.838612e-04 -1.183173e-03)
409           	(2.219531e+02 -7.942564e+00 4.227491e+01)	(2.219524e+02 -7.942848e+00 4.227609e+01)	(6.806721e-04 2.832484e-04 -1.182217e-03)
410           	(2.219531e+02 -7.942626e+00 4.227505e+01)	(2.219524e+02 -7.942908e+00 4.227624e+01)	(6.828201e-04 2.825675e-04 -1.181142e-03)
411           	(2.219531e+02 -7.942692e+00 4.227520e+01)	(2.219525e+02 -7.942973e+00 4.227638e+01)	(6.849326e-04 2.818104e-04 -1.179997e-03)
412           	(2.219532e+02 -7.942763e+00 4.227534e+01)	(2.219525e+02 -7.943044e+00 4.227652e+01)	(6.870441e-04 2.809826e-04 -1.178807e-03)
413           	(2.219532e+02 -7.942840e+00 4.227547e+01)	(2.219525e+02 -7.943121e+00 4.227665e+01)	(6.891348e-04 2.800911e-04 -1.177647e-03)
414           	(2.219532e+02 -7.942921e+00 4.227561e+01)	(2.219526e+02 -7.943200e+00 4.227678e+01)	(6.912156e-04 2.791330e-04 -1.176515e-03)
415           	(2.219533e+02 -7.943004e+00 4.227574e+01)	(2.219526e+02 -7.943282e+00 4.227692e+01)	(6.933129e-04 2.781132e-04 -1.175410e-03)
416           	(2.219533e+02 -7.943089e+00 4.227588e+01)	(2.219526e+02 -7.943366e+00 4.227706e+01)	(6.954341e-04 2.770389e-04 -1.174327e-03)
417           	(2.219534e+02 -7.943174e+00 4.227602e+01)	(2.219527e+02 -7.943450e+00 4.227719e+01)	(6.975801e-04 2.759179e-04 -1.173281e-03)
418           	(2.219534e+02 -7.943258e+00 4.227615e+01)	(2.219527e+02 -7.943533e+00 4.227732e+01)	(6.997840e-04 2.747672e-04 -1.172251e-03)
419           	(2.219534e+02 -7.943341e+00 4.227626e+01)	(2.219527e+02 -7.943615e+00 4.227743e+01)	(7.019935e-04 2.735889e-04 -1.171271e-03)
420           	(2.219534e+02 -7.943422e+00 4.227636e+01)	(2.219527e+02 -7.943695e+00 4.227753e+01)	(7.042126e-04 2.723907e-04 -1.170285e-03)
421           	(2.219534e+02 -7.943501e+00 4.227645e+01)	(2.219527e+02 -7.943773e+00 4.227762e+01)	(7.063893e-04 2.711667e-04 -1.169286e-03)
422           	(2.219534e+02 -7.943578e+00 4.227652e+01)	(2.219527e+02 -7.943848e+00 4.227769e+01)	(7.084837e-04 2.699137e-04 -1.168269e-03)
423           	(2.219535e+02 -7.943652e+00 4.227657e+01)	(2.219527e+02 -7.943921e+00 4.227774e+01)	(7.104713e-04 2.686286e-04 -1.167252e-03)
424           	(2.219535e+02 -7.943724e+00 4.227662e+01)	(2.219528e+02 -7.943991e+00 4.227778e+01)	(7.123385e-04 2.673174e-04 -1.166252e-03)
425           	(2.219536e+02 -7.943790e+00 4.227675e+01)	(2.219529e+02 -7.944056e+00 4.227792e+01)	(7.140940e-04 2.659482e-04 -1.165117e-03)
426           	(2.219536e+02 -7.943857e+00 4.227675e+01)	(2.219529e+02 -7.944121e+00 4.227792e+01)	(7.157344e-04 2.645947e-04 -1.164092e-03)
427           	(2.219538e+02 -7.943927e+00 4.227683e+01)	(2.219531e+02 -7.944190e+00 4.227799e+01)	(7.172452e-04 2.632131e-04 -1.163087e-03)
428           	(2.219540e+02 -7.943993e+00 4.227686e+01)	(2.219532e+02 -7.944255e+00 4.227802e+01)	(7.186291e-04 2.618371e-04 -1.162148e-03)
429           	(2.219540e+02 -7.944054e+00 4.227681e+01)	(2.219532e+02 -7.944314e+00 4.227797e+01)	(7.198985e-04 2.604994e-04 -1.161399e-03)
430           	(2.219539e+02 -7.944106e+00 4.227678e+01)	(2.219532e+02 -7.944365e+00 4.227794e+01)	(7.210684e-04 2.591880e-04 -1.160720e-03)
431           	(2.219541e+02 -7.944161e+00 4.227680e+01)	(2.219534e+02 -7.944419e+00 4.227796e+01)	(7.221390e-04 2.578791e-04 -1.160022e-03)
432           	(2.219541e+02 -7.944206e+00 4.227675e+01)	(2.219533e+02 -7.944463e+00 4.227791e+01)	(7.231586e-04 2.566095e-04 -1.159396e-03)
433           	(2.219541e+02 -7.944254e+00 4.227667e+01)	(2.219534e+02 -7.944510e+00 4.227783e+01)	(7.240716e-04 2.553786e-04 -1.158903e-03)
434           	(2.219543e+02 -7.944298e+00 4.227669e+01)	(2.219535e+02 -7.944552e+00 4.227785e+01)	(7.249515e-04 2.541671e-04 -1.158322e-03)
435           	(2.219543e+02 -7.944336e+00 4.227661e+01)	(2.219535e+02 -7.944589e+00 4.227777e+01)	(7.257369e-04 2.530056e-04 -1.157883e-03)
436           	(2.219544e+02 -7.944370e+00 4.227661e+01)	(2.219537e+02 -7.944622e+00 4.227777e+01)	(7.264873e-04 2.518766e-04 -1.157386e-03)
437           	(2.219544e+02 -7.944399e+00 4.227652e+01)	(2.219537e+02 -7.944650e+00 4.227768e+01)	(7.271605e-04 2.508107e-04 -1.157037e-03)
438           	(2.219544e+02 -7.944422e+00 4.227644e+01)	(2.219537e+02 -7.944672e+00 4.227759e+01)	(7.277813e-04 2.498162e-04 -1.156780e-03)
439           	(2.219545e+02 -7.944439e+00 4.227642e+01)	(2.219538e+02 -7.944688e+00 4.227758e+01)	(7.283285e-04 2.488648e-04 -1.156505e-03)
440           	(2.219545e+02 -7.944452e+00 4.227633e+01)	(2.219537e+02 -7.944700e+00 4.227748e+01)	(7.288035e-04 2.479996e-04 -1.156359e-03)
441           	(2.219544e+02 -7.944459e+00 4.227623e+01)	(2.219537e+02 -7.944706e+00 4.227738e+01)	(7.291830e-04 2.472291e-04 -1.156351e-03)
442           	(2.219544e+02 -7.944459e+00 4.227613e+01)	(2.219537e+02 -7.944706e+00 4.227728e+01)	(7.294447e-04 2.465542e-04 -1.156448e-03)
443           	(2.219545e+02 -7.944451e+00 4.227609e+01)	(2.219537e+02 -7.944697e+00 4.227725e+01)	(7.296168e-04 2.459708e-04 -1.156526e-03)
444           	(2.219544e+02 -7.944439e+00 4.227599e+01)	(2.219537e+02 -7.944685e+00 4.227715e+01)	(7.296720e-04 2.455003e-04 -1.156722e-03)
445           	(2.219543e+02 -7.944422e+00 4.227588e+01)	(2.219536e+02 -7.944667e+00 4.227703e+01)	(7.295871e-04 2.451533e-04 -1.157049e-03)
446           	(2.219542e+02 -7.944398e+00 4.227574e+01)	(2.219535e+02 -7.944643e+00 4.227690e+01)	(7.293217e-04 2.449338e-04 -1.157508e-03)
447           	(2.219541e+02 -7.944368e+00 4.227561e+01)	(2.219534e+02 -7.944613e+00 4.227676e+01)	(7.288977e-04 2.448444e-04 -1.158055e-03)
448           	(2.219540e+02 -7.944332e+00 4.227545e+01)	(2.219533e+02 -7.944577e+00 4.227661e+01)	(7.282929e-04 2.448940e-04 -1.158671e-03)
449           	(2.219539e+02 -7.944289e+00 4.227530e+01)	(2.219532e+02 -7.944534e+00 4.227646e+01)	(7.274898e-04 2.450703e-04 -1.159364e-03)
450           	(2.219538e+02 -7.944240e+00 4.227514e+01)	(2.219531e+02 -7.944486e+00 4.227630e+01)	(7.265002e-04 2.453773e-04 -1.160093e-03)
451           	(2.219537e+02 -7.944187e+00 4.227498e+01)	(2.219529e+02 -7.944433e+00 4.227614e+01)	(7.253164e-04 2.458145e-04 -1.160890e-03)
452           	(2.219535e+02 -7.944129e+00 4.227480e+01)	(2.219528e+02 -7.944376e+00 4.227596e+01)	(7.239571e-04 2.463838e-04 -1.161733e-03)
453           	(2.219534e+02 -7.944068e+00 4.227462e+01)	(2.219527e+02 -7.944315e+00 4.227578e+01)	(7.223922e-04 2.470713e-04 -1.162666e-03)
454           	(2.219533e+02 -7.944005e+00 4.227441e+01)	(2.219526e+02 -7.944253e+00 4.227558e+01)	(7.206554e-04 2.478848e-04 -1.163685e-03)
455           	(2.219532e+02 -7.943938e+00 4.227423e+01)	(2.219524e+02 -7.944187e+00 4.227539e+01)	(7.187597e-04 2.487977e-04 -1.164781e-03)
456           	(2.219530e+02 -7.943870e+00 4.227404e+01)	(2.219523e+02 -7.944119e+00 4.227521e+01)	(7.167460e-04 2.498059e-04 -1.165914e-03)
457           	(2.219529e+02 -7.943800e+00 4.227385e+01)	(2.219522e+02 -7.944051e+00 4.227502e+01)	(7.146038e-04 2.508947e-04 -1.167131e-03)
458           	(2.219528e+02 -7.943731e+00 4.227366e+01)	(2.219521e+02 -7.943983e+00 4.227483e+01)	(7.123605e-04 2.520624e-04 -1.168410e-03)
459           	(2.219527e+02 -7.943662e+00 4.227347e+01)	(2.219520e+02 -7.943915e+00 4.227464e+01)	(7.100422e-04 2.532880e-04 -1.169749e-03)
460           	(2.219525e+02 -7.943593e+00 4.227329e+01)	(2.219518e+02 -7.943847e+00 4.227446e+01)	(7.076705e-04 2.545628e-04 -1.171118e-03)
461           	(2.219524e+02 -7.943525e+00 4.227311e+01)	(2.219517e+02 -7.943781e+00 4.227428e+01)	(7.052543e-04 2.558769e-04 -1.172540e-03)
462           	(2.219523e+02 -7.943459e+00 4.227292e+01)	(2.219516e+02 -7.943716e+00 4.227410e+01)	(7.027967e-04 2.572167e-04 -1.174004e-03)
463           	(2.219522e+02 -7.943394e+00 4.227274e+01)	(2.219515e+02 -7.943653e+00 4.227392e+01)	(7.003230e-04 2.585754e-04 -1.175511e-03)
464           	(2.219521e+02 -7.943332e+00 4.227256e+01)	(2.219514e+02 -7.943592e+00 4.227374e+01)	(6.978577e-04 2.599425e-04 -1.177025e-03)
465           	(2.219520e+02 -7.943273e+00 4.227239e+01)	(2.219513e+02 -7.943535e+00 4.227357e+01)	(6.954024e-04 2.613039e-04 -1.178561e-03)
466           	(2.219519e+02 -7.943218e+00 4.227222e+01)	(2.219512e+02 -7.943480e+00 4.227340e+01)	(6.929702e-04 2.626458e-04 -1.180095e-03)
467           	(2.219518e+02 -7.943166e+00 4.227205e+01)	(2.219511e+02 -7.943430e+00 4.227324e+01)	(6.905935e-04 2.639619e-04 -1.181616e-03)
468           	(2.219517e+02 -7.943118e+00 4.227190e+01)	(2.219511e+02 -7.943383e+00 4.227308e+01)	(6.882556e-04 2.652343e-04 -1.183116e-03)
469           	(2.219517e+02 -7.943074e+00 4.227174e+01)	(2.219510e+02 -7.943341e+00 4.227293e+01)	(6.860080e-04 2.664629e-04 -1.184575e-03)
470           	(2.219516e+02 -7.943036e+00 4.227160e+01)	(2.219509e+02 -7.943303e+00 4.227279e+01)	(6.838082e-04 2.676254e-04 -1.185991e-03)
471           	(2.219515e+02 -7.943002e+00 4.227146e+01)	(2.219508e+02 -7.943271e+00 4.227265e+01)	(6.816913e-04 2.687199e-04 -1.187340e-03)
472           	(2.219515e+02 -7.942974e+00 4.227133e+01)	(2.219508e+02 -7.943243e+00 4.227252e+01)	(6.796389e-04 2.697315e-04 -1.188599e-03)
473           	(2.219514e+02 -7.942951e+00 4.227121e+01)	(2.219507e+02 -7.943222e+00 4.227240e+01)	(6.776641e-04 2.706545e-04 -1.189768e-03)
474           	(2.219513e+02 -7.942935e+00 4.227110e+01)	(2.219507e+02 -7.943206e+00 4.227229e+01)	(6.757602e-04 2.714779e-04 -1.190824e-03)
475           	(2.219513e+02 -7.942925e+00 4.227100e+01)	(2.219506e+02 -7.943197e+00 4.227219e+01)	(6.739614e-04 2.722053e-04 -1.191748e-03)
476           	(2.219512e+02 -7.942920e+00 4.227091e+01)	(2.219505e+02 -7.943193e+00 4.227210e+01)	(6.722242e-04 2.728243e-04 -1.192556e-03)
477           	(2.219511e+02 -7.942922e+00 4.227084e+01)	(2.219505e+02 -7.943196e+00 4.227203e+01)	(6.705719e-04 2.733334e-04 -1.193232e-03)
478           	(2.219511e+02 -7.942929e+00 4.227077e+01)	(2.219504e+02 -7.943203e+00 4.227197e+01)	(6.689967e-04 2.737344e-04 -1.193764e-03)
479           	(2.219510e+02 -7.942941e+00 4.227071e+01)	(2.219504e+02 -7.943215e+00 4.227190e+01)	(6.674729e-04 2.740265e-04 -1.194165e-03)
480           	(2.219510e+02 -7.942957e+00 4.227065e+01)	(2.219503e+02 -7.943231e+00 4.227184e+01)	(6.659868e-04 2.742098e-04 -1.194424e-03)
481           	(2.219509e+02 -7.942977e+00 4.227060e+01)	(2.219502e+02 -7.943251e+00 4.227179e+01)	(6.645244e-04 2.742858e-04 -1.194542e-03)
482           	(2.219509e+02 -7.942999e+00 4.227055e+01)	(2.219502e+02 -7.943274e+00 4.227175e+01)	(6.630943e-04 2.742615e-04 -1.194497e-03)
483           	(2.219508e+02 -7.943025e+00 4.227052e+01)	(2.219501e+02 -7.943299e+00 4.227171e+01)	(6.616682e-04 2.741380e-04 -1.194324e-03)
484           	(2.219508e+02 -7.943052e+00 4.227049e+01)	(2.219501e+02 -7.943326e+00 4.227168e+01)	(6.602905e-04 2.739329e-04 -1.193987e-03)
485           	(2.219507e+02 -7.943081e+00 4.227047e+01)	(2.219501e+02 -7.943355e+00 4.227166e+01)	(6.589428e-04 2.736501e-04 -1.193515e-03)
486           	(2.219507e+02 -7.943111e+00 4.227046e+01)	(2.219500e+02 -7.943384e+00 4.227166e+01)	(6.576282e-04 2.732981e-04 -1.192913e-03)
487           	(2.219507e+02 -7.943141e+00 4.227047e+01)	(2.219500e+02 -7.943414e+00 4.227166e+01)	(6.563545e-04 2.728870e-04 -1.192196e-03)
488           	(2.219507e+02 -7.943172e+00 4.227048e+01)	(2.219500e+02 -7.943445e+00 4.227167e+01)	(6.551440e-04 2.724281e-04 -1.191347e-03)
489           	(2.219506e+02 -7.943203e+00 4.227051e+01)	(2.219500e+02 -7.943475e+00 4.227170e+01)	(6.539786e-04 2.719236e-04 -1.190400e-03)
490           	(2.219509e+02 -7.943237e+00 4.227064e+01)	(2.219502e+02 -7.943508e+00 4.227183e+01)	(6.528897e-04 2.713328e-04 -1.189145e-03)
491           	(2.219509e+02 -7.943273e+00 4.227067e+01)	(2.219502e+02 -7.943544e+00 4.227186e+01)	(6.518154e-04 2.707357e-04 -1.187930e-03)
492           	(2.219509e+02 -7.943309e+00 4.227072e+01)	(2.219502e+02 -7.943579e+00 4.227191e+01)	(6.508261e-04 2.701302e-04 -1.186684e-03)
493           	(2.219509e+02 -7.943345e+00 4.227079e+01)	(2.219503e+02 -7.943614e+00 4.227197e+01)	(6.498885e-04 2.695079e-04 -1.185392e-03)
494           	(2.219511e+02 -7.943383e+00 4.227095e+01)	(2.219505e+02 -7.943651e+00 4.227213e+01)	(6.490437e-04 2.688284e-04 -1.183888e-03)
495           	(2.219511e+02 -7.943418e+00 4.227104e+01)	(2.219505e+02 -7.943686e+00 4.227222e+01)	(6.482261e-04 2.681572e-04 -1.182389e-03)
496           	(2.219511e+02 -7.943452e+00 4.227114e+01)	(2.219505e+02 -7.943720e+00 4.227232e+01)	(6.474808e-04 2.674903e-04 -1.180857e-03)
497           	(2.219511e+02 -7.943487e+00 4.227125e+01)	(2.219505e+02 -7.943754e+00 4.227243e+01)	(6.467620e-04 2.668189e-04 -1.179304e-03)
498           	(2.219512e+02 -7.943523e+00 4.227136e+01)	(2.219505e+02 -7.943789e+00 4.227254e+01)	(6.461002e-04 2.661479e-04 -1.177699e-03)
499           	(2.219513e+02 -7.943559e+00 4.227155e+01)	(2.219507e+02 -7.943825e+00 4.227273e+01)	(6.454818e-04 2.654404e-04 -1.175942e-03)
500           	(2.219513e+02 -7.943592e+00 4.227167e+01)	(2.219507e+02 -7.943857e+00 4.227285e+01)	(6.448865e-04 2.647520e-04 -1.174167e-03)
501           	(2.219514e+02 -7.943625e+00 4.227179e+01)	(2.219507e+02 -7.943889e+00 4.227297e+01)	(6.442989e-04 2.640732e-04 -1.172399e-03)
