# Moment      
# CofR        : (0.000000e+00 0.000000e+00 0.000000e+00)
#
# Time        	(total_x total_y total_z)	(pressure_x pressure_y pressure_z)	(viscous_x viscous_y viscous_z)
1             	(-3.141311e-01 1.743368e-01 7.491827e-03)	(-3.141441e-01 1.735299e-01 7.482092e-03)	(1.292545e-05 8.069581e-04 9.735232e-06)
2             	(-3.119988e-01 1.696346e-01 -3.207959e-03)	(-3.121590e-01 1.690962e-01 -3.200664e-03)	(1.602717e-04 5.384060e-04 -7.294829e-06)
3             	(-2.306730e-01 1.221757e-01 -2.397555e-02)	(-2.309360e-01 1.218177e-01 -2.394959e-02)	(2.629802e-04 3.580299e-04 -2.595546e-05)
4             	(-1.114565e-01 5.492566e-02 -5.834047e-02)	(-1.117616e-01 5.464631e-02 -5.823572e-02)	(3.051058e-04 2.793543e-04 -1.047504e-04)
5             	(1.849487e-03 -8.220194e-03 -8.791673e-02)	(1.570341e-03 -8.481524e-03 -8.780492e-02)	(2.791451e-04 2.613300e-04 -1.118172e-04)
6             	(7.933184e-02 -4.972625e-02 -1.064103e-01)	(7.911726e-02 -5.002018e-02 -1.062383e-01)	(2.145758e-04 2.939273e-04 -1.720663e-04)
7             	(1.093670e-01 -6.366468e-02 -1.060499e-01)	(1.092336e-01 -6.401121e-02 -1.058291e-01)	(1.334870e-04 3.465380e-04 -2.208076e-04)
8             	(1.041654e-01 -5.810571e-02 -9.519885e-02)	(1.040991e-01 -5.851182e-02 -9.490700e-02)	(6.629762e-05 4.061100e-04 -2.918485e-04)
9             	(7.037833e-02 -3.724964e-02 -6.487427e-02)	(7.036202e-02 -3.767394e-02 -6.455901e-02)	(1.630652e-05 4.242961e-04 -3.152569e-04)
10            	(2.680895e-02 -1.227554e-02 -3.367507e-02)	(2.681894e-02 -1.266897e-02 -3.337973e-02)	(-9.982860e-06 3.934261e-04 -2.953390e-04)
11            	(-1.318923e-02 1.022550e-02 -7.915031e-03)	(-1.317776e-02 9.884639e-03 -7.661740e-03)	(-1.147212e-05 3.408654e-04 -2.532907e-04)
12            	(-3.979154e-02 2.368384e-02 3.335019e-03)	(-3.979414e-02 2.340250e-02 3.535793e-03)	(2.604351e-06 2.813351e-04 -2.007745e-04)
13            	(-4.952259e-02 2.754029e-02 1.109329e-03)	(-4.954547e-02 2.731220e-02 1.258371e-03)	(2.288806e-05 2.280892e-04 -1.490420e-04)
14            	(-4.740261e-02 2.523640e-02 -1.137768e-02)	(-4.744504e-02 2.504681e-02 -1.125857e-02)	(4.243260e-05 1.895857e-04 -1.191048e-04)
15            	(-3.774899e-02 1.819227e-02 -2.755443e-02)	(-3.780452e-02 1.802472e-02 -2.743726e-02)	(5.552963e-05 1.675519e-04 -1.171657e-04)
16            	(-2.251327e-02 8.651473e-03 -4.319235e-02)	(-2.257217e-02 8.491810e-03 -4.306311e-02)	(5.890769e-05 1.596637e-04 -1.292460e-04)
17            	(-9.099781e-03 9.416542e-04 -5.421930e-02)	(-9.154230e-03 7.799267e-04 -5.407149e-02)	(5.444828e-05 1.617275e-04 -1.478078e-04)
18            	(-3.554158e-04 -3.946619e-03 -5.860375e-02)	(-4.009350e-04 -4.115597e-03 -5.843745e-02)	(4.551921e-05 1.689780e-04 -1.663031e-04)
19            	(2.838758e-03 -5.585967e-03 -5.720120e-02)	(2.803368e-03 -5.762383e-03 -5.702141e-02)	(3.539001e-05 1.764153e-04 -1.797915e-04)
20            	(1.923865e-03 -4.138929e-03 -5.126937e-02)	(1.897730e-03 -4.318976e-03 -5.108700e-02)	(2.613511e-05 1.800473e-04 -1.823712e-04)
21            	(-1.514335e-03 -1.523037e-03 -4.401416e-02)	(-1.533092e-03 -1.700453e-03 -4.384027e-02)	(1.875718e-05 1.774154e-04 -1.738980e-04)
22            	(-5.875576e-03 1.273129e-03 -3.803734e-02)	(-5.889500e-03 1.103713e-03 -3.787815e-02)	(1.392397e-05 1.694157e-04 -1.591933e-04)
23            	(-1.039851e-02 3.858110e-03 -3.411750e-02)	(-1.041025e-02 3.698701e-03 -3.397513e-02)	(1.173501e-05 1.594086e-04 -1.423778e-04)
24            	(-1.383592e-02 5.587150e-03 -3.293929e-02)	(-1.384749e-02 5.437518e-03 -3.281060e-02)	(1.156946e-05 1.496320e-04 -1.286912e-04)
25            	(-1.568988e-02 6.409380e-03 -3.430829e-02)	(-1.570218e-02 6.268249e-03 -3.418849e-02)	(1.230171e-05 1.411311e-04 -1.198013e-04)
26            	(-1.632780e-02 6.025112e-03 -3.788236e-02)	(-1.634081e-02 5.890875e-03 -3.776443e-02)	(1.300861e-05 1.342369e-04 -1.179311e-04)
27            	(-1.591620e-02 5.567621e-03 -3.997238e-02)	(-1.592988e-02 5.438331e-03 -3.984956e-02)	(1.367088e-05 1.292896e-04 -1.228184e-04)
28            	(-1.494982e-02 4.790230e-03 -4.286489e-02)	(-1.496342e-02 4.664769e-03 -4.273120e-02)	(1.359742e-05 1.254603e-04 -1.336879e-04)
29            	(-1.312725e-02 3.662875e-03 -4.755837e-02)	(-1.313975e-02 3.540659e-03 -4.741041e-02)	(1.249439e-05 1.222153e-04 -1.479539e-04)
30            	(-1.142469e-02 2.689322e-03 -5.086772e-02)	(-1.143551e-02 2.570148e-03 -5.070465e-02)	(1.082107e-05 1.191749e-04 -1.630694e-04)
31            	(-1.009896e-02 1.881509e-03 -5.263406e-02)	(-1.010780e-02 1.765785e-03 -5.245698e-02)	(8.840032e-06 1.157241e-04 -1.770810e-04)
32            	(-9.658324e-03 1.752441e-03 -5.248742e-02)	(-9.665208e-03 1.640314e-03 -5.229968e-02)	(6.883566e-06 1.121268e-04 -1.877445e-04)
33            	(-9.490393e-03 1.783872e-03 -5.195001e-02)	(-9.495624e-03 1.675365e-03 -5.175506e-02)	(5.231425e-06 1.085074e-04 -1.949544e-04)
34            	(-9.500810e-03 1.939946e-03 -5.125252e-02)	(-9.504898e-03 1.834814e-03 -5.105377e-02)	(4.087820e-06 1.051318e-04 -1.987502e-04)
35            	(-9.621810e-03 2.168875e-03 -5.041032e-02)	(-9.625335e-03 2.066686e-03 -5.021064e-02)	(3.524901e-06 1.021890e-04 -1.996769e-04)
36            	(-9.821240e-03 2.457806e-03 -4.953458e-02)	(-9.824749e-03 2.358025e-03 -4.933580e-02)	(3.509889e-06 9.978183e-05 -1.987828e-04)
37            	(-1.013195e-02 2.891788e-03 -4.867670e-02)	(-1.013590e-02 2.793724e-03 -4.847951e-02)	(3.953904e-06 9.806403e-05 -1.971896e-04)
38            	(-1.038412e-02 3.204512e-03 -4.801586e-02)	(-1.038876e-02 3.107631e-03 -4.782023e-02)	(4.635674e-06 9.688107e-05 -1.956323e-04)
39            	(-1.063161e-02 3.492720e-03 -4.758744e-02)	(-1.063705e-02 3.396507e-03 -4.739322e-02)	(5.436167e-06 9.621270e-05 -1.942259e-04)
40            	(-1.086826e-02 3.741882e-03 -4.742086e-02)	(-1.087453e-02 3.645890e-03 -4.722787e-02)	(6.268958e-06 9.599258e-05 -1.929889e-04)
41            	(-1.110567e-02 3.957245e-03 -4.750133e-02)	(-1.111274e-02 3.861126e-03 -4.730957e-02)	(7.068398e-06 9.611860e-05 -1.917583e-04)
42            	(-1.132287e-02 4.120762e-03 -4.779021e-02)	(-1.133067e-02 4.024264e-03 -4.760006e-02)	(7.794481e-06 9.649799e-05 -1.901420e-04)
43            	(-1.200717e-02 4.583592e-03 -4.904282e-02)	(-1.201565e-02 4.486326e-03 -4.885517e-02)	(8.477869e-06 9.726568e-05 -1.876491e-04)
44            	(-1.208051e-02 4.528856e-03 -4.926337e-02)	(-1.208943e-02 4.431191e-03 -4.907904e-02)	(8.920510e-06 9.766508e-05 -1.843259e-04)
45            	(-1.213185e-02 4.401940e-03 -4.945658e-02)	(-1.214098e-02 4.304194e-03 -4.927622e-02)	(9.128478e-06 9.774563e-05 -1.803522e-04)
46            	(-1.213357e-02 4.212462e-03 -4.965380e-02)	(-1.214267e-02 4.115051e-03 -4.947814e-02)	(9.097625e-06 9.741040e-05 -1.756587e-04)
47            	(-1.210885e-02 4.002080e-03 -4.981261e-02)	(-1.211768e-02 3.905449e-03 -4.964212e-02)	(8.828803e-06 9.663087e-05 -1.704940e-04)
48            	(-1.207411e-02 3.809405e-03 -4.991529e-02)	(-1.208244e-02 3.713979e-03 -4.975018e-02)	(8.336694e-06 9.542606e-05 -1.651097e-04)
49            	(-1.205079e-02 3.661866e-03 -4.996093e-02)	(-1.205845e-02 3.567962e-03 -4.980124e-02)	(7.658584e-06 9.390415e-05 -1.596968e-04)
50            	(-1.204860e-02 3.567082e-03 -4.995271e-02)	(-1.205543e-02 3.474909e-03 -4.979838e-02)	(6.829529e-06 9.217295e-05 -1.543356e-04)
51            	(-1.206996e-02 3.514807e-03 -4.990332e-02)	(-1.207587e-02 3.424437e-03 -4.975424e-02)	(5.905488e-06 9.037006e-05 -1.490759e-04)
52            	(-1.209033e-02 3.520497e-03 -4.978669e-02)	(-1.209528e-02 3.431862e-03 -4.964271e-02)	(4.953311e-06 8.863439e-05 -1.439811e-04)
53            	(-1.215017e-02 3.533906e-03 -4.969772e-02)	(-1.215417e-02 3.446913e-03 -4.955855e-02)	(4.005517e-06 8.699258e-05 -1.391614e-04)
54            	(-1.223843e-02 3.545620e-03 -4.965672e-02)	(-1.224151e-02 3.460166e-03 -4.952203e-02)	(3.079980e-06 8.545340e-05 -1.346819e-04)
55            	(-1.234648e-02 3.556864e-03 -4.967561e-02)	(-1.234868e-02 3.472822e-03 -4.954500e-02)	(2.206410e-06 8.404217e-05 -1.306088e-04)
56            	(-1.246814e-02 3.571981e-03 -4.976201e-02)	(-1.246956e-02 3.489191e-03 -4.963502e-02)	(1.418418e-06 8.279055e-05 -1.269886e-04)
57            	(-1.259908e-02 3.594932e-03 -4.991714e-02)	(-1.259984e-02 3.513152e-03 -4.979327e-02)	(7.689632e-07 8.178018e-05 -1.238680e-04)
58            	(-1.273596e-02 3.629806e-03 -5.013703e-02)	(-1.273625e-02 3.548732e-03 -5.001578e-02)	(2.969656e-07 8.107454e-05 -1.212479e-04)
59            	(-1.286904e-02 3.676981e-03 -5.041150e-02)	(-1.286908e-02 3.596260e-03 -5.029238e-02)	(3.752302e-08 8.072123e-05 -1.191168e-04)
60            	(-1.299459e-02 3.739220e-03 -5.072711e-02)	(-1.299460e-02 3.658477e-03 -5.060961e-02)	(1.314775e-08 8.074248e-05 -1.175019e-04)
61            	(-1.309924e-02 3.815291e-03 -5.106544e-02)	(-1.309947e-02 3.734171e-03 -5.094900e-02)	(2.257601e-07 8.111916e-05 -1.164365e-04)
62            	(-1.318618e-02 3.902908e-03 -5.141604e-02)	(-1.318683e-02 3.821114e-03 -5.130008e-02)	(6.581711e-07 8.179389e-05 -1.159538e-04)
63            	(-1.325220e-02 3.993514e-03 -5.177179e-02)	(-1.325346e-02 3.910848e-03 -5.165572e-02)	(1.264751e-06 8.266588e-05 -1.160744e-04)
64            	(-1.329290e-02 4.079317e-03 -5.212938e-02)	(-1.329490e-02 3.995686e-03 -5.201261e-02)	(1.995779e-06 8.363100e-05 -1.167699e-04)
65            	(-1.330829e-02 4.153133e-03 -5.249254e-02)	(-1.331109e-02 4.068543e-03 -5.237458e-02)	(2.799321e-06 8.459021e-05 -1.179606e-04)
66            	(-1.329824e-02 4.208463e-03 -5.286558e-02)	(-1.330187e-02 4.122996e-03 -5.274603e-02)	(3.628028e-06 8.546724e-05 -1.195488e-04)
67            	(-1.327270e-02 4.241956e-03 -5.324633e-02)	(-1.327715e-02 4.155732e-03 -5.312491e-02)	(4.449034e-06 8.622430e-05 -1.214153e-04)
68            	(-1.324225e-02 4.252018e-03 -5.364485e-02)	(-1.324748e-02 4.165184e-03 -5.352140e-02)	(5.231220e-06 8.683449e-05 -1.234470e-04)
69            	(-1.321123e-02 4.237485e-03 -5.405581e-02)	(-1.321716e-02 4.150231e-03 -5.393026e-02)	(5.928083e-06 8.725360e-05 -1.255460e-04)
70            	(-1.318359e-02 4.198541e-03 -5.446799e-02)	(-1.319009e-02 4.111089e-03 -5.434036e-02)	(6.500770e-06 8.745151e-05 -1.276280e-04)
71            	(-1.316061e-02 4.136622e-03 -5.485838e-02)	(-1.316751e-02 4.049250e-03 -5.472879e-02)	(6.902440e-06 8.737297e-05 -1.295950e-04)
72            	(-1.314569e-02 4.056629e-03 -5.519669e-02)	(-1.315282e-02 3.969603e-03 -5.506535e-02)	(7.127208e-06 8.702667e-05 -1.313465e-04)
73            	(-1.314113e-02 3.963657e-03 -5.545686e-02)	(-1.314830e-02 3.877251e-03 -5.532409e-02)	(7.171693e-06 8.640609e-05 -1.327666e-04)
74            	(-1.314923e-02 3.862142e-03 -5.562983e-02)	(-1.315626e-02 3.776634e-03 -5.549603e-02)	(7.035913e-06 8.550773e-05 -1.337996e-04)
75            	(-1.317303e-02 3.756027e-03 -5.570948e-02)	(-1.317976e-02 3.671674e-03 -5.557504e-02)	(6.733911e-06 8.435345e-05 -1.344402e-04)
76            	(-1.321733e-02 3.650775e-03 -5.569572e-02)	(-1.322361e-02 3.567798e-03 -5.556099e-02)	(6.282865e-06 8.297726e-05 -1.347348e-04)
77            	(-1.328424e-02 3.551581e-03 -5.559196e-02)	(-1.328995e-02 3.470135e-03 -5.545722e-02)	(5.717010e-06 8.144561e-05 -1.347406e-04)
78            	(-1.338088e-02 3.466664e-03 -5.540469e-02)	(-1.338594e-02 3.386843e-03 -5.527016e-02)	(5.066911e-06 7.982134e-05 -1.345241e-04)
79            	(-1.350694e-02 3.404789e-03 -5.514914e-02)	(-1.351130e-02 3.326625e-03 -5.501498e-02)	(4.360493e-06 7.816429e-05 -1.341635e-04)
80            	(-1.368157e-02 3.442300e-03 -5.485382e-02)	(-1.368522e-02 3.365689e-03 -5.472012e-02)	(3.653284e-06 7.661122e-05 -1.337021e-04)
81            	(-1.382685e-02 3.431022e-03 -5.453247e-02)	(-1.382982e-02 3.355843e-03 -5.439924e-02)	(2.973308e-06 7.517885e-05 -1.332326e-04)
82            	(-1.396861e-02 3.494860e-03 -5.423186e-02)	(-1.397098e-02 3.420900e-03 -5.409910e-02)	(2.371530e-06 7.396018e-05 -1.327538e-04)
83            	(-1.407294e-02 3.512048e-03 -5.394673e-02)	(-1.407480e-02 3.439114e-03 -5.381446e-02)	(1.858315e-06 7.293304e-05 -1.322703e-04)
84            	(-1.415127e-02 3.538776e-03 -5.369697e-02)	(-1.415272e-02 3.466658e-03 -5.356523e-02)	(1.455459e-06 7.211789e-05 -1.317331e-04)
85            	(-1.421112e-02 3.578376e-03 -5.349315e-02)	(-1.421230e-02 3.506842e-03 -5.336204e-02)	(1.176766e-06 7.153463e-05 -1.311041e-04)
86            	(-1.425520e-02 3.630264e-03 -5.333030e-02)	(-1.425622e-02 3.559082e-03 -5.319993e-02)	(1.018879e-06 7.118171e-05 -1.303747e-04)
87            	(-1.428773e-02 3.732319e-03 -5.320565e-02)	(-1.428872e-02 3.661225e-03 -5.307611e-02)	(9.927415e-07 7.109394e-05 -1.295423e-04)
88            	(-1.430211e-02 3.795319e-03 -5.309471e-02)	(-1.430318e-02 3.724129e-03 -5.296608e-02)	(1.067985e-06 7.119011e-05 -1.286332e-04)
89            	(-1.430729e-02 3.861658e-03 -5.300023e-02)	(-1.430851e-02 3.790245e-03 -5.287256e-02)	(1.222425e-06 7.141285e-05 -1.276704e-04)
90            	(-1.430637e-02 3.927323e-03 -5.291896e-02)	(-1.430779e-02 3.855639e-03 -5.279228e-02)	(1.424921e-06 7.168429e-05 -1.266797e-04)
91            	(-1.430236e-02 3.987839e-03 -5.284998e-02)	(-1.430400e-02 3.915923e-03 -5.272428e-02)	(1.640120e-06 7.191592e-05 -1.256986e-04)
92            	(-1.429396e-02 4.038015e-03 -5.278698e-02)	(-1.429578e-02 3.966013e-03 -5.266218e-02)	(1.817999e-06 7.200250e-05 -1.247980e-04)
93            	(-1.428620e-02 4.076243e-03 -5.273177e-02)	(-1.428813e-02 4.004343e-03 -5.260775e-02)	(1.935001e-06 7.190043e-05 -1.240275e-04)
94            	(-1.427852e-02 4.101103e-03 -5.267870e-02)	(-1.428049e-02 4.029515e-03 -5.255529e-02)	(1.976362e-06 7.158807e-05 -1.234115e-04)
95            	(-1.427168e-02 4.112495e-03 -5.262910e-02)	(-1.427361e-02 4.041429e-03 -5.250617e-02)	(1.937058e-06 7.106589e-05 -1.229364e-04)
96            	(-1.426421e-02 4.111174e-03 -5.258141e-02)	(-1.426603e-02 4.040818e-03 -5.245882e-02)	(1.815483e-06 7.035591e-05 -1.225903e-04)
97            	(-1.426021e-02 4.100506e-03 -5.254929e-02)	(-1.426182e-02 4.031031e-03 -5.242695e-02)	(1.607946e-06 6.947455e-05 -1.223345e-04)
98            	(-1.426083e-02 4.084567e-03 -5.254543e-02)	(-1.426215e-02 4.016124e-03 -5.242334e-02)	(1.318728e-06 6.844344e-05 -1.220848e-04)
99            	(-1.426650e-02 4.068484e-03 -5.257758e-02)	(-1.426746e-02 4.001181e-03 -5.245581e-02)	(9.603679e-07 6.730293e-05 -1.217694e-04)
100           	(-1.427730e-02 4.057154e-03 -5.264857e-02)	(-1.427787e-02 3.991024e-03 -5.252723e-02)	(5.646550e-07 6.612978e-05 -1.213424e-04)
101           	(-1.429255e-02 4.054243e-03 -5.275301e-02)	(-1.429273e-02 3.989241e-03 -5.263225e-02)	(1.714750e-07 6.500260e-05 -1.207593e-04)
102           	(-1.431114e-02 4.061499e-03 -5.288157e-02)	(-1.431095e-02 3.997520e-03 -5.276156e-02)	(-1.879438e-07 6.397850e-05 -1.200099e-04)
103           	(-1.433251e-02 4.078038e-03 -5.302464e-02)	(-1.433201e-02 4.014961e-03 -5.290554e-02)	(-4.970724e-07 6.307685e-05 -1.191009e-04)
104           	(-1.435685e-02 4.101303e-03 -5.317411e-02)	(-1.435610e-02 4.039017e-03 -5.305606e-02)	(-7.509706e-07 6.228630e-05 -1.180487e-04)
105           	(-1.438500e-02 4.128431e-03 -5.332347e-02)	(-1.438405e-02 4.066845e-03 -5.320658e-02)	(-9.501311e-07 6.158583e-05 -1.168842e-04)
106           	(-1.441771e-02 4.156462e-03 -5.346791e-02)	(-1.441660e-02 4.095521e-03 -5.335225e-02)	(-1.107963e-06 6.094126e-05 -1.156631e-04)
107           	(-1.445954e-02 4.183854e-03 -5.360216e-02)	(-1.445830e-02 4.123530e-03 -5.348771e-02)	(-1.239086e-06 6.032413e-05 -1.144496e-04)
108           	(-1.450645e-02 4.208584e-03 -5.371692e-02)	(-1.450509e-02 4.148885e-03 -5.360363e-02)	(-1.363980e-06 5.969815e-05 -1.132966e-04)
109           	(-1.455715e-02 4.229947e-03 -5.380362e-02)	(-1.455565e-02 4.170921e-03 -5.369138e-02)	(-1.505338e-06 5.902546e-05 -1.122410e-04)
110           	(-1.460964e-02 4.247710e-03 -5.385631e-02)	(-1.460795e-02 4.189440e-03 -5.374499e-02)	(-1.687683e-06 5.826953e-05 -1.113184e-04)
111           	(-1.466184e-02 4.262180e-03 -5.387218e-02)	(-1.465991e-02 4.204766e-03 -5.376163e-02)	(-1.924652e-06 5.741389e-05 -1.105454e-04)
112           	(-1.471584e-02 4.275737e-03 -5.385292e-02)	(-1.471362e-02 4.219284e-03 -5.374299e-02)	(-2.225725e-06 5.645287e-05 -1.099303e-04)
113           	(-1.476563e-02 4.287297e-03 -5.380201e-02)	(-1.476305e-02 4.231894e-03 -5.369256e-02)	(-2.583425e-06 5.540267e-05 -1.094531e-04)
114           	(-1.481338e-02 4.299616e-03 -5.373031e-02)	(-1.481040e-02 4.245324e-03 -5.362122e-02)	(-2.984062e-06 5.429218e-05 -1.090892e-04)
115           	(-1.485387e-02 4.310543e-03 -5.363956e-02)	(-1.485046e-02 4.257392e-03 -5.353075e-02)	(-3.411895e-06 5.315070e-05 -1.088146e-04)
116           	(-1.488688e-02 4.320267e-03 -5.353725e-02)	(-1.488303e-02 4.268267e-03 -5.342865e-02)	(-3.853873e-06 5.199936e-05 -1.086049e-04)
117           	(-1.491305e-02 4.329099e-03 -5.343043e-02)	(-1.490874e-02 4.278264e-03 -5.332198e-02)	(-4.310013e-06 5.083546e-05 -1.084493e-04)
118           	(-1.493392e-02 4.337808e-03 -5.332464e-02)	(-1.492914e-02 4.288154e-03 -5.321630e-02)	(-4.781178e-06 4.965378e-05 -1.083416e-04)
119           	(-1.494621e-02 4.344574e-03 -5.321964e-02)	(-1.494095e-02 4.296117e-03 -5.311137e-02)	(-5.262975e-06 4.845656e-05 -1.082702e-04)
120           	(-1.495611e-02 4.352776e-03 -5.312231e-02)	(-1.495037e-02 4.305511e-03 -5.301408e-02)	(-5.741903e-06 4.726574e-05 -1.082280e-04)
121           	(-1.496468e-02 4.362928e-03 -5.303286e-02)	(-1.495847e-02 4.316830e-03 -5.292465e-02)	(-6.208436e-06 4.609809e-05 -1.082096e-04)
122           	(-1.496941e-02 4.373996e-03 -5.294790e-02)	(-1.496275e-02 4.329030e-03 -5.283968e-02)	(-6.656693e-06 4.496551e-05 -1.082125e-04)
123           	(-1.497511e-02 4.387636e-03 -5.286745e-02)	(-1.496803e-02 4.343755e-03 -5.275924e-02)	(-7.077498e-06 4.388114e-05 -1.082138e-04)
124           	(-1.498238e-02 4.403289e-03 -5.278915e-02)	(-1.497490e-02 4.360449e-03 -5.268096e-02)	(-7.471888e-06 4.283982e-05 -1.081897e-04)
125           	(-1.499149e-02 4.420189e-03 -5.271036e-02)	(-1.498364e-02 4.378353e-03 -5.260223e-02)	(-7.845525e-06 4.183547e-05 -1.081312e-04)
126           	(-1.500229e-02 4.438101e-03 -5.262801e-02)	(-1.499408e-02 4.397244e-03 -5.251999e-02)	(-8.204102e-06 4.085776e-05 -1.080214e-04)
127           	(-1.501442e-02 4.457008e-03 -5.253951e-02)	(-1.500586e-02 4.417110e-03 -5.243165e-02)	(-8.553150e-06 3.989823e-05 -1.078573e-04)
128           	(-1.502752e-02 4.476882e-03 -5.244324e-02)	(-1.501862e-02 4.437936e-03 -5.233560e-02)	(-8.898747e-06 3.894585e-05 -1.076367e-04)
129           	(-1.504129e-02 4.497520e-03 -5.233832e-02)	(-1.503204e-02 4.459530e-03 -5.223096e-02)	(-9.247296e-06 3.798987e-05 -1.073675e-04)
130           	(-1.505517e-02 4.518808e-03 -5.222413e-02)	(-1.504558e-02 4.481784e-03 -5.211709e-02)	(-9.597970e-06 3.702381e-05 -1.070469e-04)
131           	(-1.506860e-02 4.540353e-03 -5.210032e-02)	(-1.505864e-02 4.504317e-03 -5.199363e-02)	(-9.956932e-06 3.603597e-05 -1.066938e-04)
132           	(-1.508108e-02 4.561814e-03 -5.196716e-02)	(-1.507075e-02 4.526794e-03 -5.186083e-02)	(-1.032774e-05 3.501985e-05 -1.063329e-04)
133           	(-1.509238e-02 4.582752e-03 -5.182575e-02)	(-1.508167e-02 4.548782e-03 -5.171976e-02)	(-1.071330e-05 3.396935e-05 -1.059842e-04)
134           	(-1.510271e-02 4.602634e-03 -5.167822e-02)	(-1.509160e-02 4.569755e-03 -5.157256e-02)	(-1.111510e-05 3.287917e-05 -1.056609e-04)
135           	(-1.511252e-02 4.621180e-03 -5.152773e-02)	(-1.510098e-02 4.589441e-03 -5.142236e-02)	(-1.153892e-05 3.173944e-05 -1.053734e-04)
136           	(-1.512241e-02 4.638376e-03 -5.137784e-02)	(-1.511042e-02 4.607833e-03 -5.127272e-02)	(-1.198677e-05 3.054325e-05 -1.051165e-04)
137           	(-1.513601e-02 4.655942e-03 -5.123567e-02)	(-1.512355e-02 4.626660e-03 -5.113079e-02)	(-1.246243e-05 2.928146e-05 -1.048798e-04)
138           	(-1.515011e-02 4.672047e-03 -5.109982e-02)	(-1.513714e-02 4.644098e-03 -5.099515e-02)	(-1.297060e-05 2.794825e-05 -1.046658e-04)
139           	(-1.516467e-02 4.686063e-03 -5.097196e-02)	(-1.515116e-02 4.659515e-03 -5.086750e-02)	(-1.350880e-05 2.654790e-05 -1.044623e-04)
140           	(-1.517989e-02 4.697610e-03 -5.085334e-02)	(-1.516582e-02 4.672524e-03 -5.074908e-02)	(-1.407457e-05 2.508624e-05 -1.042640e-04)
141           	(-1.519588e-02 4.706309e-03 -5.074365e-02)	(-1.518121e-02 4.682739e-03 -5.063960e-02)	(-1.466397e-05 2.357029e-05 -1.040536e-04)
142           	(-1.521285e-02 4.712161e-03 -5.064172e-02)	(-1.519758e-02 4.690147e-03 -5.053789e-02)	(-1.527061e-05 2.201364e-05 -1.038224e-04)
143           	(-1.523112e-02 4.715398e-03 -5.054599e-02)	(-1.521523e-02 4.694975e-03 -5.044244e-02)	(-1.588965e-05 2.042280e-05 -1.035504e-04)
144           	(-1.524254e-02 4.709516e-03 -5.045619e-02)	(-1.522603e-02 4.690707e-03 -5.035295e-02)	(-1.651479e-05 1.880880e-05 -1.032407e-04)
145           	(-1.525701e-02 4.704758e-03 -5.036515e-02)	(-1.523987e-02 4.687573e-03 -5.026227e-02)	(-1.714134e-05 1.718423e-05 -1.028821e-04)
146           	(-1.528772e-02 4.711148e-03 -5.028104e-02)	(-1.526996e-02 4.695573e-03 -5.017857e-02)	(-1.776016e-05 1.557530e-05 -1.024765e-04)
147           	(-1.532001e-02 4.718669e-03 -5.019574e-02)	(-1.530165e-02 4.704671e-03 -5.009371e-02)	(-1.836467e-05 1.399734e-05 -1.020287e-04)
148           	(-1.535282e-02 4.727540e-03 -5.010854e-02)	(-1.533387e-02 4.715067e-03 -5.000699e-02)	(-1.894406e-05 1.247344e-05 -1.015502e-04)
149           	(-1.538206e-02 4.736480e-03 -5.001345e-02)	(-1.536257e-02 4.725463e-03 -4.991239e-02)	(-1.949370e-05 1.101699e-05 -1.010545e-04)
150           	(-1.540130e-02 4.740919e-03 -4.991854e-02)	(-1.538129e-02 4.731275e-03 -4.981797e-02)	(-2.000684e-05 9.643954e-06 -1.005696e-04)
151           	(-1.543202e-02 4.755786e-03 -4.982762e-02)	(-1.541153e-02 4.747422e-03 -4.972752e-02)	(-2.048401e-05 8.363162e-06 -1.001013e-04)
152           	(-1.546178e-02 4.772941e-03 -4.974087e-02)	(-1.544086e-02 4.765759e-03 -4.964120e-02)	(-2.092373e-05 7.182314e-06 -9.967083e-05)
153           	(-1.547936e-02 4.785227e-03 -4.965439e-02)	(-1.545803e-02 4.779125e-03 -4.955510e-02)	(-2.132504e-05 6.101343e-06 -9.928967e-05)
154           	(-1.549954e-02 4.802594e-03 -4.956773e-02)	(-1.547785e-02 4.797470e-03 -4.946877e-02)	(-2.168739e-05 5.123580e-06 -9.895555e-05)
155           	(-1.551931e-02 4.821825e-03 -4.948260e-02)	(-1.549729e-02 4.817587e-03 -4.938393e-02)	(-2.201696e-05 4.237784e-06 -9.866801e-05)
156           	(-1.553911e-02 4.842569e-03 -4.939678e-02)	(-1.551679e-02 4.839128e-03 -4.929835e-02)	(-2.231605e-05 3.440873e-06 -9.842733e-05)
157           	(-1.555929e-02 4.864638e-03 -4.930710e-02)	(-1.553670e-02 4.861918e-03 -4.920888e-02)	(-2.259006e-05 2.720051e-06 -9.822603e-05)
158           	(-1.559143e-02 4.894087e-03 -4.922767e-02)	(-1.556858e-02 4.892021e-03 -4.912961e-02)	(-2.284307e-05 2.065919e-06 -9.805599e-05)
159           	(-1.562192e-02 4.923757e-03 -4.913402e-02)	(-1.559884e-02 4.922294e-03 -4.903611e-02)	(-2.307981e-05 1.463547e-06 -9.791006e-05)
160           	(-1.565007e-02 4.953529e-03 -4.902294e-02)	(-1.562676e-02 4.952631e-03 -4.892516e-02)	(-2.330345e-05 8.989109e-07 -9.778081e-05)
161           	(-1.566472e-02 4.977297e-03 -4.888314e-02)	(-1.564120e-02 4.976943e-03 -4.878548e-02)	(-2.352069e-05 3.534653e-07 -9.766783e-05)
162           	(-1.567958e-02 5.003496e-03 -4.872735e-02)	(-1.565585e-02 5.003677e-03 -4.862978e-02)	(-2.373449e-05 -1.805648e-07 -9.756853e-05)
163           	(-1.570761e-02 5.039463e-03 -4.856846e-02)	(-1.568366e-02 5.040169e-03 -4.847098e-02)	(-2.394720e-05 -7.058800e-07 -9.748331e-05)
164           	(-1.573382e-02 5.076114e-03 -4.840296e-02)	(-1.570966e-02 5.077340e-03 -4.830554e-02)	(-2.415974e-05 -1.225869e-06 -9.741939e-05)
165           	(-1.574574e-02 5.106490e-03 -4.822324e-02)	(-1.572137e-02 5.108235e-03 -4.812586e-02)	(-2.437285e-05 -1.745519e-06 -9.737797e-05)
166           	(-1.577057e-02 5.147153e-03 -4.804931e-02)	(-1.574599e-02 5.149408e-03 -4.795196e-02)	(-2.458255e-05 -2.255479e-06 -9.735118e-05)
167           	(-1.579296e-02 5.188888e-03 -4.787427e-02)	(-1.576817e-02 5.191645e-03 -4.777693e-02)	(-2.479035e-05 -2.756344e-06 -9.734138e-05)
168           	(-1.581232e-02 5.231041e-03 -4.769944e-02)	(-1.578733e-02 5.234282e-03 -4.760209e-02)	(-2.499291e-05 -3.240409e-06 -9.734708e-05)
169           	(-1.583062e-02 5.274802e-03 -4.752986e-02)	(-1.580543e-02 5.278501e-03 -4.743250e-02)	(-2.518642e-05 -3.699016e-06 -9.736706e-05)
170           	(-1.584527e-02 5.317577e-03 -4.736241e-02)	(-1.581991e-02 5.321701e-03 -4.726501e-02)	(-2.536604e-05 -4.123845e-06 -9.739653e-05)
171           	(-1.585653e-02 5.359457e-03 -4.719348e-02)	(-1.583099e-02 5.363970e-03 -4.709605e-02)	(-2.553087e-05 -4.512967e-06 -9.743003e-05)
172           	(-1.585576e-02 5.390584e-03 -4.701979e-02)	(-1.583008e-02 5.395451e-03 -4.692232e-02)	(-2.567917e-05 -4.867235e-06 -9.746410e-05)
173           	(-1.585522e-02 5.422792e-03 -4.684421e-02)	(-1.582941e-02 5.427976e-03 -4.674672e-02)	(-2.581054e-05 -5.184483e-06 -9.749330e-05)
174           	(-1.586555e-02 5.467123e-03 -4.667317e-02)	(-1.583962e-02 5.472581e-03 -4.657566e-02)	(-2.592373e-05 -5.458498e-06 -9.751420e-05)
175           	(-1.587563e-02 5.510183e-03 -4.650243e-02)	(-1.584961e-02 5.515882e-03 -4.640491e-02)	(-2.602248e-05 -5.698255e-06 -9.752648e-05)
176           	(-1.588524e-02 5.551225e-03 -4.633128e-02)	(-1.585913e-02 5.557137e-03 -4.623375e-02)	(-2.610912e-05 -5.912182e-06 -9.752586e-05)
177           	(-1.588491e-02 5.579938e-03 -4.615492e-02)	(-1.585872e-02 5.586053e-03 -4.605741e-02)	(-2.618840e-05 -6.115094e-06 -9.751333e-05)
178           	(-1.588565e-02 5.609331e-03 -4.597329e-02)	(-1.585939e-02 5.615640e-03 -4.587581e-02)	(-2.626148e-05 -6.309749e-06 -9.748267e-05)
179           	(-1.589891e-02 5.650328e-03 -4.579601e-02)	(-1.587258e-02 5.656821e-03 -4.569857e-02)	(-2.632955e-05 -6.493527e-06 -9.743322e-05)
180           	(-1.591197e-02 5.690394e-03 -4.561301e-02)	(-1.588557e-02 5.697064e-03 -4.551564e-02)	(-2.639472e-05 -6.670862e-06 -9.737020e-05)
181           	(-1.591362e-02 5.719899e-03 -4.541247e-02)	(-1.588716e-02 5.726748e-03 -4.531518e-02)	(-2.645907e-05 -6.849374e-06 -9.729405e-05)
182           	(-1.591574e-02 5.750066e-03 -4.520579e-02)	(-1.588922e-02 5.757092e-03 -4.510858e-02)	(-2.652056e-05 -7.026225e-06 -9.720470e-05)
183           	(-1.591854e-02 5.781238e-03 -4.499335e-02)	(-1.589196e-02 5.788439e-03 -4.489624e-02)	(-2.657974e-05 -7.201757e-06 -9.710450e-05)
184           	(-1.593495e-02 5.824617e-03 -4.479314e-02)	(-1.590832e-02 5.831987e-03 -4.469614e-02)	(-2.663485e-05 -7.369604e-06 -9.699148e-05)
185           	(-1.594951e-02 5.867128e-03 -4.458423e-02)	(-1.592282e-02 5.874663e-03 -4.448736e-02)	(-2.668833e-05 -7.534833e-06 -9.686731e-05)
186           	(-1.595103e-02 5.896826e-03 -4.435712e-02)	(-1.592429e-02 5.904531e-03 -4.426038e-02)	(-2.674151e-05 -7.704998e-06 -9.673202e-05)
187           	(-1.596258e-02 5.938866e-03 -4.413457e-02)	(-1.593579e-02 5.946736e-03 -4.403798e-02)	(-2.679106e-05 -7.869986e-06 -9.658215e-05)
188           	(-1.596301e-02 5.967142e-03 -4.390271e-02)	(-1.593617e-02 5.975185e-03 -4.380629e-02)	(-2.684090e-05 -8.042468e-06 -9.642198e-05)
189           	(-1.597100e-02 6.008817e-03 -4.367198e-02)	(-1.594412e-02 6.017030e-03 -4.357573e-02)	(-2.688777e-05 -8.213039e-06 -9.624471e-05)
190           	(-1.597663e-02 6.048203e-03 -4.344042e-02)	(-1.594970e-02 6.056590e-03 -4.334437e-02)	(-2.693402e-05 -8.386769e-06 -9.605180e-05)
191           	(-1.597504e-02 6.073243e-03 -4.321108e-02)	(-1.594806e-02 6.081815e-03 -4.311523e-02)	(-2.698237e-05 -8.572448e-06 -9.584469e-05)
192           	(-1.597736e-02 6.111157e-03 -4.297905e-02)	(-1.595033e-02 6.119912e-03 -4.288343e-02)	(-2.702691e-05 -8.754656e-06 -9.562143e-05)
193           	(-1.597853e-02 6.147640e-03 -4.274525e-02)	(-1.595147e-02 6.156572e-03 -4.264987e-02)	(-2.706713e-05 -8.932235e-06 -9.538574e-05)
194           	(-1.597557e-02 6.171622e-03 -4.251196e-02)	(-1.594846e-02 6.180732e-03 -4.241682e-02)	(-2.710335e-05 -9.109974e-06 -9.513962e-05)
195           	(-1.597562e-02 6.208639e-03 -4.227348e-02)	(-1.594849e-02 6.217909e-03 -4.217860e-02)	(-2.712696e-05 -9.269917e-06 -9.488143e-05)
196           	(-1.597347e-02 6.235411e-03 -4.203148e-02)	(-1.594633e-02 6.244830e-03 -4.193687e-02)	(-2.714012e-05 -9.418893e-06 -9.461405e-05)
197           	(-1.597394e-02 6.273070e-03 -4.179294e-02)	(-1.594681e-02 6.282613e-03 -4.169860e-02)	(-2.713623e-05 -9.543348e-06 -9.433699e-05)
198           	(-1.597292e-02 6.298552e-03 -4.155643e-02)	(-1.594580e-02 6.308205e-03 -4.146237e-02)	(-2.711855e-05 -9.652607e-06 -9.405546e-05)
199           	(-1.597301e-02 6.326887e-03 -4.131760e-02)	(-1.594592e-02 6.336628e-03 -4.122383e-02)	(-2.708420e-05 -9.740782e-06 -9.377007e-05)
200           	(-1.597705e-02 6.367045e-03 -4.108961e-02)	(-1.595002e-02 6.376844e-03 -4.099612e-02)	(-2.703057e-05 -9.798585e-06 -9.348509e-05)
201           	(-1.597955e-02 6.395580e-03 -4.085742e-02)	(-1.595258e-02 6.405417e-03 -4.076421e-02)	(-2.696232e-05 -9.837041e-06 -9.320442e-05)
202           	(-1.598712e-02 6.435366e-03 -4.063662e-02)	(-1.596024e-02 6.445214e-03 -4.054369e-02)	(-2.687664e-05 -9.847556e-06 -9.292912e-05)
203           	(-1.599194e-02 6.462309e-03 -4.040707e-02)	(-1.596516e-02 6.472153e-03 -4.031441e-02)	(-2.677998e-05 -9.843784e-06 -9.266222e-05)
204           	(-1.599699e-02 6.490487e-03 -4.017273e-02)	(-1.597032e-02 6.500309e-03 -4.008033e-02)	(-2.667096e-05 -9.822305e-06 -9.240301e-05)
205           	(-1.600210e-02 6.520418e-03 -3.993121e-02)	(-1.597555e-02 6.530202e-03 -3.983905e-02)	(-2.655033e-05 -9.783567e-06 -9.215465e-05)
206           	(-1.601392e-02 6.567109e-03 -3.969743e-02)	(-1.598751e-02 6.576826e-03 -3.960552e-02)	(-2.641593e-05 -9.717720e-06 -9.191618e-05)
207           	(-1.601908e-02 6.598407e-03 -3.943789e-02)	(-1.599281e-02 6.608048e-03 -3.934620e-02)	(-2.627521e-05 -9.641482e-06 -9.168799e-05)
208           	(-1.602440e-02 6.631483e-03 -3.916634e-02)	(-1.599827e-02 6.641034e-03 -3.907488e-02)	(-2.612626e-05 -9.550925e-06 -9.146830e-05)
209           	(-1.602959e-02 6.665707e-03 -3.888815e-02)	(-1.600362e-02 6.675155e-03 -3.879689e-02)	(-2.597053e-05 -9.447289e-06 -9.126098e-05)
210           	(-1.603468e-02 6.700761e-03 -3.860622e-02)	(-1.600887e-02 6.710092e-03 -3.851515e-02)	(-2.580930e-05 -9.331655e-06 -9.106923e-05)
211           	(-1.603961e-02 6.736216e-03 -3.832349e-02)	(-1.601397e-02 6.745424e-03 -3.823260e-02)	(-2.564480e-05 -9.208190e-06 -9.089316e-05)
212           	(-1.604433e-02 6.771594e-03 -3.804289e-02)	(-1.601885e-02 6.780675e-03 -3.795216e-02)	(-2.547915e-05 -9.080735e-06 -9.073351e-05)
213           	(-1.605649e-02 6.823632e-03 -3.778333e-02)	(-1.603118e-02 6.832573e-03 -3.769274e-02)	(-2.531057e-05 -8.941032e-06 -9.058742e-05)
214           	(-1.605971e-02 6.855672e-03 -3.750654e-02)	(-1.603457e-02 6.864479e-03 -3.741609e-02)	(-2.514710e-05 -8.807924e-06 -9.045507e-05)
215           	(-1.606238e-02 6.886603e-03 -3.723171e-02)	(-1.603739e-02 6.895284e-03 -3.714138e-02)	(-2.498820e-05 -8.681109e-06 -9.032909e-05)
216           	(-1.606478e-02 6.917010e-03 -3.695797e-02)	(-1.603994e-02 6.925571e-03 -3.686776e-02)	(-2.483529e-05 -8.561663e-06 -9.021067e-05)
217           	(-1.606710e-02 6.947379e-03 -3.668473e-02)	(-1.604241e-02 6.955829e-03 -3.659463e-02)	(-2.468853e-05 -8.450074e-06 -9.009319e-05)
218           	(-1.607206e-02 6.993088e-03 -3.641638e-02)	(-1.604751e-02 7.001422e-03 -3.632641e-02)	(-2.454371e-05 -8.333932e-06 -8.997441e-05)
219           	(-1.607566e-02 7.021075e-03 -3.614997e-02)	(-1.605125e-02 7.029306e-03 -3.606012e-02)	(-2.440810e-05 -8.231297e-06 -8.985135e-05)
220           	(-1.608067e-02 7.063254e-03 -3.588613e-02)	(-1.605639e-02 7.071382e-03 -3.579641e-02)	(-2.427544e-05 -8.127367e-06 -8.971916e-05)
221           	(-1.608555e-02 7.089911e-03 -3.562175e-02)	(-1.606140e-02 7.097950e-03 -3.553217e-02)	(-2.415326e-05 -8.038869e-06 -8.957868e-05)
222           	(-1.609193e-02 7.131388e-03 -3.535412e-02)	(-1.606789e-02 7.139339e-03 -3.526469e-02)	(-2.403488e-05 -7.950371e-06 -8.942703e-05)
223           	(-1.609744e-02 7.158123e-03 -3.508490e-02)	(-1.607351e-02 7.166000e-03 -3.499563e-02)	(-2.392728e-05 -7.877158e-06 -8.926526e-05)
224           	(-1.610260e-02 7.186223e-03 -3.480999e-02)	(-1.607877e-02 7.194039e-03 -3.472090e-02)	(-2.382824e-05 -7.815500e-06 -8.909178e-05)
225           	(-1.610958e-02 7.230405e-03 -3.453322e-02)	(-1.608584e-02 7.238159e-03 -3.444432e-02)	(-2.373312e-05 -7.754343e-06 -8.890541e-05)
226           	(-1.611405e-02 7.259681e-03 -3.424838e-02)	(-1.609041e-02 7.267391e-03 -3.415968e-02)	(-2.364918e-05 -7.710544e-06 -8.870752e-05)
227           	(-1.611784e-02 7.292117e-03 -3.395206e-02)	(-1.609427e-02 7.299798e-03 -3.386357e-02)	(-2.357386e-05 -7.680360e-06 -8.849420e-05)
228           	(-1.612248e-02 7.339117e-03 -3.366093e-02)	(-1.609898e-02 7.346773e-03 -3.357266e-02)	(-2.350439e-05 -7.655389e-06 -8.826619e-05)
229           	(-1.612527e-02 7.371343e-03 -3.335851e-02)	(-1.610182e-02 7.378996e-03 -3.327049e-02)	(-2.344799e-05 -7.653465e-06 -8.802249e-05)
230           	(-1.612717e-02 7.403865e-03 -3.305508e-02)	(-1.610376e-02 7.411538e-03 -3.296732e-02)	(-2.340292e-05 -7.672279e-06 -8.776220e-05)
231           	(-1.612799e-02 7.448381e-03 -3.276065e-02)	(-1.610463e-02 7.456085e-03 -3.267316e-02)	(-2.336623e-05 -7.703989e-06 -8.748680e-05)
232           	(-1.612852e-02 7.479192e-03 -3.246125e-02)	(-1.610517e-02 7.486954e-03 -3.237406e-02)	(-2.334314e-05 -7.761440e-06 -8.719703e-05)
233           	(-1.612822e-02 7.507577e-03 -3.217089e-02)	(-1.610489e-02 7.515422e-03 -3.208399e-02)	(-2.333273e-05 -7.844715e-06 -8.689287e-05)
234           	(-1.612541e-02 7.538748e-03 -3.187464e-02)	(-1.610207e-02 7.546698e-03 -3.178806e-02)	(-2.333307e-05 -7.949521e-06 -8.657530e-05)
235           	(-1.611706e-02 7.580969e-03 -3.158888e-02)	(-1.609372e-02 7.589035e-03 -3.150264e-02)	(-2.333982e-05 -8.065579e-06 -8.624465e-05)
236           	(-1.611329e-02 7.609109e-03 -3.130824e-02)	(-1.608993e-02 7.617314e-03 -3.122234e-02)	(-2.335865e-05 -8.204759e-06 -8.590352e-05)
237           	(-1.610199e-02 7.649203e-03 -3.102941e-02)	(-1.607861e-02 7.657554e-03 -3.094386e-02)	(-2.338181e-05 -8.350941e-06 -8.555012e-05)
238           	(-1.609139e-02 7.686591e-03 -3.075490e-02)	(-1.606798e-02 7.695098e-03 -3.066971e-02)	(-2.341102e-05 -8.506667e-06 -8.518395e-05)
239           	(-1.608213e-02 7.720968e-03 -3.048440e-02)	(-1.605868e-02 7.729640e-03 -3.039959e-02)	(-2.344590e-05 -8.671348e-06 -8.480468e-05)
240           	(-1.607846e-02 7.745540e-03 -3.021327e-02)	(-1.605497e-02 7.754391e-03 -3.012886e-02)	(-2.348829e-05 -8.850308e-06 -8.441227e-05)
241           	(-1.607438e-02 7.769303e-03 -2.994575e-02)	(-1.605085e-02 7.778342e-03 -2.986175e-02)	(-2.353572e-05 -9.039227e-06 -8.400503e-05)
242           	(-1.606952e-02 7.792757e-03 -2.968152e-02)	(-1.604593e-02 7.801992e-03 -2.959794e-02)	(-2.358637e-05 -9.234554e-06 -8.358235e-05)
243           	(-1.606362e-02 7.816323e-03 -2.942079e-02)	(-1.603998e-02 7.825755e-03 -2.933765e-02)	(-2.363810e-05 -9.431991e-06 -8.314471e-05)
244           	(-1.605652e-02 7.840245e-03 -2.916477e-02)	(-1.603283e-02 7.849873e-03 -2.908208e-02)	(-2.368895e-05 -9.628477e-06 -8.268984e-05)
245           	(-1.604744e-02 7.866244e-03 -2.891329e-02)	(-1.602370e-02 7.876062e-03 -2.883107e-02)	(-2.373593e-05 -9.817912e-06 -8.222147e-05)
246           	(-1.603448e-02 7.897865e-03 -2.868005e-02)	(-1.601070e-02 7.907858e-03 -2.859831e-02)	(-2.377562e-05 -9.993009e-06 -8.174338e-05)
247           	(-1.602167e-02 7.928556e-03 -2.845453e-02)	(-1.599786e-02 7.938711e-03 -2.837327e-02)	(-2.380871e-05 -1.015527e-05 -8.126047e-05)
248           	(-1.601150e-02 7.952897e-03 -2.822648e-02)	(-1.598767e-02 7.963208e-03 -2.814570e-02)	(-2.383742e-05 -1.031061e-05 -8.077499e-05)
249           	(-1.600034e-02 7.977124e-03 -2.800194e-02)	(-1.597648e-02 7.987582e-03 -2.792165e-02)	(-2.386115e-05 -1.045810e-05 -8.029257e-05)
250           	(-1.598507e-02 8.005629e-03 -2.778974e-02)	(-1.596119e-02 8.016224e-03 -2.770993e-02)	(-2.387875e-05 -1.059472e-05 -7.981775e-05)
251           	(-1.597212e-02 8.028780e-03 -2.757530e-02)	(-1.594822e-02 8.039508e-03 -2.749595e-02)	(-2.389316e-05 -1.072725e-05 -7.935559e-05)
252           	(-1.595549e-02 8.055029e-03 -2.736889e-02)	(-1.593159e-02 8.065882e-03 -2.728998e-02)	(-2.390259e-05 -1.085340e-05 -7.890699e-05)
253           	(-1.594012e-02 8.077598e-03 -2.716524e-02)	(-1.591621e-02 8.088575e-03 -2.708676e-02)	(-2.390931e-05 -1.097751e-05 -7.847964e-05)
254           	(-1.592310e-02 8.100140e-03 -2.696766e-02)	(-1.589919e-02 8.111241e-03 -2.688959e-02)	(-2.391280e-05 -1.110141e-05 -7.807295e-05)
255           	(-1.590538e-02 8.121361e-03 -2.677949e-02)	(-1.588147e-02 8.132588e-03 -2.670180e-02)	(-2.391407e-05 -1.122765e-05 -7.769120e-05)
256           	(-1.588520e-02 8.142959e-03 -2.659704e-02)	(-1.586129e-02 8.154317e-03 -2.651971e-02)	(-2.391337e-05 -1.135814e-05 -7.733321e-05)
257           	(-1.586226e-02 8.164869e-03 -2.641998e-02)	(-1.583835e-02 8.176363e-03 -2.634298e-02)	(-2.391114e-05 -1.149470e-05 -7.699849e-05)
258           	(-1.583406e-02 8.188439e-03 -2.624336e-02)	(-1.581015e-02 8.200077e-03 -2.616668e-02)	(-2.390761e-05 -1.163867e-05 -7.668256e-05)
259           	(-1.580281e-02 8.211796e-03 -2.607028e-02)	(-1.577891e-02 8.223587e-03 -2.599389e-02)	(-2.390372e-05 -1.179138e-05 -7.638453e-05)
260           	(-1.576887e-02 8.234634e-03 -2.589983e-02)	(-1.574496e-02 8.246591e-03 -2.582373e-02)	(-2.390130e-05 -1.195759e-05 -7.609713e-05)
261           	(-1.573283e-02 8.256665e-03 -2.573085e-02)	(-1.570892e-02 8.268803e-03 -2.565503e-02)	(-2.390144e-05 -1.213838e-05 -7.581670e-05)
262           	(-1.569568e-02 8.277613e-03 -2.556263e-02)	(-1.567177e-02 8.289952e-03 -2.548710e-02)	(-2.390609e-05 -1.233857e-05 -7.553380e-05)
263           	(-1.565866e-02 8.297179e-03 -2.539500e-02)	(-1.563475e-02 8.309739e-03 -2.531975e-02)	(-2.391656e-05 -1.255956e-05 -7.524477e-05)
264           	(-1.562310e-02 8.315175e-03 -2.522804e-02)	(-1.559917e-02 8.327980e-03 -2.515309e-02)	(-2.393465e-05 -1.280507e-05 -7.494416e-05)
265           	(-1.559005e-02 8.331565e-03 -2.506163e-02)	(-1.556609e-02 8.344641e-03 -2.498700e-02)	(-2.396150e-05 -1.307642e-05 -7.462976e-05)
266           	(-1.556011e-02 8.346453e-03 -2.489540e-02)	(-1.553612e-02 8.359827e-03 -2.482110e-02)	(-2.399789e-05 -1.337486e-05 -7.429632e-05)
267           	(-1.553334e-02 8.360025e-03 -2.472834e-02)	(-1.550929e-02 8.373725e-03 -2.465440e-02)	(-2.404426e-05 -1.370007e-05 -7.394476e-05)
268           	(-1.550942e-02 8.372693e-03 -2.455838e-02)	(-1.548532e-02 8.386744e-03 -2.448480e-02)	(-2.410043e-05 -1.405065e-05 -7.357285e-05)
269           	(-1.548791e-02 8.384911e-03 -2.438346e-02)	(-1.546374e-02 8.399335e-03 -2.431028e-02)	(-2.416602e-05 -1.442414e-05 -7.317910e-05)
270           	(-1.546826e-02 8.397094e-03 -2.420207e-02)	(-1.544402e-02 8.411910e-03 -2.412930e-02)	(-2.423951e-05 -1.481536e-05 -7.276178e-05)
271           	(-1.544622e-02 8.411245e-03 -2.401897e-02)	(-1.542190e-02 8.426462e-03 -2.394665e-02)	(-2.431834e-05 -1.521660e-05 -7.232248e-05)
272           	(-1.543006e-02 8.423908e-03 -2.382577e-02)	(-1.540566e-02 8.439532e-03 -2.375391e-02)	(-2.440238e-05 -1.562434e-05 -7.186029e-05)
273           	(-1.541487e-02 8.437145e-03 -2.362756e-02)	(-1.539038e-02 8.453176e-03 -2.355618e-02)	(-2.448944e-05 -1.603127e-05 -7.137724e-05)
274           	(-1.540013e-02 8.451148e-03 -2.342661e-02)	(-1.537555e-02 8.467577e-03 -2.335574e-02)	(-2.457703e-05 -1.642921e-05 -7.087432e-05)
275           	(-1.538528e-02 8.466034e-03 -2.322568e-02)	(-1.536062e-02 8.482846e-03 -2.315532e-02)	(-2.466342e-05 -1.681165e-05 -7.035615e-05)
276           	(-1.536985e-02 8.481900e-03 -2.302754e-02)	(-1.534510e-02 8.499072e-03 -2.295772e-02)	(-2.474661e-05 -1.717204e-05 -6.982625e-05)
277           	(-1.535350e-02 8.498903e-03 -2.283438e-02)	(-1.532867e-02 8.516409e-03 -2.276509e-02)	(-2.482519e-05 -1.750521e-05 -6.929005e-05)
278           	(-1.533589e-02 8.517193e-03 -2.264745e-02)	(-1.531099e-02 8.534999e-03 -2.257870e-02)	(-2.489734e-05 -1.780650e-05 -6.874941e-05)
279           	(-1.531681e-02 8.536796e-03 -2.246789e-02)	(-1.529185e-02 8.554868e-03 -2.239968e-02)	(-2.496197e-05 -1.807246e-05 -6.820974e-05)
280           	(-1.529628e-02 8.557635e-03 -2.229635e-02)	(-1.527126e-02 8.575936e-03 -2.222868e-02)	(-2.501871e-05 -1.830173e-05 -6.767282e-05)
281           	(-1.527439e-02 8.579353e-03 -2.213383e-02)	(-1.524933e-02 8.597847e-03 -2.206669e-02)	(-2.506777e-05 -1.849419e-05 -6.714076e-05)
282           	(-1.525122e-02 8.601920e-03 -2.197897e-02)	(-1.522612e-02 8.620570e-03 -2.191235e-02)	(-2.510983e-05 -1.865065e-05 -6.661291e-05)
283           	(-1.522672e-02 8.625092e-03 -2.183084e-02)	(-1.520158e-02 8.643865e-03 -2.176475e-02)	(-2.514605e-05 -1.877304e-05 -6.608938e-05)
284           	(-1.520332e-02 8.647005e-03 -2.169386e-02)	(-1.517814e-02 8.665871e-03 -2.162830e-02)	(-2.517889e-05 -1.886621e-05 -6.556810e-05)
285           	(-1.518585e-02 8.664755e-03 -2.158336e-02)	(-1.516064e-02 8.683692e-03 -2.151831e-02)	(-2.521162e-05 -1.893778e-05 -6.504826e-05)
286           	(-1.515324e-02 8.690185e-03 -2.144014e-02)	(-1.512800e-02 8.709162e-03 -2.137562e-02)	(-2.523934e-05 -1.897667e-05 -6.452275e-05)
287           	(-1.511761e-02 8.715997e-03 -2.129790e-02)	(-1.509234e-02 8.734982e-03 -2.123391e-02)	(-2.526329e-05 -1.898541e-05 -6.398884e-05)
288           	(-1.507904e-02 8.741815e-03 -2.115774e-02)	(-1.505376e-02 8.760781e-03 -2.109430e-02)	(-2.528460e-05 -1.896617e-05 -6.344892e-05)
289           	(-1.503721e-02 8.767319e-03 -2.101983e-02)	(-1.501191e-02 8.786238e-03 -2.095693e-02)	(-2.530282e-05 -1.891907e-05 -6.290229e-05)
290           	(-1.499312e-02 8.791954e-03 -2.088701e-02)	(-1.496780e-02 8.810798e-03 -2.082466e-02)	(-2.531731e-05 -1.884463e-05 -6.234912e-05)
291           	(-1.494688e-02 8.815256e-03 -2.076102e-02)	(-1.492155e-02 8.833999e-03 -2.069923e-02)	(-2.532731e-05 -1.874324e-05 -6.179413e-05)
292           	(-1.489853e-02 8.837046e-03 -2.064252e-02)	(-1.487320e-02 8.855662e-03 -2.058128e-02)	(-2.533196e-05 -1.861576e-05 -6.123997e-05)
293           	(-1.484844e-02 8.857232e-03 -2.053291e-02)	(-1.482311e-02 8.875695e-03 -2.047222e-02)	(-2.533057e-05 -1.846327e-05 -6.069158e-05)
294           	(-1.479627e-02 8.875988e-03 -2.043018e-02)	(-1.477095e-02 8.894276e-03 -2.037003e-02)	(-2.532310e-05 -1.828778e-05 -6.014953e-05)
295           	(-1.474224e-02 8.893532e-03 -2.033331e-02)	(-1.471694e-02 8.911622e-03 -2.027369e-02)	(-2.530914e-05 -1.808942e-05 -5.961651e-05)
296           	(-1.468667e-02 8.910194e-03 -2.024055e-02)	(-1.466139e-02 8.928062e-03 -2.018146e-02)	(-2.528826e-05 -1.786838e-05 -5.909279e-05)
297           	(-1.462983e-02 8.926450e-03 -2.014944e-02)	(-1.460457e-02 8.944075e-03 -2.009086e-02)	(-2.526038e-05 -1.762518e-05 -5.858131e-05)
298           	(-1.457192e-02 8.942815e-03 -2.005730e-02)	(-1.454670e-02 8.960173e-03 -1.999922e-02)	(-2.522473e-05 -1.735869e-05 -5.807978e-05)
299           	(-1.450915e-02 8.959621e-03 -1.995582e-02)	(-1.448397e-02 8.976687e-03 -1.989823e-02)	(-2.517977e-05 -1.706662e-05 -5.758977e-05)
300           	(-1.444624e-02 8.977238e-03 -1.985061e-02)	(-1.442112e-02 8.993986e-03 -1.979349e-02)	(-2.512482e-05 -1.674779e-05 -5.711186e-05)
301           	(-1.438407e-02 8.995956e-03 -1.974120e-02)	(-1.435901e-02 9.012357e-03 -1.968455e-02)	(-2.505902e-05 -1.640076e-05 -5.664820e-05)
302           	(-1.432332e-02 9.015885e-03 -1.962778e-02)	(-1.429834e-02 9.031907e-03 -1.957158e-02)	(-2.498058e-05 -1.602163e-05 -5.619702e-05)
303           	(-1.426442e-02 9.036868e-03 -1.951144e-02)	(-1.423953e-02 9.052478e-03 -1.945568e-02)	(-2.488887e-05 -1.561007e-05 -5.576040e-05)
304           	(-1.420752e-02 9.058545e-03 -1.939383e-02)	(-1.418274e-02 9.073710e-03 -1.933849e-02)	(-2.478283e-05 -1.516491e-05 -5.533856e-05)
305           	(-1.415236e-02 9.080143e-03 -1.927563e-02)	(-1.412770e-02 9.094828e-03 -1.922070e-02)	(-2.466161e-05 -1.468470e-05 -5.493162e-05)
306           	(-1.409904e-02 9.101674e-03 -1.916018e-02)	(-1.407452e-02 9.115844e-03 -1.910564e-02)	(-2.452490e-05 -1.417009e-05 -5.454153e-05)
307           	(-1.404480e-02 9.122187e-03 -1.904495e-02)	(-1.402043e-02 9.135807e-03 -1.899078e-02)	(-2.437181e-05 -1.362011e-05 -5.416954e-05)
308           	(-1.399202e-02 9.141953e-03 -1.893632e-02)	(-1.396782e-02 9.154988e-03 -1.888250e-02)	(-2.420237e-05 -1.303512e-05 -5.381565e-05)
309           	(-1.394038e-02 9.160814e-03 -1.883365e-02)	(-1.391636e-02 9.173229e-03 -1.878016e-02)	(-2.401702e-05 -1.241498e-05 -5.348064e-05)
310           	(-1.388934e-02 9.178703e-03 -1.874018e-02)	(-1.386553e-02 9.190463e-03 -1.868702e-02)	(-2.381601e-05 -1.175996e-05 -5.316190e-05)
311           	(-1.383662e-02 9.194829e-03 -1.865224e-02)	(-1.381302e-02 9.205899e-03 -1.859938e-02)	(-2.359953e-05 -1.106998e-05 -5.285785e-05)
312           	(-1.379032e-02 9.187499e-03 -1.859076e-02)	(-1.376694e-02 9.197865e-03 -1.853819e-02)	(-2.337641e-05 -1.036657e-05 -5.256685e-05)
313           	(-1.373935e-02 9.204182e-03 -1.851658e-02)	(-1.371621e-02 9.213804e-03 -1.846430e-02)	(-2.313565e-05 -9.621656e-06 -5.228188e-05)
314           	(-1.369028e-02 9.221456e-03 -1.845062e-02)	(-1.366740e-02 9.230295e-03 -1.839861e-02)	(-2.288057e-05 -8.839208e-06 -5.200274e-05)
315           	(-1.364125e-02 9.238349e-03 -1.838757e-02)	(-1.361864e-02 9.246372e-03 -1.833585e-02)	(-2.261360e-05 -8.023003e-06 -5.172629e-05)
316           	(-1.359228e-02 9.254689e-03 -1.832639e-02)	(-1.356994e-02 9.261865e-03 -1.827494e-02)	(-2.233598e-05 -7.176013e-06 -5.144965e-05)
317           	(-1.354323e-02 9.270426e-03 -1.826615e-02)	(-1.352118e-02 9.276727e-03 -1.821497e-02)	(-2.204891e-05 -6.301099e-06 -5.117443e-05)
318           	(-1.349045e-02 9.285930e-03 -1.821170e-02)	(-1.346870e-02 9.291330e-03 -1.816079e-02)	(-2.175263e-05 -5.400331e-06 -5.090400e-05)
319           	(-1.343687e-02 9.300730e-03 -1.815498e-02)	(-1.341542e-02 9.305206e-03 -1.810434e-02)	(-2.144820e-05 -4.475431e-06 -5.063785e-05)
320           	(-1.338278e-02 9.314640e-03 -1.809256e-02)	(-1.336164e-02 9.318168e-03 -1.804219e-02)	(-2.113616e-05 -3.527718e-06 -5.037569e-05)
321           	(-1.331953e-02 9.326403e-03 -1.803781e-02)	(-1.329871e-02 9.328960e-03 -1.798769e-02)	(-2.081644e-05 -2.557828e-06 -5.012053e-05)
322           	(-1.326053e-02 9.337075e-03 -1.797080e-02)	(-1.324004e-02 9.338644e-03 -1.792094e-02)	(-2.049118e-05 -1.569014e-06 -4.986407e-05)
323           	(-1.321895e-02 9.326290e-03 -1.792644e-02)	(-1.319878e-02 9.326876e-03 -1.787684e-02)	(-2.017087e-05 -5.860221e-07 -4.960371e-05)
324           	(-1.317311e-02 9.334411e-03 -1.784340e-02)	(-1.315326e-02 9.333996e-03 -1.779407e-02)	(-1.984476e-05 4.149171e-07 -4.933621e-05)
325           	(-1.313918e-02 9.341770e-03 -1.774576e-02)	(-1.311966e-02 9.340343e-03 -1.769670e-02)	(-1.951685e-05 1.426669e-06 -4.905660e-05)
326           	(-1.310919e-02 9.347916e-03 -1.765071e-02)	(-1.309000e-02 9.345472e-03 -1.760195e-02)	(-1.918887e-05 2.444063e-06 -4.876226e-05)
327           	(-1.308215e-02 9.353108e-03 -1.755944e-02)	(-1.306329e-02 9.349643e-03 -1.751098e-02)	(-1.886139e-05 3.464550e-06 -4.845328e-05)
328           	(-1.306407e-02 9.355193e-03 -1.748033e-02)	(-1.304553e-02 9.350711e-03 -1.743220e-02)	(-1.853711e-05 4.481262e-06 -4.812599e-05)
329           	(-1.304506e-02 9.358073e-03 -1.739331e-02)	(-1.302685e-02 9.352578e-03 -1.734553e-02)	(-1.821439e-05 5.495678e-06 -4.778131e-05)
330           	(-1.302568e-02 9.361296e-03 -1.730764e-02)	(-1.300779e-02 9.354788e-03 -1.726022e-02)	(-1.789222e-05 6.508255e-06 -4.741917e-05)
331           	(-1.300513e-02 9.365053e-03 -1.722408e-02)	(-1.298756e-02 9.357536e-03 -1.717703e-02)	(-1.757034e-05 7.517491e-06 -4.704228e-05)
332           	(-1.298361e-02 9.369464e-03 -1.714162e-02)	(-1.296636e-02 9.360941e-03 -1.709497e-02)	(-1.724797e-05 8.523882e-06 -4.665408e-05)
333           	(-1.296012e-02 9.374723e-03 -1.706255e-02)	(-1.294319e-02 9.365198e-03 -1.701629e-02)	(-1.692511e-05 9.525315e-06 -4.626090e-05)
334           	(-1.293325e-02 9.380970e-03 -1.698791e-02)	(-1.291665e-02 9.370447e-03 -1.694204e-02)	(-1.660043e-05 1.052288e-05 -4.586787e-05)
335           	(-1.290225e-02 9.388216e-03 -1.691731e-02)	(-1.288598e-02 9.376699e-03 -1.687183e-02)	(-1.627326e-05 1.151635e-05 -4.548108e-05)
336           	(-1.286288e-02 9.396560e-03 -1.684757e-02)	(-1.284694e-02 9.384053e-03 -1.680247e-02)	(-1.594270e-05 1.250652e-05 -4.510602e-05)
337           	(-1.281813e-02 9.405729e-03 -1.678133e-02)	(-1.280252e-02 9.392237e-03 -1.673658e-02)	(-1.560870e-05 1.349252e-05 -4.474675e-05)
338           	(-1.276585e-02 9.415346e-03 -1.671536e-02)	(-1.275058e-02 9.400872e-03 -1.667095e-02)	(-1.527089e-05 1.447424e-05 -4.440711e-05)
339           	(-1.271030e-02 9.425183e-03 -1.665365e-02)	(-1.269537e-02 9.409735e-03 -1.660956e-02)	(-1.493070e-05 1.544760e-05 -4.409010e-05)
340           	(-1.265287e-02 9.434866e-03 -1.659639e-02)	(-1.263828e-02 9.418456e-03 -1.655259e-02)	(-1.458909e-05 1.640991e-05 -4.379615e-05)
341           	(-1.259477e-02 9.443941e-03 -1.654166e-02)	(-1.258052e-02 9.426585e-03 -1.649814e-02)	(-1.424776e-05 1.735654e-05 -4.352395e-05)
342           	(-1.253728e-02 9.452333e-03 -1.649141e-02)	(-1.252337e-02 9.434050e-03 -1.644814e-02)	(-1.390852e-05 1.828248e-05 -4.327246e-05)
343           	(-1.248229e-02 9.459645e-03 -1.644308e-02)	(-1.246872e-02 9.440462e-03 -1.640004e-02)	(-1.357343e-05 1.918240e-05 -4.303792e-05)
344           	(-1.243058e-02 9.465636e-03 -1.639939e-02)	(-1.241734e-02 9.445584e-03 -1.635657e-02)	(-1.324401e-05 2.005249e-05 -4.281800e-05)
345           	(-1.238258e-02 9.470050e-03 -1.636044e-02)	(-1.236966e-02 9.449163e-03 -1.631783e-02)	(-1.292244e-05 2.088714e-05 -4.260991e-05)
346           	(-1.233816e-02 9.472728e-03 -1.632620e-02)	(-1.232555e-02 9.451045e-03 -1.628379e-02)	(-1.261011e-05 2.168276e-05 -4.241052e-05)
347           	(-1.229680e-02 9.473702e-03 -1.629621e-02)	(-1.228449e-02 9.451265e-03 -1.625399e-02)	(-1.230799e-05 2.243679e-05 -4.221769e-05)
348           	(-1.226157e-02 9.473622e-03 -1.627341e-02)	(-1.224955e-02 9.450475e-03 -1.623138e-02)	(-1.201737e-05 2.314682e-05 -4.203064e-05)
349           	(-1.224405e-02 9.472463e-03 -1.625532e-02)	(-1.223231e-02 9.448656e-03 -1.621348e-02)	(-1.174157e-05 2.380775e-05 -4.184464e-05)
350           	(-1.222473e-02 9.469813e-03 -1.624602e-02)	(-1.221325e-02 9.445392e-03 -1.620435e-02)	(-1.147957e-05 2.442061e-05 -4.166294e-05)
351           	(-1.218191e-02 9.465206e-03 -1.622662e-02)	(-1.217069e-02 9.440213e-03 -1.618513e-02)	(-1.122700e-05 2.499257e-05 -4.149100e-05)
352           	(-1.215638e-02 9.459855e-03 -1.623250e-02)	(-1.214539e-02 9.434335e-03 -1.619118e-02)	(-1.098812e-05 2.552063e-05 -4.132231e-05)
353           	(-1.212882e-02 9.453579e-03 -1.624463e-02)	(-1.211806e-02 9.427574e-03 -1.620347e-02)	(-1.076320e-05 2.600487e-05 -4.116144e-05)
354           	(-1.209876e-02 9.446549e-03 -1.626227e-02)	(-1.208821e-02 9.420100e-03 -1.622127e-02)	(-1.055095e-05 2.644933e-05 -4.100772e-05)
355           	(-1.204275e-02 9.437552e-03 -1.625226e-02)	(-1.203240e-02 9.410689e-03 -1.621140e-02)	(-1.034694e-05 2.686263e-05 -4.086401e-05)
356           	(-1.198548e-02 9.427587e-03 -1.625119e-02)	(-1.197533e-02 9.400339e-03 -1.621046e-02)	(-1.015165e-05 2.724722e-05 -4.072801e-05)
357           	(-1.192415e-02 9.415884e-03 -1.626928e-02)	(-1.191418e-02 9.388281e-03 -1.622867e-02)	(-9.965885e-06 2.760324e-05 -4.060561e-05)
358           	(-1.187551e-02 9.416440e-03 -1.630189e-02)	(-1.186573e-02 9.388498e-03 -1.626140e-02)	(-9.786964e-06 2.794199e-05 -4.049207e-05)
359           	(-1.184581e-02 9.409303e-03 -1.635970e-02)	(-1.183619e-02 9.381054e-03 -1.631931e-02)	(-9.622168e-06 2.824893e-05 -4.038935e-05)
360           	(-1.179192e-02 9.396947e-03 -1.639486e-02)	(-1.178245e-02 9.368414e-03 -1.635456e-02)	(-9.465203e-06 2.853301e-05 -4.029728e-05)
361           	(-1.176725e-02 9.392391e-03 -1.646083e-02)	(-1.175794e-02 9.363592e-03 -1.642062e-02)	(-9.316300e-06 2.879918e-05 -4.021166e-05)
362           	(-1.174194e-02 9.387929e-03 -1.652954e-02)	(-1.173277e-02 9.358880e-03 -1.648940e-02)	(-9.175141e-06 2.904910e-05 -4.013751e-05)
363           	(-1.171453e-02 9.382882e-03 -1.660156e-02)	(-1.170549e-02 9.353595e-03 -1.656148e-02)	(-9.039044e-06 2.928690e-05 -4.007260e-05)
364           	(-1.165501e-02 9.369257e-03 -1.667325e-02)	(-1.164611e-02 9.339742e-03 -1.663323e-02)	(-8.904384e-06 2.951545e-05 -4.002452e-05)
365           	(-1.159319e-02 9.356066e-03 -1.674561e-02)	(-1.158442e-02 9.326326e-03 -1.670562e-02)	(-8.770359e-06 2.973927e-05 -3.998717e-05)
366           	(-1.152935e-02 9.343768e-03 -1.681723e-02)	(-1.152071e-02 9.313807e-03 -1.677727e-02)	(-8.637579e-06 2.996052e-05 -3.996334e-05)
367           	(-1.146308e-02 9.332504e-03 -1.688694e-02)	(-1.145458e-02 9.302323e-03 -1.684699e-02)	(-8.505435e-06 3.018173e-05 -3.995321e-05)
368           	(-1.139435e-02 9.322511e-03 -1.695344e-02)	(-1.138597e-02 9.292104e-03 -1.691348e-02)	(-8.372853e-06 3.040641e-05 -3.995711e-05)
369           	(-1.132370e-02 9.314162e-03 -1.701533e-02)	(-1.131546e-02 9.283526e-03 -1.697536e-02)	(-8.239626e-06 3.063616e-05 -3.997476e-05)
370           	(-1.125276e-02 9.307950e-03 -1.707100e-02)	(-1.124466e-02 9.277077e-03 -1.703099e-02)	(-8.105120e-06 3.087332e-05 -4.000652e-05)
371           	(-1.118476e-02 9.304441e-03 -1.711961e-02)	(-1.117679e-02 9.273323e-03 -1.707956e-02)	(-7.969731e-06 3.111759e-05 -4.005028e-05)
372           	(-1.112306e-02 9.303700e-03 -1.716168e-02)	(-1.111522e-02 9.272333e-03 -1.712157e-02)	(-7.834742e-06 3.136691e-05 -4.010265e-05)
373           	(-1.106926e-02 9.305261e-03 -1.720026e-02)	(-1.106156e-02 9.273642e-03 -1.716010e-02)	(-7.701193e-06 3.161878e-05 -4.016022e-05)
374           	(-1.102161e-02 9.308196e-03 -1.723940e-02)	(-1.101404e-02 9.276327e-03 -1.719918e-02)	(-7.570134e-06 3.186936e-05 -4.022087e-05)
375           	(-1.097745e-02 9.311740e-03 -1.728236e-02)	(-1.097001e-02 9.279624e-03 -1.724208e-02)	(-7.441999e-06 3.211583e-05 -4.028556e-05)
376           	(-1.093443e-02 9.315298e-03 -1.733093e-02)	(-1.092711e-02 9.282941e-03 -1.729058e-02)	(-7.316399e-06 3.235699e-05 -4.035338e-05)
377           	(-1.089322e-02 9.318313e-03 -1.738753e-02)	(-1.088603e-02 9.285722e-03 -1.734710e-02)	(-7.193372e-06 3.259134e-05 -4.042434e-05)
378           	(-1.084906e-02 9.320548e-03 -1.744862e-02)	(-1.084199e-02 9.287729e-03 -1.740812e-02)	(-7.072381e-06 3.281916e-05 -4.049704e-05)
379           	(-1.080026e-02 9.321630e-03 -1.751206e-02)	(-1.079330e-02 9.288588e-03 -1.747149e-02)	(-6.952531e-06 3.304178e-05 -4.057118e-05)
380           	(-1.074704e-02 9.321476e-03 -1.757417e-02)	(-1.074021e-02 9.288214e-03 -1.753352e-02)	(-6.833220e-06 3.326170e-05 -4.064348e-05)
381           	(-1.069018e-02 9.320084e-03 -1.763182e-02)	(-1.068346e-02 9.286603e-03 -1.759111e-02)	(-6.714252e-06 3.348085e-05 -4.070987e-05)
382           	(-1.063025e-02 9.317449e-03 -1.768284e-02)	(-1.062366e-02 9.283747e-03 -1.764207e-02)	(-6.595314e-06 3.370124e-05 -4.076717e-05)
383           	(-1.056660e-02 9.313342e-03 -1.772583e-02)	(-1.056013e-02 9.279419e-03 -1.768502e-02)	(-6.476454e-06 3.392336e-05 -4.081468e-05)
384           	(-1.050231e-02 9.308028e-03 -1.775924e-02)	(-1.049595e-02 9.273881e-03 -1.771839e-02)	(-6.357827e-06 3.414783e-05 -4.085084e-05)
385           	(-1.044230e-02 9.302199e-03 -1.778790e-02)	(-1.043606e-02 9.267824e-03 -1.774702e-02)	(-6.239649e-06 3.437495e-05 -4.087613e-05)
386           	(-1.038502e-02 9.295535e-03 -1.781312e-02)	(-1.037890e-02 9.260931e-03 -1.777222e-02)	(-6.122377e-06 3.460322e-05 -4.089258e-05)
387           	(-1.033007e-02 9.287953e-03 -1.783634e-02)	(-1.032406e-02 9.253121e-03 -1.779543e-02)	(-6.005828e-06 3.483172e-05 -4.090275e-05)
