# Force       
# CofR        : (0.000000e+00 0.000000e+00 0.000000e+00)
#
# Time        	(total_x total_y total_z)	(pressure_x pressure_y pressure_z)	(viscous_x viscous_y viscous_z)
1             	(3.515932e+01 1.946655e+01 -4.684260e+02)	(3.512415e+01 1.946675e+01 -4.684263e+02)	(3.516919e-02 -1.949091e-04 2.445076e-04)
2             	(3.655751e+01 2.005569e+01 -4.680557e+02)	(3.655283e+01 2.006875e+01 -4.680566e+02)	(4.681081e-03 -1.306265e-02 8.658007e-04)
3             	(2.873203e+01 1.567700e+01 -4.681701e+02)	(2.874949e+01 1.569950e+01 -4.681708e+02)	(-1.746019e-02 -2.250306e-02 7.303187e-04)
4             	(1.512228e+01 8.079970e+00 -4.687432e+02)	(1.514743e+01 8.106048e+00 -4.687433e+02)	(-2.515124e-02 -2.607772e-02 4.888107e-05)
5             	(-5.179688e-01 -6.028584e-01 -4.695564e+02)	(-4.958972e-01 -5.797251e-01 -4.695557e+02)	(-2.207155e-02 -2.313328e-02 -6.668964e-04)
6             	(-1.128581e+01 -6.533643e+00 -4.702125e+02)	(-1.127399e+01 -6.517244e+00 -4.702121e+02)	(-1.181405e-02 -1.639895e-02 -4.029603e-04)
7             	(-1.525029e+01 -8.618518e+00 -4.706544e+02)	(-1.525186e+01 -8.610599e+00 -4.706541e+02)	(1.572786e-03 -7.919632e-03 -2.140360e-04)
8             	(-1.424055e+01 -7.930212e+00 -4.707858e+02)	(-1.425455e+01 -7.930328e+00 -4.707859e+02)	(1.399594e-02 1.159372e-04 9.236826e-05)
9             	(-1.031763e+01 -5.635108e+00 -4.707810e+02)	(-1.033896e+01 -5.640367e+00 -4.707814e+02)	(2.132979e-02 5.258787e-03 4.160604e-04)
10            	(-4.321817e+00 -2.281599e+00 -4.705190e+02)	(-4.344678e+00 -2.288466e+00 -4.705196e+02)	(2.286120e-02 6.867448e-03 5.673373e-04)
11            	(1.395136e+00 9.046630e-01 -4.702349e+02)	(1.375478e+00 8.989162e-01 -4.702355e+02)	(1.965766e-02 5.746708e-03 5.587291e-04)
12            	(5.108661e+00 2.932781e+00 -4.699701e+02)	(5.094933e+00 2.929802e+00 -4.699706e+02)	(1.372777e-02 2.978470e-03 4.935961e-04)
13            	(6.726719e+00 3.774846e+00 -4.697930e+02)	(6.719689e+00 3.775191e+00 -4.697934e+02)	(7.030887e-03 -3.447882e-04 4.164716e-04)
14            	(6.422938e+00 3.554486e+00 -4.697374e+02)	(6.421599e+00 3.557672e+00 -4.697376e+02)	(1.339398e-03 -3.186272e-03 2.685927e-04)
15            	(5.147558e+00 2.807011e+00 -4.697401e+02)	(5.149793e+00 2.811873e+00 -4.697402e+02)	(-2.234488e-03 -4.862824e-03 7.500681e-05)
16            	(3.263606e+00 1.744529e+00 -4.697485e+02)	(3.267070e+00 1.749738e+00 -4.697484e+02)	(-3.464199e-03 -5.208595e-03 -8.432482e-05)
17            	(1.428233e+00 7.348783e-01 -4.697857e+02)	(1.431124e+00 7.394160e-01 -4.697856e+02)	(-2.890843e-03 -4.537721e-03 -1.472201e-04)
18            	(1.553934e-02 -1.651251e-02 -4.699336e+02)	(1.689603e-02 -1.319053e-02 -4.699335e+02)	(-1.356692e-03 -3.321979e-03 -1.205212e-04)
19            	(-6.240490e-01 -3.494586e-01 -4.700146e+02)	(-6.244683e-01 -3.474322e-01 -4.700145e+02)	(4.193128e-04 -2.026380e-03 -5.005369e-05)
20            	(-6.427008e-01 -3.476902e-01 -4.700259e+02)	(-6.445495e-01 -3.467064e-01 -4.700259e+02)	(1.848694e-03 -9.837429e-04 1.483475e-05)
21            	(-2.947660e-01 -1.383801e-01 -4.700194e+02)	(-2.973692e-01 -1.380582e-01 -4.700195e+02)	(2.603205e-03 -3.218695e-04 4.807995e-05)
22            	(2.843451e-01 1.893019e-01 -4.700221e+02)	(2.816796e-01 1.894006e-01 -4.700221e+02)	(2.665505e-03 -9.868644e-05 2.735652e-05)
23            	(9.457278e-01 5.601874e-01 -4.700206e+02)	(9.435053e-01 5.603857e-01 -4.700206e+02)	(2.222462e-03 -1.983710e-04 -3.036990e-05)
24            	(1.535894e+00 8.866449e-01 -4.700113e+02)	(1.534347e+00 8.871197e-01 -4.700112e+02)	(1.546943e-03 -4.748421e-04 -1.044137e-04)
25            	(1.945266e+00 1.112598e+00 -4.699582e+02)	(1.944385e+00 1.113377e+00 -4.699580e+02)	(8.812338e-04 -7.791476e-04 -1.771711e-04)
26            	(2.059036e+00 1.178949e+00 -4.699491e+02)	(2.058664e+00 1.179952e+00 -4.699488e+02)	(3.715105e-04 -1.002680e-03 -2.438627e-04)
27            	(2.023840e+00 1.160787e+00 -4.699334e+02)	(2.023744e+00 1.161894e+00 -4.699331e+02)	(9.608621e-05 -1.106245e-03 -3.041017e-04)
28            	(1.900079e+00 1.099675e+00 -4.699297e+02)	(1.900039e+00 1.100749e+00 -4.699293e+02)	(3.992611e-05 -1.073802e-03 -3.467934e-04)
29            	(1.752225e+00 1.027510e+00 -4.699245e+02)	(1.752074e+00 1.028433e+00 -4.699241e+02)	(1.510350e-04 -9.234199e-04 -3.674359e-04)
30            	(1.563853e+00 9.313650e-01 -4.699101e+02)	(1.563501e+00 9.320801e-01 -4.699098e+02)	(3.516172e-04 -7.150734e-04 -3.650516e-04)
31            	(1.503961e+00 9.066612e-01 -4.699039e+02)	(1.503406e+00 9.071687e-01 -4.699035e+02)	(5.549566e-04 -5.074637e-04 -3.506457e-04)
32            	(1.480480e+00 8.987384e-01 -4.698992e+02)	(1.479777e+00 8.990846e-01 -4.698988e+02)	(7.024739e-04 -3.461396e-04 -3.301266e-04)
33            	(1.476229e+00 8.987119e-01 -4.698958e+02)	(1.475456e+00 8.989577e-01 -4.698955e+02)	(7.729791e-04 -2.457573e-04 -3.065893e-04)
34            	(1.480156e+00 9.017932e-01 -4.698944e+02)	(1.479388e+00 9.019937e-01 -4.698941e+02)	(7.677139e-04 -2.004630e-04 -2.849985e-04)
35            	(1.480097e+00 9.027170e-01 -4.698937e+02)	(1.479395e+00 9.029145e-01 -4.698934e+02)	(7.023510e-04 -1.974838e-04 -2.664304e-04)
36            	(1.476412e+00 9.017041e-01 -4.698933e+02)	(1.475812e+00 9.019239e-01 -4.698930e+02)	(6.000270e-04 -2.197450e-04 -2.507742e-04)
37            	(1.473770e+00 9.014773e-01 -4.698926e+02)	(1.473284e+00 9.017252e-01 -4.698924e+02)	(4.862996e-04 -2.479065e-04 -2.370019e-04)
38            	(1.481127e+00 9.061489e-01 -4.698922e+02)	(1.480744e+00 9.064182e-01 -4.698920e+02)	(3.831286e-04 -2.693526e-04 -2.231219e-04)
39            	(1.499618e+00 9.169250e-01 -4.698923e+02)	(1.499316e+00 9.172021e-01 -4.698921e+02)	(3.013783e-04 -2.770585e-04 -2.085759e-04)
40            	(1.533906e+00 9.363808e-01 -4.698933e+02)	(1.533660e+00 9.366509e-01 -4.698931e+02)	(2.461597e-04 -2.701270e-04 -1.923714e-04)
41            	(1.583023e+00 9.641186e-01 -4.698958e+02)	(1.582807e+00 9.643715e-01 -4.698956e+02)	(2.155474e-04 -2.529083e-04 -1.740229e-04)
42            	(1.638877e+00 9.958394e-01 -4.698999e+02)	(1.638675e+00 9.960709e-01 -4.698998e+02)	(2.014242e-04 -2.315193e-04 -1.542563e-04)
43            	(1.687412e+00 1.023844e+00 -4.699052e+02)	(1.687217e+00 1.024054e+00 -4.699051e+02)	(1.951916e-04 -2.094698e-04 -1.336174e-04)
44            	(1.685208e+00 1.027108e+00 -4.699240e+02)	(1.685030e+00 1.027292e+00 -4.699239e+02)	(1.781119e-04 -1.841281e-04 -1.140855e-04)
45            	(1.703491e+00 1.037782e+00 -4.699276e+02)	(1.703329e+00 1.037950e+00 -4.699275e+02)	(1.616954e-04 -1.679976e-04 -9.689584e-05)
46            	(1.713571e+00 1.044236e+00 -4.699309e+02)	(1.713429e+00 1.044396e+00 -4.699308e+02)	(1.423303e-04 -1.607348e-04 -8.280967e-05)
47            	(1.704998e+00 1.041838e+00 -4.699381e+02)	(1.704883e+00 1.041991e+00 -4.699380e+02)	(1.147385e-04 -1.526223e-04 -7.143260e-05)
48            	(1.707144e+00 1.044121e+00 -4.699397e+02)	(1.707059e+00 1.044265e+00 -4.699397e+02)	(8.557868e-05 -1.436807e-04 -6.308795e-05)
49            	(1.707146e+00 1.045381e+00 -4.699413e+02)	(1.707092e+00 1.045514e+00 -4.699412e+02)	(5.359394e-05 -1.333701e-04 -5.831070e-05)
50            	(1.701400e+00 1.043562e+00 -4.699412e+02)	(1.701381e+00 1.043682e+00 -4.699411e+02)	(1.943180e-05 -1.201784e-04 -5.631106e-05)
51            	(1.695429e+00 1.041622e+00 -4.699411e+02)	(1.695444e+00 1.041726e+00 -4.699410e+02)	(-1.484234e-05 -1.038510e-04 -5.629788e-05)
52            	(1.692809e+00 1.041773e+00 -4.699413e+02)	(1.692857e+00 1.041859e+00 -4.699413e+02)	(-4.715891e-05 -8.546393e-05 -5.749445e-05)
53            	(1.690945e+00 1.042190e+00 -4.699416e+02)	(1.691021e+00 1.042257e+00 -4.699415e+02)	(-7.637495e-05 -6.639569e-05 -5.861413e-05)
54            	(1.689899e+00 1.042826e+00 -4.699418e+02)	(1.690001e+00 1.042874e+00 -4.699417e+02)	(-1.019805e-04 -4.779118e-05 -5.861130e-05)
55            	(1.689782e+00 1.043742e+00 -4.699419e+02)	(1.689906e+00 1.043772e+00 -4.699419e+02)	(-1.244442e-04 -2.979893e-05 -5.705664e-05)
56            	(1.690719e+00 1.045110e+00 -4.699419e+02)	(1.690863e+00 1.045122e+00 -4.699419e+02)	(-1.443373e-04 -1.187803e-05 -5.415562e-05)
57            	(1.694018e+00 1.047800e+00 -4.699418e+02)	(1.694180e+00 1.047793e+00 -4.699417e+02)	(-1.621412e-04 6.552650e-06 -5.048136e-05)
58            	(1.707801e+00 1.055783e+00 -4.699403e+02)	(1.707977e+00 1.055759e+00 -4.699402e+02)	(-1.757107e-04 2.411476e-05 -4.640118e-05)
59            	(1.732026e+00 1.069430e+00 -4.699337e+02)	(1.732211e+00 1.069390e+00 -4.699336e+02)	(-1.850173e-04 3.990009e-05 -4.177876e-05)
60            	(1.756200e+00 1.083627e+00 -4.699269e+02)	(1.756392e+00 1.083572e+00 -4.699269e+02)	(-1.923670e-04 5.465561e-05 -3.694684e-05)
61            	(1.778084e+00 1.097237e+00 -4.699208e+02)	(1.778283e+00 1.097168e+00 -4.699208e+02)	(-1.998126e-04 6.895625e-05 -3.194525e-05)
62            	(1.784165e+00 1.103420e+00 -4.699199e+02)	(1.784375e+00 1.103335e+00 -4.699199e+02)	(-2.105395e-04 8.491218e-05 -2.679968e-05)
63            	(1.802552e+00 1.115871e+00 -4.699161e+02)	(1.802771e+00 1.115771e+00 -4.699161e+02)	(-2.189378e-04 9.984841e-05 -2.130101e-05)
64            	(1.807644e+00 1.121769e+00 -4.699151e+02)	(1.807872e+00 1.121655e+00 -4.699151e+02)	(-2.273103e-04 1.144216e-04 -1.539732e-05)
65            	(1.822429e+00 1.132221e+00 -4.699122e+02)	(1.822660e+00 1.132094e+00 -4.699122e+02)	(-2.313581e-04 1.267163e-04 -8.974638e-06)
66            	(1.826765e+00 1.137321e+00 -4.699112e+02)	(1.826999e+00 1.137183e+00 -4.699112e+02)	(-2.341417e-04 1.374551e-04 -2.179378e-06)
67            	(1.837496e+00 1.145125e+00 -4.699096e+02)	(1.837729e+00 1.144979e+00 -4.699096e+02)	(-2.333469e-04 1.457967e-04 4.532866e-06)
68            	(1.846407e+00 1.151593e+00 -4.699082e+02)	(1.846637e+00 1.151441e+00 -4.699083e+02)	(-2.298763e-04 1.516556e-04 1.045891e-05)
69            	(1.853870e+00 1.156881e+00 -4.699071e+02)	(1.854094e+00 1.156725e+00 -4.699072e+02)	(-2.246056e-04 1.560248e-04 1.466382e-05)
70            	(1.860229e+00 1.161104e+00 -4.699062e+02)	(1.860447e+00 1.160944e+00 -4.699062e+02)	(-2.179547e-04 1.595408e-04 1.633581e-05)
71            	(1.865484e+00 1.164245e+00 -4.699054e+02)	(1.865694e+00 1.164082e+00 -4.699054e+02)	(-2.100386e-04 1.630234e-04 1.503092e-05)
72            	(1.869430e+00 1.166284e+00 -4.699047e+02)	(1.869632e+00 1.166117e+00 -4.699047e+02)	(-2.018549e-04 1.666596e-04 1.074625e-05)
73            	(1.872432e+00 1.167578e+00 -4.699041e+02)	(1.872627e+00 1.167407e+00 -4.699041e+02)	(-1.941667e-04 1.711513e-04 4.062175e-06)
74            	(1.875137e+00 1.168600e+00 -4.699037e+02)	(1.875325e+00 1.168424e+00 -4.699037e+02)	(-1.873656e-04 1.768062e-04 -4.323118e-06)
75            	(1.877898e+00 1.169594e+00 -4.699035e+02)	(1.878080e+00 1.169410e+00 -4.699035e+02)	(-1.815907e-04 1.838075e-04 -1.395254e-05)
76            	(1.882025e+00 1.171312e+00 -4.699035e+02)	(1.882203e+00 1.171120e+00 -4.699034e+02)	(-1.773787e-04 1.917778e-04 -2.436984e-05)
77            	(1.888023e+00 1.174034e+00 -4.699036e+02)	(1.888197e+00 1.173833e+00 -4.699036e+02)	(-1.744101e-04 2.009223e-04 -3.481598e-05)
78            	(1.895766e+00 1.177683e+00 -4.699040e+02)	(1.895937e+00 1.177472e+00 -4.699040e+02)	(-1.714116e-04 2.116184e-04 -4.414142e-05)
79            	(1.905212e+00 1.182173e+00 -4.699045e+02)	(1.905380e+00 1.181950e+00 -4.699044e+02)	(-1.675972e-04 2.235496e-04 -5.200823e-05)
80            	(1.916063e+00 1.187254e+00 -4.699050e+02)	(1.916226e+00 1.187018e+00 -4.699049e+02)	(-1.629134e-04 2.360362e-04 -5.770833e-05)
81            	(1.927880e+00 1.192696e+00 -4.699055e+02)	(1.928038e+00 1.192448e+00 -4.699054e+02)	(-1.576393e-04 2.483535e-04 -6.066302e-05)
82            	(1.940217e+00 1.198264e+00 -4.699058e+02)	(1.940368e+00 1.198004e+00 -4.699058e+02)	(-1.518200e-04 2.602169e-04 -6.045659e-05)
83            	(1.952564e+00 1.203717e+00 -4.699060e+02)	(1.952710e+00 1.203446e+00 -4.699060e+02)	(-1.455571e-04 2.715033e-04 -5.686578e-05)
84            	(1.964356e+00 1.208825e+00 -4.699061e+02)	(1.964495e+00 1.208543e+00 -4.699061e+02)	(-1.389774e-04 2.823690e-04 -4.976627e-05)
85            	(1.975373e+00 1.213481e+00 -4.699061e+02)	(1.975505e+00 1.213189e+00 -4.699061e+02)	(-1.319475e-04 2.923607e-04 -3.951173e-05)
86            	(1.985663e+00 1.217765e+00 -4.699060e+02)	(1.985787e+00 1.217464e+00 -4.699060e+02)	(-1.244021e-04 3.010743e-04 -2.683750e-05)
87            	(1.995082e+00 1.221642e+00 -4.699059e+02)	(1.995198e+00 1.221333e+00 -4.699059e+02)	(-1.164038e-04 3.081166e-04 -1.246035e-05)
88            	(2.003571e+00 1.225111e+00 -4.699057e+02)	(2.003680e+00 1.224798e+00 -4.699057e+02)	(-1.084223e-04 3.132597e-04 2.783148e-06)
89            	(2.010723e+00 1.227950e+00 -4.699055e+02)	(2.010823e+00 1.227634e+00 -4.699055e+02)	(-1.006265e-04 3.161103e-04 1.832373e-05)
90            	(2.010751e+00 1.227338e+00 -4.699051e+02)	(2.010845e+00 1.227021e+00 -4.699051e+02)	(-9.411229e-05 3.171101e-04 3.376321e-05)
91            	(2.015629e+00 1.229054e+00 -4.699047e+02)	(2.015716e+00 1.228738e+00 -4.699047e+02)	(-8.635312e-05 3.153303e-04 4.884202e-05)
92            	(2.014771e+00 1.228261e+00 -4.699043e+02)	(2.014850e+00 1.227950e+00 -4.699043e+02)	(-7.904738e-05 3.119414e-04 6.335676e-05)
93            	(2.018301e+00 1.229595e+00 -4.699035e+02)	(2.018371e+00 1.229288e+00 -4.699036e+02)	(-7.010965e-05 3.065396e-04 7.685084e-05)
94            	(2.016694e+00 1.228861e+00 -4.699031e+02)	(2.016755e+00 1.228561e+00 -4.699031e+02)	(-6.153972e-05 3.005642e-04 8.889244e-05)
95            	(2.014675e+00 1.228111e+00 -4.699026e+02)	(2.014728e+00 1.227816e+00 -4.699027e+02)	(-5.332514e-05 2.949068e-04 9.934450e-05)
96            	(2.012271e+00 1.227329e+00 -4.699021e+02)	(2.012316e+00 1.227039e+00 -4.699022e+02)	(-4.528481e-05 2.897736e-04 1.084388e-04)
97            	(2.009696e+00 1.226307e+00 -4.699014e+02)	(2.009733e+00 1.226022e+00 -4.699015e+02)	(-3.680054e-05 2.845609e-04 1.164410e-04)
98            	(2.007314e+00 1.225548e+00 -4.699008e+02)	(2.007342e+00 1.225269e+00 -4.699009e+02)	(-2.790583e-05 2.792432e-04 1.233772e-04)
99            	(2.004854e+00 1.225360e+00 -4.699004e+02)	(2.004874e+00 1.225084e+00 -4.699005e+02)	(-1.989021e-05 2.751335e-04 1.291211e-04)
100           	(2.002185e+00 1.225252e+00 -4.699001e+02)	(2.002198e+00 1.224979e+00 -4.699002e+02)	(-1.305245e-05 2.724451e-04 1.335323e-04)
101           	(1.999340e+00 1.224856e+00 -4.698996e+02)	(1.999347e+00 1.224586e+00 -4.698997e+02)	(-6.629859e-06 2.700907e-04 1.364779e-04)
102           	(1.996455e+00 1.224695e+00 -4.698991e+02)	(1.996456e+00 1.224427e+00 -4.698993e+02)	(-9.387468e-07 2.682278e-04 1.378197e-04)
103           	(1.993453e+00 1.224714e+00 -4.698988e+02)	(1.993449e+00 1.224447e+00 -4.698989e+02)	(4.048572e-06 2.670854e-04 1.374999e-04)
104           	(1.990369e+00 1.224833e+00 -4.698984e+02)	(1.990360e+00 1.224567e+00 -4.698985e+02)	(8.953864e-06 2.663276e-04 1.355021e-04)
105           	(1.987377e+00 1.225028e+00 -4.698981e+02)	(1.987363e+00 1.224762e+00 -4.698982e+02)	(1.395186e-05 2.653618e-04 1.319032e-04)
106           	(1.984732e+00 1.225315e+00 -4.698978e+02)	(1.984713e+00 1.225052e+00 -4.698979e+02)	(1.898347e-05 2.632521e-04 1.271751e-04)
107           	(1.982700e+00 1.225734e+00 -4.698976e+02)	(1.982676e+00 1.225475e+00 -4.698977e+02)	(2.401181e-05 2.592745e-04 1.221273e-04)
108           	(1.981605e+00 1.226382e+00 -4.698974e+02)	(1.981576e+00 1.226129e+00 -4.698975e+02)	(2.902786e-05 2.532876e-04 1.172035e-04)
109           	(1.981382e+00 1.227211e+00 -4.698974e+02)	(1.981347e+00 1.226965e+00 -4.698975e+02)	(3.418228e-05 2.456428e-04 1.121611e-04)
110           	(1.981916e+00 1.228152e+00 -4.698975e+02)	(1.981876e+00 1.227915e+00 -4.698976e+02)	(3.936943e-05 2.367062e-04 1.069279e-04)
111           	(1.983070e+00 1.229145e+00 -4.698977e+02)	(1.983026e+00 1.228918e+00 -4.698978e+02)	(4.438318e-05 2.267681e-04 1.015053e-04)
112           	(1.984718e+00 1.230140e+00 -4.698979e+02)	(1.984669e+00 1.229923e+00 -4.698980e+02)	(4.904061e-05 2.161356e-04 9.598436e-05)
113           	(1.986920e+00 1.231177e+00 -4.698983e+02)	(1.986867e+00 1.230972e+00 -4.698984e+02)	(5.311097e-05 2.049751e-04 9.034603e-05)
114           	(1.989982e+00 1.232426e+00 -4.698988e+02)	(1.989926e+00 1.232233e+00 -4.698989e+02)	(5.677133e-05 1.933594e-04 8.445795e-05)
115           	(1.994346e+00 1.234120e+00 -4.698994e+02)	(1.994285e+00 1.233939e+00 -4.698995e+02)	(6.042294e-05 1.812460e-04 7.827485e-05)
116           	(2.000227e+00 1.236383e+00 -4.699002e+02)	(2.000162e+00 1.236214e+00 -4.699003e+02)	(6.456603e-05 1.686632e-04 7.200547e-05)
117           	(2.007352e+00 1.239061e+00 -4.699011e+02)	(2.007283e+00 1.238906e+00 -4.699011e+02)	(6.977799e-05 1.556234e-04 6.597960e-05)
118           	(2.015077e+00 1.241819e+00 -4.699020e+02)	(2.015000e+00 1.241677e+00 -4.699020e+02)	(7.639736e-05 1.422352e-04 6.054802e-05)
119           	(2.022720e+00 1.244307e+00 -4.699027e+02)	(2.022636e+00 1.244179e+00 -4.699028e+02)	(8.483483e-05 1.288351e-04 5.572118e-05)
120           	(2.029847e+00 1.246326e+00 -4.699034e+02)	(2.029752e+00 1.246210e+00 -4.699035e+02)	(9.506519e-05 1.156405e-04 5.154009e-05)
121           	(2.036469e+00 1.247920e+00 -4.699040e+02)	(2.036363e+00 1.247817e+00 -4.699041e+02)	(1.066884e-04 1.026347e-04 4.802681e-05)
122           	(2.042703e+00 1.249208e+00 -4.699045e+02)	(2.042583e+00 1.249118e+00 -4.699045e+02)	(1.193427e-04 8.974016e-05 4.511937e-05)
123           	(2.049062e+00 1.250509e+00 -4.699049e+02)	(2.048929e+00 1.250432e+00 -4.699050e+02)	(1.329628e-04 7.679649e-05 4.275133e-05)
124           	(2.056080e+00 1.252140e+00 -4.699054e+02)	(2.055932e+00 1.252076e+00 -4.699054e+02)	(1.474477e-04 6.347608e-05 4.087790e-05)
125           	(2.064141e+00 1.254340e+00 -4.699058e+02)	(2.063979e+00 1.254291e+00 -4.699059e+02)	(1.628423e-04 4.925534e-05 3.945768e-05)
126           	(2.073256e+00 1.257157e+00 -4.699063e+02)	(2.073076e+00 1.257123e+00 -4.699064e+02)	(1.793758e-04 3.371675e-05 3.857044e-05)
127           	(2.083008e+00 1.260402e+00 -4.699068e+02)	(2.082811e+00 1.260385e+00 -4.699069e+02)	(1.968846e-04 1.664543e-05 3.831439e-05)
128           	(2.093113e+00 1.263946e+00 -4.699073e+02)	(2.092898e+00 1.263948e+00 -4.699073e+02)	(2.150087e-04 -2.385980e-06 3.868859e-05)
129           	(2.102215e+00 1.267129e+00 -4.699076e+02)	(2.101982e+00 1.267152e+00 -4.699076e+02)	(2.333815e-04 -2.364168e-05 3.967193e-05)
130           	(2.109596e+00 1.269591e+00 -4.699076e+02)	(2.109344e+00 1.269638e+00 -4.699077e+02)	(2.515575e-04 -4.714298e-05 4.102348e-05)
131           	(2.114702e+00 1.271063e+00 -4.699076e+02)	(2.114433e+00 1.271135e+00 -4.699076e+02)	(2.690161e-04 -7.258924e-05 4.247587e-05)
132           	(2.117065e+00 1.271646e+00 -4.699076e+02)	(2.116781e+00 1.271744e+00 -4.699077e+02)	(2.846288e-04 -9.880939e-05 4.386542e-05)
133           	(2.118349e+00 1.271300e+00 -4.699072e+02)	(2.118049e+00 1.271427e+00 -4.699072e+02)	(2.998646e-04 -1.268968e-04 4.494919e-05)
134           	(2.118018e+00 1.270398e+00 -4.699067e+02)	(2.117704e+00 1.270554e+00 -4.699068e+02)	(3.143738e-04 -1.558976e-04 4.546006e-05)
135           	(2.116589e+00 1.269167e+00 -4.699063e+02)	(2.116261e+00 1.269352e+00 -4.699063e+02)	(3.277213e-04 -1.845736e-04 4.521352e-05)
136           	(2.114060e+00 1.267521e+00 -4.699057e+02)	(2.113720e+00 1.267733e+00 -4.699057e+02)	(3.399772e-04 -2.122109e-04 4.414150e-05)
137           	(2.110579e+00 1.265575e+00 -4.699050e+02)	(2.110228e+00 1.265813e+00 -4.699051e+02)	(3.512135e-04 -2.380977e-04 4.235478e-05)
138           	(2.106412e+00 1.263464e+00 -4.699043e+02)	(2.106051e+00 1.263725e+00 -4.699044e+02)	(3.615078e-04 -2.617203e-04 4.004644e-05)
139           	(2.101825e+00 1.261288e+00 -4.699036e+02)	(2.101454e+00 1.261571e+00 -4.699037e+02)	(3.707751e-04 -2.826664e-04 3.732484e-05)
140           	(2.097042e+00 1.259125e+00 -4.699029e+02)	(2.096663e+00 1.259426e+00 -4.699029e+02)	(3.791681e-04 -3.007349e-04 3.429348e-05)
141           	(2.092154e+00 1.256977e+00 -4.699022e+02)	(2.091768e+00 1.257293e+00 -4.699022e+02)	(3.868547e-04 -3.161811e-04 3.102303e-05)
142           	(2.087207e+00 1.254834e+00 -4.699014e+02)	(2.086813e+00 1.255164e+00 -4.699015e+02)	(3.939282e-04 -3.296264e-04 2.765340e-05)
143           	(2.082298e+00 1.252710e+00 -4.699007e+02)	(2.081897e+00 1.253051e+00 -4.699008e+02)	(4.005592e-04 -3.418047e-04 2.419101e-05)
144           	(2.077564e+00 1.250642e+00 -4.699001e+02)	(2.077157e+00 1.250996e+00 -4.699001e+02)	(4.067227e-04 -3.530772e-04 2.056391e-05)
145           	(2.073194e+00 1.248711e+00 -4.698995e+02)	(2.072782e+00 1.249075e+00 -4.698995e+02)	(4.122947e-04 -3.636895e-04 1.683504e-05)
146           	(2.069357e+00 1.246993e+00 -4.698990e+02)	(2.068940e+00 1.247367e+00 -4.698990e+02)	(4.172216e-04 -3.738102e-04 1.321320e-05)
147           	(2.066129e+00 1.245532e+00 -4.698985e+02)	(2.065708e+00 1.245915e+00 -4.698985e+02)	(4.214962e-04 -3.834097e-04 9.823419e-06)
148           	(2.063472e+00 1.244298e+00 -4.698982e+02)	(2.063047e+00 1.244690e+00 -4.698982e+02)	(4.251110e-04 -3.925634e-04 6.709356e-06)
149           	(2.061305e+00 1.243226e+00 -4.698979e+02)	(2.060877e+00 1.243627e+00 -4.698979e+02)	(4.281078e-04 -4.012671e-04 3.888576e-06)
150           	(2.059582e+00 1.242255e+00 -4.698977e+02)	(2.059151e+00 1.242665e+00 -4.698978e+02)	(4.306535e-04 -4.097264e-04 1.305452e-06)
151           	(2.058145e+00 1.241216e+00 -4.698977e+02)	(2.057712e+00 1.241634e+00 -4.698977e+02)	(4.329306e-04 -4.182978e-04 -1.223694e-06)
152           	(2.057065e+00 1.240199e+00 -4.698979e+02)	(2.056630e+00 1.240626e+00 -4.698979e+02)	(4.348702e-04 -4.271389e-04 -4.028184e-06)
153           	(2.060807e+00 1.241812e+00 -4.699002e+02)	(2.060370e+00 1.242248e+00 -4.699002e+02)	(4.366657e-04 -4.359813e-04 -7.519428e-06)
154           	(2.047270e+00 1.234790e+00 -4.699078e+02)	(2.046837e+00 1.235233e+00 -4.699078e+02)	(4.331835e-04 -4.429271e-04 -1.192470e-05)
155           	(2.044445e+00 1.232285e+00 -4.699079e+02)	(2.044014e+00 1.232736e+00 -4.699079e+02)	(4.309290e-04 -4.510779e-04 -1.735001e-05)
156           	(2.041544e+00 1.229546e+00 -4.699080e+02)	(2.041114e+00 1.230007e+00 -4.699080e+02)	(4.298898e-04 -4.609129e-04 -2.352933e-05)
157           	(2.038854e+00 1.226752e+00 -4.699083e+02)	(2.038424e+00 1.227224e+00 -4.699083e+02)	(4.297686e-04 -4.717121e-04 -3.025972e-05)
158           	(2.036587e+00 1.224045e+00 -4.699087e+02)	(2.036157e+00 1.224529e+00 -4.699086e+02)	(4.305776e-04 -4.835027e-04 -3.723696e-05)
159           	(2.034851e+00 1.221517e+00 -4.699092e+02)	(2.034419e+00 1.222013e+00 -4.699091e+02)	(4.323541e-04 -4.962898e-04 -4.419705e-05)
160           	(2.033661e+00 1.219205e+00 -4.699098e+02)	(2.033226e+00 1.219716e+00 -4.699097e+02)	(4.352175e-04 -5.101437e-04 -5.092591e-05)
161           	(2.032917e+00 1.217098e+00 -4.699104e+02)	(2.032478e+00 1.217623e+00 -4.699104e+02)	(4.392197e-04 -5.249629e-04 -5.730740e-05)
162           	(2.032467e+00 1.215154e+00 -4.699111e+02)	(2.032023e+00 1.215695e+00 -4.699111e+02)	(4.445256e-04 -5.405474e-04 -6.317531e-05)
163           	(2.031994e+00 1.213194e+00 -4.699120e+02)	(2.031543e+00 1.213751e+00 -4.699119e+02)	(4.512736e-04 -5.569422e-04 -6.836950e-05)
164           	(2.031621e+00 1.211339e+00 -4.699129e+02)	(2.031162e+00 1.211913e+00 -4.699129e+02)	(4.592334e-04 -5.739187e-04 -7.280645e-05)
165           	(2.018040e+00 1.203671e+00 -4.699218e+02)	(2.017577e+00 1.204259e+00 -4.699218e+02)	(4.628743e-04 -5.880027e-04 -7.637758e-05)
166           	(2.017811e+00 1.201962e+00 -4.699223e+02)	(2.017342e+00 1.202565e+00 -4.699223e+02)	(4.692473e-04 -6.030792e-04 -7.890911e-05)
167           	(2.017440e+00 1.200289e+00 -4.699227e+02)	(2.016962e+00 1.200908e+00 -4.699226e+02)	(4.778557e-04 -6.195032e-04 -8.028742e-05)
168           	(2.016823e+00 1.198573e+00 -4.699229e+02)	(2.016335e+00 1.199209e+00 -4.699228e+02)	(4.879273e-04 -6.365249e-04 -8.035028e-05)
169           	(2.015809e+00 1.196730e+00 -4.699230e+02)	(2.015309e+00 1.197384e+00 -4.699230e+02)	(4.991675e-04 -6.542705e-04 -7.898619e-05)
170           	(2.014342e+00 1.194728e+00 -4.699231e+02)	(2.013831e+00 1.195401e+00 -4.699230e+02)	(5.114565e-04 -6.730163e-04 -7.633613e-05)
171           	(2.012377e+00 1.192530e+00 -4.699230e+02)	(2.011853e+00 1.193223e+00 -4.699230e+02)	(5.246523e-04 -6.927508e-04 -7.264957e-05)
172           	(2.009742e+00 1.190028e+00 -4.699229e+02)	(2.009203e+00 1.190742e+00 -4.699229e+02)	(5.385902e-04 -7.132579e-04 -6.818127e-05)
173           	(2.006475e+00 1.187252e+00 -4.699228e+02)	(2.005922e+00 1.187986e+00 -4.699227e+02)	(5.530284e-04 -7.341002e-04 -6.313328e-05)
174           	(2.002674e+00 1.184260e+00 -4.699226e+02)	(2.002106e+00 1.185015e+00 -4.699226e+02)	(5.677200e-04 -7.548794e-04 -5.776492e-05)
175           	(1.998462e+00 1.181115e+00 -4.699225e+02)	(1.997880e+00 1.181890e+00 -4.699225e+02)	(5.824158e-04 -7.753474e-04 -5.239552e-05)
176           	(1.993376e+00 1.177519e+00 -4.699225e+02)	(1.992779e+00 1.178315e+00 -4.699224e+02)	(5.969146e-04 -7.955089e-04 -4.738087e-05)
177           	(1.987880e+00 1.173769e+00 -4.699225e+02)	(1.987269e+00 1.174584e+00 -4.699225e+02)	(6.109514e-04 -8.152810e-04 -4.306377e-05)
178           	(1.965042e+00 1.162052e+00 -4.699289e+02)	(1.964424e+00 1.162883e+00 -4.699289e+02)	(6.179592e-04 -8.306322e-04 -3.966411e-05)
179           	(1.959612e+00 1.158214e+00 -4.699291e+02)	(1.958985e+00 1.159060e+00 -4.699291e+02)	(6.269420e-04 -8.468911e-04 -3.729992e-05)
180           	(1.954154e+00 1.154360e+00 -4.699294e+02)	(1.953517e+00 1.155225e+00 -4.699293e+02)	(6.372809e-04 -8.647287e-04 -3.617686e-05)
181           	(1.948664e+00 1.150532e+00 -4.699297e+02)	(1.948016e+00 1.151415e+00 -4.699297e+02)	(6.478465e-04 -8.829107e-04 -3.626162e-05)
182           	(1.942889e+00 1.146584e+00 -4.699302e+02)	(1.942231e+00 1.147485e+00 -4.699301e+02)	(6.580953e-04 -9.014079e-04 -3.755634e-05)
183           	(1.931188e+00 1.140508e+00 -4.699375e+02)	(1.930524e+00 1.141425e+00 -4.699375e+02)	(6.637918e-04 -9.169968e-04 -4.009324e-05)
184           	(1.924739e+00 1.136231e+00 -4.699378e+02)	(1.924069e+00 1.137165e+00 -4.699377e+02)	(6.696183e-04 -9.332564e-04 -4.371787e-05)
185           	(1.918045e+00 1.131840e+00 -4.699380e+02)	(1.917369e+00 1.132791e+00 -4.699379e+02)	(6.756469e-04 -9.506538e-04 -4.844676e-05)
186           	(1.911166e+00 1.127369e+00 -4.699382e+02)	(1.910485e+00 1.128337e+00 -4.699381e+02)	(6.811437e-04 -9.680982e-04 -5.418130e-05)
187           	(1.904143e+00 1.122837e+00 -4.699384e+02)	(1.903458e+00 1.123823e+00 -4.699384e+02)	(6.858812e-04 -9.853263e-04 -6.081411e-05)
188           	(1.896875e+00 1.118166e+00 -4.699387e+02)	(1.896185e+00 1.119168e+00 -4.699386e+02)	(6.897906e-04 -1.002163e-03 -6.826173e-05)
189           	(1.893497e+00 1.115643e+00 -4.699389e+02)	(1.892803e+00 1.116661e+00 -4.699388e+02)	(6.932204e-04 -1.018206e-03 -7.643197e-05)
190           	(1.883628e+00 1.109414e+00 -4.699393e+02)	(1.882933e+00 1.110449e+00 -4.699392e+02)	(6.955704e-04 -1.034087e-03 -8.523529e-05)
191           	(1.880406e+00 1.106762e+00 -4.699396e+02)	(1.879708e+00 1.107812e+00 -4.699395e+02)	(6.982080e-04 -1.049480e-03 -9.471237e-05)
192           	(1.858817e+00 1.094947e+00 -4.699427e+02)	(1.858122e+00 1.096009e+00 -4.699426e+02)	(6.954234e-04 -1.061976e-03 -1.047918e-04)
193           	(1.856022e+00 1.092082e+00 -4.699432e+02)	(1.855326e+00 1.093158e+00 -4.699431e+02)	(6.956730e-04 -1.075510e-03 -1.154181e-04)
194           	(1.853098e+00 1.088974e+00 -4.699437e+02)	(1.852400e+00 1.090065e+00 -4.699436e+02)	(6.980908e-04 -1.090653e-03 -1.267512e-04)
195           	(1.849299e+00 1.085187e+00 -4.699443e+02)	(1.848597e+00 1.086294e+00 -4.699442e+02)	(7.022456e-04 -1.107027e-03 -1.387275e-04)
196           	(1.843373e+00 1.079985e+00 -4.699450e+02)	(1.842665e+00 1.081110e+00 -4.699449e+02)	(7.080373e-04 -1.125178e-03 -1.513066e-04)
197           	(1.838477e+00 1.075372e+00 -4.699458e+02)	(1.837762e+00 1.076517e+00 -4.699456e+02)	(7.151412e-04 -1.144636e-03 -1.644574e-04)
198           	(1.834907e+00 1.071550e+00 -4.699466e+02)	(1.834184e+00 1.072715e+00 -4.699465e+02)	(7.230629e-04 -1.165005e-03 -1.781350e-04)
199           	(1.832198e+00 1.068223e+00 -4.699477e+02)	(1.831467e+00 1.069409e+00 -4.699475e+02)	(7.316047e-04 -1.186378e-03 -1.922944e-04)
200           	(1.830696e+00 1.065596e+00 -4.699490e+02)	(1.829955e+00 1.066805e+00 -4.699488e+02)	(7.407310e-04 -1.208861e-03 -2.068942e-04)
201           	(1.832771e+00 1.065270e+00 -4.699500e+02)	(1.832021e+00 1.066502e+00 -4.699498e+02)	(7.500845e-04 -1.231616e-03 -2.218636e-04)
202           	(1.819620e+00 1.058189e+00 -4.699622e+02)	(1.818867e+00 1.059439e+00 -4.699620e+02)	(7.528738e-04 -1.250570e-03 -2.374196e-04)
203           	(1.820471e+00 1.056938e+00 -4.699637e+02)	(1.819711e+00 1.058211e+00 -4.699635e+02)	(7.596661e-04 -1.272518e-03 -2.528783e-04)
204           	(1.821694e+00 1.056150e+00 -4.699651e+02)	(1.820924e+00 1.057447e+00 -4.699649e+02)	(7.698716e-04 -1.297595e-03 -2.689632e-04)
205           	(1.822223e+00 1.055603e+00 -4.699660e+02)	(1.821442e+00 1.056926e+00 -4.699657e+02)	(7.810626e-04 -1.322827e-03 -2.854063e-04)
206           	(1.822536e+00 1.055210e+00 -4.699668e+02)	(1.821743e+00 1.056558e+00 -4.699665e+02)	(7.930605e-04 -1.347954e-03 -3.022691e-04)
207           	(1.822559e+00 1.054946e+00 -4.699676e+02)	(1.821753e+00 1.056319e+00 -4.699673e+02)	(8.061277e-04 -1.372861e-03 -3.195339e-04)
208           	(1.821765e+00 1.054441e+00 -4.699686e+02)	(1.820944e+00 1.055839e+00 -4.699683e+02)	(8.203320e-04 -1.397501e-03 -3.372095e-04)
209           	(1.820780e+00 1.054119e+00 -4.699695e+02)	(1.819944e+00 1.055541e+00 -4.699692e+02)	(8.353012e-04 -1.421769e-03 -3.551130e-04)
210           	(1.820578e+00 1.054548e+00 -4.699702e+02)	(1.819728e+00 1.055993e+00 -4.699698e+02)	(8.505164e-04 -1.445162e-03 -3.730486e-04)
211           	(1.818932e+00 1.054399e+00 -4.699710e+02)	(1.818067e+00 1.055866e+00 -4.699706e+02)	(8.655070e-04 -1.467422e-03 -3.908462e-04)
212           	(1.818513e+00 1.055153e+00 -4.699715e+02)	(1.817633e+00 1.056642e+00 -4.699711e+02)	(8.802075e-04 -1.488682e-03 -4.083643e-04)
213           	(1.815787e+00 1.054875e+00 -4.699722e+02)	(1.814894e+00 1.056384e+00 -4.699718e+02)	(8.935234e-04 -1.508597e-03 -4.256694e-04)
214           	(1.795820e+00 1.046535e+00 -4.699797e+02)	(1.794920e+00 1.048060e+00 -4.699792e+02)	(8.995836e-04 -1.524317e-03 -4.428532e-04)
215           	(1.792954e+00 1.046203e+00 -4.699802e+02)	(1.792048e+00 1.047744e+00 -4.699798e+02)	(9.064741e-04 -1.540349e-03 -4.598064e-04)
216           	(1.789773e+00 1.045762e+00 -4.699807e+02)	(1.788859e+00 1.047319e+00 -4.699802e+02)	(9.136061e-04 -1.557515e-03 -4.769867e-04)
217           	(1.786315e+00 1.045244e+00 -4.699812e+02)	(1.785395e+00 1.046819e+00 -4.699807e+02)	(9.200235e-04 -1.574881e-03 -4.943469e-04)
218           	(1.782709e+00 1.044699e+00 -4.699816e+02)	(1.781784e+00 1.046292e+00 -4.699811e+02)	(9.252379e-04 -1.592326e-03 -5.119297e-04)
219           	(1.779148e+00 1.044197e+00 -4.699820e+02)	(1.778219e+00 1.045807e+00 -4.699814e+02)	(9.289512e-04 -1.609645e-03 -5.297811e-04)
220           	(1.775319e+00 1.043530e+00 -4.699823e+02)	(1.774388e+00 1.045156e+00 -4.699818e+02)	(9.309581e-04 -1.626614e-03 -5.479217e-04)
221           	(1.774076e+00 1.044074e+00 -4.699827e+02)	(1.773144e+00 1.045717e+00 -4.699822e+02)	(9.320161e-04 -1.643553e-03 -5.663449e-04)
222           	(1.773104e+00 1.044681e+00 -4.699832e+02)	(1.772172e+00 1.046341e+00 -4.699826e+02)	(9.318655e-04 -1.660027e-03 -5.850724e-04)
223           	(1.772397e+00 1.045335e+00 -4.699836e+02)	(1.771467e+00 1.047010e+00 -4.699830e+02)	(9.303945e-04 -1.675599e-03 -6.041339e-04)
224           	(1.771885e+00 1.045988e+00 -4.699842e+02)	(1.770957e+00 1.047678e+00 -4.699835e+02)	(9.275217e-04 -1.689860e-03 -6.235167e-04)
225           	(1.771615e+00 1.046653e+00 -4.699847e+02)	(1.770692e+00 1.048355e+00 -4.699841e+02)	(9.232468e-04 -1.702492e-03 -6.432411e-04)
226           	(1.771586e+00 1.047317e+00 -4.699854e+02)	(1.770669e+00 1.049030e+00 -4.699847e+02)	(9.176321e-04 -1.713258e-03 -6.632913e-04)
227           	(1.771784e+00 1.047955e+00 -4.699861e+02)	(1.770873e+00 1.049677e+00 -4.699854e+02)	(9.107726e-04 -1.722128e-03 -6.837349e-04)
228           	(1.772192e+00 1.048535e+00 -4.699868e+02)	(1.771289e+00 1.050264e+00 -4.699861e+02)	(9.029051e-04 -1.729290e-03 -7.045924e-04)
229           	(1.772813e+00 1.049029e+00 -4.699876e+02)	(1.771918e+00 1.050764e+00 -4.699869e+02)	(8.943906e-04 -1.735174e-03 -7.258911e-04)
230           	(1.773710e+00 1.049418e+00 -4.699884e+02)	(1.772824e+00 1.051159e+00 -4.699877e+02)	(8.858890e-04 -1.740470e-03 -7.476082e-04)
231           	(1.774932e+00 1.049762e+00 -4.699893e+02)	(1.774054e+00 1.051508e+00 -4.699885e+02)	(8.779608e-04 -1.745753e-03 -7.697083e-04)
232           	(1.776459e+00 1.050075e+00 -4.699901e+02)	(1.775588e+00 1.051827e+00 -4.699893e+02)	(8.710257e-04 -1.751407e-03 -7.921350e-04)
233           	(1.778286e+00 1.050399e+00 -4.699910e+02)	(1.777421e+00 1.052156e+00 -4.699902e+02)	(8.653424e-04 -1.757698e-03 -8.148096e-04)
234           	(1.780493e+00 1.050938e+00 -4.699919e+02)	(1.779632e+00 1.052703e+00 -4.699910e+02)	(8.606393e-04 -1.764347e-03 -8.376825e-04)
235           	(1.782790e+00 1.051496e+00 -4.699927e+02)	(1.781933e+00 1.053267e+00 -4.699919e+02)	(8.569554e-04 -1.771350e-03 -8.606569e-04)
236           	(1.785094e+00 1.052088e+00 -4.699935e+02)	(1.784240e+00 1.053867e+00 -4.699926e+02)	(8.543760e-04 -1.778641e-03 -8.836598e-04)
237           	(1.787371e+00 1.052752e+00 -4.699942e+02)	(1.786518e+00 1.054538e+00 -4.699933e+02)	(8.528441e-04 -1.786024e-03 -9.066328e-04)
238           	(1.789619e+00 1.053528e+00 -4.699948e+02)	(1.788767e+00 1.055321e+00 -4.699939e+02)	(8.522796e-04 -1.793271e-03 -9.294771e-04)
239           	(1.791866e+00 1.054460e+00 -4.699953e+02)	(1.791013e+00 1.056261e+00 -4.699944e+02)	(8.526416e-04 -1.800227e-03 -9.520321e-04)
240           	(1.794449e+00 1.055811e+00 -4.699956e+02)	(1.793595e+00 1.057617e+00 -4.699947e+02)	(8.537027e-04 -1.806635e-03 -9.740970e-04)
241           	(1.815440e+00 1.066373e+00 -4.699877e+02)	(1.814580e+00 1.068188e+00 -4.699867e+02)	(8.607304e-04 -1.815350e-03 -9.954931e-04)
242           	(1.817789e+00 1.067959e+00 -4.699879e+02)	(1.816922e+00 1.069783e+00 -4.699869e+02)	(8.666248e-04 -1.823886e-03 -1.015890e-03)
243           	(1.820160e+00 1.069703e+00 -4.699881e+02)	(1.819288e+00 1.071535e+00 -4.699871e+02)	(8.716780e-04 -1.831648e-03 -1.034927e-03)
244           	(1.823202e+00 1.072024e+00 -4.699882e+02)	(1.822326e+00 1.073863e+00 -4.699872e+02)	(8.761745e-04 -1.839296e-03 -1.052517e-03)
245           	(1.825982e+00 1.074222e+00 -4.699883e+02)	(1.825102e+00 1.076070e+00 -4.699872e+02)	(8.804897e-04 -1.847424e-03 -1.068536e-03)
246           	(1.828322e+00 1.076165e+00 -4.699883e+02)	(1.827437e+00 1.078022e+00 -4.699872e+02)	(8.848912e-04 -1.856502e-03 -1.082971e-03)
247           	(1.829251e+00 1.077188e+00 -4.699883e+02)	(1.828361e+00 1.079055e+00 -4.699872e+02)	(8.896796e-04 -1.867098e-03 -1.095830e-03)
248           	(1.830733e+00 1.078652e+00 -4.699882e+02)	(1.829839e+00 1.080530e+00 -4.699871e+02)	(8.943119e-04 -1.878399e-03 -1.107183e-03)
249           	(1.831606e+00 1.079796e+00 -4.699881e+02)	(1.830708e+00 1.081686e+00 -4.699870e+02)	(8.983694e-04 -1.890004e-03 -1.117111e-03)
250           	(1.827011e+00 1.078115e+00 -4.699867e+02)	(1.826110e+00 1.080017e+00 -4.699856e+02)	(9.005642e-04 -1.901272e-03 -1.125611e-03)
251           	(1.820650e+00 1.075435e+00 -4.699851e+02)	(1.819749e+00 1.077347e+00 -4.699840e+02)	(9.010212e-04 -1.911938e-03 -1.132821e-03)
252           	(1.812931e+00 1.071886e+00 -4.699830e+02)	(1.812031e+00 1.073808e+00 -4.699819e+02)	(9.001132e-04 -1.922182e-03 -1.138972e-03)
253           	(1.804477e+00 1.067704e+00 -4.699800e+02)	(1.803578e+00 1.069637e+00 -4.699788e+02)	(8.985632e-04 -1.932421e-03 -1.144332e-03)
254           	(1.814055e+00 1.072104e+00 -4.699700e+02)	(1.813152e+00 1.074050e+00 -4.699688e+02)	(9.028642e-04 -1.946135e-03 -1.149212e-03)
255           	(1.808808e+00 1.069385e+00 -4.699676e+02)	(1.807902e+00 1.071344e+00 -4.699664e+02)	(9.056355e-04 -1.959655e-03 -1.154444e-03)
256           	(1.805948e+00 1.067770e+00 -4.699651e+02)	(1.805041e+00 1.069742e+00 -4.699640e+02)	(9.076825e-04 -1.972275e-03 -1.159871e-03)
257           	(1.806787e+00 1.068105e+00 -4.699654e+02)	(1.805877e+00 1.070090e+00 -4.699642e+02)	(9.098779e-04 -1.984877e-03 -1.165942e-03)
258           	(1.807899e+00 1.068561e+00 -4.699656e+02)	(1.806987e+00 1.070558e+00 -4.699645e+02)	(9.118824e-04 -1.997419e-03 -1.172756e-03)
259           	(1.809211e+00 1.069156e+00 -4.699659e+02)	(1.808298e+00 1.071166e+00 -4.699648e+02)	(9.134636e-04 -2.009624e-03 -1.180402e-03)
260           	(1.810583e+00 1.069830e+00 -4.699662e+02)	(1.809668e+00 1.071851e+00 -4.699651e+02)	(9.144363e-04 -2.021251e-03 -1.188982e-03)
261           	(1.811732e+00 1.070389e+00 -4.699666e+02)	(1.810817e+00 1.072421e+00 -4.699654e+02)	(9.148822e-04 -2.032323e-03 -1.198538e-03)
262           	(1.812738e+00 1.070912e+00 -4.699669e+02)	(1.811823e+00 1.072955e+00 -4.699657e+02)	(9.148288e-04 -2.042707e-03 -1.209090e-03)
263           	(1.813387e+00 1.071222e+00 -4.699673e+02)	(1.812473e+00 1.073274e+00 -4.699661e+02)	(9.145276e-04 -2.052551e-03 -1.220596e-03)
264           	(1.813921e+00 1.071488e+00 -4.699677e+02)	(1.813007e+00 1.073550e+00 -4.699664e+02)	(9.141659e-04 -2.061868e-03 -1.233004e-03)
265           	(1.814408e+00 1.071739e+00 -4.699681e+02)	(1.813494e+00 1.073810e+00 -4.699668e+02)	(9.139607e-04 -2.070726e-03 -1.246207e-03)
266           	(1.814937e+00 1.072018e+00 -4.699685e+02)	(1.814023e+00 1.074097e+00 -4.699673e+02)	(9.141591e-04 -2.079275e-03 -1.260069e-03)
267           	(1.815579e+00 1.072366e+00 -4.699690e+02)	(1.814664e+00 1.074454e+00 -4.699677e+02)	(9.149825e-04 -2.087696e-03 -1.274396e-03)
268           	(1.816587e+00 1.072966e+00 -4.699695e+02)	(1.815670e+00 1.075062e+00 -4.699682e+02)	(9.164934e-04 -2.096004e-03 -1.288990e-03)
269           	(1.817776e+00 1.073699e+00 -4.699700e+02)	(1.816857e+00 1.075804e+00 -4.699687e+02)	(9.187601e-04 -2.104297e-03 -1.303684e-03)
270           	(1.819156e+00 1.074599e+00 -4.699705e+02)	(1.818234e+00 1.076711e+00 -4.699692e+02)	(9.217684e-04 -2.112610e-03 -1.318335e-03)
271           	(1.820468e+00 1.075512e+00 -4.699710e+02)	(1.819542e+00 1.077633e+00 -4.699697e+02)	(9.254816e-04 -2.121067e-03 -1.332671e-03)
272           	(1.821557e+00 1.076353e+00 -4.699714e+02)	(1.820627e+00 1.078483e+00 -4.699701e+02)	(9.298013e-04 -2.129784e-03 -1.346412e-03)
273           	(1.822533e+00 1.077237e+00 -4.699718e+02)	(1.821599e+00 1.079376e+00 -4.699704e+02)	(9.345715e-04 -2.138667e-03 -1.359363e-03)
274           	(1.823312e+00 1.078139e+00 -4.699721e+02)	(1.822372e+00 1.080287e+00 -4.699707e+02)	(9.396459e-04 -2.147594e-03 -1.371350e-03)
275           	(1.823666e+00 1.078871e+00 -4.699722e+02)	(1.822721e+00 1.081027e+00 -4.699708e+02)	(9.449214e-04 -2.156614e-03 -1.382171e-03)
276           	(1.823569e+00 1.079376e+00 -4.699722e+02)	(1.822618e+00 1.081542e+00 -4.699708e+02)	(9.503623e-04 -2.165823e-03 -1.391671e-03)
277           	(1.823251e+00 1.079854e+00 -4.699721e+02)	(1.822296e+00 1.082030e+00 -4.699707e+02)	(9.558445e-04 -2.175049e-03 -1.399674e-03)
278           	(1.822713e+00 1.080314e+00 -4.699720e+02)	(1.821752e+00 1.082499e+00 -4.699706e+02)	(9.612314e-04 -2.184089e-03 -1.406086e-03)
279           	(1.821964e+00 1.080725e+00 -4.699717e+02)	(1.820998e+00 1.082918e+00 -4.699703e+02)	(9.664198e-04 -2.192804e-03 -1.410866e-03)
280           	(1.821033e+00 1.081061e+00 -4.699715e+02)	(1.820062e+00 1.083262e+00 -4.699700e+02)	(9.712716e-04 -2.201062e-03 -1.414065e-03)
281           	(1.819776e+00 1.081296e+00 -4.699711e+02)	(1.818800e+00 1.083505e+00 -4.699697e+02)	(9.754487e-04 -2.208515e-03 -1.415753e-03)
282           	(1.818187e+00 1.081355e+00 -4.699708e+02)	(1.817208e+00 1.083571e+00 -4.699694e+02)	(9.788801e-04 -2.215091e-03 -1.416033e-03)
283           	(1.816293e+00 1.081227e+00 -4.699704e+02)	(1.815312e+00 1.083448e+00 -4.699689e+02)	(9.815982e-04 -2.220826e-03 -1.415051e-03)
284           	(1.814196e+00 1.080933e+00 -4.699699e+02)	(1.813212e+00 1.083158e+00 -4.699685e+02)	(9.836804e-04 -2.225759e-03 -1.413019e-03)
285           	(1.812064e+00 1.080523e+00 -4.699694e+02)	(1.811079e+00 1.082753e+00 -4.699680e+02)	(9.853456e-04 -2.230036e-03 -1.410164e-03)
286           	(1.810150e+00 1.080105e+00 -4.699690e+02)	(1.809163e+00 1.082339e+00 -4.699676e+02)	(9.868619e-04 -2.233827e-03 -1.406741e-03)
287           	(1.808743e+00 1.079807e+00 -4.699685e+02)	(1.807754e+00 1.082044e+00 -4.699671e+02)	(9.885750e-04 -2.237329e-03 -1.402979e-03)
288           	(1.807823e+00 1.079691e+00 -4.699681e+02)	(1.806832e+00 1.081931e+00 -4.699667e+02)	(9.905357e-04 -2.240480e-03 -1.399088e-03)
289           	(1.807452e+00 1.079815e+00 -4.699677e+02)	(1.806459e+00 1.082058e+00 -4.699663e+02)	(9.927246e-04 -2.243123e-03 -1.395183e-03)
290           	(1.807593e+00 1.080164e+00 -4.699673e+02)	(1.806598e+00 1.082409e+00 -4.699659e+02)	(9.950935e-04 -2.245174e-03 -1.391337e-03)
291           	(1.808461e+00 1.080919e+00 -4.699670e+02)	(1.807464e+00 1.083166e+00 -4.699656e+02)	(9.974894e-04 -2.246395e-03 -1.387553e-03)
292           	(1.809990e+00 1.082041e+00 -4.699666e+02)	(1.808990e+00 1.084288e+00 -4.699652e+02)	(9.997414e-04 -2.246593e-03 -1.383813e-03)
293           	(1.812253e+00 1.083591e+00 -4.699662e+02)	(1.811251e+00 1.085837e+00 -4.699648e+02)	(1.001700e-03 -2.245610e-03 -1.380037e-03)
294           	(1.818221e+00 1.087371e+00 -4.699659e+02)	(1.817218e+00 1.089614e+00 -4.699645e+02)	(1.002984e-03 -2.242546e-03 -1.376178e-03)
295           	(1.826864e+00 1.092625e+00 -4.699657e+02)	(1.825860e+00 1.094862e+00 -4.699643e+02)	(1.003578e-03 -2.237450e-03 -1.372108e-03)
296           	(1.835389e+00 1.097806e+00 -4.699653e+02)	(1.834386e+00 1.100037e+00 -4.699640e+02)	(1.003510e-03 -2.230933e-03 -1.367725e-03)
297           	(1.842614e+00 1.102275e+00 -4.699649e+02)	(1.841611e+00 1.104499e+00 -4.699635e+02)	(1.002698e-03 -2.223343e-03 -1.362916e-03)
298           	(1.843892e+00 1.103372e+00 -4.699642e+02)	(1.842891e+00 1.105588e+00 -4.699628e+02)	(1.001061e-03 -2.215693e-03 -1.357567e-03)
299           	(1.846175e+00 1.105118e+00 -4.699635e+02)	(1.845176e+00 1.107326e+00 -4.699621e+02)	(9.988808e-04 -2.207538e-03 -1.351626e-03)
300           	(1.848606e+00 1.106994e+00 -4.699627e+02)	(1.847610e+00 1.109192e+00 -4.699613e+02)	(9.961030e-04 -2.198695e-03 -1.345048e-03)
301           	(1.851871e+00 1.109474e+00 -4.699618e+02)	(1.850878e+00 1.111662e+00 -4.699604e+02)	(9.925505e-04 -2.188759e-03 -1.337804e-03)
302           	(1.864595e+00 1.116442e+00 -4.699534e+02)	(1.863603e+00 1.118622e+00 -4.699521e+02)	(9.916643e-04 -2.179938e-03 -1.329699e-03)
303           	(1.872163e+00 1.120982e+00 -4.699465e+02)	(1.871173e+00 1.123153e+00 -4.699452e+02)	(9.909551e-04 -2.171335e-03 -1.320977e-03)
304           	(1.868544e+00 1.120017e+00 -4.699444e+02)	(1.867557e+00 1.122178e+00 -4.699431e+02)	(9.870950e-04 -2.161136e-03 -1.311712e-03)
305           	(1.869113e+00 1.121089e+00 -4.699436e+02)	(1.868130e+00 1.123240e+00 -4.699423e+02)	(9.825229e-04 -2.150545e-03 -1.301887e-03)
306           	(1.868810e+00 1.121643e+00 -4.699427e+02)	(1.867832e+00 1.123783e+00 -4.699415e+02)	(9.776432e-04 -2.140164e-03 -1.291571e-03)
307           	(1.868181e+00 1.121705e+00 -4.699420e+02)	(1.867208e+00 1.123836e+00 -4.699407e+02)	(9.735720e-04 -2.130952e-03 -1.280656e-03)
308           	(1.865526e+00 1.121088e+00 -4.699406e+02)	(1.864558e+00 1.123209e+00 -4.699393e+02)	(9.686807e-04 -2.121273e-03 -1.269186e-03)
309           	(1.864395e+00 1.120869e+00 -4.699398e+02)	(1.863430e+00 1.122981e+00 -4.699385e+02)	(9.647370e-04 -2.112557e-03 -1.257173e-03)
310           	(1.863385e+00 1.120738e+00 -4.699390e+02)	(1.862423e+00 1.122843e+00 -4.699378e+02)	(9.617451e-04 -2.104815e-03 -1.244751e-03)
311           	(1.862640e+00 1.120788e+00 -4.699383e+02)	(1.861680e+00 1.122886e+00 -4.699371e+02)	(9.592503e-04 -2.097480e-03 -1.232017e-03)
312           	(1.862230e+00 1.121066e+00 -4.699377e+02)	(1.861273e+00 1.123157e+00 -4.699365e+02)	(9.569515e-04 -2.090287e-03 -1.219090e-03)
313           	(1.862170e+00 1.121583e+00 -4.699371e+02)	(1.861215e+00 1.123666e+00 -4.699359e+02)	(9.545221e-04 -2.082971e-03 -1.206134e-03)
314           	(1.862376e+00 1.122313e+00 -4.699367e+02)	(1.861424e+00 1.124388e+00 -4.699355e+02)	(9.516085e-04 -2.075236e-03 -1.193288e-03)
315           	(1.862827e+00 1.123224e+00 -4.699363e+02)	(1.861879e+00 1.125291e+00 -4.699352e+02)	(9.479360e-04 -2.066855e-03 -1.180703e-03)
316           	(1.863401e+00 1.124228e+00 -4.699361e+02)	(1.862458e+00 1.126286e+00 -4.699349e+02)	(9.433486e-04 -2.057703e-03 -1.168473e-03)
317           	(1.868894e+00 1.127673e+00 -4.699307e+02)	(1.867955e+00 1.129721e+00 -4.699295e+02)	(9.392543e-04 -2.048408e-03 -1.156714e-03)
318           	(1.869558e+00 1.128882e+00 -4.699305e+02)	(1.868625e+00 1.130920e+00 -4.699294e+02)	(9.332870e-04 -2.037727e-03 -1.145512e-03)
319           	(1.869909e+00 1.129624e+00 -4.699305e+02)	(1.868983e+00 1.131651e+00 -4.699294e+02)	(9.264499e-04 -2.026499e-03 -1.134807e-03)
320           	(1.870042e+00 1.130133e+00 -4.699305e+02)	(1.869123e+00 1.132148e+00 -4.699294e+02)	(9.192621e-04 -2.015303e-03 -1.124626e-03)
321           	(1.870033e+00 1.130462e+00 -4.699306e+02)	(1.869122e+00 1.132466e+00 -4.699295e+02)	(9.117962e-04 -2.004094e-03 -1.114997e-03)
322           	(1.869916e+00 1.130623e+00 -4.699308e+02)	(1.869012e+00 1.132616e+00 -4.699297e+02)	(9.042198e-04 -1.993021e-03 -1.105932e-03)
323           	(1.869717e+00 1.130632e+00 -4.699310e+02)	(1.868821e+00 1.132614e+00 -4.699299e+02)	(8.966424e-04 -1.982189e-03 -1.097450e-03)
324           	(1.869455e+00 1.130507e+00 -4.699312e+02)	(1.868566e+00 1.132478e+00 -4.699301e+02)	(8.891239e-04 -1.971689e-03 -1.089588e-03)
325           	(1.869140e+00 1.130256e+00 -4.699315e+02)	(1.868259e+00 1.132218e+00 -4.699304e+02)	(8.817395e-04 -1.961640e-03 -1.082398e-03)
326           	(1.868724e+00 1.129872e+00 -4.699319e+02)	(1.867850e+00 1.131824e+00 -4.699308e+02)	(8.745058e-04 -1.952108e-03 -1.075955e-03)
327           	(1.868259e+00 1.129386e+00 -4.699323e+02)	(1.867391e+00 1.131329e+00 -4.699312e+02)	(8.675051e-04 -1.943188e-03 -1.070350e-03)
328           	(1.867773e+00 1.128823e+00 -4.699327e+02)	(1.866912e+00 1.130758e+00 -4.699316e+02)	(8.608490e-04 -1.934999e-03 -1.065674e-03)
329           	(1.867259e+00 1.128198e+00 -4.699331e+02)	(1.866404e+00 1.130125e+00 -4.699321e+02)	(8.546259e-04 -1.927606e-03 -1.062016e-03)
330           	(1.866721e+00 1.127527e+00 -4.699336e+02)	(1.865872e+00 1.129448e+00 -4.699325e+02)	(8.489143e-04 -1.921068e-03 -1.059422e-03)
331           	(1.866202e+00 1.126841e+00 -4.699340e+02)	(1.865358e+00 1.128756e+00 -4.699330e+02)	(8.438194e-04 -1.915465e-03 -1.057901e-03)
332           	(1.865700e+00 1.126159e+00 -4.699345e+02)	(1.864860e+00 1.128070e+00 -4.699334e+02)	(8.393722e-04 -1.910833e-03 -1.057423e-03)
333           	(1.865242e+00 1.125507e+00 -4.699349e+02)	(1.864407e+00 1.127414e+00 -4.699338e+02)	(8.355834e-04 -1.907197e-03 -1.057920e-03)
334           	(1.864854e+00 1.124901e+00 -4.699353e+02)	(1.864021e+00 1.126806e+00 -4.699342e+02)	(8.324517e-04 -1.904579e-03 -1.059283e-03)
335           	(1.864551e+00 1.124357e+00 -4.699356e+02)	(1.863721e+00 1.126260e+00 -4.699346e+02)	(8.299474e-04 -1.902987e-03 -1.061410e-03)
336           	(1.864342e+00 1.123883e+00 -4.699360e+02)	(1.863514e+00 1.125785e+00 -4.699349e+02)	(8.280233e-04 -1.902379e-03 -1.064182e-03)
337           	(1.864229e+00 1.123485e+00 -4.699363e+02)	(1.863402e+00 1.125387e+00 -4.699353e+02)	(8.266074e-04 -1.902700e-03 -1.067492e-03)
338           	(1.864219e+00 1.123175e+00 -4.699367e+02)	(1.863393e+00 1.125079e+00 -4.699356e+02)	(8.256086e-04 -1.903831e-03 -1.071240e-03)
339           	(1.864268e+00 1.122933e+00 -4.699370e+02)	(1.863443e+00 1.124839e+00 -4.699359e+02)	(8.249322e-04 -1.905651e-03 -1.075358e-03)
340           	(1.864352e+00 1.122741e+00 -4.699373e+02)	(1.863527e+00 1.124649e+00 -4.699362e+02)	(8.245092e-04 -1.908019e-03 -1.079763e-03)
341           	(1.864465e+00 1.122602e+00 -4.699376e+02)	(1.863641e+00 1.124512e+00 -4.699365e+02)	(8.242665e-04 -1.910786e-03 -1.084411e-03)
342           	(1.864584e+00 1.122499e+00 -4.699379e+02)	(1.863760e+00 1.124413e+00 -4.699368e+02)	(8.241532e-04 -1.913824e-03 -1.089261e-03)
343           	(1.864684e+00 1.122416e+00 -4.699382e+02)	(1.863860e+00 1.124333e+00 -4.699371e+02)	(8.241200e-04 -1.916984e-03 -1.094288e-03)
344           	(1.864785e+00 1.122385e+00 -4.699384e+02)	(1.863961e+00 1.124305e+00 -4.699373e+02)	(8.240737e-04 -1.920054e-03 -1.099487e-03)
345           	(1.864827e+00 1.122331e+00 -4.699387e+02)	(1.864003e+00 1.124254e+00 -4.699376e+02)	(8.240391e-04 -1.922994e-03 -1.104857e-03)
