# Moment      
# CofR        : (0.000000e+00 0.000000e+00 0.000000e+00)
#
# Time        	(total_x total_y total_z)	(pressure_x pressure_y pressure_z)	(viscous_x viscous_y viscous_z)
1             	(2.662166e-04 7.579092e-01 5.786883e-04)	(2.661214e-04 7.562770e-01 5.789842e-04)	(9.520464e-08 1.632227e-03 -2.958853e-07)
2             	(-3.614126e-04 6.247059e-01 2.959640e-04)	(-3.620265e-04 6.248733e-01 3.100564e-04)	(6.139007e-07 -1.674112e-04 -1.409232e-05)
3             	(-9.504377e-04 3.068593e-01 -1.155300e-03)	(-9.507044e-04 3.078969e-01 -1.152434e-03)	(2.667428e-07 -1.037601e-03 -2.866221e-06)
4             	(-1.809509e-03 -1.605879e-01 -4.696103e-03)	(-1.812354e-03 -1.592365e-01 -4.685805e-03)	(2.844376e-06 -1.351421e-03 -1.029794e-05)
5             	(2.519115e-03 -4.815971e-01 -7.392492e-03)	(2.527854e-03 -4.807480e-01 -7.372891e-03)	(-8.738850e-06 -8.490869e-04 -1.960149e-05)
6             	(3.473426e-03 -5.439941e-01 -8.018292e-03)	(3.468039e-03 -5.438639e-01 -7.985250e-03)	(5.386822e-06 -1.302190e-04 -3.304185e-05)
7             	(3.403696e-03 -4.473403e-01 -6.607293e-03)	(3.390688e-03 -4.481790e-01 -6.575765e-03)	(1.300748e-05 8.386799e-04 -3.152853e-05)
8             	(1.853377e-03 -2.728776e-01 -4.438495e-03)	(1.849957e-03 -2.744174e-01 -4.434877e-03)	(3.420394e-06 1.539868e-03 -3.617993e-06)
9             	(3.663728e-04 -6.541879e-02 -4.883881e-04)	(3.582714e-04 -6.720975e-02 -4.799342e-04)	(8.101406e-06 1.790967e-03 -8.453866e-06)
10            	(-3.475932e-04 1.087103e-01 2.003215e-03)	(-3.478342e-04 1.070722e-01 2.032899e-03)	(2.409983e-07 1.638104e-03 -2.968455e-05)
11            	(-1.346710e-03 1.914130e-01 1.203008e-03)	(-1.350380e-03 1.902608e-01 1.259722e-03)	(3.669348e-06 1.152230e-03 -5.671399e-05)
12            	(-1.047931e-03 1.950849e-01 3.632027e-04)	(-1.050892e-03 1.945799e-01 4.327658e-04)	(2.961268e-06 5.050181e-04 -6.956313e-05)
13            	(-3.007742e-04 1.483560e-01 -6.622397e-04)	(-3.229237e-04 1.484888e-01 -5.900381e-04)	(2.214949e-05 -1.328176e-04 -7.220166e-05)
14            	(8.012554e-04 8.268388e-02 -1.171472e-03)	(7.704684e-04 8.322561e-02 -1.083267e-03)	(3.078691e-05 -5.417233e-04 -8.820471e-05)
15            	(2.186474e-03 1.594560e-02 -1.104210e-03)	(2.159628e-03 1.656883e-02 -1.018910e-03)	(2.684637e-05 -6.232243e-04 -8.530001e-05)
16            	(3.341544e-03 -3.130137e-02 -6.100517e-04)	(3.320211e-03 -3.085154e-02 -5.499852e-04)	(2.133337e-05 -4.498347e-04 -6.006654e-05)
17            	(3.719238e-03 -5.201526e-02 -1.300136e-04)	(3.712549e-03 -5.183806e-02 -8.939903e-05)	(6.688548e-06 -1.772064e-04 -4.061452e-05)
18            	(3.279285e-03 -5.271128e-02 1.871521e-04)	(3.278953e-03 -5.283836e-02 2.103116e-04)	(3.322635e-07 1.270859e-04 -2.315958e-05)
19            	(2.464136e-03 -4.018597e-02 1.285265e-04)	(2.461406e-03 -4.055404e-02 1.345212e-04)	(2.729840e-06 3.680648e-04 -5.994716e-06)
20            	(1.462359e-03 -2.212531e-02 -2.534246e-04)	(1.457616e-03 -2.262401e-02 -2.597721e-04)	(4.742929e-06 4.986947e-04 6.347555e-06)
21            	(5.516031e-04 -4.107128e-03 -4.543847e-04)	(5.475370e-04 -4.624490e-03 -4.603600e-04)	(4.066067e-06 5.173613e-04 5.975274e-06)
22            	(7.433320e-05 8.858256e-03 -6.055795e-04)	(7.253170e-05 8.409987e-03 -6.054957e-04)	(1.801501e-06 4.482692e-04 -8.381096e-08)
23            	(6.170324e-05 1.519277e-02 -5.272989e-04)	(6.439395e-05 1.486157e-02 -5.186075e-04)	(-2.690716e-06 3.311946e-04 -8.691338e-06)
24            	(4.624282e-04 1.643469e-02 -2.503407e-04)	(4.671329e-04 1.622426e-02 -2.327015e-04)	(-4.704728e-06 2.104285e-04 -1.763921e-05)
25            	(1.162603e-03 1.502817e-02 2.042303e-04)	(1.165851e-03 1.490864e-02 2.257177e-04)	(-3.247771e-06 1.195288e-04 -2.148735e-05)
26            	(1.903208e-03 1.198333e-02 7.747685e-04)	(1.905061e-03 1.191310e-02 7.956602e-04)	(-1.853173e-06 7.022973e-05 -2.089166e-05)
27            	(2.440256e-03 9.181797e-03 1.259780e-03)	(2.440104e-03 9.119842e-03 1.278532e-03)	(1.525191e-07 6.195563e-05 -1.875231e-05)
28            	(2.726043e-03 7.685470e-03 1.736335e-03)	(2.721665e-03 7.599304e-03 1.751428e-03)	(4.378181e-06 8.616585e-05 -1.509348e-05)
29            	(2.618003e-03 6.973502e-03 1.718948e-03)	(2.607894e-03 6.847155e-03 1.731130e-03)	(1.010821e-05 1.263466e-04 -1.218214e-05)
30            	(2.433194e-03 7.397036e-03 1.634300e-03)	(2.416606e-03 7.230186e-03 1.643371e-03)	(1.658838e-05 1.668498e-04 -9.071388e-06)
31            	(2.031400e-03 7.993484e-03 1.246715e-03)	(2.010270e-03 7.797826e-03 1.252407e-03)	(2.112954e-05 1.956572e-04 -5.692694e-06)
32            	(1.835601e-03 9.035417e-03 1.032182e-03)	(1.811251e-03 8.827490e-03 1.035810e-03)	(2.435076e-05 2.079268e-04 -3.627650e-06)
33            	(1.393808e-03 9.169027e-03 4.344486e-04)	(1.368678e-03 8.965987e-03 4.381061e-04)	(2.513033e-05 2.030400e-04 -3.657440e-06)
34            	(1.263439e-03 9.708263e-03 2.097185e-04)	(1.237510e-03 9.520947e-03 2.142315e-04)	(2.592862e-05 1.873163e-04 -4.513060e-06)
35            	(1.129201e-03 9.248525e-03 -8.549983e-05)	(1.103155e-03 9.081924e-03 -7.955680e-05)	(2.604568e-05 1.666005e-04 -5.943033e-06)
36            	(1.124154e-03 9.574502e-03 -1.004091e-04)	(1.097988e-03 9.426070e-03 -9.357385e-05)	(2.616635e-05 1.484319e-04 -6.835285e-06)
37            	(1.160192e-03 9.854753e-03 -6.455782e-05)	(1.134472e-03 9.717483e-03 -5.719844e-05)	(2.572001e-05 1.372699e-04 -7.359379e-06)
38            	(1.234721e-03 1.019862e-02 -9.287642e-06)	(1.209857e-03 1.006495e-02 -1.656518e-06)	(2.486393e-05 1.336611e-04 -7.631124e-06)
39            	(1.398632e-03 1.086205e-02 4.158380e-05)	(1.374462e-03 1.072432e-02 4.924986e-05)	(2.416979e-05 1.377290e-04 -7.666054e-06)
40            	(1.522813e-03 1.177574e-02 9.647172e-05)	(1.498968e-03 1.162811e-02 1.042150e-04)	(2.384507e-05 1.476305e-04 -7.743307e-06)
41            	(1.521771e-03 1.262501e-02 1.431298e-04)	(1.497755e-03 1.246430e-02 1.509955e-04)	(2.401608e-05 1.607060e-04 -7.865675e-06)
42            	(1.453454e-03 1.334570e-02 1.163854e-04)	(1.428961e-03 1.317080e-02 1.246520e-04)	(2.449303e-05 1.749031e-04 -8.266674e-06)
43            	(1.336573e-03 1.441410e-02 -3.616206e-05)	(1.311461e-03 1.422393e-02 -2.716760e-05)	(2.511185e-05 1.901713e-04 -8.994463e-06)
44            	(1.140083e-03 1.485228e-02 -1.621345e-04)	(1.114299e-03 1.464827e-02 -1.520344e-04)	(2.578375e-05 2.040135e-04 -1.010017e-05)
45            	(8.539552e-04 1.533436e-02 -4.212951e-04)	(8.275974e-04 1.511794e-02 -4.092195e-04)	(2.635787e-05 2.164227e-04 -1.207562e-05)
46            	(5.815727e-04 1.524971e-02 -6.010200e-04)	(5.547340e-04 1.502448e-02 -5.866870e-04)	(2.683876e-05 2.252311e-04 -1.433299e-05)
47            	(2.885377e-04 1.519553e-02 -8.134398e-04)	(2.617816e-04 1.496398e-02 -7.967721e-04)	(2.675603e-05 2.315466e-04 -1.666768e-05)
48            	(9.398175e-05 1.481793e-02 -9.166165e-04)	(6.731663e-05 1.458259e-02 -8.978736e-04)	(2.666512e-05 2.353330e-04 -1.874285e-05)
49            	(-2.955987e-05 1.439731e-02 -9.806314e-04)	(-5.640074e-05 1.416016e-02 -9.599634e-04)	(2.684087e-05 2.371519e-04 -2.066802e-05)
50            	(-1.154773e-04 1.376858e-02 -1.036056e-03)	(-1.426655e-04 1.353158e-02 -1.013469e-03)	(2.718821e-05 2.369991e-04 -2.258682e-05)
51            	(-5.634975e-05 1.343278e-02 -9.629939e-04)	(-8.428642e-05 1.319655e-02 -9.388550e-04)	(2.793667e-05 2.362332e-04 -2.413899e-05)
52            	(6.591576e-05 1.306025e-02 -8.366949e-04)	(3.668155e-05 1.282603e-02 -8.116467e-04)	(2.923421e-05 2.342257e-04 -2.504820e-05)
53            	(2.278550e-04 1.264972e-02 -6.692592e-04)	(1.969897e-04 1.241855e-02 -6.436784e-04)	(3.086530e-05 2.311736e-04 -2.558080e-05)
54            	(3.985742e-04 1.223280e-02 -4.731576e-04)	(3.658523e-04 1.200547e-02 -4.476043e-04)	(3.272194e-05 2.273302e-04 -2.555330e-05)
55            	(5.484636e-04 1.183807e-02 -2.665884e-04)	(5.138152e-04 1.161491e-02 -2.414641e-04)	(3.464843e-05 2.231599e-04 -2.512434e-05)
56            	(6.554386e-04 1.149433e-02 -6.714347e-05)	(6.190172e-04 1.127523e-02 -4.257772e-05)	(3.642139e-05 2.190994e-04 -2.456575e-05)
57            	(7.691664e-04 1.105391e-02 2.959122e-04)	(7.310851e-04 1.083890e-02 3.195105e-04)	(3.808130e-05 2.150109e-04 -2.359831e-05)
58            	(7.540356e-04 1.088225e-02 3.875849e-04)	(7.149077e-04 1.067052e-02 4.103400e-04)	(3.912799e-05 2.117274e-04 -2.275517e-05)
59            	(6.988583e-04 1.074856e-02 4.375304e-04)	(6.589421e-04 1.053977e-02 4.595137e-04)	(3.991616e-05 2.087900e-04 -2.198336e-05)
60            	(6.186947e-04 1.067095e-02 4.527530e-04)	(5.784442e-04 1.046463e-02 4.740320e-04)	(4.025055e-05 2.063238e-04 -2.127903e-05)
61            	(5.118154e-04 1.062757e-02 4.800788e-04)	(4.716319e-04 1.042354e-02 5.006191e-04)	(4.018357e-05 2.040236e-04 -2.054030e-05)
62            	(4.370884e-04 1.055287e-02 4.339513e-04)	(3.973022e-04 1.035127e-02 4.538139e-04)	(3.978615e-05 2.016064e-04 -1.986263e-05)
63            	(3.761385e-04 1.047228e-02 3.663889e-04)	(3.369232e-04 1.027385e-02 3.860748e-04)	(3.921527e-05 1.984262e-04 -1.968587e-05)
64            	(3.312577e-04 1.037091e-02 2.791127e-04)	(2.929007e-04 1.017607e-02 2.990638e-04)	(3.835694e-05 1.948448e-04 -1.995112e-05)
65            	(3.027461e-04 1.024386e-02 1.747537e-04)	(2.655182e-04 1.005297e-02 1.954005e-04)	(3.722785e-05 1.908846e-04 -2.064685e-05)
66            	(2.902815e-04 1.008747e-02 5.937875e-05)	(2.543695e-04 9.900882e-03 8.102840e-05)	(3.591202e-05 1.865923e-04 -2.164965e-05)
67            	(2.916263e-04 9.910633e-03 -4.776016e-05)	(2.571894e-04 9.728610e-03 -2.485993e-05)	(3.443688e-05 1.820229e-04 -2.290023e-05)
68            	(3.009769e-04 9.713380e-03 -1.407015e-04)	(2.680219e-04 9.536119e-03 -1.163806e-04)	(3.295496e-05 1.772602e-04 -2.432089e-05)
69            	(3.139288e-04 9.510439e-03 -2.065246e-04)	(2.822771e-04 9.338035e-03 -1.805952e-04)	(3.165165e-05 1.724042e-04 -2.592938e-05)
70            	(3.241148e-04 9.315354e-03 -2.400440e-04)	(2.934614e-04 9.147713e-03 -2.124773e-04)	(3.065336e-05 1.676406e-04 -2.756672e-05)
71            	(3.265910e-04 9.138347e-03 -2.392327e-04)	(2.966136e-04 8.975278e-03 -2.101921e-04)	(2.997734e-05 1.630692e-04 -2.904060e-05)
72            	(3.142457e-04 8.960331e-03 -2.145476e-04)	(2.846781e-04 8.801651e-03 -1.843821e-04)	(2.956765e-05 1.586808e-04 -3.016547e-05)
73            	(2.868237e-04 8.864460e-03 -1.620929e-04)	(2.573822e-04 8.709692e-03 -1.313184e-04)	(2.944152e-05 1.547684e-04 -3.077455e-05)
74            	(2.337053e-04 8.759060e-03 -1.134978e-04)	(2.041799e-04 8.607883e-03 -8.259750e-05)	(2.952540e-05 1.511767e-04 -3.090026e-05)
75            	(1.544643e-04 8.706017e-03 -6.113404e-05)	(1.248126e-04 8.558019e-03 -3.051264e-05)	(2.965164e-05 1.479973e-04 -3.062140e-05)
76            	(4.905839e-05 8.734062e-03 -8.156942e-06)	(1.935671e-05 8.588752e-03 2.182260e-05)	(2.970167e-05 1.453098e-04 -2.997954e-05)
77            	(-9.012792e-05 8.799775e-03 1.406376e-05)	(-1.196021e-04 8.656717e-03 4.323296e-05)	(2.947416e-05 1.430584e-04 -2.916920e-05)
78            	(-2.591438e-04 8.902158e-03 -2.542933e-07)	(-2.879251e-04 8.760869e-03 2.819498e-05)	(2.878129e-05 1.412893e-04 -2.844928e-05)
79            	(-4.457746e-04 9.020308e-03 -4.191180e-05)	(-4.732455e-04 8.880290e-03 -1.385472e-05)	(2.747091e-05 1.400179e-04 -2.805708e-05)
80            	(-6.417510e-04 9.180553e-03 -1.196128e-04)	(-6.671949e-04 9.041242e-03 -9.143204e-05)	(2.544387e-05 1.393113e-04 -2.818073e-05)
81            	(-8.240267e-04 9.364326e-03 -2.099352e-04)	(-8.468429e-04 9.225155e-03 -1.810814e-04)	(2.281621e-05 1.391714e-04 -2.885380e-05)
82            	(-9.691753e-04 9.561548e-03 -3.007822e-04)	(-9.890762e-04 9.422017e-03 -2.709150e-04)	(1.990085e-05 1.395313e-04 -2.986724e-05)
83            	(-1.054688e-03 9.759577e-03 -3.800843e-04)	(-1.071819e-03 9.619193e-03 -3.490619e-04)	(1.713089e-05 1.403841e-04 -3.102238e-05)
84            	(-1.062313e-03 9.948341e-03 -4.390814e-04)	(-1.077081e-03 9.806673e-03 -4.067972e-04)	(1.476798e-05 1.416675e-04 -3.228418e-05)
85            	(-9.831007e-04 1.011965e-02 -4.746132e-04)	(-9.961619e-04 9.976371e-03 -4.410380e-04)	(1.306128e-05 1.432770e-04 -3.357514e-05)
86            	(-8.206539e-04 1.026501e-02 -4.876205e-04)	(-8.327807e-04 1.011998e-02 -4.527224e-04)	(1.212680e-05 1.450290e-04 -3.489805e-05)
87            	(-5.881359e-04 1.037906e-02 -4.789444e-04)	(-6.000969e-04 1.023230e-02 -4.427016e-04)	(1.196105e-05 1.467608e-04 -3.624282e-05)
88            	(-3.080617e-04 1.045978e-02 -4.489893e-04)	(-3.205578e-04 1.031140e-02 -4.114621e-04)	(1.249611e-05 1.483783e-04 -3.752721e-05)
89            	(-4.351448e-06 1.050645e-02 -3.983083e-04)	(-1.806887e-05 1.035661e-02 -3.596552e-04)	(1.371743e-05 1.498419e-04 -3.865310e-05)
90            	(4.478943e-04 1.052873e-02 -2.364613e-04)	(4.318150e-04 1.037759e-02 -1.970870e-04)	(1.607937e-05 1.511409e-04 -3.937427e-05)
91            	(6.822478e-04 1.051387e-02 -1.742060e-04)	(6.636290e-04 1.036166e-02 -1.341531e-04)	(1.861885e-05 1.522121e-04 -4.005297e-05)
92            	(8.676972e-04 1.047206e-02 -1.123810e-04)	(8.465559e-04 1.031916e-02 -7.185057e-05)	(2.114130e-05 1.528938e-04 -4.053041e-05)
93            	(9.938102e-04 1.040579e-02 -5.950291e-05)	(9.704072e-04 1.025254e-02 -1.854597e-05)	(2.340299e-05 1.532493e-04 -4.095694e-05)
94            	(1.052650e-03 1.031931e-02 -2.169055e-05)	(1.027421e-03 1.016609e-02 1.951067e-05)	(2.522899e-05 1.532177e-04 -4.120122e-05)
95            	(1.043971e-03 1.021795e-02 -6.284352e-06)	(1.017527e-03 1.006512e-02 3.495455e-05)	(2.644432e-05 1.528222e-04 -4.123890e-05)
96            	(9.779691e-04 1.010814e-02 -1.413890e-05)	(9.509943e-04 9.955985e-03 2.696661e-05)	(2.697478e-05 1.521550e-04 -4.110551e-05)
97            	(7.877961e-04 9.950132e-03 -4.220504e-05)	(7.611362e-04 9.798958e-03 -1.335591e-06)	(2.665984e-05 1.511742e-04 -4.086945e-05)
98            	(6.992432e-04 9.874625e-03 -7.670969e-05)	(6.732531e-04 9.724353e-03 -3.607990e-05)	(2.599006e-05 1.502721e-04 -4.062980e-05)
99            	(6.137781e-04 9.813978e-03 -1.203891e-04)	(5.886378e-04 9.664589e-03 -8.005494e-05)	(2.514029e-05 1.493893e-04 -4.033415e-05)
100           	(5.398266e-04 9.767729e-03 -1.697246e-04)	(5.155248e-04 9.619120e-03 -1.298048e-04)	(2.430186e-05 1.486096e-04 -3.991981e-05)
101           	(4.838447e-04 9.735889e-03 -2.226941e-04)	(4.602374e-04 9.587962e-03 -1.831854e-04)	(2.360723e-05 1.479269e-04 -3.950870e-05)
102           	(4.483109e-04 9.716049e-03 -2.790832e-04)	(4.251965e-04 9.568737e-03 -2.397969e-04)	(2.311442e-05 1.473115e-04 -3.928629e-05)
103           	(4.319491e-04 9.726284e-03 -3.581144e-04)	(4.091448e-04 9.579432e-03 -3.187322e-04)	(2.280427e-05 1.468527e-04 -3.938225e-05)
104           	(4.278165e-04 9.721464e-03 -4.188641e-04)	(4.051611e-04 9.575060e-03 -3.791665e-04)	(2.265547e-05 1.464047e-04 -3.969758e-05)
105           	(4.278502e-04 9.718293e-03 -4.788277e-04)	(4.052900e-04 9.572341e-03 -4.388113e-04)	(2.256023e-05 1.459526e-04 -4.001634e-05)
106           	(4.252365e-04 9.713000e-03 -5.338934e-04)	(4.027631e-04 9.567457e-03 -4.937510e-04)	(2.247339e-05 1.455433e-04 -4.014233e-05)
107           	(4.161953e-04 9.702607e-03 -5.780895e-04)	(3.939380e-04 9.557464e-03 -5.380560e-04)	(2.225734e-05 1.451424e-04 -4.003344e-05)
108           	(3.998887e-04 9.683914e-03 -6.041811e-04)	(3.780985e-04 9.539216e-03 -5.644356e-04)	(2.179021e-05 1.446979e-04 -3.974555e-05)
109           	(3.766182e-04 9.654571e-03 -6.082008e-04)	(3.555367e-04 9.510372e-03 -5.689048e-04)	(2.108150e-05 1.441992e-04 -3.929591e-05)
110           	(3.482578e-04 9.608048e-03 -5.901145e-04)	(3.280340e-04 9.464432e-03 -5.514238e-04)	(2.022381e-05 1.436154e-04 -3.869067e-05)
111           	(2.859547e-04 9.513096e-03 -5.157120e-04)	(2.667216e-04 9.370300e-03 -4.779216e-04)	(1.923305e-05 1.427963e-04 -3.779044e-05)
112           	(2.609056e-04 9.459025e-03 -4.858410e-04)	(2.424480e-04 9.317037e-03 -4.489790e-04)	(1.845766e-05 1.419877e-04 -3.686199e-05)
113           	(2.325658e-04 9.396955e-03 -4.521722e-04)	(2.147135e-04 9.255853e-03 -4.163940e-04)	(1.785226e-05 1.411028e-04 -3.577821e-05)
114           	(1.956126e-04 9.325297e-03 -4.201219e-04)	(1.781322e-04 9.185148e-03 -3.855812e-04)	(1.748046e-05 1.401492e-04 -3.454067e-05)
115           	(1.444544e-04 9.244053e-03 -3.993336e-04)	(1.272071e-04 9.104965e-03 -3.662242e-04)	(1.724733e-05 1.390879e-04 -3.310948e-05)
116           	(7.516546e-05 9.155800e-03 -3.996037e-04)	(5.811535e-05 9.017886e-03 -3.681560e-04)	(1.705011e-05 1.379140e-04 -3.144774e-05)
117           	(-1.717152e-05 9.065423e-03 -4.298088e-04)	(-3.395904e-05 8.928781e-03 -4.002116e-04)	(1.678752e-05 1.366428e-04 -2.959715e-05)
118           	(-1.225579e-04 8.973880e-03 -4.905918e-04)	(-1.389712e-04 8.838597e-03 -4.629320e-04)	(1.641324e-05 1.352829e-04 -2.765989e-05)
119           	(-2.414065e-04 8.888984e-03 -5.830819e-04)	(-2.572618e-04 8.755153e-03 -5.572672e-04)	(1.585529e-05 1.338315e-04 -2.581472e-05)
120           	(-3.670147e-04 8.815066e-03 -7.013297e-04)	(-3.820794e-04 8.682758e-03 -6.771491e-04)	(1.506470e-05 1.323088e-04 -2.418064e-05)
121           	(-4.984627e-04 8.740087e-03 -8.424945e-04)	(-5.124621e-04 8.609383e-03 -8.196745e-04)	(1.399942e-05 1.307033e-04 -2.282003e-05)
122           	(-6.139184e-04 8.697632e-03 -9.814621e-04)	(-6.266589e-04 8.568481e-03 -9.597290e-04)	(1.274057e-05 1.291506e-04 -2.173309e-05)
123           	(-7.241213e-04 8.669579e-03 -1.127052e-03)	(-7.354618e-04 8.541901e-03 -1.106134e-03)	(1.134051e-05 1.276774e-04 -2.091825e-05)
124           	(-8.199567e-04 8.654828e-03 -1.254454e-03)	(-8.298740e-04 8.528490e-03 -1.234179e-03)	(9.917257e-06 1.263387e-04 -2.027442e-05)
125           	(-9.083496e-04 8.657168e-03 -1.364210e-03)	(-9.168856e-04 8.532000e-03 -1.344436e-03)	(8.536002e-06 1.251675e-04 -1.977424e-05)
126           	(-9.882856e-04 8.666669e-03 -1.452666e-03)	(-9.955391e-04 8.542500e-03 -1.433283e-03)	(7.253489e-06 1.241689e-04 -1.938319e-05)
127           	(-1.061101e-03 8.686997e-03 -1.514535e-03)	(-1.067173e-03 8.563654e-03 -1.495430e-03)	(6.072035e-06 1.233426e-04 -1.910447e-05)
128           	(-1.125641e-03 8.717800e-03 -1.546883e-03)	(-1.130616e-03 8.595112e-03 -1.527955e-03)	(4.974567e-06 1.226876e-04 -1.892811e-05)
129           	(-1.174490e-03 8.790846e-03 -1.546756e-03)	(-1.178510e-03 8.668564e-03 -1.527907e-03)	(4.020412e-06 1.222820e-04 -1.884930e-05)
130           	(-1.217388e-03 8.826703e-03 -1.527213e-03)	(-1.220498e-03 8.704749e-03 -1.508430e-03)	(3.109710e-06 1.219540e-04 -1.878363e-05)
131           	(-1.245447e-03 8.863830e-03 -1.488306e-03)	(-1.247768e-03 8.742149e-03 -1.469453e-03)	(2.321672e-06 1.216810e-04 -1.885366e-05)
132           	(-1.222761e-03 8.922071e-03 -1.401147e-03)	(-1.224549e-03 8.800582e-03 -1.382199e-03)	(1.787775e-06 1.214887e-04 -1.894806e-05)
133           	(-1.217486e-03 8.952997e-03 -1.342902e-03)	(-1.218716e-03 8.831703e-03 -1.323840e-03)	(1.229706e-06 1.212941e-04 -1.906140e-05)
134           	(-1.189981e-03 8.981306e-03 -1.276806e-03)	(-1.190737e-03 8.860197e-03 -1.257624e-03)	(7.562270e-07 1.211092e-04 -1.918188e-05)
135           	(-1.088560e-03 9.024245e-03 -1.172388e-03)	(-1.089132e-03 8.903294e-03 -1.153193e-03)	(5.724427e-07 1.209515e-04 -1.919449e-05)
136           	(-1.029259e-03 9.044070e-03 -1.109645e-03)	(-1.029638e-03 8.923300e-03 -1.090507e-03)	(3.781306e-07 1.207706e-04 -1.913710e-05)
137           	(-8.995449e-04 9.070393e-03 -1.027052e-03)	(-9.000180e-04 8.949806e-03 -1.008121e-03)	(4.730665e-07 1.205875e-04 -1.893064e-05)
138           	(-8.253060e-04 9.083308e-03 -9.801588e-04)	(-8.258227e-04 8.962897e-03 -9.614951e-04)	(5.166609e-07 1.204119e-04 -1.866364e-05)
139           	(-7.435806e-04 9.094816e-03 -9.431825e-04)	(-7.442181e-04 8.974577e-03 -9.249070e-04)	(6.374269e-07 1.202395e-04 -1.827549e-05)
140           	(-6.141114e-04 9.101112e-03 -9.229614e-04)	(-6.150259e-04 8.981062e-03 -9.051561e-04)	(9.145091e-07 1.200502e-04 -1.780525e-05)
141           	(-5.422275e-04 9.112805e-03 -9.202897e-04)	(-5.433126e-04 8.992907e-03 -9.029525e-04)	(1.085089e-06 1.198983e-04 -1.733716e-05)
142           	(-4.771844e-04 9.126248e-03 -9.419261e-04)	(-4.784021e-04 9.006470e-03 -9.250488e-04)	(1.217777e-06 1.197776e-04 -1.687726e-05)
143           	(-4.042189e-04 9.144731e-03 -1.030792e-03)	(-4.054924e-04 9.025029e-03 -1.014246e-03)	(1.273528e-06 1.197016e-04 -1.654572e-05)
144           	(-3.642134e-04 9.163457e-03 -1.101671e-03)	(-3.654088e-04 9.043772e-03 -1.085404e-03)	(1.195443e-06 1.196849e-04 -1.626721e-05)
145           	(-3.363758e-04 9.187421e-03 -1.200848e-03)	(-3.374238e-04 9.067687e-03 -1.184680e-03)	(1.048088e-06 1.197346e-04 -1.616709e-05)
146           	(-3.296848e-04 9.229754e-03 -1.399636e-03)	(-3.304030e-04 9.109843e-03 -1.383252e-03)	(7.182609e-07 1.199112e-04 -1.638480e-05)
147           	(-3.215625e-04 9.260921e-03 -1.522947e-03)	(-3.218686e-04 9.140770e-03 -1.506334e-03)	(3.061576e-07 1.201513e-04 -1.661281e-05)
148           	(-3.229537e-04 9.298504e-03 -1.659658e-03)	(-3.227730e-04 9.178022e-03 -1.642642e-03)	(-1.806971e-07 1.204818e-04 -1.701657e-05)
149           	(-3.339949e-04 9.345157e-03 -1.808048e-03)	(-3.332229e-04 9.224229e-03 -1.790553e-03)	(-7.719674e-07 1.209281e-04 -1.749508e-05)
150           	(-3.842818e-04 9.453481e-03 -2.057800e-03)	(-3.826838e-04 9.331759e-03 -2.039567e-03)	(-1.598037e-06 1.217225e-04 -1.823235e-05)
151           	(-4.011576e-04 9.498697e-03 -2.173475e-03)	(-3.987291e-04 9.376162e-03 -2.154669e-03)	(-2.428499e-06 1.225350e-04 -1.880560e-05)
152           	(-4.227188e-04 9.547873e-03 -2.276110e-03)	(-4.194081e-04 9.424486e-03 -2.256717e-03)	(-3.310727e-06 1.233876e-04 -1.939302e-05)
153           	(-4.502982e-04 9.608159e-03 -2.367105e-03)	(-4.460137e-04 9.483833e-03 -2.347179e-03)	(-4.284543e-06 1.243256e-04 -1.992606e-05)
154           	(-5.243607e-04 9.725128e-03 -2.504216e-03)	(-5.188170e-04 9.599557e-03 -2.483683e-03)	(-5.543659e-06 1.255716e-04 -2.053257e-05)
155           	(-5.524628e-04 9.775128e-03 -2.550044e-03)	(-5.456496e-04 9.648365e-03 -2.529013e-03)	(-6.813136e-06 1.267625e-04 -2.103073e-05)
156           	(-5.848227e-04 9.836254e-03 -2.580823e-03)	(-5.766690e-04 9.708288e-03 -2.559291e-03)	(-8.153654e-06 1.279655e-04 -2.153238e-05)
157           	(-6.220861e-04 9.888946e-03 -2.600182e-03)	(-6.125317e-04 9.759790e-03 -2.578197e-03)	(-9.554438e-06 1.291553e-04 -2.198570e-05)
158           	(-6.647588e-04 9.956869e-03 -2.610939e-03)	(-6.537656e-04 9.826484e-03 -2.588542e-03)	(-1.099321e-05 1.303850e-04 -2.239775e-05)
159           	(-7.589370e-04 1.006680e-02 -2.640892e-03)	(-7.462934e-04 9.934967e-03 -2.618099e-03)	(-1.264361e-05 1.318289e-04 -2.279311e-05)
160           	(-7.923795e-04 1.010998e-02 -2.633613e-03)	(-7.782628e-04 9.976840e-03 -2.610491e-03)	(-1.411677e-05 1.331396e-04 -2.312182e-05)
161           	(-8.220624e-04 1.015004e-02 -2.620094e-03)	(-8.065752e-04 1.001568e-02 -2.596635e-03)	(-1.548719e-05 1.343550e-04 -2.345866e-05)
162           	(-8.476063e-04 1.018785e-02 -2.601956e-03)	(-8.308835e-04 1.005234e-02 -2.578187e-03)	(-1.672278e-05 1.355083e-04 -2.376936e-05)
163           	(-8.681987e-04 1.022375e-02 -2.580940e-03)	(-8.503893e-04 1.008713e-02 -2.556865e-03)	(-1.780937e-05 1.366180e-04 -2.407489e-05)
164           	(-8.820689e-04 1.025758e-02 -2.558875e-03)	(-8.633518e-04 1.011988e-02 -2.534485e-03)	(-1.871714e-05 1.376926e-04 -2.438989e-05)
165           	(-8.877707e-04 1.029949e-02 -2.540706e-03)	(-8.683565e-04 1.016072e-02 -2.515973e-03)	(-1.941419e-05 1.387736e-04 -2.473318e-05)
166           	(-8.828508e-04 1.032673e-02 -2.521662e-03)	(-8.629786e-04 1.018692e-02 -2.496567e-03)	(-1.987218e-05 1.398144e-04 -2.509473e-05)
167           	(-8.668170e-04 1.035081e-02 -2.506633e-03)	(-8.467527e-04 1.021000e-02 -2.481147e-03)	(-2.006435e-05 1.408127e-04 -2.548632e-05)
168           	(-8.396479e-04 1.037175e-02 -2.496578e-03)	(-8.196506e-04 1.022997e-02 -2.470641e-03)	(-1.999722e-05 1.417792e-04 -2.593648e-05)
169           	(-8.018418e-04 1.038994e-02 -2.489866e-03)	(-7.821449e-04 1.024722e-02 -2.463398e-03)	(-1.969689e-05 1.427201e-04 -2.646815e-05)
170           	(-7.547534e-04 1.040561e-02 -2.484318e-03)	(-7.355647e-04 1.026198e-02 -2.457230e-03)	(-1.918873e-05 1.436352e-04 -2.708793e-05)
171           	(-6.972905e-04 1.041798e-02 -2.478370e-03)	(-6.788037e-04 1.027346e-02 -2.450570e-03)	(-1.848679e-05 1.445169e-04 -2.779980e-05)
172           	(-6.388805e-04 1.042622e-02 -2.466036e-03)	(-6.212069e-04 1.028086e-02 -2.437455e-03)	(-1.767357e-05 1.453581e-04 -2.858167e-05)
173           	(-5.724734e-04 1.043151e-02 -2.445249e-03)	(-5.556808e-04 1.028535e-02 -2.415849e-03)	(-1.679255e-05 1.461547e-04 -2.939999e-05)
174           	(-5.101332e-04 1.043194e-02 -2.415510e-03)	(-4.942093e-04 1.028504e-02 -2.385317e-03)	(-1.592399e-05 1.469026e-04 -3.019264e-05)
175           	(-4.423140e-04 1.042880e-02 -2.373026e-03)	(-4.272249e-04 1.028121e-02 -2.342119e-03)	(-1.508911e-05 1.475929e-04 -3.090669e-05)
176           	(-3.797954e-04 1.042353e-02 -2.320138e-03)	(-3.654810e-04 1.027531e-02 -2.288647e-03)	(-1.431437e-05 1.482272e-04 -3.149128e-05)
177           	(-3.162509e-04 1.041692e-02 -2.254295e-03)	(-3.026749e-04 1.026812e-02 -2.222381e-03)	(-1.357608e-05 1.488030e-04 -3.191434e-05)
178           	(-2.511635e-04 1.040993e-02 -2.175609e-03)	(-2.383182e-04 1.026060e-02 -2.143447e-03)	(-1.284537e-05 1.493234e-04 -3.216156e-05)
179           	(-1.841047e-04 1.040338e-02 -2.084375e-03)	(-1.720180e-04 1.025359e-02 -2.052148e-03)	(-1.208673e-05 1.497905e-04 -3.222694e-05)
180           	(-1.150069e-04 1.039795e-02 -1.980915e-03)	(-1.037324e-04 1.024774e-02 -1.948795e-03)	(-1.127456e-05 1.502085e-04 -3.212021e-05)
181           	(-4.462142e-05 1.039398e-02 -1.866251e-03)	(-3.424470e-05 1.024340e-02 -1.834392e-03)	(-1.037672e-05 1.505802e-04 -3.185890e-05)
182           	(2.843380e-05 1.040409e-02 -1.731602e-03)	(3.780719e-05 1.025314e-02 -1.700177e-03)	(-9.373394e-06 1.509531e-04 -3.142555e-05)
183           	(9.969378e-05 1.041098e-02 -1.590230e-03)	(1.079753e-04 1.025968e-02 -1.559392e-03)	(-8.281563e-06 1.512988e-04 -3.083849e-05)
184           	(1.657883e-04 1.040752e-02 -1.453898e-03)	(1.729186e-04 1.025595e-02 -1.423762e-03)	(-7.130351e-06 1.515693e-04 -3.013676e-05)
185           	(2.286081e-04 1.040401e-02 -1.313880e-03)	(2.345401e-04 1.025224e-02 -1.284551e-03)	(-5.932085e-06 1.517743e-04 -2.932837e-05)
186           	(2.873158e-04 1.040009e-02 -1.172532e-03)	(2.920160e-04 1.024816e-02 -1.144111e-03)	(-4.700162e-06 1.519239e-04 -2.842129e-05)
187           	(3.409030e-04 1.039515e-02 -1.033304e-03)	(3.443478e-04 1.024312e-02 -1.005869e-03)	(-3.444820e-06 1.520236e-04 -2.743460e-05)
188           	(3.883257e-04 1.038855e-02 -9.002499e-04)	(3.905113e-04 1.023647e-02 -8.738626e-04)	(-2.185568e-06 1.520769e-04 -2.638734e-05)
189           	(4.287513e-04 1.037990e-02 -7.771995e-04)	(4.296983e-04 1.022781e-02 -7.518953e-04)	(-9.470088e-07 1.520847e-04 -2.530418e-05)
190           	(4.613331e-04 1.036902e-02 -6.685427e-04)	(4.610925e-04 1.021697e-02 -6.443238e-04)	(2.406689e-07 1.520472e-04 -2.421889e-05)
191           	(4.851061e-04 1.035602e-02 -5.787625e-04)	(4.837444e-04 1.020405e-02 -5.555988e-04)	(1.361756e-06 1.519671e-04 -2.316374e-05)
192           	(4.990802e-04 1.034120e-02 -5.119292e-04)	(4.966924e-04 1.018935e-02 -4.897569e-04)	(2.387761e-06 1.518494e-04 -2.217231e-05)
193           	(5.028375e-04 1.032519e-02 -4.705410e-04)	(4.995453e-04 1.017349e-02 -4.492660e-04)	(3.292255e-06 1.517012e-04 -2.127494e-05)
194           	(4.969078e-04 1.030826e-02 -4.531559e-04)	(4.928482e-04 1.015673e-02 -4.326631e-04)	(4.059582e-06 1.515279e-04 -2.049272e-05)
195           	(4.819299e-04 1.029077e-02 -4.587317e-04)	(4.772362e-04 1.013943e-02 -4.388826e-04)	(4.693604e-06 1.513366e-04 -1.984906e-05)
196           	(4.588452e-04 1.027298e-02 -4.853821e-04)	(4.536498e-04 1.012185e-02 -4.660182e-04)	(5.195385e-06 1.511343e-04 -1.936388e-05)
197           	(4.289213e-04 1.025504e-02 -5.303413e-04)	(4.233484e-04 1.010411e-02 -5.112817e-04)	(5.572852e-06 1.509280e-04 -1.905957e-05)
198           	(3.935923e-04 1.023658e-02 -5.907480e-04)	(3.877544e-04 1.008586e-02 -5.717894e-04)	(5.837854e-06 1.507221e-04 -1.895856e-05)
199           	(3.545978e-04 1.021805e-02 -6.617842e-04)	(3.485949e-04 1.006753e-02 -6.427167e-04)	(6.002900e-06 1.505206e-04 -1.906752e-05)
200           	(3.132540e-04 1.019970e-02 -7.391427e-04)	(3.071812e-04 1.004938e-02 -7.197737e-04)	(6.072810e-06 1.503254e-04 -1.936904e-05)
201           	(2.701389e-04 1.018108e-02 -8.202797e-04)	(2.640854e-04 1.003094e-02 -8.004400e-04)	(6.053485e-06 1.501336e-04 -1.983967e-05)
202           	(2.098328e-04 1.015068e-02 -9.439753e-04)	(2.039777e-04 1.000078e-02 -9.233839e-04)	(5.855076e-06 1.499007e-04 -2.059138e-05)
203           	(1.708946e-04 1.013796e-02 -1.009703e-03)	(1.652407e-04 9.988261e-03 -9.883695e-04)	(5.653907e-06 1.497027e-04 -2.133364e-05)
204           	(1.307824e-04 1.012632e-02 -1.069956e-03)	(1.254087e-04 9.976787e-03 -1.047881e-03)	(5.373751e-06 1.495321e-04 -2.207485e-05)
205           	(8.850668e-05 1.011490e-02 -1.125188e-03)	(8.348477e-05 9.965531e-03 -1.102395e-03)	(5.021914e-06 1.493691e-04 -2.279279e-05)
206           	(2.598835e-05 1.009430e-02 -1.200292e-03)	(2.150465e-05 9.945133e-03 -1.176752e-03)	(4.483698e-06 1.491670e-04 -2.354026e-05)
207           	(-1.164010e-05 1.008581e-02 -1.235695e-03)	(-1.560144e-05 9.936831e-03 -1.211510e-03)	(3.961341e-06 1.489741e-04 -2.418451e-05)
208           	(-4.782256e-05 1.007721e-02 -1.263341e-03)	(-5.121928e-05 9.928422e-03 -1.238610e-03)	(3.396719e-06 1.487860e-04 -2.473092e-05)
209           	(-9.419871e-05 1.007105e-02 -1.289687e-03)	(-9.693715e-05 9.922453e-03 -1.264486e-03)	(2.738436e-06 1.485922e-04 -2.520095e-05)
210           	(-1.300490e-04 1.006512e-02 -1.305604e-03)	(-1.321171e-04 9.916730e-03 -1.280026e-03)	(2.068148e-06 1.483924e-04 -2.557775e-05)
211           	(-1.483002e-04 1.005993e-02 -1.312096e-03)	(-1.497563e-04 9.911731e-03 -1.286244e-03)	(1.456091e-06 1.481990e-04 -2.585228e-05)
212           	(-1.680254e-04 1.004675e-02 -1.317232e-03)	(-1.688442e-04 9.898778e-03 -1.291184e-03)	(8.188320e-07 1.479751e-04 -2.604812e-05)
213           	(-1.807920e-04 1.004550e-02 -1.318653e-03)	(-1.809982e-04 9.897728e-03 -1.292478e-03)	(2.062695e-07 1.477769e-04 -2.617537e-05)
214           	(-1.868598e-04 1.004354e-02 -1.320450e-03)	(-1.865077e-04 9.895937e-03 -1.294205e-03)	(-3.521812e-07 1.476080e-04 -2.624511e-05)
215           	(-1.896669e-04 1.003532e-02 -1.327505e-03)	(-1.887788e-04 9.887871e-03 -1.301189e-03)	(-8.881106e-07 1.474445e-04 -2.631509e-05)
216           	(-1.882655e-04 1.002841e-02 -1.335196e-03)	(-1.868885e-04 9.881122e-03 -1.308803e-03)	(-1.377044e-06 1.472873e-04 -2.639303e-05)
217           	(-1.863757e-04 1.002811e-02 -1.336564e-03)	(-1.845696e-04 9.880943e-03 -1.310126e-03)	(-1.806090e-06 1.471708e-04 -2.643758e-05)
218           	(-1.749458e-04 1.002152e-02 -1.344594e-03)	(-1.727685e-04 9.874441e-03 -1.318098e-03)	(-2.177282e-06 1.470831e-04 -2.649587e-05)
219           	(-1.594461e-04 1.002470e-02 -1.348258e-03)	(-1.569415e-04 9.877655e-03 -1.321730e-03)	(-2.504629e-06 1.470424e-04 -2.652832e-05)
220           	(-1.502770e-04 1.002631e-02 -1.345687e-03)	(-1.474823e-04 9.879277e-03 -1.319202e-03)	(-2.794665e-06 1.470347e-04 -2.648514e-05)
221           	(-1.264422e-04 1.002213e-02 -1.347053e-03)	(-1.234298e-04 9.875078e-03 -1.320640e-03)	(-3.012421e-06 1.470549e-04 -2.641382e-05)
222           	(-1.112893e-04 1.002462e-02 -1.341109e-03)	(-1.080703e-04 9.877525e-03 -1.314860e-03)	(-3.218989e-06 1.470920e-04 -2.624938e-05)
223           	(-7.807567e-05 1.002844e-02 -1.337749e-03)	(-7.475834e-05 9.881254e-03 -1.311711e-03)	(-3.317328e-06 1.471889e-04 -2.603858e-05)
224           	(-4.513773e-05 1.002540e-02 -1.335343e-03)	(-4.178907e-05 9.878129e-03 -1.309569e-03)	(-3.348658e-06 1.472752e-04 -2.577389e-05)
225           	(-2.488924e-05 1.002887e-02 -1.323355e-03)	(-2.156672e-05 9.881488e-03 -1.297928e-03)	(-3.322515e-06 1.473789e-04 -2.542648e-05)
226           	(-1.964956e-06 1.003128e-02 -1.309767e-03)	(1.250735e-06 9.883771e-03 -1.284762e-03)	(-3.215691e-06 1.475062e-04 -2.500573e-05)
227           	(3.676266e-05 1.002530e-02 -1.292095e-03)	(3.974652e-05 9.877684e-03 -1.267560e-03)	(-2.983867e-06 1.476158e-04 -2.453550e-05)
228           	(6.031341e-05 1.002575e-02 -1.277281e-03)	(6.302470e-05 9.878038e-03 -1.253232e-03)	(-2.711291e-06 1.477123e-04 -2.404851e-05)
229           	(9.428120e-05 1.001736e-02 -1.261510e-03)	(9.660067e-05 9.869576e-03 -1.237975e-03)	(-2.319468e-06 1.477863e-04 -2.353523e-05)
230           	(1.134973e-04 1.001636e-02 -1.247741e-03)	(1.154071e-04 9.868519e-03 -1.224709e-03)	(-1.909764e-06 1.478405e-04 -2.303197e-05)
231           	(1.296060e-04 1.001345e-02 -1.235028e-03)	(1.310680e-04 9.865562e-03 -1.212498e-03)	(-1.461968e-06 1.478833e-04 -2.252961e-05)
232           	(1.484599e-04 1.001905e-02 -1.215469e-03)	(1.494149e-04 9.871099e-03 -1.193446e-03)	(-9.550139e-07 1.479517e-04 -2.202254e-05)
233           	(1.565741e-04 1.001419e-02 -1.208152e-03)	(1.570451e-04 9.866211e-03 -1.186586e-03)	(-4.709203e-07 1.479784e-04 -2.156591e-05)
234           	(1.607766e-04 9.995229e-03 -1.201527e-03)	(1.607628e-04 9.847300e-03 -1.180392e-03)	(1.383694e-08 1.479292e-04 -2.113466e-05)
235           	(1.618828e-04 9.990992e-03 -1.198267e-03)	(1.614414e-04 9.843121e-03 -1.177521e-03)	(4.414585e-07 1.478714e-04 -2.074577e-05)
236           	(1.588853e-04 9.985579e-03 -1.196838e-03)	(1.580486e-04 9.837767e-03 -1.176456e-03)	(8.366511e-07 1.478125e-04 -2.038240e-05)
237           	(1.489856e-04 9.967302e-03 -1.194122e-03)	(1.478072e-04 9.819592e-03 -1.174111e-03)	(1.178408e-06 1.477104e-04 -2.001120e-05)
238           	(1.424240e-04 9.962149e-03 -1.193965e-03)	(1.409845e-04 9.814534e-03 -1.174305e-03)	(1.439518e-06 1.476152e-04 -1.966008e-05)
239           	(1.298162e-04 9.948248e-03 -1.190414e-03)	(1.281545e-04 9.800737e-03 -1.171121e-03)	(1.661697e-06 1.475108e-04 -1.929345e-05)
240           	(1.217498e-04 9.943305e-03 -1.189550e-03)	(1.199598e-04 9.795887e-03 -1.170616e-03)	(1.790001e-06 1.474186e-04 -1.893399e-05)
241           	(1.109308e-04 9.937143e-03 -1.187959e-03)	(1.090750e-04 9.789803e-03 -1.169387e-03)	(1.855841e-06 1.473403e-04 -1.857217e-05)
242           	(9.275157e-05 9.925811e-03 -1.179381e-03)	(9.092428e-05 9.778551e-03 -1.161239e-03)	(1.827299e-06 1.472597e-04 -1.814255e-05)
243           	(7.894908e-05 9.918658e-03 -1.176323e-03)	(7.725692e-05 9.771476e-03 -1.158625e-03)	(1.692164e-06 1.471822e-04 -1.769820e-05)
244           	(6.165552e-05 9.910143e-03 -1.172463e-03)	(6.017936e-05 9.763034e-03 -1.155228e-03)	(1.476163e-06 1.471091e-04 -1.723504e-05)
245           	(3.363091e-05 9.895828e-03 -1.157075e-03)	(3.248646e-05 9.748807e-03 -1.140404e-03)	(1.144450e-06 1.470206e-04 -1.667165e-05)
246           	(1.314614e-05 9.886515e-03 -1.152660e-03)	(1.243303e-05 9.739584e-03 -1.136570e-03)	(7.131119e-07 1.469316e-04 -1.609066e-05)
247           	(-2.040515e-05 9.869717e-03 -1.135683e-03)	(-2.058372e-05 9.722902e-03 -1.120262e-03)	(1.785690e-07 1.468153e-04 -1.542066e-05)
248           	(-4.278237e-05 9.860245e-03 -1.131281e-03)	(-4.234436e-05 9.713543e-03 -1.116542e-03)	(-4.380113e-07 1.467020e-04 -1.473942e-05)
249           	(-6.826264e-05 9.849340e-03 -1.126407e-03)	(-6.714370e-05 9.702757e-03 -1.112366e-03)	(-1.118945e-06 1.465832e-04 -1.404150e-05)
250           	(-1.107289e-04 9.828312e-03 -1.107622e-03)	(-1.088175e-04 9.681895e-03 -1.094393e-03)	(-1.911409e-06 1.464172e-04 -1.322888e-05)
251           	(-1.354463e-04 9.815600e-03 -1.101226e-03)	(-1.327017e-04 9.669353e-03 -1.088826e-03)	(-2.744636e-06 1.462477e-04 -1.239934e-05)
252           	(-1.603091e-04 9.800879e-03 -1.093219e-03)	(-1.567203e-04 9.654818e-03 -1.081658e-03)	(-3.588753e-06 1.460618e-04 -1.156174e-05)
253           	(-1.848952e-04 9.783852e-03 -1.083119e-03)	(-1.804453e-04 9.637997e-03 -1.072424e-03)	(-4.449901e-06 1.458545e-04 -1.069507e-05)
254           	(-2.233620e-04 9.748550e-03 -1.050276e-03)	(-2.180220e-04 9.602996e-03 -1.040567e-03)	(-5.340056e-06 1.455547e-04 -9.709645e-06)
255           	(-2.367447e-04 9.732340e-03 -1.037947e-03)	(-2.305591e-04 9.587078e-03 -1.029208e-03)	(-6.185683e-06 1.452627e-04 -8.738936e-06)
256           	(-2.456404e-04 9.715362e-03 -1.024226e-03)	(-2.386960e-04 9.570396e-03 -1.016417e-03)	(-6.944459e-06 1.449655e-04 -7.809944e-06)
257           	(-2.507731e-04 9.697185e-03 -1.008844e-03)	(-2.431408e-04 9.552526e-03 -1.001947e-03)	(-7.632327e-06 1.446583e-04 -6.897675e-06)
258           	(-2.526549e-04 9.677598e-03 -9.917667e-04)	(-2.444159e-04 9.533263e-03 -9.857624e-04)	(-8.239039e-06 1.443357e-04 -6.004376e-06)
259           	(-2.515582e-04 9.656805e-03 -9.732547e-04)	(-2.428014e-04 9.512811e-03 -9.681198e-04)	(-8.756844e-06 1.439948e-04 -5.134918e-06)
260           	(-2.477525e-04 9.635119e-03 -9.537244e-04)	(-2.385710e-04 9.491484e-03 -9.494290e-04)	(-9.181484e-06 1.436356e-04 -4.295394e-06)
261           	(-2.416138e-04 9.613044e-03 -9.340448e-04)	(-2.320981e-04 9.469784e-03 -9.305541e-04)	(-9.515706e-06 1.432597e-04 -3.490668e-06)
262           	(-2.335453e-04 9.591175e-03 -9.148642e-04)	(-2.237792e-04 9.448303e-03 -9.121358e-04)	(-9.766081e-06 1.428715e-04 -2.728436e-06)
263           	(-2.241090e-04 9.569970e-03 -8.969546e-04)	(-2.141617e-04 9.427494e-03 -8.949406e-04)	(-9.947322e-06 1.424763e-04 -2.014073e-06)
264           	(-2.138908e-04 9.549829e-03 -8.809728e-04)	(-2.038147e-04 9.407749e-03 -8.796213e-04)	(-1.007608e-05 1.420799e-04 -1.351463e-06)
265           	(-2.034059e-04 9.530830e-03 -8.673912e-04)	(-1.932349e-04 9.389144e-03 -8.666490e-04)	(-1.017098e-05 1.416867e-04 -7.422725e-07)
266           	(-1.929940e-04 9.512859e-03 -8.563263e-04)	(-1.827457e-04 9.371560e-03 -8.561380e-04)	(-1.024831e-05 1.412998e-04 -1.882838e-07)
267           	(-1.829304e-04 9.495819e-03 -8.478021e-04)	(-1.726096e-04 9.354898e-03 -8.481136e-04)	(-1.032084e-05 1.409207e-04 3.115564e-07)
268           	(-1.733627e-04 9.479602e-03 -8.417783e-04)	(-1.629623e-04 9.339052e-03 -8.425400e-04)	(-1.040034e-05 1.405498e-04 7.617447e-07)
269           	(-1.642753e-04 9.464087e-03 -8.380000e-04)	(-1.537807e-04 9.323900e-03 -8.391668e-04)	(-1.049453e-05 1.401868e-04 1.166847e-06)
270           	(-1.555996e-04 9.449165e-03 -8.360783e-04)	(-1.449923e-04 9.309334e-03 -8.376134e-04)	(-1.060727e-05 1.398309e-04 1.535142e-06)
271           	(-1.473202e-04 9.434459e-03 -8.369658e-04)	(-1.365760e-04 9.294979e-03 -8.388366e-04)	(-1.074423e-05 1.394801e-04 1.870742e-06)
272           	(-1.390781e-04 9.420474e-03 -8.383181e-04)	(-1.281741e-04 9.281339e-03 -8.405004e-04)	(-1.090397e-05 1.391349e-04 2.182266e-06)
273           	(-1.306702e-04 9.407290e-03 -8.393660e-04)	(-1.195849e-04 9.268494e-03 -8.418441e-04)	(-1.108525e-05 1.387961e-04 2.478057e-06)
274           	(-1.218347e-04 9.395010e-03 -8.393551e-04)	(-1.105509e-04 9.256545e-03 -8.421224e-04)	(-1.128380e-05 1.384646e-04 2.767272e-06)
275           	(-1.123314e-04 9.383692e-03 -8.376470e-04)	(-1.008377e-04 9.245550e-03 -8.407023e-04)	(-1.149364e-05 1.381417e-04 3.055320e-06)
276           	(-1.019509e-04 9.373376e-03 -8.334950e-04)	(-9.024308e-05 9.235547e-03 -8.368440e-04)	(-1.170783e-05 1.378289e-04 3.348931e-06)
277           	(-9.062893e-05 9.363851e-03 -8.260023e-04)	(-7.870905e-05 9.226325e-03 -8.296584e-04)	(-1.191988e-05 1.375266e-04 3.656075e-06)
278           	(-7.839924e-05 9.355288e-03 -8.161121e-04)	(-6.627338e-05 9.218052e-03 -8.200915e-04)	(-1.212586e-05 1.372360e-04 3.979470e-06)
279           	(-6.521419e-05 9.348001e-03 -8.041509e-04)	(-5.289309e-05 9.211041e-03 -8.084704e-04)	(-1.232110e-05 1.369596e-04 4.319489e-06)
280           	(-5.103889e-05 9.341463e-03 -7.894044e-04)	(-3.853923e-05 9.204767e-03 -7.940831e-04)	(-1.249965e-05 1.366967e-04 4.678773e-06)
281           	(-3.594552e-05 9.335492e-03 -7.720756e-04)	(-2.328890e-05 9.199046e-03 -7.771324e-04)	(-1.265662e-05 1.364462e-04 5.056800e-06)
282           	(-1.995600e-05 9.329926e-03 -7.523598e-04)	(-7.167972e-06 9.193719e-03 -7.578130e-04)	(-1.278803e-05 1.362071e-04 5.453263e-06)
283           	(-3.034308e-06 9.324586e-03 -7.304427e-04)	(9.855102e-06 9.188608e-03 -7.363132e-04)	(-1.288941e-05 1.359773e-04 5.870524e-06)
284           	(1.488451e-05 9.319307e-03 -7.065503e-04)	(2.784265e-05 9.183551e-03 -7.128543e-04)	(-1.295813e-05 1.357557e-04 6.303973e-06)
285           	(3.376556e-05 9.313960e-03 -6.810953e-04)	(4.675599e-05 9.178419e-03 -6.878473e-04)	(-1.299043e-05 1.355404e-04 6.752013e-06)
286           	(5.350961e-05 9.308447e-03 -6.545331e-04)	(6.649618e-05 9.173117e-03 -6.617429e-04)	(-1.298657e-05 1.353301e-04 7.209812e-06)
287           	(7.400465e-05 9.302612e-03 -6.272535e-04)	(8.695223e-05 9.167488e-03 -6.349271e-04)	(-1.294758e-05 1.351236e-04 7.673621e-06)
288           	(9.643654e-05 9.296873e-03 -5.928620e-04)	(1.093027e-04 9.161952e-03 -6.010194e-04)	(-1.286612e-05 1.349212e-04 8.157372e-06)
289           	(1.192208e-04 9.289675e-03 -5.610370e-04)	(1.319695e-04 9.154958e-03 -5.696786e-04)	(-1.274867e-05 1.347174e-04 8.641593e-06)
290           	(1.419927e-04 9.281369e-03 -5.331596e-04)	(1.545971e-04 9.146859e-03 -5.422676e-04)	(-1.260446e-05 1.345103e-04 9.107997e-06)
291           	(1.642416e-04 9.264313e-03 -5.155037e-04)	(1.766864e-04 9.130044e-03 -5.250274e-04)	(-1.244478e-05 1.342691e-04 9.523770e-06)
292           	(1.878265e-04 9.265959e-03 -4.957079e-04)	(2.000909e-04 9.131881e-03 -5.056168e-04)	(-1.226440e-05 1.340785e-04 9.908892e-06)
293           	(2.099071e-04 9.254416e-03 -4.816299e-04)	(2.219794e-04 9.120536e-03 -4.918779e-04)	(-1.207238e-05 1.338801e-04 1.024799e-05)
294           	(2.306777e-04 9.254366e-03 -4.711724e-04)	(2.425554e-04 9.120652e-03 -4.817150e-04)	(-1.187773e-05 1.337140e-04 1.054261e-05)
295           	(2.518318e-04 9.255084e-03 -4.640664e-04)	(2.635130e-04 9.121503e-03 -4.748568e-04)	(-1.168126e-05 1.335815e-04 1.079039e-05)
296           	(2.745592e-04 9.251244e-03 -4.572807e-04)	(2.860366e-04 9.117790e-03 -4.682732e-04)	(-1.147744e-05 1.334542e-04 1.099252e-05)
297           	(2.964649e-04 9.253702e-03 -4.553293e-04)	(3.077434e-04 9.120345e-03 -4.664740e-04)	(-1.127846e-05 1.333561e-04 1.114465e-05)
298           	(3.189744e-04 9.252085e-03 -4.523193e-04)	(3.300576e-04 9.118818e-03 -4.635795e-04)	(-1.108327e-05 1.332665e-04 1.126016e-05)
299           	(3.420928e-04 9.250777e-03 -4.500418e-04)	(3.529869e-04 9.117593e-03 -4.613825e-04)	(-1.089414e-05 1.331837e-04 1.134067e-05)
300           	(3.658501e-04 9.249739e-03 -4.477997e-04)	(3.765595e-04 9.116629e-03 -4.591902e-04)	(-1.070938e-05 1.331095e-04 1.139044e-05)
301           	(3.902530e-04 9.248927e-03 -4.448146e-04)	(4.007821e-04 9.115883e-03 -4.562312e-04)	(-1.052904e-05 1.330438e-04 1.141662e-05)
302           	(4.151893e-04 9.248307e-03 -4.403655e-04)	(4.255385e-04 9.115321e-03 -4.517916e-04)	(-1.034917e-05 1.329858e-04 1.142615e-05)
303           	(4.404442e-04 9.247881e-03 -4.337354e-04)	(4.506121e-04 9.114946e-03 -4.451591e-04)	(-1.016792e-05 1.329352e-04 1.142376e-05)
304           	(4.657056e-04 9.247636e-03 -4.243590e-04)	(4.756869e-04 9.114745e-03 -4.357786e-04)	(-9.981288e-06 1.328909e-04 1.141960e-05)
305           	(4.906381e-04 9.247553e-03 -4.117637e-04)	(5.004269e-04 9.114700e-03 -4.231776e-04)	(-9.788876e-06 1.328530e-04 1.141396e-05)
306           	(5.149491e-04 9.247636e-03 -3.955355e-04)	(5.245369e-04 9.114816e-03 -4.069553e-04)	(-9.587832e-06 1.328202e-04 1.141980e-05)
307           	(5.383260e-04 9.247922e-03 -3.753341e-04)	(5.477044e-04 9.115129e-03 -3.867683e-04)	(-9.378463e-06 1.327928e-04 1.143417e-05)
308           	(5.607966e-04 9.249258e-03 -3.487640e-04)	(5.699544e-04 9.116485e-03 -3.602393e-04)	(-9.157756e-06 1.327735e-04 1.147535e-05)
309           	(5.816503e-04 9.250667e-03 -3.177969e-04)	(5.905793e-04 9.117906e-03 -3.293392e-04)	(-8.928986e-06 1.327609e-04 1.154233e-05)
310           	(6.002250e-04 9.252314e-03 -2.827919e-04)	(6.089222e-04 9.119560e-03 -2.944354e-04)	(-8.697223e-06 1.327539e-04 1.164357e-05)
311           	(6.157164e-04 9.254233e-03 -2.447501e-04)	(6.241929e-04 9.121480e-03 -2.565241e-04)	(-8.476473e-06 1.327534e-04 1.177408e-05)
312           	(6.273362e-04 9.256383e-03 -2.050550e-04)	(6.356161e-04 9.123625e-03 -2.170054e-04)	(-8.279833e-06 1.327580e-04 1.195041e-05)
313           	(6.343179e-04 9.258646e-03 -1.652635e-04)	(6.424398e-04 9.125879e-03 -1.774214e-04)	(-8.121938e-06 1.327679e-04 1.215799e-05)
314           	(6.361439e-04 9.260910e-03 -1.269640e-04)	(6.441567e-04 9.128129e-03 -1.393579e-04)	(-8.012809e-06 1.327814e-04 1.239388e-05)
315           	(6.328037e-04 9.262979e-03 -9.076858e-05)	(6.407691e-04 9.130181e-03 -1.034125e-04)	(-7.965350e-06 1.327983e-04 1.264388e-05)
316           	(6.247466e-04 9.264745e-03 -5.702643e-05)	(6.327329e-04 9.131928e-03 -6.993271e-05)	(-7.986298e-06 1.328172e-04 1.290628e-05)
317           	(6.126443e-04 9.266131e-03 -2.599703e-05)	(6.207267e-04 9.133293e-03 -3.916742e-05)	(-8.082405e-06 1.328379e-04 1.317039e-05)
318           	(5.972507e-04 9.267081e-03 2.128097e-06)	(6.055054e-04 9.134222e-03 -1.130954e-05)	(-8.254664e-06 1.328590e-04 1.343764e-05)
319           	(5.796220e-04 9.267518e-03 2.745224e-05)	(5.881212e-04 9.134638e-03 1.375460e-05)	(-8.499201e-06 1.328801e-04 1.369764e-05)
320           	(5.609151e-04 9.267367e-03 5.028576e-05)	(5.697246e-04 9.134467e-03 3.633933e-05)	(-8.809482e-06 1.329002e-04 1.394643e-05)
321           	(5.422226e-04 9.266563e-03 7.108342e-05)	(5.513979e-04 9.133645e-03 5.690139e-05)	(-9.175305e-06 1.329181e-04 1.418203e-05)
322           	(5.245438e-04 9.265103e-03 9.026573e-05)	(5.341253e-04 9.132170e-03 7.586468e-05)	(-9.581556e-06 1.329328e-04 1.440104e-05)
323           	(5.087088e-04 9.263335e-03 1.074864e-04)	(5.187218e-04 9.130390e-03 9.288498e-05)	(-1.001300e-05 1.329444e-04 1.460139e-05)
324           	(4.954865e-04 9.261273e-03 1.244017e-04)	(5.059364e-04 9.128320e-03 1.096172e-04)	(-1.044990e-05 1.329528e-04 1.478453e-05)
325           	(4.854130e-04 9.258546e-03 1.423427e-04)	(4.962844e-04 9.125589e-03 1.273940e-04)	(-1.087139e-05 1.329568e-04 1.494871e-05)
326           	(4.787067e-04 9.255238e-03 1.617404e-04)	(4.899656e-04 9.122282e-03 1.466455e-04)	(-1.125885e-05 1.329556e-04 1.509496e-05)
327           	(4.754334e-04 9.251495e-03 1.829810e-04)	(4.870291e-04 9.118547e-03 1.677518e-04)	(-1.159572e-05 1.329489e-04 1.522919e-05)
328           	(4.755456e-04 9.247504e-03 2.064014e-04)	(4.874137e-04 9.114566e-03 1.910431e-04)	(-1.186812e-05 1.329373e-04 1.535830e-05)
329           	(4.789744e-04 9.243227e-03 2.333473e-04)	(4.910403e-04 9.110306e-03 2.178548e-04)	(-1.206589e-05 1.329212e-04 1.549250e-05)
330           	(4.854207e-04 9.239269e-03 2.643211e-04)	(4.976020e-04 9.106365e-03 2.486800e-04)	(-1.218125e-05 1.329032e-04 1.564105e-05)
331           	(4.942132e-04 9.236184e-03 2.972983e-04)	(5.064246e-04 9.103297e-03 2.814969e-04)	(-1.221139e-05 1.328877e-04 1.580136e-05)
332           	(5.068088e-04 9.261540e-03 3.369959e-04)	(5.189557e-04 9.128553e-03 3.210097e-04)	(-1.214690e-05 1.329866e-04 1.598625e-05)
333           	(5.176557e-04 9.257334e-03 3.684223e-04)	(5.296647e-04 9.124281e-03 3.522559e-04)	(-1.200899e-05 1.330523e-04 1.616637e-05)
334           	(5.307123e-04 9.270772e-03 4.055736e-04)	(5.425138e-04 9.137621e-03 3.892212e-04)	(-1.180151e-05 1.331506e-04 1.635243e-05)
335           	(5.412121e-04 9.267542e-03 4.300757e-04)	(5.527619e-04 9.134323e-03 4.135655e-04)	(-1.154978e-05 1.332185e-04 1.651020e-05)
336           	(5.515902e-04 9.265650e-03 4.528513e-04)	(5.628581e-04 9.132388e-03 4.362102e-04)	(-1.126796e-05 1.332621e-04 1.664116e-05)
337           	(5.619441e-04 9.265288e-03 4.742301e-04)	(5.729072e-04 9.131987e-03 4.574800e-04)	(-1.096307e-05 1.333012e-04 1.675013e-05)
338           	(5.723190e-04 9.266467e-03 4.942812e-04)	(5.829634e-04 9.133123e-03 4.774403e-04)	(-1.064437e-05 1.333438e-04 1.684092e-05)
339           	(5.827134e-04 9.269109e-03 5.131632e-04)	(5.930353e-04 9.135713e-03 4.962424e-04)	(-1.032188e-05 1.333959e-04 1.692079e-05)
340           	(5.930942e-04 9.273097e-03 5.310770e-04)	(6.030955e-04 9.139635e-03 5.140823e-04)	(-1.000132e-05 1.334613e-04 1.699465e-05)
341           	(6.033517e-04 9.278273e-03 5.480853e-04)	(6.130395e-04 9.144730e-03 5.310148e-04)	(-9.687801e-06 1.335428e-04 1.707051e-05)
342           	(6.133445e-04 9.284453e-03 5.641300e-04)	(6.227310e-04 9.150812e-03 5.469740e-04)	(-9.386469e-06 1.336416e-04 1.715596e-05)
343           	(6.229249e-04 9.291438e-03 5.791388e-04)	(6.320261e-04 9.157680e-03 5.618820e-04)	(-9.101186e-06 1.337577e-04 1.725676e-05)
344           	(6.319549e-04 9.299001e-03 5.929707e-04)	(6.407893e-04 9.165111e-03 5.755956e-04)	(-8.834405e-06 1.338904e-04 1.737505e-05)
345           	(6.403538e-04 9.306900e-03 6.055233e-04)	(6.489443e-04 9.172862e-03 5.880133e-04)	(-8.590441e-06 1.340380e-04 1.750999e-05)
346           	(6.481640e-04 9.313654e-03 6.171115e-04)	(6.565375e-04 9.179461e-03 5.994503e-04)	(-8.373545e-06 1.341935e-04 1.766121e-05)
347           	(6.554037e-04 9.320643e-03 6.273166e-04)	(6.635916e-04 9.186286e-03 6.094920e-04)	(-8.187948e-06 1.343573e-04 1.782452e-05)
348           	(6.621633e-04 9.327799e-03 6.360165e-04)	(6.702005e-04 9.193270e-03 6.180196e-04)	(-8.037203e-06 1.345298e-04 1.799684e-05)
349           	(6.685685e-04 9.335029e-03 6.431388e-04)	(6.764942e-04 9.200318e-03 6.249635e-04)	(-7.925712e-06 1.347107e-04 1.817529e-05)
350           	(6.747862e-04 9.342355e-03 6.486813e-04)	(6.826410e-04 9.207455e-03 6.303250e-04)	(-7.854823e-06 1.348994e-04 1.835635e-05)
351           	(6.810332e-04 9.349495e-03 6.531474e-04)	(6.888561e-04 9.214400e-03 6.346105e-04)	(-7.822838e-06 1.350947e-04 1.853687e-05)
352           	(6.875371e-04 9.356592e-03 6.567480e-04)	(6.953639e-04 9.221296e-03 6.380326e-04)	(-7.826758e-06 1.352961e-04 1.871537e-05)
353           	(6.944689e-04 9.363659e-03 6.597347e-04)	(7.023308e-04 9.228156e-03 6.408435e-04)	(-7.861922e-06 1.355032e-04 1.889127e-05)
354           	(7.019096e-04 9.370698e-03 6.622509e-04)	(7.098313e-04 9.234982e-03 6.431870e-04)	(-7.921716e-06 1.357155e-04 1.906386e-05)
355           	(7.098570e-04 9.377652e-03 6.643649e-04)	(7.178552e-04 9.241720e-03 6.451346e-04)	(-7.998230e-06 1.359320e-04 1.923035e-05)
356           	(7.182729e-04 9.384415e-03 6.661675e-04)	(7.263558e-04 9.248264e-03 6.467760e-04)	(-8.082880e-06 1.361512e-04 1.939150e-05)
357           	(7.271131e-04 9.390981e-03 6.676366e-04)	(7.352809e-04 9.254609e-03 6.480900e-04)	(-8.167746e-06 1.363717e-04 1.954661e-05)
358           	(7.363453e-04 9.397124e-03 6.691233e-04)	(7.445898e-04 9.260533e-03 6.494285e-04)	(-8.244523e-06 1.365913e-04 1.969481e-05)
359           	(7.459118e-04 9.402772e-03 6.707482e-04)	(7.542172e-04 9.265964e-03 6.509109e-04)	(-8.305379e-06 1.368077e-04 1.983731e-05)
360           	(7.557209e-04 9.407891e-03 6.725812e-04)	(7.640651e-04 9.270873e-03 6.526050e-04)	(-8.344282e-06 1.370188e-04 1.997614e-05)
361           	(7.658513e-04 9.427770e-03 6.765811e-04)	(7.742034e-04 9.290485e-03 6.564644e-04)	(-8.352189e-06 1.372852e-04 2.011674e-05)
362           	(7.758160e-04 9.430513e-03 6.784897e-04)	(7.841439e-04 9.292992e-03 6.582330e-04)	(-8.327913e-06 1.375204e-04 2.025672e-05)
363           	(7.856745e-04 9.432660e-03 6.805682e-04)	(7.939432e-04 9.294938e-03 6.601768e-04)	(-8.268757e-06 1.377221e-04 2.039148e-05)
364           	(7.953422e-04 9.434508e-03 6.828263e-04)	(8.035124e-04 9.296606e-03 6.623005e-04)	(-8.170159e-06 1.379023e-04 2.052582e-05)
365           	(8.046953e-04 9.436264e-03 6.851579e-04)	(8.127275e-04 9.298199e-03 6.644989e-04)	(-8.032175e-06 1.380647e-04 2.065895e-05)
366           	(8.135911e-04 9.438064e-03 6.874015e-04)	(8.214473e-04 9.299851e-03 6.666129e-04)	(-7.856254e-06 1.382124e-04 2.078860e-05)
367           	(8.219390e-04 9.440163e-03 6.894815e-04)	(8.295861e-04 9.301814e-03 6.685676e-04)	(-7.647102e-06 1.383487e-04 2.091389e-05)
368           	(8.295791e-04 9.442371e-03 6.909365e-04)	(8.369890e-04 9.303895e-03 6.699037e-04)	(-7.409949e-06 1.384757e-04 2.103275e-05)
369           	(8.364436e-04 9.444656e-03 6.915168e-04)	(8.435959e-04 9.306061e-03 6.703724e-04)	(-7.152345e-06 1.385951e-04 2.114434e-05)
370           	(8.425057e-04 9.446981e-03 6.910362e-04)	(8.493875e-04 9.308273e-03 6.697881e-04)	(-6.881812e-06 1.387079e-04 2.124816e-05)
371           	(8.477653e-04 9.449318e-03 6.893449e-04)	(8.543697e-04 9.310502e-03 6.680038e-04)	(-6.604315e-06 1.388152e-04 2.134111e-05)
372           	(8.522711e-04 9.451640e-03 6.863878e-04)	(8.585968e-04 9.312722e-03 6.649654e-04)	(-6.325678e-06 1.389179e-04 2.142240e-05)
373           	(8.560966e-04 9.453915e-03 6.821533e-04)	(8.621480e-04 9.314898e-03 6.606613e-04)	(-6.051394e-06 1.390167e-04 2.149201e-05)
374           	(8.593010e-04 9.455966e-03 6.765453e-04)	(8.650873e-04 9.316855e-03 6.549970e-04)	(-5.786289e-06 1.391115e-04 2.154825e-05)
375           	(8.620293e-04 9.457926e-03 6.697075e-04)	(8.675635e-04 9.318723e-03 6.481166e-04)	(-5.534225e-06 1.392029e-04 2.159093e-05)
376           	(8.644248e-04 9.459743e-03 6.616759e-04)	(8.697220e-04 9.320451e-03 6.400567e-04)	(-5.297137e-06 1.392912e-04 2.161919e-05)
377           	(8.665587e-04 9.461657e-03 6.516357e-04)	(8.716367e-04 9.322280e-03 6.300055e-04)	(-5.078013e-06 1.393771e-04 2.163021e-05)
378           	(8.687213e-04 9.463367e-03 6.405256e-04)	(8.736001e-04 9.323906e-03 6.188988e-04)	(-4.878842e-06 1.394602e-04 2.162682e-05)
379           	(8.709707e-04 9.471607e-03 6.275997e-04)	(8.756712e-04 9.332040e-03 6.059929e-04)	(-4.700467e-06 1.395668e-04 2.160674e-05)
380           	(8.737338e-04 9.465908e-03 6.138915e-04)	(8.782777e-04 9.326275e-03 5.923131e-04)	(-4.543881e-06 1.396336e-04 2.157835e-05)
381           	(8.771542e-04 9.461137e-03 6.011107e-04)	(8.815619e-04 9.321466e-03 5.795626e-04)	(-4.407646e-06 1.396711e-04 2.154816e-05)
382           	(8.813361e-04 9.458227e-03 5.904837e-04)	(8.856223e-04 9.318528e-03 5.689571e-04)	(-4.286214e-06 1.396992e-04 2.152667e-05)
383           	(8.864700e-04 9.460324e-03 5.844660e-04)	(8.906436e-04 9.320585e-03 5.629383e-04)	(-4.173624e-06 1.397392e-04 2.152772e-05)
384           	(8.923880e-04 9.456607e-03 5.775011e-04)	(8.964595e-04 9.316845e-03 5.559555e-04)	(-4.071481e-06 1.397619e-04 2.154565e-05)
385           	(8.995721e-04 9.452434e-03 5.747667e-04)	(9.035472e-04 9.312668e-03 5.531795e-04)	(-3.975077e-06 1.397661e-04 2.158726e-05)
386           	(9.079799e-04 9.448445e-03 5.765277e-04)	(9.118586e-04 9.308687e-03 5.548658e-04)	(-3.878751e-06 1.397582e-04 2.166193e-05)
387           	(9.172854e-04 9.443596e-03 5.815239e-04)	(9.210663e-04 9.303860e-03 5.597528e-04)	(-3.780847e-06 1.397359e-04 2.177112e-05)
388           	(9.273320e-04 9.438828e-03 5.890456e-04)	(9.310118e-04 9.299126e-03 5.671340e-04)	(-3.679837e-06 1.397013e-04 2.191162e-05)
389           	(9.379169e-04 9.434334e-03 5.988054e-04)	(9.414913e-04 9.294677e-03 5.767235e-04)	(-3.574485e-06 1.396572e-04 2.208192e-05)
390           	(9.488545e-04 9.430253e-03 6.104187e-04)	(9.523183e-04 9.290648e-03 5.881391e-04)	(-3.463858e-06 1.396059e-04 2.227959e-05)
391           	(9.599831e-04 9.426655e-03 6.234081e-04)	(9.633305e-04 9.287105e-03 6.009074e-04)	(-3.347360e-06 1.395493e-04 2.250067e-05)
392           	(9.715783e-04 9.423179e-03 6.376386e-04)	(9.748016e-04 9.283691e-03 6.148950e-04)	(-3.223232e-06 1.394876e-04 2.274357e-05)
393           	(9.824638e-04 9.419915e-03 6.511082e-04)	(9.855593e-04 9.280494e-03 6.281116e-04)	(-3.095538e-06 1.394211e-04 2.299651e-05)
394           	(9.932544e-04 9.416688e-03 6.643590e-04)	(9.962174e-04 9.277338e-03 6.411056e-04)	(-2.963006e-06 1.393495e-04 2.325345e-05)
395           	(1.003922e-03 9.413431e-03 6.770746e-04)	(1.006748e-03 9.274158e-03 6.535657e-04)	(-2.825951e-06 1.392732e-04 2.350892e-05)
396           	(1.014402e-03 9.410117e-03 6.889913e-04)	(1.017086e-03 9.270924e-03 6.652328e-04)	(-2.684041e-06 1.391929e-04 2.375853e-05)
397           	(1.024579e-03 9.406753e-03 6.998855e-04)	(1.027117e-03 9.267644e-03 6.758874e-04)	(-2.537447e-06 1.391096e-04 2.399812e-05)
398           	(1.034361e-03 9.403395e-03 7.096495e-04)	(1.036746e-03 9.264370e-03 6.854257e-04)	(-2.385504e-06 1.390248e-04 2.422380e-05)
399           	(1.043632e-03 9.400106e-03 7.182391e-04)	(1.045860e-03 9.261166e-03 6.938069e-04)	(-2.227192e-06 1.389400e-04 2.443219e-05)
400           	(1.052314e-03 9.396970e-03 7.257319e-04)	(1.054376e-03 9.258114e-03 7.011093e-04)	(-2.062296e-06 1.388568e-04 2.462266e-05)
401           	(1.060370e-03 9.394054e-03 7.322568e-04)	(1.062260e-03 9.255277e-03 7.074626e-04)	(-1.889507e-06 1.387771e-04 2.479425e-05)
402           	(1.067840e-03 9.391417e-03 7.380153e-04)	(1.069548e-03 9.252715e-03 7.130674e-04)	(-1.708091e-06 1.387024e-04 2.494789e-05)
403           	(1.074833e-03 9.389096e-03 7.432229e-04)	(1.076350e-03 9.250462e-03 7.181383e-04)	(-1.517144e-06 1.386342e-04 2.508455e-05)
404           	(1.081479e-03 9.387118e-03 7.481163e-04)	(1.082794e-03 9.248545e-03 7.229104e-04)	(-1.315182e-06 1.385738e-04 2.520592e-05)
405           	(1.088516e-03 9.385802e-03 7.571858e-04)	(1.089613e-03 9.247278e-03 7.318543e-04)	(-1.097019e-06 1.385244e-04 2.533148e-05)
406           	(1.094537e-03 9.383808e-03 7.610831e-04)	(1.095408e-03 9.245327e-03 7.356435e-04)	(-8.707015e-07 1.384808e-04 2.543959e-05)
407           	(1.100389e-03 9.381922e-03 7.652498e-04)	(1.101022e-03 9.243478e-03 7.397158e-04)	(-6.327075e-07 1.384442e-04 2.553396e-05)
408           	(1.105784e-03 9.377553e-03 7.674299e-04)	(1.106173e-03 9.239148e-03 7.418127e-04)	(-3.888618e-07 1.384056e-04 2.561719e-05)
409           	(1.111652e-03 9.378998e-03 7.771655e-04)	(1.111785e-03 9.240607e-03 7.514509e-04)	(-1.327316e-07 1.383910e-04 2.571456e-05)
410           	(1.117384e-03 9.378226e-03 7.877638e-04)	(1.117246e-03 9.239837e-03 7.619392e-04)	(1.377046e-07 1.383885e-04 2.582462e-05)
411           	(1.122811e-03 9.377581e-03 7.993907e-04)	(1.122393e-03 9.239186e-03 7.734458e-04)	(4.179889e-07 1.383949e-04 2.594487e-05)
412           	(1.127783e-03 9.377434e-03 8.117979e-04)	(1.127078e-03 9.239021e-03 7.857219e-04)	(7.055449e-07 1.384132e-04 2.607596e-05)
413           	(1.131658e-03 9.375415e-03 8.197321e-04)	(1.130666e-03 9.236981e-03 7.935312e-04)	(9.927222e-07 1.384340e-04 2.620097e-05)
414           	(1.134717e-03 9.373688e-03 8.282251e-04)	(1.133440e-03 9.235229e-03 8.019006e-04)	(1.276945e-06 1.384593e-04 2.632446e-05)
415           	(1.137349e-03 9.377037e-03 8.429621e-04)	(1.135787e-03 9.238527e-03 8.164898e-04)	(1.561994e-06 1.385104e-04 2.647233e-05)
416           	(1.138209e-03 9.375375e-03 8.508903e-04)	(1.136374e-03 9.236813e-03 8.242719e-04)	(1.834557e-06 1.385616e-04 2.661838e-05)
417           	(1.137596e-03 9.373850e-03 8.582844e-04)	(1.135504e-03 9.235238e-03 8.315243e-04)	(2.091634e-06 1.386122e-04 2.676011e-05)
418           	(1.135259e-03 9.372451e-03 8.649272e-04)	(1.132931e-03 9.233786e-03 8.380253e-04)	(2.328007e-06 1.386659e-04 2.690191e-05)
419           	(1.130268e-03 9.369106e-03 8.734192e-04)	(1.127729e-03 9.230391e-03 8.463641e-04)	(2.538923e-06 1.387153e-04 2.705509e-05)
420           	(1.124136e-03 9.367528e-03 8.769760e-04)	(1.121415e-03 9.228760e-03 8.497775e-04)	(2.721804e-06 1.387680e-04 2.719841e-05)
421           	(1.115515e-03 9.365650e-03 8.788141e-04)	(1.112640e-03 9.226826e-03 8.514848e-04)	(2.875067e-06 1.388241e-04 2.732932e-05)
422           	(1.102935e-03 9.362307e-03 8.774372e-04)	(1.099949e-03 9.223430e-03 8.499888e-04)	(2.985747e-06 1.388767e-04 2.744842e-05)
423           	(1.089103e-03 9.359295e-03 8.755517e-04)	(1.086044e-03 9.220368e-03 8.479940e-04)	(3.058905e-06 1.389272e-04 2.755769e-05)
424           	(1.071960e-03 9.358009e-03 8.696258e-04)	(1.068869e-03 9.219024e-03 8.419792e-04)	(3.090880e-06 1.389845e-04 2.764661e-05)
425           	(1.052178e-03 9.354102e-03 8.635290e-04)	(1.049099e-03 9.215067e-03 8.358036e-04)	(3.079477e-06 1.390357e-04 2.772546e-05)
426           	(1.029700e-03 9.348750e-03 8.563433e-04)	(1.026676e-03 9.209675e-03 8.285454e-04)	(3.023452e-06 1.390758e-04 2.779789e-05)
427           	(1.004491e-03 9.342634e-03 8.476555e-04)	(1.001570e-03 9.203528e-03 8.197925e-04)	(2.921328e-06 1.391056e-04 2.786301e-05)
428           	(9.767370e-04 9.335862e-03 8.377177e-04)	(9.739653e-04 9.196737e-03 8.097953e-04)	(2.771649e-06 1.391251e-04 2.792240e-05)
429           	(9.465026e-04 9.328834e-03 8.257259e-04)	(9.439292e-04 9.189698e-03 7.977518e-04)	(2.573420e-06 1.391358e-04 2.797416e-05)
430           	(9.144793e-04 9.321003e-03 8.142548e-04)	(9.121509e-04 9.181867e-03 7.862289e-04)	(2.328378e-06 1.391363e-04 2.802587e-05)
431           	(8.807814e-04 9.312651e-03 8.029461e-04)	(8.787441e-04 9.173525e-03 7.748634e-04)	(2.037282e-06 1.391264e-04 2.808266e-05)
432           	(8.454568e-04 9.304038e-03 7.912351e-04)	(8.437551e-04 9.164931e-03 7.630907e-04)	(1.701698e-06 1.391073e-04 2.814439e-05)
433           	(8.086481e-04 9.295072e-03 7.791388e-04)	(8.073248e-04 9.155993e-03 7.509281e-04)	(1.323348e-06 1.390791e-04 2.821072e-05)
434           	(7.704634e-04 9.285754e-03 7.666045e-04)	(7.695601e-04 9.146712e-03 7.383214e-04)	(9.033634e-07 1.390420e-04 2.828307e-05)
435           	(7.309987e-04 9.276083e-03 7.535726e-04)	(7.305555e-04 9.137087e-03 7.252103e-04)	(4.431808e-07 1.389957e-04 2.836231e-05)
436           	(6.903477e-04 9.266066e-03 7.400306e-04)	(6.904020e-04 9.127125e-03 7.115846e-04)	(-5.426368e-08 1.389404e-04 2.844602e-05)
437           	(6.486433e-04 9.255719e-03 7.259931e-04)	(6.492296e-04 9.116844e-03 6.974601e-04)	(-5.862377e-07 1.388756e-04 2.853300e-05)
438           	(6.060288e-04 9.245079e-03 7.114613e-04)	(6.071793e-04 9.106277e-03 6.828391e-04)	(-1.150514e-06 1.388015e-04 2.862228e-05)
439           	(5.626431e-04 9.234184e-03 6.964198e-04)	(5.643880e-04 9.095466e-03 6.677070e-04)	(-1.744869e-06 1.387182e-04 2.871281e-05)
440           	(5.186580e-04 9.223099e-03 6.808925e-04)	(5.210238e-04 9.084474e-03 6.520902e-04)	(-2.365870e-06 1.386259e-04 2.880234e-05)
441           	(4.742850e-04 9.211911e-03 6.649271e-04)	(4.772943e-04 9.073386e-03 6.360393e-04)	(-3.009359e-06 1.385251e-04 2.888785e-05)
442           	(4.298073e-04 9.200723e-03 6.486190e-04)	(4.334779e-04 9.062307e-03 6.196525e-04)	(-3.670641e-06 1.384166e-04 2.896648e-05)
443           	(3.855656e-04 9.189653e-03 6.321425e-04)	(3.899098e-04 9.051352e-03 6.031063e-04)	(-4.344189e-06 1.383012e-04 2.903625e-05)
444           	(3.419069e-04 9.178812e-03 6.156484e-04)	(3.469325e-04 9.040631e-03 5.865507e-04)	(-5.025653e-06 1.381804e-04 2.909772e-05)
