# Force       
# CofR        : (0.000000e+00 0.000000e+00 0.000000e+00)
#
# Time        	(total_x total_y total_z)	(pressure_x pressure_y pressure_z)	(viscous_x viscous_y viscous_z)
4901          	(2.829642e-01 2.304539e-01 9.604835e+02)	(2.789936e-01 2.299294e-01 9.604807e+02)	(3.970620e-03 5.245628e-04 2.780953e-03)
4902          	(2.832007e-01 2.306512e-01 9.604834e+02)	(2.792273e-01 2.301257e-01 9.604806e+02)	(3.973357e-03 5.255380e-04 2.779226e-03)
4903          	(2.833938e-01 2.308194e-01 9.604833e+02)	(2.794177e-01 2.302931e-01 9.604806e+02)	(3.976098e-03 5.263187e-04 2.777234e-03)
4904          	(2.835539e-01 2.309617e-01 9.604833e+02)	(2.795750e-01 2.304348e-01 9.604805e+02)	(3.978818e-03 5.268685e-04 2.775019e-03)
4905          	(2.836779e-01 2.310757e-01 9.604832e+02)	(2.796964e-01 2.305485e-01 9.604804e+02)	(3.981502e-03 5.272121e-04 2.772632e-03)
4906          	(2.837612e-01 2.311579e-01 9.604831e+02)	(2.797771e-01 2.306306e-01 9.604803e+02)	(3.984058e-03 5.273716e-04 2.770146e-03)
4907          	(2.838034e-01 2.312069e-01 9.604831e+02)	(2.798170e-01 2.306795e-01 9.604803e+02)	(3.986437e-03 5.273598e-04 2.767657e-03)
4908          	(2.838016e-01 2.312201e-01 9.604830e+02)	(2.798131e-01 2.306929e-01 9.604803e+02)	(3.988546e-03 5.271856e-04 2.765258e-03)
4909          	(2.837546e-01 2.311961e-01 9.604830e+02)	(2.797642e-01 2.306692e-01 9.604802e+02)	(3.990318e-03 5.268634e-04 2.763046e-03)
4910          	(2.836634e-01 2.311348e-01 9.604830e+02)	(2.796717e-01 2.306084e-01 9.604802e+02)	(3.991660e-03 5.263675e-04 2.761100e-03)
4911          	(2.835319e-01 2.310389e-01 9.604830e+02)	(2.795394e-01 2.305132e-01 9.604803e+02)	(3.992532e-03 5.257126e-04 2.759498e-03)
4912          	(2.833705e-01 2.309150e-01 9.604831e+02)	(2.793776e-01 2.303901e-01 9.604803e+02)	(3.992905e-03 5.248966e-04 2.758272e-03)
4913          	(2.831852e-01 2.307695e-01 9.604831e+02)	(2.791924e-01 2.302456e-01 9.604804e+02)	(3.992804e-03 5.239363e-04 2.757442e-03)
4914          	(2.829819e-01 2.306079e-01 9.604832e+02)	(2.789897e-01 2.300850e-01 9.604804e+02)	(3.992245e-03 5.228558e-04 2.757013e-03)
4915          	(2.827728e-01 2.304402e-01 9.604833e+02)	(2.787815e-01 2.299184e-01 9.604805e+02)	(3.991308e-03 5.217199e-04 2.756964e-03)
4916          	(2.825590e-01 2.302686e-01 9.604833e+02)	(2.785690e-01 2.297481e-01 9.604806e+02)	(3.990068e-03 5.205493e-04 2.757276e-03)
4917          	(2.823477e-01 2.300997e-01 9.604834e+02)	(2.783590e-01 2.295803e-01 9.604807e+02)	(3.988645e-03 5.193981e-04 2.757915e-03)
4918          	(2.821460e-01 2.299400e-01 9.604835e+02)	(2.781588e-01 2.294216e-01 9.604808e+02)	(3.987125e-03 5.183120e-04 2.758832e-03)
4919          	(2.819549e-01 2.297910e-01 9.604836e+02)	(2.779693e-01 2.292737e-01 9.604809e+02)	(3.985595e-03 5.173354e-04 2.759995e-03)
4920          	(2.817533e-01 2.296524e-01 9.604837e+02)	(2.777692e-01 2.291358e-01 9.604810e+02)	(3.984031e-03 5.165212e-04 2.761389e-03)
4921          	(2.815492e-01 2.295212e-01 9.604840e+02)	(2.775668e-01 2.290053e-01 9.604812e+02)	(3.982471e-03 5.158903e-04 2.762998e-03)
4922          	(2.814313e-01 2.294389e-01 9.604840e+02)	(2.774502e-01 2.289234e-01 9.604813e+02)	(3.981151e-03 5.154186e-04 2.764774e-03)
4923          	(2.813350e-01 2.293780e-01 9.604841e+02)	(2.773549e-01 2.288628e-01 9.604813e+02)	(3.980132e-03 5.151099e-04 2.766716e-03)
4924          	(2.812647e-01 2.293418e-01 9.604842e+02)	(2.772853e-01 2.288268e-01 9.604814e+02)	(3.979403e-03 5.149444e-04 2.768788e-03)
4925          	(2.812247e-01 2.293329e-01 9.604842e+02)	(2.772457e-01 2.288180e-01 9.604814e+02)	(3.978975e-03 5.149027e-04 2.770967e-03)
4926          	(2.812190e-01 2.293537e-01 9.604842e+02)	(2.772401e-01 2.288387e-01 9.604814e+02)	(3.978864e-03 5.149647e-04 2.773206e-03)
4927          	(2.812506e-01 2.294053e-01 9.604842e+02)	(2.772715e-01 2.288902e-01 9.604814e+02)	(3.979086e-03 5.150986e-04 2.775452e-03)
4928          	(2.813203e-01 2.294869e-01 9.604842e+02)	(2.773407e-01 2.289717e-01 9.604814e+02)	(3.979623e-03 5.152534e-04 2.777625e-03)
4929          	(2.814288e-01 2.295983e-01 9.604841e+02)	(2.774483e-01 2.290829e-01 9.604814e+02)	(3.980475e-03 5.153949e-04 2.779636e-03)
4930          	(2.815703e-01 2.297341e-01 9.604841e+02)	(2.775887e-01 2.292186e-01 9.604813e+02)	(3.981606e-03 5.154718e-04 2.781391e-03)
4931          	(2.817421e-01 2.298913e-01 9.604840e+02)	(2.777591e-01 2.293759e-01 9.604812e+02)	(3.983011e-03 5.154364e-04 2.782796e-03)
4932          	(2.819416e-01 2.300674e-01 9.604838e+02)	(2.779569e-01 2.295521e-01 9.604810e+02)	(3.984657e-03 5.152659e-04 2.783756e-03)
4933          	(2.821589e-01 2.302542e-01 9.604837e+02)	(2.781724e-01 2.297393e-01 9.604809e+02)	(3.986537e-03 5.149358e-04 2.784195e-03)
4934          	(2.824022e-01 2.304580e-01 9.604835e+02)	(2.784136e-01 2.299436e-01 9.604807e+02)	(3.988601e-03 5.144595e-04 2.784047e-03)
4935          	(2.826494e-01 2.306621e-01 9.604833e+02)	(2.786586e-01 2.301483e-01 9.604805e+02)	(3.990836e-03 5.138480e-04 2.783274e-03)
4936          	(2.828977e-01 2.308643e-01 9.604831e+02)	(2.789045e-01 2.303512e-01 9.604804e+02)	(3.993173e-03 5.131137e-04 2.781870e-03)
4937          	(2.831365e-01 2.310572e-01 9.604829e+02)	(2.791409e-01 2.305450e-01 9.604802e+02)	(3.995570e-03 5.122929e-04 2.779839e-03)
4938          	(2.833649e-01 2.312398e-01 9.604827e+02)	(2.793669e-01 2.307284e-01 9.604800e+02)	(3.997972e-03 5.114061e-04 2.777219e-03)
4939          	(2.835821e-01 2.314112e-01 9.604825e+02)	(2.795818e-01 2.309007e-01 9.604798e+02)	(4.000352e-03 5.105025e-04 2.774075e-03)
4940          	(2.837780e-01 2.315648e-01 9.604823e+02)	(2.797753e-01 2.310552e-01 9.604796e+02)	(4.002656e-03 5.095650e-04 2.770501e-03)
4941          	(2.839646e-01 2.316969e-01 9.604821e+02)	(2.799597e-01 2.311883e-01 9.604794e+02)	(4.004897e-03 5.085739e-04 2.766591e-03)
4942          	(2.841262e-01 2.318092e-01 9.604819e+02)	(2.801192e-01 2.313017e-01 9.604792e+02)	(4.007002e-03 5.075103e-04 2.762461e-03)
4943          	(2.842092e-01 2.318783e-01 9.604818e+02)	(2.802004e-01 2.313719e-01 9.604790e+02)	(4.008797e-03 5.063714e-04 2.758267e-03)
4944          	(2.842669e-01 2.319269e-01 9.604816e+02)	(2.802567e-01 2.314218e-01 9.604789e+02)	(4.010271e-03 5.051116e-04 2.754110e-03)
4945          	(2.843024e-01 2.319570e-01 9.604815e+02)	(2.802909e-01 2.314533e-01 9.604788e+02)	(4.011487e-03 5.037328e-04 2.750062e-03)
4946          	(2.843185e-01 2.319704e-01 9.604814e+02)	(2.803061e-01 2.314682e-01 9.604787e+02)	(4.012442e-03 5.022279e-04 2.746210e-03)
4947          	(2.843190e-01 2.319698e-01 9.604814e+02)	(2.803058e-01 2.314692e-01 9.604786e+02)	(4.013210e-03 5.006240e-04 2.742618e-03)
4948          	(2.843069e-01 2.319578e-01 9.604813e+02)	(2.802931e-01 2.314588e-01 9.604786e+02)	(4.013781e-03 4.989597e-04 2.739348e-03)
4949          	(2.842839e-01 2.319353e-01 9.604813e+02)	(2.802697e-01 2.314380e-01 9.604786e+02)	(4.014202e-03 4.972737e-04 2.736431e-03)
4950          	(2.842537e-01 2.319053e-01 9.604813e+02)	(2.802392e-01 2.314097e-01 9.604786e+02)	(4.014491e-03 4.955998e-04 2.733906e-03)
4951          	(2.842125e-01 2.318660e-01 9.604813e+02)	(2.801978e-01 2.313720e-01 9.604786e+02)	(4.014700e-03 4.939876e-04 2.731786e-03)
4952          	(2.841639e-01 2.318190e-01 9.604814e+02)	(2.801490e-01 2.313266e-01 9.604787e+02)	(4.014819e-03 4.924592e-04 2.730100e-03)
4953          	(2.840871e-01 2.317528e-01 9.604814e+02)	(2.800722e-01 2.312618e-01 9.604787e+02)	(4.014839e-03 4.910489e-04 2.728886e-03)
4954          	(2.840010e-01 2.316781e-01 9.604814e+02)	(2.799862e-01 2.311884e-01 9.604787e+02)	(4.014754e-03 4.897668e-04 2.728175e-03)
4955          	(2.839035e-01 2.315932e-01 9.604815e+02)	(2.798889e-01 2.311046e-01 9.604788e+02)	(4.014583e-03 4.886202e-04 2.728009e-03)
4956          	(2.838086e-01 2.315047e-01 9.604817e+02)	(2.797942e-01 2.310171e-01 9.604789e+02)	(4.014354e-03 4.875962e-04 2.728407e-03)
4957          	(2.837031e-01 2.314082e-01 9.604818e+02)	(2.796890e-01 2.309215e-01 9.604791e+02)	(4.014109e-03 4.866958e-04 2.729380e-03)
4958          	(2.835913e-01 2.313080e-01 9.604820e+02)	(2.795774e-01 2.308221e-01 9.604792e+02)	(4.013821e-03 4.858972e-04 2.730938e-03)
4959          	(2.834734e-01 2.312053e-01 9.604821e+02)	(2.794599e-01 2.307201e-01 9.604794e+02)	(4.013542e-03 4.852050e-04 2.733046e-03)
4960          	(2.833544e-01 2.311042e-01 9.604823e+02)	(2.793411e-01 2.306197e-01 9.604796e+02)	(4.013298e-03 4.845697e-04 2.735649e-03)
4961          	(2.832430e-01 2.310122e-01 9.604824e+02)	(2.792298e-01 2.305282e-01 9.604797e+02)	(4.013140e-03 4.839688e-04 2.738639e-03)
4962          	(2.831491e-01 2.309375e-01 9.604825e+02)	(2.791360e-01 2.304542e-01 9.604798e+02)	(4.013119e-03 4.833512e-04 2.741880e-03)
4963          	(2.830806e-01 2.308856e-01 9.604826e+02)	(2.790673e-01 2.304029e-01 9.604799e+02)	(4.013304e-03 4.826851e-04 2.745218e-03)
4964          	(2.830437e-01 2.308604e-01 9.604826e+02)	(2.790299e-01 2.303785e-01 9.604799e+02)	(4.013739e-03 4.819180e-04 2.748491e-03)
4965          	(2.830442e-01 2.308662e-01 9.604826e+02)	(2.790298e-01 2.303851e-01 9.604799e+02)	(4.014483e-03 4.810459e-04 2.751531e-03)
4966          	(2.830828e-01 2.309021e-01 9.604826e+02)	(2.790672e-01 2.304220e-01 9.604798e+02)	(4.015563e-03 4.800433e-04 2.754189e-03)
4967          	(2.831581e-01 2.309664e-01 9.604824e+02)	(2.791411e-01 2.304875e-01 9.604797e+02)	(4.017009e-03 4.789077e-04 2.756332e-03)
4968          	(2.832664e-01 2.310557e-01 9.604823e+02)	(2.792476e-01 2.305781e-01 9.604795e+02)	(4.018801e-03 4.776399e-04 2.757852e-03)
4969          	(2.834020e-01 2.311649e-01 9.604821e+02)	(2.793810e-01 2.306886e-01 9.604794e+02)	(4.020921e-03 4.762526e-04 2.758663e-03)
4970          	(2.835595e-01 2.312893e-01 9.604819e+02)	(2.795362e-01 2.308146e-01 9.604791e+02)	(4.023285e-03 4.747656e-04 2.758722e-03)
4971          	(2.837345e-01 2.314254e-01 9.604817e+02)	(2.797087e-01 2.309522e-01 9.604789e+02)	(4.025836e-03 4.732247e-04 2.758024e-03)
4972          	(2.839192e-01 2.315670e-01 9.604814e+02)	(2.798908e-01 2.310954e-01 9.604787e+02)	(4.028453e-03 4.716710e-04 2.756586e-03)
4973          	(2.841068e-01 2.317086e-01 9.604812e+02)	(2.800758e-01 2.312385e-01 9.604784e+02)	(4.031048e-03 4.701317e-04 2.754469e-03)
4974          	(2.842911e-01 2.318452e-01 9.604809e+02)	(2.802575e-01 2.313766e-01 9.604782e+02)	(4.033530e-03 4.686265e-04 2.751756e-03)
4975          	(2.844666e-01 2.319725e-01 9.604807e+02)	(2.804307e-01 2.315053e-01 9.604779e+02)	(4.035856e-03 4.671641e-04 2.748537e-03)
4976          	(2.846284e-01 2.320865e-01 9.604805e+02)	(2.805904e-01 2.316207e-01 9.604777e+02)	(4.037963e-03 4.657310e-04 2.744918e-03)
4977          	(2.847725e-01 2.321841e-01 9.604803e+02)	(2.807326e-01 2.317198e-01 9.604776e+02)	(4.039863e-03 4.643102e-04 2.741019e-03)
4978          	(2.848992e-01 2.322634e-01 9.604802e+02)	(2.808576e-01 2.318005e-01 9.604774e+02)	(4.041585e-03 4.628706e-04 2.736950e-03)
4979          	(2.850154e-01 2.323263e-01 9.604800e+02)	(2.809722e-01 2.318649e-01 9.604773e+02)	(4.043205e-03 4.613779e-04 2.732832e-03)
4980          	(2.851085e-01 2.323695e-01 9.604800e+02)	(2.810638e-01 2.319096e-01 9.604772e+02)	(4.044731e-03 4.598212e-04 2.728787e-03)
4981          	(2.851749e-01 2.323921e-01 9.604799e+02)	(2.811288e-01 2.319339e-01 9.604772e+02)	(4.046179e-03 4.582180e-04 2.724920e-03)
4982          	(2.852183e-01 2.323966e-01 9.604799e+02)	(2.811707e-01 2.319401e-01 9.604772e+02)	(4.047531e-03 4.565612e-04 2.721331e-03)
4983          	(2.852367e-01 2.323838e-01 9.604799e+02)	(2.811879e-01 2.319289e-01 9.604772e+02)	(4.048794e-03 4.548846e-04 2.718091e-03)
4984          	(2.852349e-01 2.323556e-01 9.604800e+02)	(2.811850e-01 2.319024e-01 9.604773e+02)	(4.049947e-03 4.531858e-04 2.715259e-03)
4985          	(2.852156e-01 2.323140e-01 9.604800e+02)	(2.811647e-01 2.318625e-01 9.604773e+02)	(4.050974e-03 4.514978e-04 2.712886e-03)
4986          	(2.851802e-01 2.322597e-01 9.604801e+02)	(2.811284e-01 2.318099e-01 9.604774e+02)	(4.051845e-03 4.498289e-04 2.711017e-03)
4987          	(2.851347e-01 2.321971e-01 9.604802e+02)	(2.810822e-01 2.317489e-01 9.604774e+02)	(4.052569e-03 4.482004e-04 2.709681e-03)
4988          	(2.850818e-01 2.321271e-01 9.604802e+02)	(2.810287e-01 2.316805e-01 9.604775e+02)	(4.053133e-03 4.466037e-04 2.708885e-03)
4989          	(2.850248e-01 2.320542e-01 9.604803e+02)	(2.809712e-01 2.316092e-01 9.604776e+02)	(4.053582e-03 4.450687e-04 2.708616e-03)
4990          	(2.849669e-01 2.319828e-01 9.604804e+02)	(2.809129e-01 2.315392e-01 9.604777e+02)	(4.053937e-03 4.436080e-04 2.708865e-03)
4991          	(2.848437e-01 2.318878e-01 9.604809e+02)	(2.807896e-01 2.314456e-01 9.604782e+02)	(4.054017e-03 4.422884e-04 2.709649e-03)
4992          	(2.846881e-01 2.317803e-01 9.604815e+02)	(2.806343e-01 2.313393e-01 9.604788e+02)	(4.053857e-03 4.410815e-04 2.710914e-03)
4993          	(2.845369e-01 2.316812e-01 9.604820e+02)	(2.804833e-01 2.312412e-01 9.604792e+02)	(4.053577e-03 4.400110e-04 2.712616e-03)
4994          	(2.844242e-01 2.316074e-01 9.604824e+02)	(2.803709e-01 2.311683e-01 9.604796e+02)	(4.053346e-03 4.390605e-04 2.714675e-03)
4995          	(2.843972e-01 2.315789e-01 9.604824e+02)	(2.803438e-01 2.311407e-01 9.604797e+02)	(4.053448e-03 4.382016e-04 2.716985e-03)
4996          	(2.843829e-01 2.315693e-01 9.604825e+02)	(2.803290e-01 2.311319e-01 9.604797e+02)	(4.053842e-03 4.374676e-04 2.719492e-03)
4997          	(2.843861e-01 2.315790e-01 9.604825e+02)	(2.803316e-01 2.311421e-01 9.604798e+02)	(4.054557e-03 4.368607e-04 2.722107e-03)
4998          	(2.844091e-01 2.316087e-01 9.604825e+02)	(2.803535e-01 2.311723e-01 9.604798e+02)	(4.055617e-03 4.363750e-04 2.724744e-03)
4999          	(2.844519e-01 2.316574e-01 9.604825e+02)	(2.803949e-01 2.312214e-01 9.604798e+02)	(4.057065e-03 4.360034e-04 2.727303e-03)
5000          	(2.845125e-01 2.317221e-01 9.604825e+02)	(2.804536e-01 2.312864e-01 9.604798e+02)	(4.058879e-03 4.357046e-04 2.729680e-03)
5001          	(2.845866e-01 2.317977e-01 9.604825e+02)	(2.805255e-01 2.313622e-01 9.604797e+02)	(4.061045e-03 4.354483e-04 2.731790e-03)
5002          	(2.846738e-01 2.318808e-01 9.604824e+02)	(2.806103e-01 2.314456e-01 9.604797e+02)	(4.063492e-03 4.351682e-04 2.733550e-03)
5003          	(2.847683e-01 2.319666e-01 9.604823e+02)	(2.807021e-01 2.315318e-01 9.604796e+02)	(4.066142e-03 4.348185e-04 2.734886e-03)
5004          	(2.848664e-01 2.320510e-01 9.604822e+02)	(2.807975e-01 2.316167e-01 9.604795e+02)	(4.068884e-03 4.343296e-04 2.735748e-03)
5005          	(2.849643e-01 2.321300e-01 9.604821e+02)	(2.808926e-01 2.316964e-01 9.604794e+02)	(4.071635e-03 4.336618e-04 2.736091e-03)
5006          	(2.850583e-01 2.321997e-01 9.604820e+02)	(2.809840e-01 2.317669e-01 9.604793e+02)	(4.074295e-03 4.327650e-04 2.735894e-03)
5007          	(2.851461e-01 2.322577e-01 9.604819e+02)	(2.810693e-01 2.318261e-01 9.604791e+02)	(4.076811e-03 4.316434e-04 2.735149e-03)
5008          	(2.852289e-01 2.323038e-01 9.604817e+02)	(2.811498e-01 2.318735e-01 9.604790e+02)	(4.079146e-03 4.302814e-04 2.733855e-03)
5009          	(2.853034e-01 2.323376e-01 9.604816e+02)	(2.812221e-01 2.319089e-01 9.604789e+02)	(4.081285e-03 4.287055e-04 2.732035e-03)
5010          	(2.853691e-01 2.323597e-01 9.604815e+02)	(2.812859e-01 2.319328e-01 9.604787e+02)	(4.083238e-03 4.269465e-04 2.729725e-03)
5011          	(2.854261e-01 2.323712e-01 9.604813e+02)	(2.813410e-01 2.319462e-01 9.604786e+02)	(4.085033e-03 4.250610e-04 2.726997e-03)
5012          	(2.854739e-01 2.323730e-01 9.604812e+02)	(2.813872e-01 2.319499e-01 9.604785e+02)	(4.086680e-03 4.230773e-04 2.723940e-03)
5013          	(2.855144e-01 2.323650e-01 9.604811e+02)	(2.814262e-01 2.319439e-01 9.604784e+02)	(4.088211e-03 4.210349e-04 2.720659e-03)
5014          	(2.855398e-01 2.323429e-01 9.604810e+02)	(2.814502e-01 2.319240e-01 9.604783e+02)	(4.089636e-03 4.189309e-04 2.717263e-03)
5015          	(2.855486e-01 2.323073e-01 9.604810e+02)	(2.814576e-01 2.318905e-01 9.604782e+02)	(4.090961e-03 4.167718e-04 2.713877e-03)
5016          	(2.855391e-01 2.322575e-01 9.604809e+02)	(2.814469e-01 2.318430e-01 9.604782e+02)	(4.092177e-03 4.145638e-04 2.710614e-03)
5017          	(2.855096e-01 2.321954e-01 9.604809e+02)	(2.814163e-01 2.317830e-01 9.604782e+02)	(4.093291e-03 4.123262e-04 2.707596e-03)
5018          	(2.854630e-01 2.321203e-01 9.604809e+02)	(2.813687e-01 2.317102e-01 9.604782e+02)	(4.094296e-03 4.100473e-04 2.704911e-03)
5019          	(2.854024e-01 2.320346e-01 9.604809e+02)	(2.813072e-01 2.316269e-01 9.604782e+02)	(4.095229e-03 4.077289e-04 2.702640e-03)
5020          	(2.853330e-01 2.319408e-01 9.604809e+02)	(2.812369e-01 2.315354e-01 9.604782e+02)	(4.096120e-03 4.053580e-04 2.700818e-03)
5021          	(2.852624e-01 2.318470e-01 9.604810e+02)	(2.811654e-01 2.314441e-01 9.604783e+02)	(4.096993e-03 4.029414e-04 2.699470e-03)
5022          	(2.851977e-01 2.317617e-01 9.604810e+02)	(2.810998e-01 2.313612e-01 9.604783e+02)	(4.097859e-03 4.004975e-04 2.698577e-03)
5023          	(2.851474e-01 2.316899e-01 9.604810e+02)	(2.810487e-01 2.312918e-01 9.604783e+02)	(4.098755e-03 3.980321e-04 2.698121e-03)
5024          	(2.851187e-01 2.316378e-01 9.604810e+02)	(2.810190e-01 2.312423e-01 9.604783e+02)	(4.099688e-03 3.955705e-04 2.698042e-03)
5025          	(2.851168e-01 2.316106e-01 9.604810e+02)	(2.810161e-01 2.312174e-01 9.604783e+02)	(4.100712e-03 3.931368e-04 2.698281e-03)
5026          	(2.851444e-01 2.316125e-01 9.604810e+02)	(2.810425e-01 2.312217e-01 9.604783e+02)	(4.101859e-03 3.907866e-04 2.698748e-03)
5027          	(2.852018e-01 2.316441e-01 9.604810e+02)	(2.810986e-01 2.312555e-01 9.604783e+02)	(4.103160e-03 3.885831e-04 2.699399e-03)
5028          	(2.852812e-01 2.316992e-01 9.604810e+02)	(2.811766e-01 2.313126e-01 9.604783e+02)	(4.104653e-03 3.865746e-04 2.700175e-03)
5029          	(2.853284e-01 2.317577e-01 9.604811e+02)	(2.812222e-01 2.313728e-01 9.604784e+02)	(4.106216e-03 3.848620e-04 2.701071e-03)
5030          	(2.854540e-01 2.318560e-01 9.604811e+02)	(2.813459e-01 2.314726e-01 9.604784e+02)	(4.108079e-03 3.834344e-04 2.702021e-03)
5031          	(2.855815e-01 2.319620e-01 9.604812e+02)	(2.814713e-01 2.315797e-01 9.604784e+02)	(4.110235e-03 3.823467e-04 2.703056e-03)
5032          	(2.857016e-01 2.320685e-01 9.604812e+02)	(2.815890e-01 2.316868e-01 9.604785e+02)	(4.112615e-03 3.816080e-04 2.704180e-03)
5033          	(2.857527e-01 2.321535e-01 9.604814e+02)	(2.816377e-01 2.317722e-01 9.604787e+02)	(4.114994e-03 3.812804e-04 2.705446e-03)
5034          	(2.858343e-01 2.322452e-01 9.604815e+02)	(2.817168e-01 2.318639e-01 9.604788e+02)	(4.117494e-03 3.812741e-04 2.706820e-03)
5035          	(2.858873e-01 2.323165e-01 9.604816e+02)	(2.817673e-01 2.319349e-01 9.604789e+02)	(4.120052e-03 3.815620e-04 2.708326e-03)
5036          	(2.859086e-01 2.323644e-01 9.604817e+02)	(2.817861e-01 2.319824e-01 9.604790e+02)	(4.122558e-03 3.820630e-04 2.709949e-03)
5037          	(2.858981e-01 2.323866e-01 9.604818e+02)	(2.817732e-01 2.320039e-01 9.604791e+02)	(4.124966e-03 3.826864e-04 2.711655e-03)
5038          	(2.858568e-01 2.323815e-01 9.604820e+02)	(2.817296e-01 2.319982e-01 9.604792e+02)	(4.127203e-03 3.833280e-04 2.713390e-03)
5039          	(2.857909e-01 2.323531e-01 9.604821e+02)	(2.816616e-01 2.319692e-01 9.604794e+02)	(4.129233e-03 3.838846e-04 2.715085e-03)
5040          	(2.857057e-01 2.323045e-01 9.604822e+02)	(2.815747e-01 2.319202e-01 9.604795e+02)	(4.131014e-03 3.842632e-04 2.716659e-03)
5041          	(2.856068e-01 2.322392e-01 9.604823e+02)	(2.814743e-01 2.318548e-01 9.604795e+02)	(4.132536e-03 3.844157e-04 2.718029e-03)
5042          	(2.854990e-01 2.321604e-01 9.604823e+02)	(2.813652e-01 2.317762e-01 9.604796e+02)	(4.133782e-03 3.842708e-04 2.719140e-03)
5043          	(2.853872e-01 2.320720e-01 9.604823e+02)	(2.812525e-01 2.316882e-01 9.604796e+02)	(4.134762e-03 3.838146e-04 2.719957e-03)
5044          	(2.852766e-01 2.319783e-01 9.604823e+02)	(2.811412e-01 2.315953e-01 9.604796e+02)	(4.135466e-03 3.830366e-04 2.720466e-03)
5045          	(2.851734e-01 2.318837e-01 9.604823e+02)	(2.810375e-01 2.315017e-01 9.604796e+02)	(4.135918e-03 3.819537e-04 2.720658e-03)
5046          	(2.850800e-01 2.317918e-01 9.604823e+02)	(2.809439e-01 2.314112e-01 9.604796e+02)	(4.136139e-03 3.805964e-04 2.720559e-03)
5047          	(2.850001e-01 2.317061e-01 9.604823e+02)	(2.808639e-01 2.313271e-01 9.604795e+02)	(4.136173e-03 3.790252e-04 2.720199e-03)
5048          	(2.849344e-01 2.316291e-01 9.604822e+02)	(2.807984e-01 2.312518e-01 9.604795e+02)	(4.136031e-03 3.772820e-04 2.719630e-03)
5049          	(2.848983e-01 2.315702e-01 9.604821e+02)	(2.807625e-01 2.311948e-01 9.604794e+02)	(4.135794e-03 3.754337e-04 2.718903e-03)
5050          	(2.848621e-01 2.315156e-01 9.604821e+02)	(2.807267e-01 2.311421e-01 9.604794e+02)	(4.135446e-03 3.735214e-04 2.718092e-03)
5051          	(2.848410e-01 2.314745e-01 9.604820e+02)	(2.807059e-01 2.311029e-01 9.604793e+02)	(4.135036e-03 3.715836e-04 2.717262e-03)
5052          	(2.848349e-01 2.314470e-01 9.604819e+02)	(2.807003e-01 2.310774e-01 9.604792e+02)	(4.134613e-03 3.696442e-04 2.716482e-03)
5053          	(2.848487e-01 2.314355e-01 9.604819e+02)	(2.807144e-01 2.310677e-01 9.604792e+02)	(4.134267e-03 3.677414e-04 2.715804e-03)
5054          	(2.848957e-01 2.314486e-01 9.604818e+02)	(2.807616e-01 2.310828e-01 9.604791e+02)	(4.134081e-03 3.658755e-04 2.715273e-03)
5055          	(2.849668e-01 2.314825e-01 9.604817e+02)	(2.808326e-01 2.311184e-01 9.604790e+02)	(4.134139e-03 3.640785e-04 2.714927e-03)
5056          	(2.850512e-01 2.315320e-01 9.604817e+02)	(2.809168e-01 2.311697e-01 9.604790e+02)	(4.134444e-03 3.623655e-04 2.714783e-03)
5057          	(2.851480e-01 2.315974e-01 9.604816e+02)	(2.810130e-01 2.312367e-01 9.604789e+02)	(4.135042e-03 3.607586e-04 2.714824e-03)
5058          	(2.852299e-01 2.316656e-01 9.604816e+02)	(2.810940e-01 2.313063e-01 9.604789e+02)	(4.135866e-03 3.592847e-04 2.715045e-03)
5059          	(2.853214e-01 2.317485e-01 9.604816e+02)	(2.811844e-01 2.313905e-01 9.604789e+02)	(4.136954e-03 3.579830e-04 2.715390e-03)
5060          	(2.854265e-01 2.318474e-01 9.604816e+02)	(2.812882e-01 2.314905e-01 9.604788e+02)	(4.138287e-03 3.568816e-04 2.715810e-03)
5061          	(2.855429e-01 2.319608e-01 9.604816e+02)	(2.814030e-01 2.316047e-01 9.604788e+02)	(4.139858e-03 3.560308e-04 2.716236e-03)
5062          	(2.856696e-01 2.320872e-01 9.604816e+02)	(2.815280e-01 2.317317e-01 9.604788e+02)	(4.141589e-03 3.554660e-04 2.716621e-03)
5063          	(2.858013e-01 2.322244e-01 9.604816e+02)	(2.816579e-01 2.318692e-01 9.604788e+02)	(4.143416e-03 3.552302e-04 2.716915e-03)
5064          	(2.859328e-01 2.323658e-01 9.604816e+02)	(2.817875e-01 2.320104e-01 9.604788e+02)	(4.145244e-03 3.553477e-04 2.717095e-03)
5065          	(2.860541e-01 2.325037e-01 9.604816e+02)	(2.819071e-01 2.321479e-01 9.604789e+02)	(4.146997e-03 3.558516e-04 2.717151e-03)
5066          	(2.861563e-01 2.326301e-01 9.604816e+02)	(2.820077e-01 2.322733e-01 9.604789e+02)	(4.148569e-03 3.567284e-04 2.717101e-03)
5067          	(2.862295e-01 2.327391e-01 9.604817e+02)	(2.820796e-01 2.323812e-01 9.604790e+02)	(4.149906e-03 3.579702e-04 2.716979e-03)
5068          	(2.862666e-01 2.328204e-01 9.604817e+02)	(2.821157e-01 2.324609e-01 9.604790e+02)	(4.150937e-03 3.595237e-04 2.716835e-03)
5069          	(2.862599e-01 2.328675e-01 9.604818e+02)	(2.821082e-01 2.325062e-01 9.604791e+02)	(4.151635e-03 3.613252e-04 2.716706e-03)
5070          	(2.862114e-01 2.328781e-01 9.604819e+02)	(2.820594e-01 2.325148e-01 9.604792e+02)	(4.151995e-03 3.632780e-04 2.716635e-03)
5071          	(2.861281e-01 2.328545e-01 9.604820e+02)	(2.819761e-01 2.324892e-01 9.604793e+02)	(4.152069e-03 3.652988e-04 2.716651e-03)
5072          	(2.860144e-01 2.328008e-01 9.604821e+02)	(2.818626e-01 2.324335e-01 9.604794e+02)	(4.151884e-03 3.672989e-04 2.716763e-03)
5073          	(2.858824e-01 2.327266e-01 9.604822e+02)	(2.817309e-01 2.323574e-01 9.604795e+02)	(4.151510e-03 3.692104e-04 2.716968e-03)
5074          	(2.857436e-01 2.326388e-01 9.604823e+02)	(2.815926e-01 2.322679e-01 9.604796e+02)	(4.150975e-03 3.709731e-04 2.717254e-03)
5075          	(2.856489e-01 2.325523e-01 9.604822e+02)	(2.814984e-01 2.321798e-01 9.604795e+02)	(4.150486e-03 3.724760e-04 2.717596e-03)
5076          	(2.855194e-01 2.324604e-01 9.604823e+02)	(2.813695e-01 2.320866e-01 9.604795e+02)	(4.149874e-03 3.737632e-04 2.717962e-03)
5077          	(2.854045e-01 2.323745e-01 9.604823e+02)	(2.812554e-01 2.319997e-01 9.604796e+02)	(4.149152e-03 3.748115e-04 2.718338e-03)
5078          	(2.853077e-01 2.322973e-01 9.604823e+02)	(2.811594e-01 2.319217e-01 9.604796e+02)	(4.148346e-03 3.755944e-04 2.718695e-03)
5079          	(2.853050e-01 2.322536e-01 9.604821e+02)	(2.811573e-01 2.318776e-01 9.604794e+02)	(4.147736e-03 3.760444e-04 2.719000e-03)
5080          	(2.852562e-01 2.322064e-01 9.604820e+02)	(2.811092e-01 2.318302e-01 9.604793e+02)	(4.147050e-03 3.762672e-04 2.719256e-03)
5081          	(2.852320e-01 2.321763e-01 9.604820e+02)	(2.810857e-01 2.318000e-01 9.604793e+02)	(4.146278e-03 3.762764e-04 2.719466e-03)
5082          	(2.852332e-01 2.321650e-01 9.604819e+02)	(2.810878e-01 2.317889e-01 9.604792e+02)	(4.145479e-03 3.760929e-04 2.719602e-03)
5083          	(2.852627e-01 2.321763e-01 9.604818e+02)	(2.811180e-01 2.318006e-01 9.604791e+02)	(4.144715e-03 3.757639e-04 2.719659e-03)
5084          	(2.853211e-01 2.322110e-01 9.604817e+02)	(2.811771e-01 2.318357e-01 9.604790e+02)	(4.144003e-03 3.753244e-04 2.719619e-03)
5085          	(2.854120e-01 2.322715e-01 9.604816e+02)	(2.812685e-01 2.318967e-01 9.604789e+02)	(4.143412e-03 3.748285e-04 2.719468e-03)
5086          	(2.855375e-01 2.323617e-01 9.604815e+02)	(2.813945e-01 2.319873e-01 9.604787e+02)	(4.142977e-03 3.743300e-04 2.719182e-03)
5087          	(2.857232e-01 2.324954e-01 9.604813e+02)	(2.815804e-01 2.321216e-01 9.604786e+02)	(4.142808e-03 3.738782e-04 2.718739e-03)
5088          	(2.859323e-01 2.326529e-01 9.604812e+02)	(2.817894e-01 2.322794e-01 9.604784e+02)	(4.142904e-03 3.735131e-04 2.718126e-03)
5089          	(2.861553e-01 2.328278e-01 9.604810e+02)	(2.820120e-01 2.324545e-01 9.604783e+02)	(4.143266e-03 3.732739e-04 2.717349e-03)
5090          	(2.863813e-01 2.330119e-01 9.604809e+02)	(2.822375e-01 2.326387e-01 9.604782e+02)	(4.143845e-03 3.732029e-04 2.716419e-03)
5091          	(2.865995e-01 2.331969e-01 9.604809e+02)	(2.824549e-01 2.328235e-01 9.604781e+02)	(4.144625e-03 3.733397e-04 2.715383e-03)
5092          	(2.867742e-01 2.333609e-01 9.604808e+02)	(2.826287e-01 2.329872e-01 9.604781e+02)	(4.145467e-03 3.737241e-04 2.714298e-03)
5093          	(2.869251e-01 2.335104e-01 9.604808e+02)	(2.827788e-01 2.331360e-01 9.604781e+02)	(4.146328e-03 3.743956e-04 2.713230e-03)
5094          	(2.870434e-01 2.336364e-01 9.604809e+02)	(2.828962e-01 2.332610e-01 9.604781e+02)	(4.147155e-03 3.753707e-04 2.712245e-03)
5095          	(2.871280e-01 2.337380e-01 9.604809e+02)	(2.829800e-01 2.333613e-01 9.604782e+02)	(4.147913e-03 3.766638e-04 2.711412e-03)
5096          	(2.871777e-01 2.338112e-01 9.604810e+02)	(2.830291e-01 2.334329e-01 9.604783e+02)	(4.148543e-03 3.782625e-04 2.710766e-03)
5097          	(2.871908e-01 2.338536e-01 9.604812e+02)	(2.830418e-01 2.334734e-01 9.604785e+02)	(4.149012e-03 3.801340e-04 2.710353e-03)
5098          	(2.871655e-01 2.338625e-01 9.604814e+02)	(2.830162e-01 2.334803e-01 9.604786e+02)	(4.149269e-03 3.822241e-04 2.710180e-03)
5099          	(2.871004e-01 2.338361e-01 9.604815e+02)	(2.829512e-01 2.334516e-01 9.604788e+02)	(4.149281e-03 3.844572e-04 2.710266e-03)
5100          	(2.869947e-01 2.337723e-01 9.604818e+02)	(2.828457e-01 2.333856e-01 9.604790e+02)	(4.149017e-03 3.867420e-04 2.710576e-03)
5101          	(2.868482e-01 2.336703e-01 9.604820e+02)	(2.826997e-01 2.332813e-01 9.604793e+02)	(4.148482e-03 3.889933e-04 2.711102e-03)
5102          	(2.866632e-01 2.335310e-01 9.604822e+02)	(2.825156e-01 2.331399e-01 9.604795e+02)	(4.147679e-03 3.911146e-04 2.711796e-03)
5103          	(2.864451e-01 2.333589e-01 9.604824e+02)	(2.822984e-01 2.329659e-01 9.604797e+02)	(4.146664e-03 3.930301e-04 2.712642e-03)
5104          	(2.861863e-01 2.331533e-01 9.604826e+02)	(2.820409e-01 2.327586e-01 9.604799e+02)	(4.145441e-03 3.946906e-04 2.713586e-03)
5105          	(2.859098e-01 2.329286e-01 9.604828e+02)	(2.817657e-01 2.325325e-01 9.604801e+02)	(4.144054e-03 3.960738e-04 2.714617e-03)
5106          	(2.856280e-01 2.326951e-01 9.604830e+02)	(2.814855e-01 2.322980e-01 9.604803e+02)	(4.142570e-03 3.971655e-04 2.715687e-03)
5107          	(2.853520e-01 2.324619e-01 9.604832e+02)	(2.812109e-01 2.320639e-01 9.604804e+02)	(4.141055e-03 3.979780e-04 2.716776e-03)
5108          	(2.850918e-01 2.322371e-01 9.604833e+02)	(2.809522e-01 2.318386e-01 9.604805e+02)	(4.139545e-03 3.985132e-04 2.717849e-03)
5109          	(2.848604e-01 2.320311e-01 9.604833e+02)	(2.807223e-01 2.316323e-01 9.604806e+02)	(4.138109e-03 3.988044e-04 2.718883e-03)
5110          	(2.846656e-01 2.318509e-01 9.604834e+02)	(2.805288e-01 2.314521e-01 9.604807e+02)	(4.136773e-03 3.988577e-04 2.719844e-03)
5111          	(2.845149e-01 2.317037e-01 9.604834e+02)	(2.803793e-01 2.313050e-01 9.604807e+02)	(4.135573e-03 3.987008e-04 2.720708e-03)
5112          	(2.844078e-01 2.315889e-01 9.604833e+02)	(2.802733e-01 2.311906e-01 9.604806e+02)	(4.134521e-03 3.983209e-04 2.721440e-03)
5113          	(2.843480e-01 2.315103e-01 9.604833e+02)	(2.802144e-01 2.311126e-01 9.604805e+02)	(4.133627e-03 3.977565e-04 2.722006e-03)
5114          	(2.843374e-01 2.314693e-01 9.604832e+02)	(2.802045e-01 2.310723e-01 9.604804e+02)	(4.132879e-03 3.970116e-04 2.722373e-03)
5115          	(2.843752e-01 2.314657e-01 9.604830e+02)	(2.802429e-01 2.310696e-01 9.604803e+02)	(4.132307e-03 3.961026e-04 2.722517e-03)
5116          	(2.844595e-01 2.314981e-01 9.604829e+02)	(2.803276e-01 2.311031e-01 9.604801e+02)	(4.131903e-03 3.950538e-04 2.722417e-03)
5117          	(2.845872e-01 2.315650e-01 9.604827e+02)	(2.804555e-01 2.311711e-01 9.604800e+02)	(4.131690e-03 3.939151e-04 2.722069e-03)
5118          	(2.847530e-01 2.316687e-01 9.604825e+02)	(2.806213e-01 2.312759e-01 9.604798e+02)	(4.131656e-03 3.927556e-04 2.721479e-03)
5119          	(2.849533e-01 2.318005e-01 9.604824e+02)	(2.808215e-01 2.314089e-01 9.604797e+02)	(4.131838e-03 3.916452e-04 2.720664e-03)
5120          	(2.851960e-01 2.319556e-01 9.604823e+02)	(2.810637e-01 2.315650e-01 9.604795e+02)	(4.132287e-03 3.906017e-04 2.719654e-03)
5121          	(2.854526e-01 2.321282e-01 9.604822e+02)	(2.813196e-01 2.317385e-01 9.604795e+02)	(4.132986e-03 3.897316e-04 2.718489e-03)
5122          	(2.857126e-01 2.323110e-01 9.604821e+02)	(2.815787e-01 2.319219e-01 9.604794e+02)	(4.133890e-03 3.890926e-04 2.717224e-03)
5123          	(2.859635e-01 2.324934e-01 9.604821e+02)	(2.818285e-01 2.321047e-01 9.604794e+02)	(4.134977e-03 3.887335e-04 2.715920e-03)
5124          	(2.861869e-01 2.326603e-01 9.604822e+02)	(2.820508e-01 2.322716e-01 9.604794e+02)	(4.136193e-03 3.886595e-04 2.714656e-03)
5125          	(2.863600e-01 2.327952e-01 9.604822e+02)	(2.822225e-01 2.324064e-01 9.604795e+02)	(4.137488e-03 3.888584e-04 2.713492e-03)
5126          	(2.864862e-01 2.328976e-01 9.604823e+02)	(2.823474e-01 2.325083e-01 9.604796e+02)	(4.138791e-03 3.892846e-04 2.712485e-03)
5127          	(2.865645e-01 2.329647e-01 9.604824e+02)	(2.824244e-01 2.325748e-01 9.604797e+02)	(4.140093e-03 3.898853e-04 2.711671e-03)
5128          	(2.865925e-01 2.329932e-01 9.604825e+02)	(2.824512e-01 2.326026e-01 9.604798e+02)	(4.141327e-03 3.905715e-04 2.711079e-03)
5129          	(2.865720e-01 2.329811e-01 9.604827e+02)	(2.824295e-01 2.325899e-01 9.604800e+02)	(4.142467e-03 3.912585e-04 2.710701e-03)
5130          	(2.865068e-01 2.329319e-01 9.604828e+02)	(2.823634e-01 2.325400e-01 9.604801e+02)	(4.143455e-03 3.918501e-04 2.710547e-03)
5131          	(2.863977e-01 2.328499e-01 9.604830e+02)	(2.822535e-01 2.324576e-01 9.604803e+02)	(4.144272e-03 3.922965e-04 2.710593e-03)
5132          	(2.862129e-01 2.327185e-01 9.604832e+02)	(2.820681e-01 2.323260e-01 9.604804e+02)	(4.144783e-03 3.925315e-04 2.710864e-03)
5133          	(2.859679e-01 2.325476e-01 9.604835e+02)	(2.818230e-01 2.321551e-01 9.604808e+02)	(4.144958e-03 3.925477e-04 2.711331e-03)
5134          	(2.857894e-01 2.323897e-01 9.604836e+02)	(2.816443e-01 2.319974e-01 9.604809e+02)	(4.145096e-03 3.922728e-04 2.711933e-03)
5135          	(2.855120e-01 2.321789e-01 9.604839e+02)	(2.813670e-01 2.317871e-01 9.604812e+02)	(4.144996e-03 3.917670e-04 2.712719e-03)
5136          	(2.853150e-01 2.319966e-01 9.604840e+02)	(2.811701e-01 2.316056e-01 9.604813e+02)	(4.144922e-03 3.910281e-04 2.713638e-03)
5137          	(2.850671e-01 2.317856e-01 9.604841e+02)	(2.809223e-01 2.313955e-01 9.604814e+02)	(4.144782e-03 3.901592e-04 2.714735e-03)
5138          	(2.848771e-01 2.316029e-01 9.604842e+02)	(2.807324e-01 2.312137e-01 9.604815e+02)	(4.144693e-03 3.891979e-04 2.716000e-03)
5139          	(2.846970e-01 2.314271e-01 9.604843e+02)	(2.805523e-01 2.310388e-01 9.604816e+02)	(4.144704e-03 3.882363e-04 2.717458e-03)
5140          	(2.845265e-01 2.312583e-01 9.604844e+02)	(2.803817e-01 2.308710e-01 9.604817e+02)	(4.144782e-03 3.873077e-04 2.719151e-03)
5141          	(2.843753e-01 2.311091e-01 9.604845e+02)	(2.802304e-01 2.307226e-01 9.604818e+02)	(4.144932e-03 3.864916e-04 2.721090e-03)
5142          	(2.842429e-01 2.309786e-01 9.604846e+02)	(2.800978e-01 2.305928e-01 9.604818e+02)	(4.145134e-03 3.858094e-04 2.723308e-03)
5143          	(2.841317e-01 2.308695e-01 9.604847e+02)	(2.799863e-01 2.304843e-01 9.604819e+02)	(4.145392e-03 3.852746e-04 2.725798e-03)
5144          	(2.840436e-01 2.307838e-01 9.604848e+02)	(2.798980e-01 2.303989e-01 9.604820e+02)	(4.145662e-03 3.848691e-04 2.728543e-03)
5145          	(2.839796e-01 2.307217e-01 9.604849e+02)	(2.798337e-01 2.303371e-01 9.604821e+02)	(4.145943e-03 3.845818e-04 2.731501e-03)
5146          	(2.839392e-01 2.306825e-01 9.604850e+02)	(2.797930e-01 2.302982e-01 9.604822e+02)	(4.146214e-03 3.843624e-04 2.734622e-03)
5147          	(2.839207e-01 2.306637e-01 9.604851e+02)	(2.797742e-01 2.302795e-01 9.604823e+02)	(4.146481e-03 3.841846e-04 2.737850e-03)
5148          	(2.839207e-01 2.306614e-01 9.604851e+02)	(2.797740e-01 2.302774e-01 9.604824e+02)	(4.146753e-03 3.840040e-04 2.741124e-03)
5149          	(2.839369e-01 2.306730e-01 9.604852e+02)	(2.797899e-01 2.302892e-01 9.604825e+02)	(4.147047e-03 3.838282e-04 2.744378e-03)
5150          	(2.839630e-01 2.306921e-01 9.604853e+02)	(2.798156e-01 2.303085e-01 9.604825e+02)	(4.147362e-03 3.836381e-04 2.747545e-03)
5151          	(2.839962e-01 2.307160e-01 9.604853e+02)	(2.798485e-01 2.303326e-01 9.604825e+02)	(4.147725e-03 3.834433e-04 2.750552e-03)
5152          	(2.840294e-01 2.307382e-01 9.604853e+02)	(2.798813e-01 2.303550e-01 9.604826e+02)	(4.148120e-03 3.832414e-04 2.753316e-03)
5153          	(2.840592e-01 2.307555e-01 9.604853e+02)	(2.799107e-01 2.303724e-01 9.604825e+02)	(4.148542e-03 3.830354e-04 2.755755e-03)
5154          	(2.840853e-01 2.307672e-01 9.604853e+02)	(2.799364e-01 2.303844e-01 9.604825e+02)	(4.148952e-03 3.828239e-04 2.757787e-03)
5155          	(2.841066e-01 2.307723e-01 9.604853e+02)	(2.799572e-01 2.303898e-01 9.604825e+02)	(4.149334e-03 3.825897e-04 2.759337e-03)
5156          	(2.841220e-01 2.307705e-01 9.604852e+02)	(2.799724e-01 2.303882e-01 9.604824e+02)	(4.149624e-03 3.823054e-04 2.760335e-03)
5157          	(2.841317e-01 2.307620e-01 9.604851e+02)	(2.799819e-01 2.303801e-01 9.604824e+02)	(4.149808e-03 3.819401e-04 2.760735e-03)
5158          	(2.841358e-01 2.307476e-01 9.604851e+02)	(2.799860e-01 2.303661e-01 9.604823e+02)	(4.149848e-03 3.814616e-04 2.760504e-03)
5159          	(2.841359e-01 2.307282e-01 9.604850e+02)	(2.799861e-01 2.303473e-01 9.604822e+02)	(4.149734e-03 3.808569e-04 2.759661e-03)
5160          	(2.841307e-01 2.307035e-01 9.604849e+02)	(2.799812e-01 2.303234e-01 9.604821e+02)	(4.149459e-03 3.801252e-04 2.758250e-03)
5161          	(2.841182e-01 2.306719e-01 9.604848e+02)	(2.799691e-01 2.302926e-01 9.604821e+02)	(4.149062e-03 3.792854e-04 2.756359e-03)
5162          	(2.840960e-01 2.306306e-01 9.604848e+02)	(2.799474e-01 2.302522e-01 9.604820e+02)	(4.148569e-03 3.783468e-04 2.754102e-03)
5163          	(2.840633e-01 2.305789e-01 9.604847e+02)	(2.799152e-01 2.302016e-01 9.604820e+02)	(4.148053e-03 3.773340e-04 2.751615e-03)
5164          	(2.840201e-01 2.305114e-01 9.604847e+02)	(2.798725e-01 2.301352e-01 9.604820e+02)	(4.147560e-03 3.762619e-04 2.749046e-03)
5165          	(2.839668e-01 2.304338e-01 9.604847e+02)	(2.798197e-01 2.300586e-01 9.604820e+02)	(4.147107e-03 3.751965e-04 2.746536e-03)
5166          	(2.839049e-01 2.303476e-01 9.604848e+02)	(2.797582e-01 2.299733e-01 9.604820e+02)	(4.146679e-03 3.742120e-04 2.744205e-03)
5167          	(2.838355e-01 2.302535e-01 9.604848e+02)	(2.796892e-01 2.298801e-01 9.604821e+02)	(4.146274e-03 3.733704e-04 2.742166e-03)
5168          	(2.837614e-01 2.301552e-01 9.604848e+02)	(2.796156e-01 2.297825e-01 9.604821e+02)	(4.145837e-03 3.727214e-04 2.740502e-03)
5169          	(2.836857e-01 2.300558e-01 9.604849e+02)	(2.795403e-01 2.296835e-01 9.604821e+02)	(4.145357e-03 3.722893e-04 2.739273e-03)
5170          	(2.836151e-01 2.299651e-01 9.604849e+02)	(2.794703e-01 2.295930e-01 9.604822e+02)	(4.144771e-03 3.721069e-04 2.738477e-03)
5171          	(2.835485e-01 2.298784e-01 9.604850e+02)	(2.794044e-01 2.295063e-01 9.604822e+02)	(4.144069e-03 3.721387e-04 2.738119e-03)
5172          	(2.834898e-01 2.298001e-01 9.604850e+02)	(2.793466e-01 2.294278e-01 9.604822e+02)	(4.143210e-03 3.723827e-04 2.738157e-03)
5173          	(2.834393e-01 2.297308e-01 9.604850e+02)	(2.792971e-01 2.293580e-01 9.604823e+02)	(4.142211e-03 3.728165e-04 2.738550e-03)
5174          	(2.833981e-01 2.296725e-01 9.604850e+02)	(2.792570e-01 2.292991e-01 9.604823e+02)	(4.141059e-03 3.734301e-04 2.739239e-03)
5175          	(2.833677e-01 2.296280e-01 9.604850e+02)	(2.792279e-01 2.292537e-01 9.604823e+02)	(4.139786e-03 3.742320e-04 2.740174e-03)
5176          	(2.833470e-01 2.295975e-01 9.604850e+02)	(2.792086e-01 2.292223e-01 9.604823e+02)	(4.138409e-03 3.752351e-04 2.741289e-03)
5177          	(2.833337e-01 2.295794e-01 9.604851e+02)	(2.791968e-01 2.292030e-01 9.604823e+02)	(4.136976e-03 3.764453e-04 2.742538e-03)
5178          	(2.833096e-01 2.295682e-01 9.604850e+02)	(2.791742e-01 2.291903e-01 9.604823e+02)	(4.135470e-03 3.778942e-04 2.743868e-03)
5179          	(2.832960e-01 2.295723e-01 9.604850e+02)	(2.791620e-01 2.291927e-01 9.604823e+02)	(4.133981e-03 3.795851e-04 2.745222e-03)
5180          	(2.833025e-01 2.295882e-01 9.604850e+02)	(2.791699e-01 2.292067e-01 9.604823e+02)	(4.132604e-03 3.814663e-04 2.746522e-03)
5181          	(2.833149e-01 2.296135e-01 9.604851e+02)	(2.791835e-01 2.292300e-01 9.604823e+02)	(4.131399e-03 3.835293e-04 2.747715e-03)
5182          	(2.833333e-01 2.296467e-01 9.604851e+02)	(2.792029e-01 2.292610e-01 9.604823e+02)	(4.130379e-03 3.857330e-04 2.748755e-03)
5183          	(2.833533e-01 2.296832e-01 9.604851e+02)	(2.792237e-01 2.292952e-01 9.604823e+02)	(4.129578e-03 3.879982e-04 2.749611e-03)
5184          	(2.833706e-01 2.297180e-01 9.604851e+02)	(2.792416e-01 2.293278e-01 9.604823e+02)	(4.128994e-03 3.902411e-04 2.750255e-03)
5185          	(2.833709e-01 2.297448e-01 9.604850e+02)	(2.792423e-01 2.293524e-01 9.604823e+02)	(4.128603e-03 3.923986e-04 2.750697e-03)
5186          	(2.834032e-01 2.297753e-01 9.604848e+02)	(2.792747e-01 2.293810e-01 9.604821e+02)	(4.128486e-03 3.943473e-04 2.750892e-03)
5187          	(2.834154e-01 2.297863e-01 9.604847e+02)	(2.792868e-01 2.293903e-01 9.604819e+02)	(4.128574e-03 3.960200e-04 2.750828e-03)
5188          	(2.833800e-01 2.297669e-01 9.604847e+02)	(2.792513e-01 2.293696e-01 9.604819e+02)	(4.128673e-03 3.973788e-04 2.750522e-03)
5189          	(2.833401e-01 2.297308e-01 9.604845e+02)	(2.792114e-01 2.293324e-01 9.604818e+02)	(4.128790e-03 3.983927e-04 2.749972e-03)
5190          	(2.832616e-01 2.296671e-01 9.604845e+02)	(2.791327e-01 2.292680e-01 9.604818e+02)	(4.128839e-03 3.990418e-04 2.749209e-03)
5191          	(2.831605e-01 2.295804e-01 9.604846e+02)	(2.790318e-01 2.291811e-01 9.604818e+02)	(4.128779e-03 3.993185e-04 2.748281e-03)
5192          	(2.830385e-01 2.294720e-01 9.604846e+02)	(2.789099e-01 2.290728e-01 9.604818e+02)	(4.128569e-03 3.992103e-04 2.747232e-03)
5193          	(2.828974e-01 2.293444e-01 9.604846e+02)	(2.787692e-01 2.289456e-01 9.604818e+02)	(4.128187e-03 3.987691e-04 2.746094e-03)
5194          	(2.827398e-01 2.292004e-01 9.604846e+02)	(2.786123e-01 2.288024e-01 9.604818e+02)	(4.127591e-03 3.980385e-04 2.744873e-03)
5195          	(2.825676e-01 2.290421e-01 9.604846e+02)	(2.784408e-01 2.286450e-01 9.604818e+02)	(4.126773e-03 3.970640e-04 2.743594e-03)
5196          	(2.823852e-01 2.288739e-01 9.604845e+02)	(2.782595e-01 2.284780e-01 9.604818e+02)	(4.125695e-03 3.958854e-04 2.742271e-03)
5197          	(2.821966e-01 2.286999e-01 9.604845e+02)	(2.780723e-01 2.283053e-01 9.604818e+02)	(4.124374e-03 3.945657e-04 2.740929e-03)
5198          	(2.820062e-01 2.285242e-01 9.604845e+02)	(2.778834e-01 2.281311e-01 9.604817e+02)	(4.122787e-03 3.931302e-04 2.739605e-03)
5199          	(2.818182e-01 2.283507e-01 9.604844e+02)	(2.776972e-01 2.279591e-01 9.604817e+02)	(4.120968e-03 3.916321e-04 2.738360e-03)
5200          	(2.816363e-01 2.281829e-01 9.604844e+02)	(2.775174e-01 2.277927e-01 9.604817e+02)	(4.118905e-03 3.901172e-04 2.737242e-03)
5201          	(2.814664e-01 2.280261e-01 9.604844e+02)	(2.773497e-01 2.276375e-01 9.604816e+02)	(4.116633e-03 3.886425e-04 2.736329e-03)
5202          	(2.813098e-01 2.278812e-01 9.604843e+02)	(2.771957e-01 2.274940e-01 9.604816e+02)	(4.114160e-03 3.872605e-04 2.735676e-03)
5203          	(2.811716e-01 2.277522e-01 9.604843e+02)	(2.770600e-01 2.273662e-01 9.604816e+02)	(4.111524e-03 3.860353e-04 2.735351e-03)
5204          	(2.810538e-01 2.276412e-01 9.604843e+02)	(2.769451e-01 2.272562e-01 9.604815e+02)	(4.108727e-03 3.850119e-04 2.735384e-03)
5205          	(2.809648e-01 2.275544e-01 9.604842e+02)	(2.768590e-01 2.271701e-01 9.604815e+02)	(4.105820e-03 3.842577e-04 2.735802e-03)
5206          	(2.808985e-01 2.274889e-01 9.604842e+02)	(2.767957e-01 2.271051e-01 9.604815e+02)	(4.102814e-03 3.838223e-04 2.736591e-03)
5207          	(2.807916e-01 2.273841e-01 9.604837e+02)	(2.766918e-01 2.270003e-01 9.604810e+02)	(4.099776e-03 3.837181e-04 2.737854e-03)
5208          	(2.808097e-01 2.273892e-01 9.604837e+02)	(2.767128e-01 2.270054e-01 9.604810e+02)	(4.096880e-03 3.838258e-04 2.739421e-03)
5209          	(2.808661e-01 2.274288e-01 9.604837e+02)	(2.767721e-01 2.270443e-01 9.604810e+02)	(4.094013e-03 3.845858e-04 2.741202e-03)
5210          	(2.809605e-01 2.275037e-01 9.604837e+02)	(2.768692e-01 2.271179e-01 9.604809e+02)	(4.091268e-03 3.857472e-04 2.743191e-03)
5211          	(2.810884e-01 2.276102e-01 9.604837e+02)	(2.769997e-01 2.272229e-01 9.604809e+02)	(4.088698e-03 3.873228e-04 2.745344e-03)
5212          	(2.812430e-01 2.277440e-01 9.604837e+02)	(2.771567e-01 2.273547e-01 9.604810e+02)	(4.086347e-03 3.893137e-04 2.747618e-03)
5213          	(2.815768e-01 2.280597e-01 9.604838e+02)	(2.774923e-01 2.276674e-01 9.604811e+02)	(4.084504e-03 3.923045e-04 2.750138e-03)
5214          	(2.817173e-01 2.281919e-01 9.604839e+02)	(2.776344e-01 2.277967e-01 9.604811e+02)	(4.082935e-03 3.951583e-04 2.752644e-03)
5215          	(2.818458e-01 2.283198e-01 9.604839e+02)	(2.777642e-01 2.279215e-01 9.604812e+02)	(4.081565e-03 3.983191e-04 2.754939e-03)
5216          	(2.819617e-01 2.284427e-01 9.604840e+02)	(2.778812e-01 2.280412e-01 9.604812e+02)	(4.080533e-03 4.015583e-04 2.757103e-03)
5217          	(2.820591e-01 2.285547e-01 9.604841e+02)	(2.779792e-01 2.281499e-01 9.604813e+02)	(4.079862e-03 4.048308e-04 2.759127e-03)
5218          	(2.822809e-01 2.287986e-01 9.604843e+02)	(2.782011e-01 2.283900e-01 9.604816e+02)	(4.079725e-03 4.085956e-04 2.761262e-03)
5219          	(2.823036e-01 2.288477e-01 9.604844e+02)	(2.782236e-01 2.284360e-01 9.604817e+02)	(4.079930e-03 4.117417e-04 2.763098e-03)
5220          	(2.822950e-01 2.288700e-01 9.604845e+02)	(2.782150e-01 2.284554e-01 9.604817e+02)	(4.080075e-03 4.146832e-04 2.764573e-03)
5221          	(2.822583e-01 2.288666e-01 9.604846e+02)	(2.781780e-01 2.284494e-01 9.604818e+02)	(4.080366e-03 4.172059e-04 2.765744e-03)
5222          	(2.822034e-01 2.288563e-01 9.604848e+02)	(2.781227e-01 2.284369e-01 9.604820e+02)	(4.080668e-03 4.194089e-04 2.766780e-03)
5223          	(2.821249e-01 2.288096e-01 9.604848e+02)	(2.780436e-01 2.283886e-01 9.604821e+02)	(4.081218e-03 4.209733e-04 2.767385e-03)
5224          	(2.820251e-01 2.287427e-01 9.604849e+02)	(2.779437e-01 2.283205e-01 9.604821e+02)	(4.081448e-03 4.221884e-04 2.767670e-03)
5225          	(2.819063e-01 2.286562e-01 9.604849e+02)	(2.778247e-01 2.282333e-01 9.604821e+02)	(4.081583e-03 4.229000e-04 2.767623e-03)
5226          	(2.816597e-01 2.284519e-01 9.604849e+02)	(2.775784e-01 2.280290e-01 9.604821e+02)	(4.081272e-03 4.228732e-04 2.767261e-03)
5227          	(2.815335e-01 2.283504e-01 9.604849e+02)	(2.774524e-01 2.279279e-01 9.604821e+02)	(4.081119e-03 4.224796e-04 2.766539e-03)
5228          	(2.814046e-01 2.282423e-01 9.604849e+02)	(2.773241e-01 2.278204e-01 9.604821e+02)	(4.080494e-03 4.219078e-04 2.765714e-03)
5229          	(2.812789e-01 2.281335e-01 9.604848e+02)	(2.771992e-01 2.277124e-01 9.604820e+02)	(4.079670e-03 4.210915e-04 2.764676e-03)
5230          	(2.811617e-01 2.280294e-01 9.604847e+02)	(2.770831e-01 2.276092e-01 9.604820e+02)	(4.078569e-03 4.201224e-04 2.763489e-03)
5231          	(2.809461e-01 2.278305e-01 9.604845e+02)	(2.768692e-01 2.274118e-01 9.604818e+02)	(4.076876e-03 4.187179e-04 2.761891e-03)
5232          	(2.808898e-01 2.277789e-01 9.604844e+02)	(2.768146e-01 2.273614e-01 9.604817e+02)	(4.075227e-03 4.174725e-04 2.760278e-03)
5233          	(2.808624e-01 2.277519e-01 9.604843e+02)	(2.767893e-01 2.273352e-01 9.604816e+02)	(4.073173e-03 4.166619e-04 2.758817e-03)
5234          	(2.808631e-01 2.277495e-01 9.604842e+02)	(2.767922e-01 2.273333e-01 9.604815e+02)	(4.070907e-03 4.161608e-04 2.757428e-03)
5235          	(2.808766e-01 2.277628e-01 9.604840e+02)	(2.768084e-01 2.273469e-01 9.604812e+02)	(4.068244e-03 4.159408e-04 2.755758e-03)
5236          	(2.809367e-01 2.278143e-01 9.604839e+02)	(2.768710e-01 2.273983e-01 9.604811e+02)	(4.065627e-03 4.160421e-04 2.754357e-03)
5237          	(2.810272e-01 2.278941e-01 9.604838e+02)	(2.769645e-01 2.274773e-01 9.604810e+02)	(4.062755e-03 4.168288e-04 2.753243e-03)
5238          	(2.812191e-01 2.280797e-01 9.604836e+02)	(2.771593e-01 2.276615e-01 9.604808e+02)	(4.059718e-03 4.182778e-04 2.752032e-03)
5239          	(2.813560e-01 2.282038e-01 9.604835e+02)	(2.772991e-01 2.277839e-01 9.604807e+02)	(4.056833e-03 4.199458e-04 2.751176e-03)
5240          	(2.815164e-01 2.283506e-01 9.604834e+02)	(2.774625e-01 2.279284e-01 9.604806e+02)	(4.053856e-03 4.222627e-04 2.750603e-03)
5241          	(2.818367e-01 2.286638e-01 9.604833e+02)	(2.777857e-01 2.282385e-01 9.604805e+02)	(4.051001e-03 4.253700e-04 2.749963e-03)
5242          	(2.820144e-01 2.288283e-01 9.604832e+02)	(2.779660e-01 2.283998e-01 9.604805e+02)	(4.048391e-03 4.284628e-04 2.749607e-03)
5243          	(2.821958e-01 2.289975e-01 9.604832e+02)	(2.781499e-01 2.285656e-01 9.604805e+02)	(4.045896e-03 4.319700e-04 2.749343e-03)
5244          	(2.825266e-01 2.293216e-01 9.604832e+02)	(2.784828e-01 2.288855e-01 9.604805e+02)	(4.043762e-03 4.360828e-04 2.749108e-03)
5245          	(2.826760e-01 2.294646e-01 9.604833e+02)	(2.786339e-01 2.290247e-01 9.604805e+02)	(4.042078e-03 4.398816e-04 2.748987e-03)
5246          	(2.828075e-01 2.295935e-01 9.604833e+02)	(2.787669e-01 2.291497e-01 9.604806e+02)	(4.040616e-03 4.437962e-04 2.748877e-03)
5247          	(2.830121e-01 2.298056e-01 9.604835e+02)	(2.789724e-01 2.293577e-01 9.604807e+02)	(4.039740e-03 4.479758e-04 2.748987e-03)
5248          	(2.830754e-01 2.298778e-01 9.604835e+02)	(2.790360e-01 2.294263e-01 9.604808e+02)	(4.039438e-03 4.515218e-04 2.749221e-03)
5249          	(2.831033e-01 2.299209e-01 9.604836e+02)	(2.790639e-01 2.294659e-01 9.604809e+02)	(4.039362e-03 4.549339e-04 2.749501e-03)
5250          	(2.831014e-01 2.299543e-01 9.604839e+02)	(2.790617e-01 2.294960e-01 9.604812e+02)	(4.039695e-03 4.582820e-04 2.750309e-03)
5251          	(2.830523e-01 2.299348e-01 9.604840e+02)	(2.790119e-01 2.294738e-01 9.604813e+02)	(4.040376e-03 4.610092e-04 2.751087e-03)
5252          	(2.829015e-01 2.298391e-01 9.604843e+02)	(2.788606e-01 2.293754e-01 9.604816e+02)	(4.040911e-03 4.637110e-04 2.752157e-03)
5253          	(2.827864e-01 2.297642e-01 9.604844e+02)	(2.787447e-01 2.292984e-01 9.604817e+02)	(4.041757e-03 4.657653e-04 2.753053e-03)
5254          	(2.826389e-01 2.296637e-01 9.604846e+02)	(2.785965e-01 2.291961e-01 9.604818e+02)	(4.042378e-03 4.676070e-04 2.753809e-03)
5255          	(2.824581e-01 2.295373e-01 9.604847e+02)	(2.784150e-01 2.290682e-01 9.604820e+02)	(4.043042e-03 4.690641e-04 2.754531e-03)
5256          	(2.820388e-01 2.292027e-01 9.604850e+02)	(2.779953e-01 2.287328e-01 9.604822e+02)	(4.043516e-03 4.699647e-04 2.755650e-03)
5257          	(2.818360e-01 2.290529e-01 9.604851e+02)	(2.777917e-01 2.285824e-01 9.604823e+02)	(4.044287e-03 4.704627e-04 2.756458e-03)
5258          	(2.816234e-01 2.288923e-01 9.604852e+02)	(2.775787e-01 2.284214e-01 9.604824e+02)	(4.044677e-03 4.709013e-04 2.757134e-03)
5259          	(2.814047e-01 2.287228e-01 9.604852e+02)	(2.773597e-01 2.282518e-01 9.604825e+02)	(4.044964e-03 4.710453e-04 2.757617e-03)
5260          	(2.809619e-01 2.283432e-01 9.604852e+02)	(2.769173e-01 2.278727e-01 9.604825e+02)	(4.044649e-03 4.704231e-04 2.758020e-03)
5261          	(2.807894e-01 2.282036e-01 9.604853e+02)	(2.767449e-01 2.277340e-01 9.604825e+02)	(4.044551e-03 4.695882e-04 2.758067e-03)
5262          	(2.806341e-01 2.280748e-01 9.604853e+02)	(2.765903e-01 2.276060e-01 9.604825e+02)	(4.043829e-03 4.687937e-04 2.758060e-03)
5263          	(2.805003e-01 2.279602e-01 9.604852e+02)	(2.764574e-01 2.274924e-01 9.604825e+02)	(4.042834e-03 4.677870e-04 2.757854e-03)
5264          	(2.803879e-01 2.278604e-01 9.604852e+02)	(2.763464e-01 2.273938e-01 9.604824e+02)	(4.041494e-03 4.666144e-04 2.757473e-03)
5265          	(2.802178e-01 2.276993e-01 9.604849e+02)	(2.761784e-01 2.272344e-01 9.604822e+02)	(4.039388e-03 4.649312e-04 2.756523e-03)
5266          	(2.801795e-01 2.276589e-01 9.604849e+02)	(2.761421e-01 2.271957e-01 9.604821e+02)	(4.037494e-03 4.632162e-04 2.755444e-03)
5267          	(2.801774e-01 2.276486e-01 9.604847e+02)	(2.761423e-01 2.271867e-01 9.604820e+02)	(4.035068e-03 4.618982e-04 2.754400e-03)
5268          	(2.802128e-01 2.276698e-01 9.604846e+02)	(2.761803e-01 2.272090e-01 9.604818e+02)	(4.032497e-03 4.607668e-04 2.753214e-03)
5269          	(2.802875e-01 2.277247e-01 9.604844e+02)	(2.762577e-01 2.272648e-01 9.604817e+02)	(4.029795e-03 4.598824e-04 2.751858e-03)
5270          	(2.804023e-01 2.278151e-01 9.604843e+02)	(2.763753e-01 2.273559e-01 9.604815e+02)	(4.027014e-03 4.592657e-04 2.750319e-03)
5271          	(2.807108e-01 2.280878e-01 9.604839e+02)	(2.766868e-01 2.276286e-01 9.604812e+02)	(4.024037e-03 4.591409e-04 2.747878e-03)
5272          	(2.808847e-01 2.282360e-01 9.604837e+02)	(2.768632e-01 2.277770e-01 9.604810e+02)	(4.021509e-03 4.589789e-04 2.745628e-03)
5273          	(2.810871e-01 2.284130e-01 9.604836e+02)	(2.770681e-01 2.279535e-01 9.604809e+02)	(4.018993e-03 4.594442e-04 2.743602e-03)
5274          	(2.813136e-01 2.286133e-01 9.604835e+02)	(2.772967e-01 2.281531e-01 9.604807e+02)	(4.016840e-03 4.601389e-04 2.741708e-03)
5275          	(2.815609e-01 2.288338e-01 9.604834e+02)	(2.775459e-01 2.283728e-01 9.604806e+02)	(4.015070e-03 4.610582e-04 2.739913e-03)
5276          	(2.818239e-01 2.290696e-01 9.604833e+02)	(2.778102e-01 2.286075e-01 9.604806e+02)	(4.013703e-03 4.621610e-04 2.738276e-03)
5277          	(2.823837e-01 2.296036e-01 9.604832e+02)	(2.783708e-01 2.291395e-01 9.604805e+02)	(4.012940e-03 4.641114e-04 2.736497e-03)
5278          	(2.826002e-01 2.297975e-01 9.604832e+02)	(2.785875e-01 2.293319e-01 9.604805e+02)	(4.012673e-03 4.655600e-04 2.735169e-03)
5279          	(2.827951e-01 2.299718e-01 9.604832e+02)	(2.787826e-01 2.295046e-01 9.604805e+02)	(4.012548e-03 4.671988e-04 2.734148e-03)
5280          	(2.829689e-01 2.301265e-01 9.604833e+02)	(2.789561e-01 2.296578e-01 9.604805e+02)	(4.012783e-03 4.687119e-04 2.733564e-03)
5281          	(2.832746e-01 2.304146e-01 9.604835e+02)	(2.792611e-01 2.299440e-01 9.604807e+02)	(4.013535e-03 4.706135e-04 2.733606e-03)
5282          	(2.833671e-01 2.304924e-01 9.604835e+02)	(2.793524e-01 2.300205e-01 9.604808e+02)	(4.014658e-03 4.719032e-04 2.733974e-03)
5283          	(2.834310e-01 2.305453e-01 9.604837e+02)	(2.794153e-01 2.300721e-01 9.604809e+02)	(4.015755e-03 4.732381e-04 2.734518e-03)
5284          	(2.834691e-01 2.305760e-01 9.604838e+02)	(2.794521e-01 2.301017e-01 9.604811e+02)	(4.017032e-03 4.743778e-04 2.735340e-03)
5285          	(2.835193e-01 2.306023e-01 9.604838e+02)	(2.795005e-01 2.301267e-01 9.604811e+02)	(4.018703e-03 4.755850e-04 2.736906e-03)
5286          	(2.834974e-01 2.305840e-01 9.604839e+02)	(2.794767e-01 2.301077e-01 9.604812e+02)	(4.020617e-03 4.763140e-04 2.738414e-03)
5287          	(2.834461e-01 2.305435e-01 9.604841e+02)	(2.794239e-01 2.300663e-01 9.604813e+02)	(4.022213e-03 4.772216e-04 2.739860e-03)
5288          	(2.833645e-01 2.304799e-01 9.604842e+02)	(2.793407e-01 2.300019e-01 9.604815e+02)	(4.023776e-03 4.780278e-04 2.741308e-03)
5289          	(2.832513e-01 2.303925e-01 9.604844e+02)	(2.792260e-01 2.299137e-01 9.604816e+02)	(4.025282e-03 4.788259e-04 2.742783e-03)
5290          	(2.830921e-01 2.302680e-01 9.604846e+02)	(2.790654e-01 2.297885e-01 9.604818e+02)	(4.026631e-03 4.795809e-04 2.744337e-03)
5291          	(2.826350e-01 2.298788e-01 9.604849e+02)	(2.786075e-01 2.293988e-01 9.604821e+02)	(4.027553e-03 4.800647e-04 2.746617e-03)
5292          	(2.824582e-01 2.297393e-01 9.604850e+02)	(2.784296e-01 2.292590e-01 9.604823e+02)	(4.028599e-03 4.803536e-04 2.748557e-03)
5293          	(2.822714e-01 2.295904e-01 9.604851e+02)	(2.782425e-01 2.291095e-01 9.604824e+02)	(4.028958e-03 4.809106e-04 2.750400e-03)
5294          	(2.820799e-01 2.294354e-01 9.604852e+02)	(2.780509e-01 2.289540e-01 9.604825e+02)	(4.029002e-03 4.813809e-04 2.752077e-03)
5295          	(2.818864e-01 2.292750e-01 9.604853e+02)	(2.778577e-01 2.287933e-01 9.604825e+02)	(4.028704e-03 4.817534e-04 2.753642e-03)
5296          	(2.816981e-01 2.291145e-01 9.604853e+02)	(2.776700e-01 2.286325e-01 9.604826e+02)	(4.028023e-03 4.819678e-04 2.755064e-03)
5297          	(2.815239e-01 2.289610e-01 9.604854e+02)	(2.774969e-01 2.284790e-01 9.604826e+02)	(4.026967e-03 4.820211e-04 2.756318e-03)
5298          	(2.813787e-01 2.288290e-01 9.604853e+02)	(2.773531e-01 2.283471e-01 9.604826e+02)	(4.025550e-03 4.818964e-04 2.757358e-03)
5299          	(2.812659e-01 2.287202e-01 9.604853e+02)	(2.772421e-01 2.282385e-01 9.604825e+02)	(4.023818e-03 4.816227e-04 2.758155e-03)
5300          	(2.811937e-01 2.286412e-01 9.604852e+02)	(2.771719e-01 2.281600e-01 9.604824e+02)	(4.021808e-03 4.812135e-04 2.758659e-03)
5301          	(2.811708e-01 2.286012e-01 9.604851e+02)	(2.771512e-01 2.281204e-01 9.604823e+02)	(4.019589e-03 4.807579e-04 2.758847e-03)
5302          	(2.812005e-01 2.286039e-01 9.604849e+02)	(2.771832e-01 2.281236e-01 9.604822e+02)	(4.017230e-03 4.803143e-04 2.758687e-03)
5303          	(2.812833e-01 2.286511e-01 9.604847e+02)	(2.772685e-01 2.281711e-01 9.604820e+02)	(4.014822e-03 4.799584e-04 2.758165e-03)
5304          	(2.814173e-01 2.287422e-01 9.604845e+02)	(2.774049e-01 2.282624e-01 9.604818e+02)	(4.012434e-03 4.797534e-04 2.757276e-03)
5305          	(2.815983e-01 2.288748e-01 9.604843e+02)	(2.775882e-01 2.283950e-01 9.604816e+02)	(4.010167e-03 4.797478e-04 2.756048e-03)
5306          	(2.818211e-01 2.290452e-01 9.604841e+02)	(2.778130e-01 2.285652e-01 9.604814e+02)	(4.008090e-03 4.799844e-04 2.754512e-03)
5307          	(2.820795e-01 2.292489e-01 9.604840e+02)	(2.780732e-01 2.287684e-01 9.604812e+02)	(4.006273e-03 4.805271e-04 2.752719e-03)
5308          	(2.823662e-01 2.294799e-01 9.604838e+02)	(2.783614e-01 2.289986e-01 9.604811e+02)	(4.004751e-03 4.813840e-04 2.750726e-03)
5309          	(2.826704e-01 2.297293e-01 9.604837e+02)	(2.786668e-01 2.292467e-01 9.604809e+02)	(4.003569e-03 4.825476e-04 2.748611e-03)
5310          	(2.829826e-01 2.299884e-01 9.604836e+02)	(2.789799e-01 2.295044e-01 9.604808e+02)	(4.002735e-03 4.840036e-04 2.746463e-03)
5311          	(2.832947e-01 2.302500e-01 9.604835e+02)	(2.792925e-01 2.297643e-01 9.604808e+02)	(4.002249e-03 4.857282e-04 2.744377e-03)
5312          	(2.835941e-01 2.305029e-01 9.604835e+02)	(2.795921e-01 2.300152e-01 9.604808e+02)	(4.002064e-03 4.876719e-04 2.742408e-03)
5313          	(2.838706e-01 2.307377e-01 9.604835e+02)	(2.798685e-01 2.302479e-01 9.604808e+02)	(4.002160e-03 4.897963e-04 2.740612e-03)
5314          	(2.841155e-01 2.309463e-01 9.604836e+02)	(2.801130e-01 2.304543e-01 9.604809e+02)	(4.002489e-03 4.920018e-04 2.739064e-03)
5315          	(2.843215e-01 2.311219e-01 9.604837e+02)	(2.803185e-01 2.306276e-01 9.604810e+02)	(4.003005e-03 4.942439e-04 2.737816e-03)
5316          	(2.844828e-01 2.312590e-01 9.604838e+02)	(2.804791e-01 2.307626e-01 9.604811e+02)	(4.003664e-03 4.964311e-04 2.736901e-03)
5317          	(2.845946e-01 2.313535e-01 9.604840e+02)	(2.805902e-01 2.308550e-01 9.604813e+02)	(4.004449e-03 4.985206e-04 2.736334e-03)
5318          	(2.846537e-01 2.314024e-01 9.604842e+02)	(2.806484e-01 2.309020e-01 9.604815e+02)	(4.005315e-03 5.004516e-04 2.736115e-03)
5319          	(2.844745e-01 2.313211e-01 9.604854e+02)	(2.804685e-01 2.308187e-01 9.604826e+02)	(4.005918e-03 5.024641e-04 2.737118e-03)
5320          	(2.844255e-01 2.312747e-01 9.604855e+02)	(2.804186e-01 2.307709e-01 9.604828e+02)	(4.006875e-03 5.037925e-04 2.737951e-03)
5321          	(2.843271e-01 2.311863e-01 9.604857e+02)	(2.803196e-01 2.306811e-01 9.604829e+02)	(4.007467e-03 5.051467e-04 2.738850e-03)
5322          	(2.841807e-01 2.310572e-01 9.604858e+02)	(2.801726e-01 2.305510e-01 9.604831e+02)	(4.008109e-03 5.061949e-04 2.739861e-03)
5323          	(2.839868e-01 2.308888e-01 9.604860e+02)	(2.799780e-01 2.303818e-01 9.604833e+02)	(4.008791e-03 5.070385e-04 2.741059e-03)
5324          	(2.837423e-01 2.306795e-01 9.604862e+02)	(2.797329e-01 2.301718e-01 9.604834e+02)	(4.009403e-03 5.076808e-04 2.742467e-03)
5325          	(2.830683e-01 2.300976e-01 9.604865e+02)	(2.790587e-01 2.295898e-01 9.604837e+02)	(4.009539e-03 5.078300e-04 2.744927e-03)
5326          	(2.828020e-01 2.298747e-01 9.604866e+02)	(2.787920e-01 2.293670e-01 9.604839e+02)	(4.010035e-03 5.077306e-04 2.747097e-03)
5327          	(2.825236e-01 2.296451e-01 9.604867e+02)	(2.785137e-01 2.291371e-01 9.604840e+02)	(4.009892e-03 5.079539e-04 2.749261e-03)
5328          	(2.822418e-01 2.294148e-01 9.604869e+02)	(2.782323e-01 2.289066e-01 9.604841e+02)	(4.009535e-03 5.081209e-04 2.751412e-03)
5329          	(2.819629e-01 2.291896e-01 9.604870e+02)	(2.779540e-01 2.286813e-01 9.604842e+02)	(4.008914e-03 5.082697e-04 2.753585e-03)
5330          	(2.816939e-01 2.289745e-01 9.604870e+02)	(2.776859e-01 2.284662e-01 9.604843e+02)	(4.007974e-03 5.083307e-04 2.755751e-03)
5331          	(2.814498e-01 2.287815e-01 9.604871e+02)	(2.774431e-01 2.282732e-01 9.604843e+02)	(4.006748e-03 5.082914e-04 2.757859e-03)
5332          	(2.812359e-01 2.286137e-01 9.604871e+02)	(2.772307e-01 2.281056e-01 9.604843e+02)	(4.005232e-03 5.080829e-04 2.759822e-03)
5333          	(2.810617e-01 2.284783e-01 9.604871e+02)	(2.770582e-01 2.279706e-01 9.604843e+02)	(4.003494e-03 5.076814e-04 2.761560e-03)
5334          	(2.809332e-01 2.283792e-01 9.604870e+02)	(2.769316e-01 2.278721e-01 9.604843e+02)	(4.001590e-03 5.070451e-04 2.762990e-03)
5335          	(2.808569e-01 2.283216e-01 9.604869e+02)	(2.768573e-01 2.278154e-01 9.604842e+02)	(3.999605e-03 5.062000e-04 2.764037e-03)
5336          	(2.808359e-01 2.283079e-01 9.604868e+02)	(2.768383e-01 2.278027e-01 9.604840e+02)	(3.997576e-03 5.051539e-04 2.764644e-03)
5337          	(2.808716e-01 2.283390e-01 9.604866e+02)	(2.768760e-01 2.278351e-01 9.604839e+02)	(3.995602e-03 5.039518e-04 2.764784e-03)
5338          	(2.809639e-01 2.284153e-01 9.604864e+02)	(2.769702e-01 2.279127e-01 9.604837e+02)	(3.993742e-03 5.026387e-04 2.764435e-03)
5339          	(2.811093e-01 2.285336e-01 9.604862e+02)	(2.771172e-01 2.280324e-01 9.604834e+02)	(3.992063e-03 5.012702e-04 2.763621e-03)
5340          	(2.813050e-01 2.286923e-01 9.604860e+02)	(2.773144e-01 2.281924e-01 9.604832e+02)	(3.990649e-03 4.998949e-04 2.762382e-03)
5341          	(2.815463e-01 2.288880e-01 9.604857e+02)	(2.775567e-01 2.283894e-01 9.604830e+02)	(3.989573e-03 4.985952e-04 2.760788e-03)
5342          	(2.818300e-01 2.291194e-01 9.604855e+02)	(2.778411e-01 2.286220e-01 9.604828e+02)	(3.988886e-03 4.974053e-04 2.758912e-03)
5343          	(2.821493e-01 2.293820e-01 9.604853e+02)	(2.781606e-01 2.288856e-01 9.604826e+02)	(3.988655e-03 4.963822e-04 2.756857e-03)
5344          	(2.824921e-01 2.296662e-01 9.604852e+02)	(2.785031e-01 2.291707e-01 9.604824e+02)	(3.988915e-03 4.955246e-04 2.754726e-03)
5345          	(2.828404e-01 2.299576e-01 9.604850e+02)	(2.788507e-01 2.294628e-01 9.604823e+02)	(3.989682e-03 4.948362e-04 2.752641e-03)
5346          	(2.831809e-01 2.302452e-01 9.604849e+02)	(2.791900e-01 2.297509e-01 9.604822e+02)	(3.990932e-03 4.942840e-04 2.750704e-03)
5347          	(2.835023e-01 2.305194e-01 9.604848e+02)	(2.795097e-01 2.300255e-01 9.604821e+02)	(3.992663e-03 4.938497e-04 2.748981e-03)
5348          	(2.837947e-01 2.307713e-01 9.604848e+02)	(2.797999e-01 2.302779e-01 9.604821e+02)	(3.994824e-03 4.934759e-04 2.747515e-03)
5349          	(2.840528e-01 2.309964e-01 9.604848e+02)	(2.800555e-01 2.305032e-01 9.604821e+02)	(3.997373e-03 4.931364e-04 2.746326e-03)
5350          	(2.842699e-01 2.311884e-01 9.604849e+02)	(2.802696e-01 2.306956e-01 9.604821e+02)	(4.000265e-03 4.927605e-04 2.745442e-03)
5351          	(2.844367e-01 2.313378e-01 9.604849e+02)	(2.804333e-01 2.308455e-01 9.604822e+02)	(4.003420e-03 4.922896e-04 2.744871e-03)
5352          	(2.845502e-01 2.314411e-01 9.604850e+02)	(2.805434e-01 2.309494e-01 9.604823e+02)	(4.006779e-03 4.916853e-04 2.744610e-03)
5353          	(2.846090e-01 2.314967e-01 9.604852e+02)	(2.805988e-01 2.310058e-01 9.604824e+02)	(4.010266e-03 4.908989e-04 2.744660e-03)
5354          	(2.846124e-01 2.315033e-01 9.604853e+02)	(2.805986e-01 2.310134e-01 9.604826e+02)	(4.013790e-03 4.899042e-04 2.745010e-03)
5355          	(2.845588e-01 2.314584e-01 9.604855e+02)	(2.805415e-01 2.309697e-01 9.604827e+02)	(4.017283e-03 4.886726e-04 2.745669e-03)
5356          	(2.844508e-01 2.313657e-01 9.604856e+02)	(2.804301e-01 2.308785e-01 9.604829e+02)	(4.020654e-03 4.872221e-04 2.746622e-03)
5357          	(2.842893e-01 2.312266e-01 9.604858e+02)	(2.802655e-01 2.307410e-01 9.604831e+02)	(4.023820e-03 4.855842e-04 2.747861e-03)
5358          	(2.840755e-01 2.310427e-01 9.604860e+02)	(2.800488e-01 2.305589e-01 9.604833e+02)	(4.026673e-03 4.837729e-04 2.749397e-03)
5359          	(2.838126e-01 2.308165e-01 9.604862e+02)	(2.797835e-01 2.303346e-01 9.604835e+02)	(4.029143e-03 4.818356e-04 2.751219e-03)
5360          	(2.835051e-01 2.305537e-01 9.604864e+02)	(2.794739e-01 2.300739e-01 9.604837e+02)	(4.031128e-03 4.797847e-04 2.753323e-03)
5361          	(2.831597e-01 2.302612e-01 9.604866e+02)	(2.791271e-01 2.297835e-01 9.604839e+02)	(4.032584e-03 4.776684e-04 2.755701e-03)
5362          	(2.827870e-01 2.299486e-01 9.604868e+02)	(2.787535e-01 2.294731e-01 9.604841e+02)	(4.033467e-03 4.755222e-04 2.758336e-03)
5363          	(2.823996e-01 2.296275e-01 9.604870e+02)	(2.783659e-01 2.291541e-01 9.604842e+02)	(4.033765e-03 4.733848e-04 2.761207e-03)
5364          	(2.820132e-01 2.293109e-01 9.604872e+02)	(2.779797e-01 2.288396e-01 9.604844e+02)	(4.033489e-03 4.712853e-04 2.764278e-03)
5365          	(2.816443e-01 2.290127e-01 9.604873e+02)	(2.776116e-01 2.285435e-01 9.604846e+02)	(4.032722e-03 4.692636e-04 2.767484e-03)
5366          	(2.813077e-01 2.287449e-01 9.604874e+02)	(2.772762e-01 2.282776e-01 9.604847e+02)	(4.031532e-03 4.673158e-04 2.770759e-03)
5367          	(2.810200e-01 2.285198e-01 9.604875e+02)	(2.769899e-01 2.280544e-01 9.604847e+02)	(4.030043e-03 4.654513e-04 2.774029e-03)
5368          	(2.807773e-01 2.283390e-01 9.604875e+02)	(2.767489e-01 2.278753e-01 9.604847e+02)	(4.028342e-03 4.636621e-04 2.777193e-03)
5369          	(2.806145e-01 2.282185e-01 9.604875e+02)	(2.765879e-01 2.277566e-01 9.604847e+02)	(4.026576e-03 4.619473e-04 2.780147e-03)
5370          	(2.805192e-01 2.281531e-01 9.604874e+02)	(2.764944e-01 2.276928e-01 9.604846e+02)	(4.024830e-03 4.602858e-04 2.782809e-03)
5371          	(2.804923e-01 2.281418e-01 9.604873e+02)	(2.764691e-01 2.276831e-01 9.604845e+02)	(4.023189e-03 4.586802e-04 2.785107e-03)
5372          	(2.805297e-01 2.281820e-01 9.604872e+02)	(2.765080e-01 2.277248e-01 9.604844e+02)	(4.021696e-03 4.571144e-04 2.786987e-03)
5373          	(2.806305e-01 2.282730e-01 9.604870e+02)	(2.766101e-01 2.278174e-01 9.604842e+02)	(4.020418e-03 4.556131e-04 2.788405e-03)
5374          	(2.807940e-01 2.284144e-01 9.604868e+02)	(2.767746e-01 2.279602e-01 9.604840e+02)	(4.019405e-03 4.541872e-04 2.789335e-03)
5375          	(2.810161e-01 2.286034e-01 9.604866e+02)	(2.769975e-01 2.281505e-01 9.604838e+02)	(4.018687e-03 4.529054e-04 2.789793e-03)
5376          	(2.812906e-01 2.288357e-01 9.604863e+02)	(2.772723e-01 2.283839e-01 9.604835e+02)	(4.018301e-03 4.518127e-04 2.789788e-03)
5377          	(2.816084e-01 2.291052e-01 9.604861e+02)	(2.775901e-01 2.286542e-01 9.604833e+02)	(4.018249e-03 4.509816e-04 2.789376e-03)
5378          	(2.819557e-01 2.294010e-01 9.604859e+02)	(2.779372e-01 2.289505e-01 9.604831e+02)	(4.018499e-03 4.504373e-04 2.788608e-03)
5379          	(2.823179e-01 2.297119e-01 9.604857e+02)	(2.782989e-01 2.292617e-01 9.604829e+02)	(4.019045e-03 4.502186e-04 2.787563e-03)
5380          	(2.826805e-01 2.300264e-01 9.604855e+02)	(2.786607e-01 2.295761e-01 9.604828e+02)	(4.019853e-03 4.503148e-04 2.786301e-03)
5381          	(2.830301e-01 2.303335e-01 9.604854e+02)	(2.790092e-01 2.298828e-01 9.604826e+02)	(4.020910e-03 4.506928e-04 2.784883e-03)
5382          	(2.833556e-01 2.306235e-01 9.604853e+02)	(2.793334e-01 2.301722e-01 9.604825e+02)	(4.022210e-03 4.512977e-04 2.783348e-03)
5383          	(2.836513e-01 2.308911e-01 9.604852e+02)	(2.796275e-01 2.304390e-01 9.604825e+02)	(4.023761e-03 4.520883e-04 2.781742e-03)
5384          	(2.839074e-01 2.311269e-01 9.604852e+02)	(2.798818e-01 2.306739e-01 9.604824e+02)	(4.025567e-03 4.529655e-04 2.780126e-03)
5385          	(2.842407e-01 2.313807e-01 9.604848e+02)	(2.802127e-01 2.309268e-01 9.604820e+02)	(4.027945e-03 4.538619e-04 2.778515e-03)
5386          	(2.845173e-01 2.315893e-01 9.604844e+02)	(2.804865e-01 2.311346e-01 9.604817e+02)	(4.030790e-03 4.546920e-04 2.776980e-03)
5387          	(2.847293e-01 2.317489e-01 9.604842e+02)	(2.806954e-01 2.312935e-01 9.604814e+02)	(4.033905e-03 4.554213e-04 2.775604e-03)
5388          	(2.848369e-01 2.318440e-01 9.604839e+02)	(2.807999e-01 2.313879e-01 9.604811e+02)	(4.037044e-03 4.560496e-04 2.774449e-03)
5389          	(2.848631e-01 2.318864e-01 9.604840e+02)	(2.808230e-01 2.314298e-01 9.604812e+02)	(4.040054e-03 4.565979e-04 2.773559e-03)
5390          	(2.848388e-01 2.318864e-01 9.604840e+02)	(2.807960e-01 2.314293e-01 9.604812e+02)	(4.042864e-03 4.570524e-04 2.772965e-03)
5391          	(2.847630e-01 2.318410e-01 9.604841e+02)	(2.807176e-01 2.313836e-01 9.604813e+02)	(4.045419e-03 4.573940e-04 2.772715e-03)
5392          	(2.846246e-01 2.317439e-01 9.604841e+02)	(2.805770e-01 2.312863e-01 9.604813e+02)	(4.047581e-03 4.576013e-04 2.772827e-03)
5393          	(2.844602e-01 2.316080e-01 9.604842e+02)	(2.804109e-01 2.311504e-01 9.604814e+02)	(4.049325e-03 4.576335e-04 2.773300e-03)
5394          	(2.842551e-01 2.314335e-01 9.604843e+02)	(2.802045e-01 2.309761e-01 9.604816e+02)	(4.050560e-03 4.574860e-04 2.774134e-03)
5395          	(2.839842e-01 2.312130e-01 9.604844e+02)	(2.799330e-01 2.307558e-01 9.604816e+02)	(4.051158e-03 4.571933e-04 2.775320e-03)
5396          	(2.836862e-01 2.309684e-01 9.604845e+02)	(2.796351e-01 2.305117e-01 9.604817e+02)	(4.051114e-03 4.567600e-04 2.776818e-03)
5397          	(2.833731e-01 2.307112e-01 9.604846e+02)	(2.793226e-01 2.302549e-01 9.604818e+02)	(4.050479e-03 4.562620e-04 2.778613e-03)
5398          	(2.830896e-01 2.304693e-01 9.604847e+02)	(2.790402e-01 2.300136e-01 9.604820e+02)	(4.049401e-03 4.557511e-04 2.780657e-03)
5399          	(2.827748e-01 2.302171e-01 9.604848e+02)	(2.787269e-01 2.297618e-01 9.604821e+02)	(4.047849e-03 4.553191e-04 2.782964e-03)
5400          	(2.825026e-01 2.299951e-01 9.604850e+02)	(2.784565e-01 2.295401e-01 9.604822e+02)	(4.046033e-03 4.549979e-04 2.785475e-03)
