# Moment      
# CofR        : (0.000000e+00 0.000000e+00 0.000000e+00)
#
# Time        	(total_x total_y total_z)	(pressure_x pressure_y pressure_z)	(viscous_x viscous_y viscous_z)
4901          	(4.310632e-03 1.509046e-02 -1.655348e-02)	(4.283945e-03 1.485896e-02 -1.632862e-02)	(2.668717e-05 2.314924e-04 -2.248635e-04)
4902          	(4.283582e-03 1.507713e-02 -1.657182e-02)	(4.257157e-03 1.484566e-02 -1.634703e-02)	(2.642489e-05 2.314641e-04 -2.247885e-04)
4903          	(4.259006e-03 1.506425e-02 -1.658934e-02)	(4.232885e-03 1.483285e-02 -1.636461e-02)	(2.612133e-05 2.314068e-04 -2.247210e-04)
4904          	(4.236535e-03 1.505184e-02 -1.660564e-02)	(4.210751e-03 1.482051e-02 -1.638097e-02)	(2.578466e-05 2.313235e-04 -2.246608e-04)
4905          	(4.216773e-03 1.504028e-02 -1.662003e-02)	(4.191350e-03 1.480906e-02 -1.639542e-02)	(2.542287e-05 2.312182e-04 -2.246155e-04)
4906          	(4.200396e-03 1.502996e-02 -1.663190e-02)	(4.175348e-03 1.479887e-02 -1.640732e-02)	(2.504791e-05 2.310950e-04 -2.245798e-04)
4907          	(4.187916e-03 1.502129e-02 -1.664055e-02)	(4.163243e-03 1.479033e-02 -1.641600e-02)	(2.467302e-05 2.309601e-04 -2.245525e-04)
4908          	(4.179839e-03 1.501457e-02 -1.664529e-02)	(4.155527e-03 1.478375e-02 -1.642076e-02)	(2.431198e-05 2.308189e-04 -2.245247e-04)
4909          	(4.176338e-03 1.500986e-02 -1.664556e-02)	(4.152361e-03 1.477919e-02 -1.642106e-02)	(2.397702e-05 2.306761e-04 -2.244929e-04)
4910          	(4.177353e-03 1.500716e-02 -1.664102e-02)	(4.153673e-03 1.477663e-02 -1.641658e-02)	(2.368004e-05 2.305351e-04 -2.244433e-04)
4911          	(4.182601e-03 1.500636e-02 -1.663176e-02)	(4.159170e-03 1.477596e-02 -1.640739e-02)	(2.343092e-05 2.304004e-04 -2.243735e-04)
4912          	(4.191312e-03 1.500719e-02 -1.661814e-02)	(4.168078e-03 1.477692e-02 -1.639386e-02)	(2.323446e-05 2.302739e-04 -2.242765e-04)
4913          	(4.203131e-03 1.500964e-02 -1.660130e-02)	(4.180038e-03 1.477948e-02 -1.637715e-02)	(2.309282e-05 2.301577e-04 -2.241545e-04)
4914          	(4.217450e-03 1.501344e-02 -1.658214e-02)	(4.194444e-03 1.478339e-02 -1.635813e-02)	(2.300599e-05 2.300529e-04 -2.240081e-04)
4915          	(4.233432e-03 1.501839e-02 -1.656200e-02)	(4.210463e-03 1.478843e-02 -1.633815e-02)	(2.296965e-05 2.299605e-04 -2.238484e-04)
4916          	(4.250610e-03 1.502418e-02 -1.654164e-02)	(4.227630e-03 1.479430e-02 -1.631796e-02)	(2.297950e-05 2.298806e-04 -2.236791e-04)
4917          	(4.268363e-03 1.503061e-02 -1.652198e-02)	(4.245334e-03 1.480080e-02 -1.629846e-02)	(2.302890e-05 2.298138e-04 -2.235161e-04)
4918          	(4.286100e-03 1.503748e-02 -1.650358e-02)	(4.262989e-03 1.480772e-02 -1.628021e-02)	(2.311035e-05 2.297596e-04 -2.233676e-04)
4919          	(4.303558e-03 1.504464e-02 -1.648623e-02)	(4.280339e-03 1.481492e-02 -1.626299e-02)	(2.321906e-05 2.297194e-04 -2.232427e-04)
4920          	(4.322560e-03 1.505309e-02 -1.646943e-02)	(4.299208e-03 1.482340e-02 -1.624628e-02)	(2.335265e-05 2.296925e-04 -2.231437e-04)
4921          	(4.341633e-03 1.506175e-02 -1.645477e-02)	(4.318122e-03 1.483207e-02 -1.623169e-02)	(2.351092e-05 2.296798e-04 -2.230820e-04)
4922          	(4.355811e-03 1.506937e-02 -1.644136e-02)	(4.332119e-03 1.483968e-02 -1.621831e-02)	(2.369169e-05 2.296910e-04 -2.230477e-04)
4923          	(4.368551e-03 1.507677e-02 -1.642890e-02)	(4.344655e-03 1.484704e-02 -1.620586e-02)	(2.389677e-05 2.297294e-04 -2.230444e-04)
4924          	(4.379372e-03 1.508370e-02 -1.641766e-02)	(4.355248e-03 1.485391e-02 -1.619459e-02)	(2.412375e-05 2.297933e-04 -2.230669e-04)
4925          	(4.387709e-03 1.508984e-02 -1.640803e-02)	(4.363337e-03 1.485995e-02 -1.618492e-02)	(2.437170e-05 2.298825e-04 -2.231111e-04)
4926          	(4.392938e-03 1.509476e-02 -1.640058e-02)	(4.368304e-03 1.486477e-02 -1.617741e-02)	(2.463447e-05 2.299944e-04 -2.231711e-04)
4927          	(4.394499e-03 1.509810e-02 -1.639584e-02)	(4.369593e-03 1.486798e-02 -1.617260e-02)	(2.490587e-05 2.301259e-04 -2.232434e-04)
4928          	(4.391964e-03 1.509947e-02 -1.639438e-02)	(4.366788e-03 1.486920e-02 -1.617107e-02)	(2.517566e-05 2.302700e-04 -2.233165e-04)
4929          	(4.385086e-03 1.509866e-02 -1.639647e-02)	(4.359652e-03 1.486824e-02 -1.617308e-02)	(2.543371e-05 2.304205e-04 -2.233881e-04)
4930          	(4.373988e-03 1.509552e-02 -1.640205e-02)	(4.348320e-03 1.486495e-02 -1.617860e-02)	(2.566856e-05 2.305693e-04 -2.234493e-04)
4931          	(4.358942e-03 1.509015e-02 -1.641092e-02)	(4.333072e-03 1.485944e-02 -1.618742e-02)	(2.586984e-05 2.307095e-04 -2.234978e-04)
4932          	(4.340460e-03 1.508286e-02 -1.642269e-02)	(4.314433e-03 1.485202e-02 -1.619916e-02)	(2.602733e-05 2.308347e-04 -2.235281e-04)
4933          	(4.319378e-03 1.507396e-02 -1.643658e-02)	(4.293245e-03 1.484302e-02 -1.621304e-02)	(2.613259e-05 2.309392e-04 -2.235428e-04)
4934          	(4.296012e-03 1.506404e-02 -1.645201e-02)	(4.269832e-03 1.483302e-02 -1.622847e-02)	(2.618011e-05 2.310203e-04 -2.235353e-04)
4935          	(4.271702e-03 1.505338e-02 -1.646846e-02)	(4.245536e-03 1.482230e-02 -1.624495e-02)	(2.616585e-05 2.310753e-04 -2.235121e-04)
4936          	(4.247092e-03 1.504241e-02 -1.648533e-02)	(4.221001e-03 1.481131e-02 -1.626186e-02)	(2.609105e-05 2.311034e-04 -2.234711e-04)
4937          	(4.223013e-03 1.503145e-02 -1.650163e-02)	(4.197056e-03 1.480034e-02 -1.627821e-02)	(2.595713e-05 2.311044e-04 -2.234170e-04)
4938          	(4.199979e-03 1.502089e-02 -1.651693e-02)	(4.174210e-03 1.478981e-02 -1.629358e-02)	(2.576907e-05 2.310796e-04 -2.233480e-04)
4939          	(4.178519e-03 1.501116e-02 -1.653101e-02)	(4.152984e-03 1.478013e-02 -1.630774e-02)	(2.553446e-05 2.310333e-04 -2.232709e-04)
4940          	(4.159546e-03 1.500267e-02 -1.654268e-02)	(4.134281e-03 1.477170e-02 -1.631950e-02)	(2.526450e-05 2.309691e-04 -2.231805e-04)
4941          	(4.141861e-03 1.499462e-02 -1.655128e-02)	(4.116891e-03 1.476373e-02 -1.632820e-02)	(2.497030e-05 2.308922e-04 -2.230793e-04)
4942          	(4.127565e-03 1.498846e-02 -1.655638e-02)	(4.102899e-03 1.475765e-02 -1.633342e-02)	(2.466530e-05 2.308071e-04 -2.229614e-04)
4943          	(4.119950e-03 1.498518e-02 -1.655751e-02)	(4.095586e-03 1.475447e-02 -1.633468e-02)	(2.436448e-05 2.307141e-04 -2.228311e-04)
4944          	(4.115828e-03 1.498384e-02 -1.655505e-02)	(4.091748e-03 1.475322e-02 -1.633236e-02)	(2.408023e-05 2.306190e-04 -2.226842e-04)
4945          	(4.115005e-03 1.498438e-02 -1.654919e-02)	(4.091186e-03 1.475385e-02 -1.632666e-02)	(2.381942e-05 2.305278e-04 -2.225280e-04)
4946          	(4.117247e-03 1.498672e-02 -1.654053e-02)	(4.093656e-03 1.475627e-02 -1.631817e-02)	(2.359082e-05 2.304456e-04 -2.223598e-04)
4947          	(4.122270e-03 1.499076e-02 -1.653002e-02)	(4.098871e-03 1.476038e-02 -1.630783e-02)	(2.339882e-05 2.303775e-04 -2.221925e-04)
4948          	(4.129652e-03 1.499627e-02 -1.651866e-02)	(4.106405e-03 1.476594e-02 -1.629663e-02)	(2.324686e-05 2.303263e-04 -2.220266e-04)
4949          	(4.138962e-03 1.500295e-02 -1.650727e-02)	(4.115827e-03 1.477266e-02 -1.628540e-02)	(2.313429e-05 2.302926e-04 -2.218699e-04)
4950          	(4.149727e-03 1.501055e-02 -1.649673e-02)	(4.126666e-03 1.478027e-02 -1.627500e-02)	(2.306128e-05 2.302782e-04 -2.217256e-04)
4951          	(4.161862e-03 1.501889e-02 -1.648746e-02)	(4.138838e-03 1.478860e-02 -1.626585e-02)	(2.302411e-05 2.302823e-04 -2.216051e-04)
4952          	(4.174912e-03 1.502769e-02 -1.647973e-02)	(4.151890e-03 1.479739e-02 -1.625822e-02)	(2.302184e-05 2.303044e-04 -2.215061e-04)
4953          	(4.189700e-03 1.503694e-02 -1.647274e-02)	(4.166646e-03 1.480660e-02 -1.625131e-02)	(2.305366e-05 2.303419e-04 -2.214339e-04)
4954          	(4.205025e-03 1.504629e-02 -1.646735e-02)	(4.181906e-03 1.481589e-02 -1.624597e-02)	(2.311948e-05 2.303945e-04 -2.213859e-04)
4955          	(4.220689e-03 1.505549e-02 -1.646292e-02)	(4.197468e-03 1.482503e-02 -1.624156e-02)	(2.322062e-05 2.304622e-04 -2.213642e-04)
4956          	(4.235640e-03 1.506414e-02 -1.645967e-02)	(4.212282e-03 1.483359e-02 -1.623831e-02)	(2.335851e-05 2.305465e-04 -2.213655e-04)
4957          	(4.250544e-03 1.507239e-02 -1.645657e-02)	(4.227011e-03 1.484174e-02 -1.623517e-02)	(2.353220e-05 2.306463e-04 -2.213942e-04)
4958          	(4.265026e-03 1.508010e-02 -1.645335e-02)	(4.241281e-03 1.484934e-02 -1.623191e-02)	(2.374494e-05 2.307618e-04 -2.214412e-04)
4959          	(4.278700e-03 1.508699e-02 -1.645002e-02)	(4.254706e-03 1.485610e-02 -1.622851e-02)	(2.399428e-05 2.308924e-04 -2.215127e-04)
4960          	(4.291061e-03 1.509281e-02 -1.644679e-02)	(4.266782e-03 1.486177e-02 -1.622519e-02)	(2.427837e-05 2.310365e-04 -2.216023e-04)
4961          	(4.301448e-03 1.509735e-02 -1.644431e-02)	(4.276858e-03 1.486616e-02 -1.622260e-02)	(2.459020e-05 2.311908e-04 -2.217096e-04)
4962          	(4.309255e-03 1.510049e-02 -1.644353e-02)	(4.284334e-03 1.486914e-02 -1.622170e-02)	(2.492026e-05 2.313514e-04 -2.218310e-04)
4963          	(4.313893e-03 1.510202e-02 -1.644487e-02)	(4.288635e-03 1.487050e-02 -1.622291e-02)	(2.525806e-05 2.315145e-04 -2.219673e-04)
4964          	(4.315042e-03 1.510187e-02 -1.644878e-02)	(4.289451e-03 1.487020e-02 -1.622667e-02)	(2.559087e-05 2.316748e-04 -2.221111e-04)
4965          	(4.312614e-03 1.510019e-02 -1.645556e-02)	(4.286709e-03 1.486837e-02 -1.623330e-02)	(2.590504e-05 2.318274e-04 -2.222633e-04)
4966          	(4.306653e-03 1.509701e-02 -1.646529e-02)	(4.280465e-03 1.486504e-02 -1.624287e-02)	(2.618807e-05 2.319674e-04 -2.224180e-04)
4967          	(4.297522e-03 1.509254e-02 -1.647761e-02)	(4.271093e-03 1.486045e-02 -1.625504e-02)	(2.642946e-05 2.320916e-04 -2.225735e-04)
4968          	(4.285705e-03 1.508704e-02 -1.649180e-02)	(4.259084e-03 1.485485e-02 -1.626908e-02)	(2.662041e-05 2.321969e-04 -2.227229e-04)
4969          	(4.271834e-03 1.508080e-02 -1.650662e-02)	(4.245080e-03 1.484852e-02 -1.628376e-02)	(2.675419e-05 2.322810e-04 -2.228626e-04)
4970          	(4.256563e-03 1.507413e-02 -1.652093e-02)	(4.229735e-03 1.484179e-02 -1.629795e-02)	(2.682865e-05 2.323433e-04 -2.229799e-04)
4971          	(4.240594e-03 1.506745e-02 -1.653382e-02)	(4.213749e-03 1.483507e-02 -1.631075e-02)	(2.684466e-05 2.323855e-04 -2.230726e-04)
4972          	(4.224664e-03 1.506109e-02 -1.654394e-02)	(4.197859e-03 1.482868e-02 -1.632082e-02)	(2.680447e-05 2.324079e-04 -2.231287e-04)
4973          	(4.209425e-03 1.505533e-02 -1.655026e-02)	(4.182711e-03 1.482291e-02 -1.632711e-02)	(2.671443e-05 2.324123e-04 -2.231411e-04)
4974          	(4.195332e-03 1.505030e-02 -1.655202e-02)	(4.168750e-03 1.481790e-02 -1.632892e-02)	(2.658223e-05 2.324015e-04 -2.231036e-04)
4975          	(4.182688e-03 1.504608e-02 -1.654891e-02)	(4.156273e-03 1.481370e-02 -1.632589e-02)	(2.641506e-05 2.323780e-04 -2.230193e-04)
4976          	(4.171697e-03 1.504264e-02 -1.654092e-02)	(4.145476e-03 1.481030e-02 -1.631803e-02)	(2.622065e-05 2.323432e-04 -2.228851e-04)
4977          	(4.162513e-03 1.503997e-02 -1.652837e-02)	(4.136506e-03 1.480767e-02 -1.630566e-02)	(2.600721e-05 2.323002e-04 -2.227111e-04)
4978          	(4.154947e-03 1.503790e-02 -1.651176e-02)	(4.129165e-03 1.480565e-02 -1.628926e-02)	(2.578208e-05 2.322521e-04 -2.225048e-04)
4979          	(4.148459e-03 1.503618e-02 -1.649242e-02)	(4.122904e-03 1.480398e-02 -1.627014e-02)	(2.555427e-05 2.322041e-04 -2.222797e-04)
4980          	(4.143958e-03 1.503522e-02 -1.647082e-02)	(4.118625e-03 1.480306e-02 -1.624877e-02)	(2.533307e-05 2.321603e-04 -2.220444e-04)
4981          	(4.141588e-03 1.503504e-02 -1.644788e-02)	(4.116462e-03 1.480292e-02 -1.622607e-02)	(2.512590e-05 2.321229e-04 -2.218135e-04)
4982          	(4.141053e-03 1.503552e-02 -1.642489e-02)	(4.116111e-03 1.480343e-02 -1.620330e-02)	(2.494158e-05 2.320953e-04 -2.215903e-04)
4983          	(4.142460e-03 1.503672e-02 -1.640268e-02)	(4.117674e-03 1.480464e-02 -1.618129e-02)	(2.478579e-05 2.320802e-04 -2.213890e-04)
4984          	(4.145335e-03 1.503839e-02 -1.638249e-02)	(4.120672e-03 1.480631e-02 -1.616128e-02)	(2.466325e-05 2.320785e-04 -2.212102e-04)
4985          	(4.149426e-03 1.504042e-02 -1.636528e-02)	(4.124848e-03 1.480833e-02 -1.614422e-02)	(2.457760e-05 2.320909e-04 -2.210601e-04)
4986          	(4.154427e-03 1.504260e-02 -1.635153e-02)	(4.129895e-03 1.481048e-02 -1.613059e-02)	(2.453225e-05 2.321178e-04 -2.209358e-04)
4987          	(4.159924e-03 1.504481e-02 -1.634229e-02)	(4.135395e-03 1.481265e-02 -1.612144e-02)	(2.452885e-05 2.321596e-04 -2.208419e-04)
4988          	(4.165479e-03 1.504677e-02 -1.633769e-02)	(4.140912e-03 1.481455e-02 -1.611692e-02)	(2.456696e-05 2.322146e-04 -2.207720e-04)
4989          	(4.171018e-03 1.504859e-02 -1.633837e-02)	(4.146375e-03 1.481631e-02 -1.611764e-02)	(2.464294e-05 2.322811e-04 -2.207314e-04)
4990          	(4.176496e-03 1.505041e-02 -1.634428e-02)	(4.151742e-03 1.481805e-02 -1.612356e-02)	(2.475359e-05 2.323570e-04 -2.207171e-04)
4991          	(4.185819e-03 1.505348e-02 -1.635834e-02)	(4.160921e-03 1.482104e-02 -1.613760e-02)	(2.489738e-05 2.324339e-04 -2.207424e-04)
4992          	(4.196798e-03 1.505697e-02 -1.637591e-02)	(4.171727e-03 1.482446e-02 -1.615511e-02)	(2.507059e-05 2.325093e-04 -2.208031e-04)
4993          	(4.207877e-03 1.506088e-02 -1.639534e-02)	(4.182607e-03 1.482829e-02 -1.617444e-02)	(2.527067e-05 2.325866e-04 -2.208949e-04)
4994          	(4.217240e-03 1.506484e-02 -1.641554e-02)	(4.191746e-03 1.483217e-02 -1.619453e-02)	(2.549318e-05 2.326711e-04 -2.210069e-04)
4995          	(4.222077e-03 1.506801e-02 -1.643446e-02)	(4.196344e-03 1.483523e-02 -1.621332e-02)	(2.573304e-05 2.327723e-04 -2.211362e-04)
4996          	(4.227374e-03 1.507230e-02 -1.645414e-02)	(4.201389e-03 1.483941e-02 -1.623286e-02)	(2.598517e-05 2.328865e-04 -2.212835e-04)
4997          	(4.232732e-03 1.507750e-02 -1.647294e-02)	(4.206486e-03 1.484449e-02 -1.625149e-02)	(2.624560e-05 2.330131e-04 -2.214534e-04)
4998          	(4.237934e-03 1.508347e-02 -1.649014e-02)	(4.211426e-03 1.485032e-02 -1.626850e-02)	(2.650810e-05 2.331502e-04 -2.216434e-04)
4999          	(4.242674e-03 1.508991e-02 -1.650527e-02)	(4.215908e-03 1.485661e-02 -1.628341e-02)	(2.676511e-05 2.332957e-04 -2.218561e-04)
5000          	(4.246588e-03 1.509637e-02 -1.651788e-02)	(4.219579e-03 1.486293e-02 -1.629580e-02)	(2.700907e-05 2.334454e-04 -2.220811e-04)
5001          	(4.249438e-03 1.510244e-02 -1.652756e-02)	(4.222204e-03 1.486884e-02 -1.630524e-02)	(2.723393e-05 2.335957e-04 -2.223149e-04)
5002          	(4.250784e-03 1.510764e-02 -1.653336e-02)	(4.223351e-03 1.487390e-02 -1.631082e-02)	(2.743340e-05 2.337416e-04 -2.225407e-04)
5003          	(4.250689e-03 1.511176e-02 -1.653568e-02)	(4.223086e-03 1.487788e-02 -1.631293e-02)	(2.760254e-05 2.338788e-04 -2.227489e-04)
5004          	(4.249164e-03 1.511463e-02 -1.653431e-02)	(4.221425e-03 1.488063e-02 -1.631139e-02)	(2.773886e-05 2.340032e-04 -2.229232e-04)
5005          	(4.246363e-03 1.511620e-02 -1.652895e-02)	(4.218523e-03 1.488209e-02 -1.630590e-02)	(2.784038e-05 2.341115e-04 -2.230556e-04)
5006          	(4.242520e-03 1.511651e-02 -1.651931e-02)	(4.214612e-03 1.488231e-02 -1.629618e-02)	(2.790769e-05 2.342018e-04 -2.231320e-04)
5007          	(4.237793e-03 1.511560e-02 -1.650557e-02)	(4.209852e-03 1.488133e-02 -1.628242e-02)	(2.794140e-05 2.342741e-04 -2.231522e-04)
5008          	(4.232140e-03 1.511346e-02 -1.648807e-02)	(4.204198e-03 1.487914e-02 -1.626496e-02)	(2.794206e-05 2.343279e-04 -2.231117e-04)
5009          	(4.225989e-03 1.511040e-02 -1.646772e-02)	(4.198077e-03 1.487603e-02 -1.624470e-02)	(2.791157e-05 2.343643e-04 -2.230165e-04)
5010          	(4.219537e-03 1.510659e-02 -1.644531e-02)	(4.191687e-03 1.487221e-02 -1.622244e-02)	(2.785089e-05 2.343846e-04 -2.228747e-04)
5011          	(4.212973e-03 1.510226e-02 -1.642180e-02)	(4.185209e-03 1.486787e-02 -1.619910e-02)	(2.776424e-05 2.343921e-04 -2.227002e-04)
5012          	(4.206426e-03 1.509752e-02 -1.639816e-02)	(4.178770e-03 1.486313e-02 -1.617566e-02)	(2.765655e-05 2.343893e-04 -2.225003e-04)
5013          	(4.199720e-03 1.509230e-02 -1.637535e-02)	(4.172186e-03 1.485792e-02 -1.615306e-02)	(2.753418e-05 2.343800e-04 -2.222903e-04)
5014          	(4.193283e-03 1.508669e-02 -1.635381e-02)	(4.165879e-03 1.485232e-02 -1.613173e-02)	(2.740397e-05 2.343662e-04 -2.220771e-04)
5015          	(4.187331e-03 1.508087e-02 -1.633366e-02)	(4.160056e-03 1.484651e-02 -1.611179e-02)	(2.727504e-05 2.343518e-04 -2.218708e-04)
5016          	(4.181993e-03 1.507489e-02 -1.631500e-02)	(4.154837e-03 1.484055e-02 -1.609333e-02)	(2.715560e-05 2.343400e-04 -2.216752e-04)
5017          	(4.177581e-03 1.506902e-02 -1.629803e-02)	(4.150526e-03 1.483469e-02 -1.607653e-02)	(2.705512e-05 2.343343e-04 -2.214985e-04)
5018          	(4.173638e-03 1.506294e-02 -1.628301e-02)	(4.146656e-03 1.482860e-02 -1.606167e-02)	(2.698117e-05 2.343369e-04 -2.213380e-04)
5019          	(4.169954e-03 1.505659e-02 -1.627040e-02)	(4.143013e-03 1.482224e-02 -1.604920e-02)	(2.694175e-05 2.343519e-04 -2.212000e-04)
5020          	(4.166055e-03 1.504974e-02 -1.626068e-02)	(4.139116e-03 1.481536e-02 -1.603960e-02)	(2.693948e-05 2.343794e-04 -2.210824e-04)
5021          	(4.161860e-03 1.504266e-02 -1.625483e-02)	(4.134884e-03 1.480824e-02 -1.603384e-02)	(2.697679e-05 2.344204e-04 -2.209877e-04)
5022          	(4.157415e-03 1.503571e-02 -1.625382e-02)	(4.130364e-03 1.480124e-02 -1.603290e-02)	(2.705101e-05 2.344731e-04 -2.209156e-04)
5023          	(4.152369e-03 1.502892e-02 -1.625803e-02)	(4.125208e-03 1.479438e-02 -1.603716e-02)	(2.716088e-05 2.345379e-04 -2.208696e-04)
5024          	(4.146761e-03 1.502259e-02 -1.626766e-02)	(4.119461e-03 1.478798e-02 -1.604681e-02)	(2.730024e-05 2.346122e-04 -2.208459e-04)
5025          	(4.140814e-03 1.501715e-02 -1.628259e-02)	(4.113350e-03 1.478245e-02 -1.606174e-02)	(2.746369e-05 2.346958e-04 -2.208500e-04)
5026          	(4.135054e-03 1.501319e-02 -1.630262e-02)	(4.107413e-03 1.477840e-02 -1.608173e-02)	(2.764086e-05 2.347856e-04 -2.208830e-04)
5027          	(4.129910e-03 1.501110e-02 -1.632672e-02)	(4.102083e-03 1.477622e-02 -1.610577e-02)	(2.782685e-05 2.348825e-04 -2.209488e-04)
5028          	(4.126047e-03 1.501114e-02 -1.635330e-02)	(4.098034e-03 1.477615e-02 -1.613225e-02)	(2.801336e-05 2.349844e-04 -2.210481e-04)
5029          	(4.127274e-03 1.501480e-02 -1.638144e-02)	(4.099077e-03 1.477971e-02 -1.616025e-02)	(2.819723e-05 2.350870e-04 -2.211892e-04)
5030          	(4.126390e-03 1.501940e-02 -1.640731e-02)	(4.098017e-03 1.478421e-02 -1.618595e-02)	(2.837315e-05 2.351982e-04 -2.213606e-04)
5031          	(4.128136e-03 1.502647e-02 -1.643066e-02)	(4.099595e-03 1.479115e-02 -1.620910e-02)	(2.854152e-05 2.353200e-04 -2.215641e-04)
5032          	(4.132744e-03 1.503580e-02 -1.644997e-02)	(4.104042e-03 1.480035e-02 -1.622818e-02)	(2.870256e-05 2.354504e-04 -2.217928e-04)
5033          	(4.144085e-03 1.504875e-02 -1.646442e-02)	(4.115226e-03 1.481316e-02 -1.624238e-02)	(2.885952e-05 2.355840e-04 -2.220431e-04)
5034          	(4.154451e-03 1.506173e-02 -1.647182e-02)	(4.125440e-03 1.482601e-02 -1.624953e-02)	(2.901132e-05 2.357247e-04 -2.222979e-04)
5035          	(4.166603e-03 1.507511e-02 -1.647248e-02)	(4.137442e-03 1.483924e-02 -1.624993e-02)	(2.916026e-05 2.358709e-04 -2.225487e-04)
5036          	(4.179863e-03 1.508816e-02 -1.646663e-02)	(4.150556e-03 1.485214e-02 -1.624385e-02)	(2.930612e-05 2.360166e-04 -2.227791e-04)
5037          	(4.193196e-03 1.509993e-02 -1.645452e-02)	(4.163749e-03 1.486377e-02 -1.623154e-02)	(2.944731e-05 2.361570e-04 -2.229817e-04)
5038          	(4.205581e-03 1.510953e-02 -1.643706e-02)	(4.176000e-03 1.487324e-02 -1.621391e-02)	(2.958091e-05 2.362862e-04 -2.231444e-04)
5039          	(4.216070e-03 1.511639e-02 -1.641530e-02)	(4.186369e-03 1.487999e-02 -1.619203e-02)	(2.970188e-05 2.363984e-04 -2.232627e-04)
5040          	(4.223929e-03 1.512006e-02 -1.639044e-02)	(4.194124e-03 1.488357e-02 -1.616711e-02)	(2.980497e-05 2.364884e-04 -2.233296e-04)
5041          	(4.228691e-03 1.512036e-02 -1.636378e-02)	(4.198808e-03 1.488381e-02 -1.614044e-02)	(2.988321e-05 2.365514e-04 -2.233496e-04)
5042          	(4.230214e-03 1.511736e-02 -1.633644e-02)	(4.200281e-03 1.488077e-02 -1.611312e-02)	(2.993364e-05 2.365851e-04 -2.233202e-04)
5043          	(4.228510e-03 1.511127e-02 -1.630954e-02)	(4.198556e-03 1.487468e-02 -1.608629e-02)	(2.995419e-05 2.365890e-04 -2.232510e-04)
5044          	(4.223701e-03 1.510242e-02 -1.628417e-02)	(4.193756e-03 1.486586e-02 -1.606102e-02)	(2.994457e-05 2.365634e-04 -2.231437e-04)
5045          	(4.215843e-03 1.509112e-02 -1.626111e-02)	(4.185938e-03 1.485461e-02 -1.603810e-02)	(2.990473e-05 2.365095e-04 -2.230079e-04)
5046          	(4.205331e-03 1.507784e-02 -1.624114e-02)	(4.175493e-03 1.484141e-02 -1.601829e-02)	(2.983758e-05 2.364303e-04 -2.228488e-04)
5047          	(4.192437e-03 1.506300e-02 -1.622453e-02)	(4.162691e-03 1.482667e-02 -1.600185e-02)	(2.974552e-05 2.363296e-04 -2.226800e-04)
5048          	(4.177569e-03 1.504703e-02 -1.621171e-02)	(4.147935e-03 1.481081e-02 -1.598921e-02)	(2.963382e-05 2.362111e-04 -2.225028e-04)
5049          	(4.160460e-03 1.503026e-02 -1.620282e-02)	(4.130953e-03 1.479418e-02 -1.598049e-02)	(2.950687e-05 2.360806e-04 -2.223282e-04)
5050          	(4.142845e-03 1.501320e-02 -1.619804e-02)	(4.113473e-03 1.477726e-02 -1.597588e-02)	(2.937240e-05 2.359416e-04 -2.221592e-04)
5051          	(4.124505e-03 1.499621e-02 -1.619730e-02)	(4.095268e-03 1.476041e-02 -1.597530e-02)	(2.923672e-05 2.357991e-04 -2.220038e-04)
5052          	(4.105780e-03 1.497960e-02 -1.620028e-02)	(4.076673e-03 1.474394e-02 -1.597841e-02)	(2.910684e-05 2.356585e-04 -2.218616e-04)
5053          	(4.086771e-03 1.496362e-02 -1.620663e-02)	(4.057783e-03 1.472809e-02 -1.598489e-02)	(2.898765e-05 2.355250e-04 -2.217410e-04)
5054          	(4.067425e-03 1.494871e-02 -1.621625e-02)	(4.038540e-03 1.471331e-02 -1.599461e-02)	(2.888508e-05 2.354050e-04 -2.216380e-04)
5055          	(4.048579e-03 1.493530e-02 -1.622876e-02)	(4.019777e-03 1.469999e-02 -1.600720e-02)	(2.880226e-05 2.353033e-04 -2.215603e-04)
5056          	(4.031199e-03 1.492381e-02 -1.624395e-02)	(4.002457e-03 1.468859e-02 -1.602244e-02)	(2.874182e-05 2.352215e-04 -2.215061e-04)
5057          	(4.015807e-03 1.491466e-02 -1.626151e-02)	(3.987104e-03 1.467950e-02 -1.604003e-02)	(2.870259e-05 2.351604e-04 -2.214815e-04)
5058          	(4.004174e-03 1.490842e-02 -1.628087e-02)	(3.975490e-03 1.467331e-02 -1.605939e-02)	(2.868432e-05 2.351184e-04 -2.214854e-04)
5059          	(3.995415e-03 1.490516e-02 -1.630172e-02)	(3.966733e-03 1.467007e-02 -1.608020e-02)	(2.868209e-05 2.350952e-04 -2.215241e-04)
5060          	(3.989490e-03 1.490495e-02 -1.632330e-02)	(3.960797e-03 1.466986e-02 -1.610171e-02)	(2.869253e-05 2.350914e-04 -2.215906e-04)
5061          	(3.986615e-03 1.490787e-02 -1.634481e-02)	(3.957906e-03 1.467277e-02 -1.612312e-02)	(2.870921e-05 2.351054e-04 -2.216885e-04)
5062          	(3.986780e-03 1.491386e-02 -1.636496e-02)	(3.958051e-03 1.467872e-02 -1.614315e-02)	(2.872932e-05 2.351366e-04 -2.218093e-04)
5063          	(3.990339e-03 1.492302e-02 -1.638266e-02)	(3.961591e-03 1.468783e-02 -1.616071e-02)	(2.874865e-05 2.351834e-04 -2.219505e-04)
5064          	(3.997160e-03 1.493497e-02 -1.639619e-02)	(3.968392e-03 1.469973e-02 -1.617409e-02)	(2.876735e-05 2.352458e-04 -2.221013e-04)
5065          	(4.007476e-03 1.494954e-02 -1.640401e-02)	(3.978691e-03 1.471421e-02 -1.618175e-02)	(2.878518e-05 2.353228e-04 -2.222591e-04)
5066          	(4.021243e-03 1.496628e-02 -1.640450e-02)	(3.992436e-03 1.473087e-02 -1.618210e-02)	(2.880667e-05 2.354151e-04 -2.224090e-04)
5067          	(4.038638e-03 1.498502e-02 -1.639669e-02)	(4.009802e-03 1.474950e-02 -1.617414e-02)	(2.883600e-05 2.355233e-04 -2.225492e-04)
5068          	(4.058757e-03 1.500461e-02 -1.637961e-02)	(4.029877e-03 1.476896e-02 -1.615694e-02)	(2.888017e-05 2.356482e-04 -2.226684e-04)
5069          	(4.081031e-03 1.502426e-02 -1.635342e-02)	(4.052088e-03 1.478847e-02 -1.613065e-02)	(2.894291e-05 2.357884e-04 -2.227638e-04)
5070          	(4.104091e-03 1.504283e-02 -1.631902e-02)	(4.075063e-03 1.480688e-02 -1.609619e-02)	(2.902804e-05 2.359424e-04 -2.228296e-04)
5071          	(4.126473e-03 1.505929e-02 -1.627823e-02)	(4.097338e-03 1.482318e-02 -1.605536e-02)	(2.913477e-05 2.361070e-04 -2.228688e-04)
5072          	(4.147143e-03 1.507296e-02 -1.623368e-02)	(4.117884e-03 1.483668e-02 -1.601080e-02)	(2.925892e-05 2.362758e-04 -2.228782e-04)
5073          	(4.164987e-03 1.508337e-02 -1.618800e-02)	(4.135593e-03 1.484693e-02 -1.596513e-02)	(2.939384e-05 2.364424e-04 -2.228652e-04)
5074          	(4.178890e-03 1.509001e-02 -1.614341e-02)	(4.149357e-03 1.485341e-02 -1.592058e-02)	(2.953261e-05 2.366002e-04 -2.228279e-04)
5075          	(4.184896e-03 1.509105e-02 -1.609896e-02)	(4.155226e-03 1.485430e-02 -1.587620e-02)	(2.966973e-05 2.367492e-04 -2.227636e-04)
5076          	(4.189747e-03 1.509013e-02 -1.606324e-02)	(4.159954e-03 1.485326e-02 -1.584055e-02)	(2.979320e-05 2.368749e-04 -2.226837e-04)
5077          	(4.189643e-03 1.508547e-02 -1.603332e-02)	(4.159745e-03 1.484850e-02 -1.581073e-02)	(2.989820e-05 2.369725e-04 -2.225914e-04)
5078          	(4.184595e-03 1.507722e-02 -1.600973e-02)	(4.154615e-03 1.484018e-02 -1.578725e-02)	(2.997963e-05 2.370396e-04 -2.224808e-04)
5079          	(4.169410e-03 1.506334e-02 -1.599041e-02)	(4.139377e-03 1.482626e-02 -1.576806e-02)	(3.003387e-05 2.370830e-04 -2.223480e-04)
5080          	(4.155755e-03 1.504954e-02 -1.598014e-02)	(4.125695e-03 1.481245e-02 -1.575794e-02)	(3.005965e-05 2.370937e-04 -2.222014e-04)
5081          	(4.138474e-03 1.503360e-02 -1.597658e-02)	(4.108416e-03 1.479653e-02 -1.575454e-02)	(3.005833e-05 2.370720e-04 -2.220410e-04)
5082          	(4.118072e-03 1.501602e-02 -1.597951e-02)	(4.088043e-03 1.477900e-02 -1.575764e-02)	(3.002868e-05 2.370207e-04 -2.218657e-04)
5083          	(4.095229e-03 1.499752e-02 -1.598851e-02)	(4.065256e-03 1.476057e-02 -1.576683e-02)	(2.997231e-05 2.369443e-04 -2.216821e-04)
5084          	(4.070465e-03 1.497857e-02 -1.600316e-02)	(4.040574e-03 1.474172e-02 -1.578168e-02)	(2.989057e-05 2.368457e-04 -2.214879e-04)
5085          	(4.044243e-03 1.495972e-02 -1.602301e-02)	(4.014457e-03 1.472299e-02 -1.580172e-02)	(2.978606e-05 2.367309e-04 -2.212921e-04)
5086          	(4.017587e-03 1.494196e-02 -1.604742e-02)	(3.987927e-03 1.470536e-02 -1.582632e-02)	(2.966009e-05 2.366048e-04 -2.210974e-04)
5087          	(3.990231e-03 1.492597e-02 -1.607546e-02)	(3.960714e-03 1.468949e-02 -1.585455e-02)	(2.951659e-05 2.364778e-04 -2.209086e-04)
5088          	(3.964663e-03 1.491257e-02 -1.610579e-02)	(3.935305e-03 1.467621e-02 -1.588506e-02)	(2.935804e-05 2.363542e-04 -2.207306e-04)
5089          	(3.941919e-03 1.490227e-02 -1.613704e-02)	(3.912730e-03 1.466603e-02 -1.591647e-02)	(2.918926e-05 2.362393e-04 -2.205723e-04)
5090          	(3.922835e-03 1.489536e-02 -1.616779e-02)	(3.893822e-03 1.465922e-02 -1.594736e-02)	(2.901384e-05 2.361361e-04 -2.204324e-04)
5091          	(3.908037e-03 1.489192e-02 -1.619676e-02)	(3.879199e-03 1.465587e-02 -1.597644e-02)	(2.883776e-05 2.360498e-04 -2.203178e-04)
5092          	(3.899138e-03 1.489202e-02 -1.622275e-02)	(3.870473e-03 1.465604e-02 -1.600253e-02)	(2.866556e-05 2.359788e-04 -2.202272e-04)
5093          	(3.894931e-03 1.489523e-02 -1.624504e-02)	(3.866427e-03 1.465930e-02 -1.602488e-02)	(2.850336e-05 2.359264e-04 -2.201587e-04)
5094          	(3.895435e-03 1.490116e-02 -1.626327e-02)	(3.867080e-03 1.466527e-02 -1.604316e-02)	(2.835459e-05 2.358929e-04 -2.201085e-04)
5095          	(3.900569e-03 1.490971e-02 -1.627683e-02)	(3.872345e-03 1.467383e-02 -1.605675e-02)	(2.822436e-05 2.358799e-04 -2.200749e-04)
5096          	(3.909863e-03 1.492034e-02 -1.628548e-02)	(3.881749e-03 1.468446e-02 -1.606543e-02)	(2.811452e-05 2.358857e-04 -2.200484e-04)
5097          	(3.923034e-03 1.493274e-02 -1.628882e-02)	(3.895005e-03 1.469683e-02 -1.606879e-02)	(2.802981e-05 2.359111e-04 -2.200266e-04)
5098          	(3.939720e-03 1.494649e-02 -1.628666e-02)	(3.911749e-03 1.471054e-02 -1.606666e-02)	(2.797112e-05 2.359533e-04 -2.200013e-04)
5099          	(3.959491e-03 1.496115e-02 -1.627891e-02)	(3.931548e-03 1.472514e-02 -1.605894e-02)	(2.794337e-05 2.360128e-04 -2.199681e-04)
5100          	(3.981835e-03 1.497624e-02 -1.626555e-02)	(3.953889e-03 1.474015e-02 -1.604563e-02)	(2.794593e-05 2.360863e-04 -2.199227e-04)
5101          	(4.006189e-03 1.499125e-02 -1.624672e-02)	(3.978206e-03 1.475508e-02 -1.602685e-02)	(2.798315e-05 2.361744e-04 -2.198665e-04)
5102          	(4.031908e-03 1.500574e-02 -1.622282e-02)	(4.003853e-03 1.476947e-02 -1.600302e-02)	(2.805487e-05 2.362749e-04 -2.197979e-04)
5103          	(4.058295e-03 1.501934e-02 -1.619465e-02)	(4.030131e-03 1.478295e-02 -1.597493e-02)	(2.816451e-05 2.363897e-04 -2.197238e-04)
5104          	(4.085402e-03 1.503189e-02 -1.616386e-02)	(4.057093e-03 1.479538e-02 -1.594421e-02)	(2.830906e-05 2.365145e-04 -2.196486e-04)
5105          	(4.111646e-03 1.504291e-02 -1.613073e-02)	(4.083155e-03 1.480626e-02 -1.591115e-02)	(2.849120e-05 2.366517e-04 -2.195750e-04)
5106          	(4.136215e-03 1.505223e-02 -1.609676e-02)	(4.107509e-03 1.481543e-02 -1.587725e-02)	(2.870568e-05 2.367995e-04 -2.195055e-04)
5107          	(4.158297e-03 1.505959e-02 -1.606330e-02)	(4.129346e-03 1.482264e-02 -1.584386e-02)	(2.895057e-05 2.369587e-04 -2.194450e-04)
5108          	(4.177104e-03 1.506476e-02 -1.603176e-02)	(4.147884e-03 1.482763e-02 -1.581237e-02)	(2.921942e-05 2.371257e-04 -2.193889e-04)
5109          	(4.191778e-03 1.506751e-02 -1.600359e-02)	(4.162273e-03 1.483021e-02 -1.578425e-02)	(2.950561e-05 2.372984e-04 -2.193407e-04)
5110          	(4.201715e-03 1.506766e-02 -1.597995e-02)	(4.171915e-03 1.483019e-02 -1.576066e-02)	(2.979993e-05 2.374718e-04 -2.192944e-04)
5111          	(4.206502e-03 1.506517e-02 -1.596155e-02)	(4.176408e-03 1.482753e-02 -1.574230e-02)	(3.009410e-05 2.376418e-04 -2.192478e-04)
5112          	(4.205927e-03 1.505984e-02 -1.594929e-02)	(4.175548e-03 1.482204e-02 -1.573009e-02)	(3.037873e-05 2.378024e-04 -2.191949e-04)
5113          	(4.199997e-03 1.505183e-02 -1.594325e-02)	(4.169352e-03 1.481388e-02 -1.572411e-02)	(3.064514e-05 2.379490e-04 -2.191374e-04)
5114          	(4.188895e-03 1.504136e-02 -1.594350e-02)	(4.158009e-03 1.480329e-02 -1.572443e-02)	(3.088587e-05 2.380770e-04 -2.190671e-04)
5115          	(4.173155e-03 1.502887e-02 -1.594965e-02)	(4.142060e-03 1.479068e-02 -1.573067e-02)	(3.109474e-05 2.381847e-04 -2.189882e-04)
5116          	(4.153553e-03 1.501493e-02 -1.596115e-02)	(4.122288e-03 1.477666e-02 -1.574225e-02)	(3.126555e-05 2.382694e-04 -2.188967e-04)
5117          	(4.130956e-03 1.500018e-02 -1.597754e-02)	(4.099563e-03 1.476185e-02 -1.575874e-02)	(3.139354e-05 2.383304e-04 -2.187971e-04)
5118          	(4.106965e-03 1.498591e-02 -1.599834e-02)	(4.075491e-03 1.474754e-02 -1.577965e-02)	(3.147444e-05 2.383672e-04 -2.186898e-04)
5119          	(4.081809e-03 1.497206e-02 -1.602258e-02)	(4.050304e-03 1.473367e-02 -1.580400e-02)	(3.150503e-05 2.383813e-04 -2.185838e-04)
5120          	(4.054953e-03 1.495828e-02 -1.605022e-02)	(4.023469e-03 1.471990e-02 -1.583174e-02)	(3.148494e-05 2.383750e-04 -2.184781e-04)
5121          	(4.029573e-03 1.494646e-02 -1.607943e-02)	(3.998160e-03 1.470811e-02 -1.586105e-02)	(3.141319e-05 2.383493e-04 -2.183814e-04)
5122          	(4.006606e-03 1.493699e-02 -1.610875e-02)	(3.975312e-03 1.469868e-02 -1.589046e-02)	(3.129361e-05 2.383066e-04 -2.182913e-04)
5123          	(3.986789e-03 1.492999e-02 -1.613685e-02)	(3.955658e-03 1.469174e-02 -1.591864e-02)	(3.113162e-05 2.382500e-04 -2.182116e-04)
5124          	(3.970813e-03 1.492528e-02 -1.616232e-02)	(3.939877e-03 1.468710e-02 -1.594418e-02)	(3.093647e-05 2.381825e-04 -2.181383e-04)
5125          	(3.959643e-03 1.492280e-02 -1.618440e-02)	(3.928926e-03 1.468469e-02 -1.596632e-02)	(3.071721e-05 2.381057e-04 -2.180776e-04)
5126          	(3.953043e-03 1.492241e-02 -1.620268e-02)	(3.922557e-03 1.468438e-02 -1.598466e-02)	(3.048559e-05 2.380231e-04 -2.180231e-04)
5127          	(3.950853e-03 1.492388e-02 -1.621645e-02)	(3.920602e-03 1.468594e-02 -1.599847e-02)	(3.025121e-05 2.379384e-04 -2.179797e-04)
5128          	(3.952832e-03 1.492687e-02 -1.622531e-02)	(3.922805e-03 1.468901e-02 -1.600737e-02)	(3.002657e-05 2.378560e-04 -2.179396e-04)
5129          	(3.958308e-03 1.493081e-02 -1.622919e-02)	(3.928488e-03 1.469304e-02 -1.601129e-02)	(2.981995e-05 2.377781e-04 -2.179041e-04)
5130          	(3.966874e-03 1.493552e-02 -1.622866e-02)	(3.937233e-03 1.469781e-02 -1.601080e-02)	(2.964139e-05 2.377083e-04 -2.178657e-04)
5131          	(3.978458e-03 1.494103e-02 -1.622491e-02)	(3.948964e-03 1.470338e-02 -1.600708e-02)	(2.949402e-05 2.376464e-04 -2.178304e-04)
5132          	(3.994099e-03 1.494712e-02 -1.621832e-02)	(3.964713e-03 1.470953e-02 -1.600053e-02)	(2.938558e-05 2.375908e-04 -2.177923e-04)
5133          	(4.012835e-03 1.495355e-02 -1.621053e-02)	(3.983519e-03 1.471602e-02 -1.599277e-02)	(2.931549e-05 2.375387e-04 -2.177611e-04)
5134          	(4.026379e-03 1.495748e-02 -1.620241e-02)	(3.997095e-03 1.471997e-02 -1.598468e-02)	(2.928369e-05 2.375023e-04 -2.177292e-04)
5135          	(4.045100e-03 1.496233e-02 -1.619423e-02)	(4.015810e-03 1.472486e-02 -1.597652e-02)	(2.929035e-05 2.374718e-04 -2.177051e-04)
5136          	(4.058493e-03 1.496523e-02 -1.618789e-02)	(4.029160e-03 1.472777e-02 -1.597020e-02)	(2.933265e-05 2.374578e-04 -2.176871e-04)
5137          	(4.074371e-03 1.496846e-02 -1.618299e-02)	(4.044962e-03 1.473100e-02 -1.596530e-02)	(2.940906e-05 2.374547e-04 -2.176864e-04)
5138          	(4.087166e-03 1.497110e-02 -1.618030e-02)	(4.057647e-03 1.473363e-02 -1.596260e-02)	(2.951922e-05 2.374698e-04 -2.176974e-04)
5139          	(4.099764e-03 1.497400e-02 -1.617954e-02)	(4.070103e-03 1.473650e-02 -1.596180e-02)	(2.966035e-05 2.375035e-04 -2.177308e-04)
5140          	(4.112089e-03 1.497711e-02 -1.618031e-02)	(4.082254e-03 1.473955e-02 -1.596253e-02)	(2.983543e-05 2.375571e-04 -2.177829e-04)
5141          	(4.124322e-03 1.498105e-02 -1.618333e-02)	(4.094281e-03 1.474342e-02 -1.596547e-02)	(3.004161e-05 2.376301e-04 -2.178607e-04)
5142          	(4.136137e-03 1.498550e-02 -1.618814e-02)	(4.105857e-03 1.474778e-02 -1.597018e-02)	(3.027984e-05 2.377237e-04 -2.179607e-04)
5143          	(4.147230e-03 1.499032e-02 -1.619474e-02)	(4.116683e-03 1.475249e-02 -1.597666e-02)	(3.054654e-05 2.378360e-04 -2.180866e-04)
5144          	(4.157150e-03 1.499519e-02 -1.620321e-02)	(4.126312e-03 1.475723e-02 -1.598498e-02)	(3.083741e-05 2.379632e-04 -2.182292e-04)
5145          	(4.165389e-03 1.499970e-02 -1.621358e-02)	(4.134244e-03 1.476160e-02 -1.599519e-02)	(3.114504e-05 2.381009e-04 -2.183883e-04)
5146          	(4.171471e-03 1.500339e-02 -1.622585e-02)	(4.140009e-03 1.476515e-02 -1.600729e-02)	(3.146103e-05 2.382428e-04 -2.185535e-04)
5147          	(4.175072e-03 1.500590e-02 -1.623985e-02)	(4.143296e-03 1.476752e-02 -1.602113e-02)	(3.177632e-05 2.383831e-04 -2.187207e-04)
5148          	(4.176048e-03 1.500693e-02 -1.625535e-02)	(4.143968e-03 1.476842e-02 -1.603647e-02)	(3.207984e-05 2.385143e-04 -2.188801e-04)
5149          	(4.174381e-03 1.500636e-02 -1.627226e-02)	(4.142020e-03 1.476773e-02 -1.605323e-02)	(3.236144e-05 2.386302e-04 -2.190305e-04)
5150          	(4.170282e-03 1.500407e-02 -1.629002e-02)	(4.137671e-03 1.476534e-02 -1.607086e-02)	(3.261130e-05 2.387244e-04 -2.191622e-04)
5151          	(4.164066e-03 1.500021e-02 -1.630809e-02)	(4.131243e-03 1.476142e-02 -1.608881e-02)	(3.282208e-05 2.387941e-04 -2.192762e-04)
5152          	(4.156340e-03 1.499498e-02 -1.632554e-02)	(4.123353e-03 1.475615e-02 -1.610618e-02)	(3.298670e-05 2.388351e-04 -2.193657e-04)
5153          	(4.147604e-03 1.498866e-02 -1.634185e-02)	(4.114503e-03 1.474982e-02 -1.612242e-02)	(3.310140e-05 2.388466e-04 -2.194320e-04)
5154          	(4.138233e-03 1.498154e-02 -1.635657e-02)	(4.105070e-03 1.474272e-02 -1.613710e-02)	(3.316337e-05 2.388280e-04 -2.194712e-04)
5155          	(4.128622e-03 1.497390e-02 -1.636939e-02)	(4.095450e-03 1.473512e-02 -1.614990e-02)	(3.317221e-05 2.387806e-04 -2.194869e-04)
5156          	(4.119112e-03 1.496600e-02 -1.637980e-02)	(4.085983e-03 1.472729e-02 -1.616033e-02)	(3.312841e-05 2.387053e-04 -2.194737e-04)
5157          	(4.110000e-03 1.495809e-02 -1.638752e-02)	(4.076965e-03 1.471948e-02 -1.616809e-02)	(3.303502e-05 2.386057e-04 -2.194375e-04)
5158          	(4.101528e-03 1.495042e-02 -1.639247e-02)	(4.068633e-03 1.471193e-02 -1.617309e-02)	(3.289503e-05 2.384839e-04 -2.193760e-04)
5159          	(4.093838e-03 1.494317e-02 -1.639481e-02)	(4.061123e-03 1.470483e-02 -1.617551e-02)	(3.271521e-05 2.383450e-04 -2.192932e-04)
5160          	(4.087110e-03 1.493650e-02 -1.639455e-02)	(4.054608e-03 1.469830e-02 -1.617536e-02)	(3.250192e-05 2.381931e-04 -2.191887e-04)
5161          	(4.081527e-03 1.493049e-02 -1.639166e-02)	(4.049263e-03 1.469246e-02 -1.617259e-02)	(3.226393e-05 2.380334e-04 -2.190709e-04)
5162          	(4.077204e-03 1.492517e-02 -1.638619e-02)	(4.045193e-03 1.468730e-02 -1.616725e-02)	(3.201133e-05 2.378713e-04 -2.189393e-04)
5163          	(4.074184e-03 1.492056e-02 -1.637864e-02)	(4.042429e-03 1.468284e-02 -1.615984e-02)	(3.175488e-05 2.377133e-04 -2.188037e-04)
5164          	(4.071918e-03 1.491608e-02 -1.636922e-02)	(4.040413e-03 1.467852e-02 -1.615056e-02)	(3.150505e-05 2.375637e-04 -2.186665e-04)
5165          	(4.070747e-03 1.491216e-02 -1.635938e-02)	(4.039476e-03 1.467474e-02 -1.614084e-02)	(3.127036e-05 2.374256e-04 -2.185351e-04)
5166          	(4.070525e-03 1.490874e-02 -1.635006e-02)	(4.039468e-03 1.467143e-02 -1.613164e-02)	(3.105775e-05 2.373009e-04 -2.184123e-04)
5167          	(4.071051e-03 1.490566e-02 -1.634188e-02)	(4.040178e-03 1.466847e-02 -1.612357e-02)	(3.087335e-05 2.371914e-04 -2.183050e-04)
5168          	(4.072305e-03 1.490304e-02 -1.633578e-02)	(4.041583e-03 1.466594e-02 -1.611757e-02)	(3.072192e-05 2.370966e-04 -2.182111e-04)
5169          	(4.074215e-03 1.490095e-02 -1.633242e-02)	(4.043608e-03 1.466393e-02 -1.611428e-02)	(3.060693e-05 2.370169e-04 -2.181362e-04)
5170          	(4.077022e-03 1.489993e-02 -1.633235e-02)	(4.046494e-03 1.466298e-02 -1.611427e-02)	(3.052787e-05 2.369507e-04 -2.180791e-04)
5171          	(4.080452e-03 1.489963e-02 -1.633550e-02)	(4.049965e-03 1.466273e-02 -1.611746e-02)	(3.048689e-05 2.368984e-04 -2.180416e-04)
5172          	(4.084631e-03 1.490033e-02 -1.634187e-02)	(4.054150e-03 1.466347e-02 -1.612385e-02)	(3.048161e-05 2.368585e-04 -2.180212e-04)
5173          	(4.089711e-03 1.490219e-02 -1.635094e-02)	(4.059200e-03 1.466536e-02 -1.613291e-02)	(3.051059e-05 2.368314e-04 -2.180225e-04)
5174          	(4.095904e-03 1.490545e-02 -1.636213e-02)	(4.065332e-03 1.466864e-02 -1.614408e-02)	(3.057162e-05 2.368173e-04 -2.180418e-04)
5175          	(4.103465e-03 1.491043e-02 -1.637479e-02)	(4.072802e-03 1.467361e-02 -1.615671e-02)	(3.066315e-05 2.368191e-04 -2.180836e-04)
5176          	(4.112598e-03 1.491727e-02 -1.638807e-02)	(4.081816e-03 1.468043e-02 -1.616992e-02)	(3.078133e-05 2.368375e-04 -2.181454e-04)
5177          	(4.123357e-03 1.492594e-02 -1.640115e-02)	(4.092433e-03 1.468906e-02 -1.618292e-02)	(3.092460e-05 2.368751e-04 -2.182293e-04)
5178          	(4.137007e-03 1.493693e-02 -1.641297e-02)	(4.105917e-03 1.470000e-02 -1.619464e-02)	(3.108926e-05 2.369313e-04 -2.183332e-04)
5179          	(4.151787e-03 1.494945e-02 -1.642352e-02)	(4.120516e-03 1.471245e-02 -1.620505e-02)	(3.127092e-05 2.370084e-04 -2.184605e-04)
5180          	(4.165845e-03 1.496209e-02 -1.643273e-02)	(4.134383e-03 1.472498e-02 -1.621413e-02)	(3.146240e-05 2.371056e-04 -2.186036e-04)
5181          	(4.180131e-03 1.497524e-02 -1.644008e-02)	(4.148475e-03 1.473802e-02 -1.622132e-02)	(3.165663e-05 2.372211e-04 -2.187643e-04)
5182          	(4.193988e-03 1.498830e-02 -1.644548e-02)	(4.162141e-03 1.475095e-02 -1.622655e-02)	(3.184638e-05 2.373505e-04 -2.189352e-04)
5183          	(4.206950e-03 1.500068e-02 -1.644906e-02)	(4.174924e-03 1.476319e-02 -1.622994e-02)	(3.202576e-05 2.374899e-04 -2.191133e-04)
5184          	(4.218576e-03 1.501178e-02 -1.645086e-02)	(4.186389e-03 1.477415e-02 -1.623157e-02)	(3.218697e-05 2.376322e-04 -2.192902e-04)
5185          	(4.229593e-03 1.502175e-02 -1.645043e-02)	(4.197268e-03 1.478397e-02 -1.623097e-02)	(3.232522e-05 2.377709e-04 -2.194622e-04)
5186          	(4.235977e-03 1.502859e-02 -1.644867e-02)	(4.203543e-03 1.479068e-02 -1.622905e-02)	(3.243411e-05 2.379033e-04 -2.196167e-04)
5187          	(4.240378e-03 1.503281e-02 -1.644511e-02)	(4.207870e-03 1.479478e-02 -1.622536e-02)	(3.250834e-05 2.380216e-04 -2.197492e-04)
5188          	(4.244520e-03 1.503497e-02 -1.644073e-02)	(4.211975e-03 1.479686e-02 -1.622087e-02)	(3.254517e-05 2.381147e-04 -2.198526e-04)
5189          	(4.245891e-03 1.503429e-02 -1.643344e-02)	(4.213347e-03 1.479611e-02 -1.621352e-02)	(3.254360e-05 2.381815e-04 -2.199192e-04)
5190          	(4.246883e-03 1.503173e-02 -1.642640e-02)	(4.214378e-03 1.479351e-02 -1.620645e-02)	(3.250487e-05 2.382175e-04 -2.199519e-04)
5191          	(4.246583e-03 1.502702e-02 -1.641855e-02)	(4.214150e-03 1.478880e-02 -1.619859e-02)	(3.243315e-05 2.382217e-04 -2.199531e-04)
5192          	(4.245183e-03 1.502039e-02 -1.641024e-02)	(4.212850e-03 1.478219e-02 -1.619032e-02)	(3.233342e-05 2.381937e-04 -2.199202e-04)
5193          	(4.243005e-03 1.501222e-02 -1.640196e-02)	(4.210794e-03 1.477408e-02 -1.618210e-02)	(3.221023e-05 2.381351e-04 -2.198601e-04)
5194          	(4.240319e-03 1.500288e-02 -1.639409e-02)	(4.208253e-03 1.476484e-02 -1.617431e-02)	(3.206606e-05 2.380456e-04 -2.197751e-04)
5195          	(4.237416e-03 1.499273e-02 -1.638697e-02)	(4.205509e-03 1.475480e-02 -1.616730e-02)	(3.190698e-05 2.379288e-04 -2.196729e-04)
5196          	(4.234499e-03 1.498214e-02 -1.638086e-02)	(4.202763e-03 1.474436e-02 -1.616130e-02)	(3.173617e-05 2.377858e-04 -2.195565e-04)
5197          	(4.231803e-03 1.497152e-02 -1.637591e-02)	(4.200244e-03 1.473390e-02 -1.615648e-02)	(3.155902e-05 2.376210e-04 -2.194361e-04)
5198          	(4.229505e-03 1.496122e-02 -1.637217e-02)	(4.198124e-03 1.472378e-02 -1.615286e-02)	(3.138051e-05 2.374368e-04 -2.193128e-04)
5199          	(4.227742e-03 1.495153e-02 -1.636956e-02)	(4.196534e-03 1.471429e-02 -1.615037e-02)	(3.120883e-05 2.372404e-04 -2.191947e-04)
5200          	(4.226608e-03 1.494270e-02 -1.636801e-02)	(4.195560e-03 1.470566e-02 -1.614893e-02)	(3.104847e-05 2.370344e-04 -2.190834e-04)
5201          	(4.226115e-03 1.493499e-02 -1.636768e-02)	(4.195207e-03 1.469816e-02 -1.614869e-02)	(3.090794e-05 2.368263e-04 -2.189838e-04)
5202          	(4.226247e-03 1.492843e-02 -1.636859e-02)	(4.195456e-03 1.469181e-02 -1.614969e-02)	(3.079101e-05 2.366192e-04 -2.188975e-04)
5203          	(4.226887e-03 1.492312e-02 -1.637099e-02)	(4.196183e-03 1.468670e-02 -1.615216e-02)	(3.070420e-05 2.364199e-04 -2.188297e-04)
5204          	(4.228051e-03 1.491916e-02 -1.637530e-02)	(4.197402e-03 1.468293e-02 -1.615652e-02)	(3.064852e-05 2.362301e-04 -2.187790e-04)
5205          	(4.229512e-03 1.491667e-02 -1.638189e-02)	(4.198885e-03 1.468061e-02 -1.616314e-02)	(3.062689e-05 2.360555e-04 -2.187494e-04)
5206          	(4.231575e-03 1.491570e-02 -1.639105e-02)	(4.200939e-03 1.467980e-02 -1.617231e-02)	(3.063554e-05 2.358957e-04 -2.187407e-04)
5207          	(4.236400e-03 1.491551e-02 -1.640497e-02)	(4.205703e-03 1.467975e-02 -1.618618e-02)	(3.069697e-05 2.357615e-04 -2.187895e-04)
5208          	(4.238185e-03 1.491774e-02 -1.641788e-02)	(4.207403e-03 1.468209e-02 -1.619904e-02)	(3.078227e-05 2.356508e-04 -2.188380e-04)
5209          	(4.240246e-03 1.492185e-02 -1.643302e-02)	(4.209380e-03 1.468630e-02 -1.621412e-02)	(3.086593e-05 2.355541e-04 -2.189048e-04)
5210          	(4.242940e-03 1.492814e-02 -1.645023e-02)	(4.211980e-03 1.469266e-02 -1.623125e-02)	(3.096070e-05 2.354787e-04 -2.189857e-04)
5211          	(4.246517e-03 1.493663e-02 -1.646880e-02)	(4.215453e-03 1.470121e-02 -1.624971e-02)	(3.106451e-05 2.354266e-04 -2.190888e-04)
5212          	(4.251356e-03 1.494742e-02 -1.648779e-02)	(4.220181e-03 1.471202e-02 -1.626858e-02)	(3.117499e-05 2.353997e-04 -2.192178e-04)
5213          	(4.265279e-03 1.497407e-02 -1.651693e-02)	(4.233971e-03 1.473863e-02 -1.629749e-02)	(3.130742e-05 2.354390e-04 -2.194415e-04)
5214          	(4.272204e-03 1.498620e-02 -1.653124e-02)	(4.240755e-03 1.475071e-02 -1.631157e-02)	(3.144964e-05 2.354950e-04 -2.196657e-04)
5215          	(4.280391e-03 1.499902e-02 -1.654266e-02)	(4.248828e-03 1.476346e-02 -1.632275e-02)	(3.156265e-05 2.355524e-04 -2.199070e-04)
5216          	(4.289939e-03 1.501257e-02 -1.655096e-02)	(4.258270e-03 1.477694e-02 -1.633080e-02)	(3.166932e-05 2.356276e-04 -2.201655e-04)
5217          	(4.300814e-03 1.502656e-02 -1.655605e-02)	(4.269043e-03 1.479084e-02 -1.633560e-02)	(3.177033e-05 2.357214e-04 -2.204458e-04)
5218          	(4.321212e-03 1.505434e-02 -1.656083e-02)	(4.289326e-03 1.481847e-02 -1.634004e-02)	(3.188544e-05 2.358727e-04 -2.207851e-04)
5219          	(4.332038e-03 1.506513e-02 -1.655918e-02)	(4.300039e-03 1.482910e-02 -1.633806e-02)	(3.199918e-05 2.360287e-04 -2.211168e-04)
5220          	(4.342489e-03 1.507424e-02 -1.655463e-02)	(4.310406e-03 1.483808e-02 -1.633321e-02)	(3.208274e-05 2.361650e-04 -2.214231e-04)
5221          	(4.352375e-03 1.508163e-02 -1.654732e-02)	(4.320224e-03 1.484534e-02 -1.632561e-02)	(3.215115e-05 2.362956e-04 -2.217136e-04)
5222          	(4.365983e-03 1.509149e-02 -1.653224e-02)	(4.333774e-03 1.485507e-02 -1.631027e-02)	(3.220911e-05 2.364253e-04 -2.219716e-04)
5223          	(4.373355e-03 1.509477e-02 -1.652175e-02)	(4.341107e-03 1.485823e-02 -1.629954e-02)	(3.224725e-05 2.365446e-04 -2.222158e-04)
5224          	(4.379359e-03 1.509591e-02 -1.650972e-02)	(4.347099e-03 1.485928e-02 -1.628732e-02)	(3.226013e-05 2.366304e-04 -2.224023e-04)
5225          	(4.383914e-03 1.509492e-02 -1.649611e-02)	(4.351664e-03 1.485823e-02 -1.627356e-02)	(3.224993e-05 2.366902e-04 -2.225488e-04)
5226          	(4.385584e-03 1.508583e-02 -1.647086e-02)	(4.353375e-03 1.484913e-02 -1.624826e-02)	(3.220920e-05 2.366982e-04 -2.226051e-04)
5227          	(4.386872e-03 1.508155e-02 -1.645680e-02)	(4.354731e-03 1.484487e-02 -1.623414e-02)	(3.214079e-05 2.366880e-04 -2.226602e-04)
5228          	(4.386218e-03 1.507542e-02 -1.644283e-02)	(4.354156e-03 1.483877e-02 -1.622017e-02)	(3.206257e-05 2.366461e-04 -2.226529e-04)
5229          	(4.383549e-03 1.506762e-02 -1.642963e-02)	(4.351587e-03 1.483105e-02 -1.620702e-02)	(3.196151e-05 2.365725e-04 -2.226164e-04)
5230          	(4.378778e-03 1.505835e-02 -1.641791e-02)	(4.346937e-03 1.482188e-02 -1.619537e-02)	(3.184026e-05 2.364675e-04 -2.225461e-04)
5231          	(4.364122e-03 1.503628e-02 -1.640371e-02)	(4.332456e-03 1.480000e-02 -1.618131e-02)	(3.166613e-05 2.362867e-04 -2.224065e-04)
5232          	(4.356753e-03 1.502744e-02 -1.639869e-02)	(4.325277e-03 1.479134e-02 -1.617641e-02)	(3.147586e-05 2.360975e-04 -2.222809e-04)
5233          	(4.347949e-03 1.501861e-02 -1.639691e-02)	(4.316668e-03 1.478272e-02 -1.617478e-02)	(3.128150e-05 2.358927e-04 -2.221376e-04)
5234          	(4.337807e-03 1.500987e-02 -1.639872e-02)	(4.306729e-03 1.477419e-02 -1.617673e-02)	(3.107847e-05 2.356749e-04 -2.219894e-04)
5235          	(4.317624e-03 1.499322e-02 -1.641066e-02)	(4.286795e-03 1.475781e-02 -1.618883e-02)	(3.082846e-05 2.354094e-04 -2.218322e-04)
5236          	(4.307270e-03 1.498693e-02 -1.641928e-02)	(4.276683e-03 1.475178e-02 -1.619759e-02)	(3.058721e-05 2.351525e-04 -2.216925e-04)
5237          	(4.296886e-03 1.498196e-02 -1.643134e-02)	(4.266532e-03 1.474706e-02 -1.620978e-02)	(3.035469e-05 2.349014e-04 -2.215585e-04)
5238          	(4.280436e-03 1.497644e-02 -1.646113e-02)	(4.250335e-03 1.474180e-02 -1.623968e-02)	(3.010091e-05 2.346433e-04 -2.214455e-04)
5239          	(4.272270e-03 1.497543e-02 -1.647805e-02)	(4.242395e-03 1.474102e-02 -1.625669e-02)	(2.987436e-05 2.344079e-04 -2.213521e-04)
5240          	(4.265319e-03 1.497649e-02 -1.649755e-02)	(4.235653e-03 1.474229e-02 -1.627628e-02)	(2.966597e-05 2.341950e-04 -2.212658e-04)
5241          	(4.257789e-03 1.498427e-02 -1.653762e-02)	(4.228338e-03 1.475026e-02 -1.631639e-02)	(2.945117e-05 2.340067e-04 -2.212253e-04)
5242          	(4.254545e-03 1.498925e-02 -1.655867e-02)	(4.225268e-03 1.475539e-02 -1.633748e-02)	(2.927688e-05 2.338532e-04 -2.211915e-04)
5243          	(4.253239e-03 1.499605e-02 -1.658031e-02)	(4.224129e-03 1.476233e-02 -1.635914e-02)	(2.911025e-05 2.337212e-04 -2.211720e-04)
5244          	(4.256835e-03 1.501376e-02 -1.661651e-02)	(4.227873e-03 1.478012e-02 -1.639531e-02)	(2.896263e-05 2.336422e-04 -2.211960e-04)
5245          	(4.259723e-03 1.502281e-02 -1.663463e-02)	(4.230874e-03 1.478921e-02 -1.641339e-02)	(2.884930e-05 2.335959e-04 -2.212340e-04)
5246          	(4.264945e-03 1.503312e-02 -1.665048e-02)	(4.236204e-03 1.479955e-02 -1.642920e-02)	(2.874063e-05 2.335676e-04 -2.212815e-04)
5247          	(4.280137e-03 1.505540e-02 -1.666824e-02)	(4.251467e-03 1.482180e-02 -1.644685e-02)	(2.867028e-05 2.336021e-04 -2.213848e-04)
5248          	(4.289685e-03 1.506659e-02 -1.667651e-02)	(4.261047e-03 1.483292e-02 -1.645501e-02)	(2.863771e-05 2.336686e-04 -2.215051e-04)
5249          	(4.301820e-03 1.507853e-02 -1.668041e-02)	(4.273212e-03 1.484479e-02 -1.645877e-02)	(2.860825e-05 2.337430e-04 -2.216435e-04)
5250          	(4.328400e-03 1.510193e-02 -1.667178e-02)	(4.299747e-03 1.486804e-02 -1.644995e-02)	(2.865246e-05 2.338859e-04 -2.218276e-04)
5251          	(4.344268e-03 1.511391e-02 -1.666651e-02)	(4.315546e-03 1.487986e-02 -1.644448e-02)	(2.872194e-05 2.340484e-04 -2.220283e-04)
5252          	(4.375028e-03 1.513463e-02 -1.664005e-02)	(4.346186e-03 1.490039e-02 -1.641781e-02)	(2.884220e-05 2.342455e-04 -2.222411e-04)
5253          	(4.392438e-03 1.514517e-02 -1.662637e-02)	(4.363463e-03 1.491072e-02 -1.640390e-02)	(2.897433e-05 2.344522e-04 -2.224662e-04)
5254          	(4.411209e-03 1.515554e-02 -1.660839e-02)	(4.382107e-03 1.492089e-02 -1.638571e-02)	(2.910143e-05 2.346459e-04 -2.226760e-04)
5255          	(4.431485e-03 1.516582e-02 -1.658647e-02)	(4.402239e-03 1.493097e-02 -1.636358e-02)	(2.924555e-05 2.348474e-04 -2.228871e-04)
5256          	(4.464749e-03 1.517717e-02 -1.653050e-02)	(4.435276e-03 1.494209e-02 -1.630741e-02)	(2.947317e-05 2.350842e-04 -2.230841e-04)
5257          	(4.482439e-03 1.518416e-02 -1.650646e-02)	(4.452758e-03 1.494885e-02 -1.628316e-02)	(2.968090e-05 2.353120e-04 -2.232931e-04)
5258          	(4.498307e-03 1.518908e-02 -1.648126e-02)	(4.468435e-03 1.495358e-02 -1.625780e-02)	(2.987130e-05 2.355088e-04 -2.234600e-04)
5259          	(4.511929e-03 1.519172e-02 -1.645514e-02)	(4.481883e-03 1.495604e-02 -1.623154e-02)	(3.004620e-05 2.356832e-04 -2.236008e-04)
5260          	(4.525479e-03 1.518450e-02 -1.640104e-02)	(4.495244e-03 1.494868e-02 -1.617739e-02)	(3.023528e-05 2.358237e-04 -2.236527e-04)
5261          	(4.532031e-03 1.518281e-02 -1.637902e-02)	(4.501657e-03 1.494688e-02 -1.615532e-02)	(3.037473e-05 2.359346e-04 -2.237077e-04)
5262          	(4.535191e-03 1.517884e-02 -1.635839e-02)	(4.504702e-03 1.494284e-02 -1.613470e-02)	(3.048837e-05 2.360002e-04 -2.236901e-04)
5263          	(4.534868e-03 1.517271e-02 -1.633934e-02)	(4.504301e-03 1.493668e-02 -1.611571e-02)	(3.056709e-05 2.360249e-04 -2.236299e-04)
5264          	(4.531109e-03 1.516446e-02 -1.632249e-02)	(4.500498e-03 1.492845e-02 -1.609897e-02)	(3.061153e-05 2.360072e-04 -2.235206e-04)
5265          	(4.514540e-03 1.514252e-02 -1.630012e-02)	(4.483948e-03 1.490661e-02 -1.607681e-02)	(3.059235e-05 2.359067e-04 -2.233119e-04)
5266          	(4.505497e-03 1.513286e-02 -1.629139e-02)	(4.474959e-03 1.489707e-02 -1.606827e-02)	(3.053783e-05 2.357860e-04 -2.231230e-04)
5267          	(4.493777e-03 1.512243e-02 -1.628726e-02)	(4.463314e-03 1.488679e-02 -1.606437e-02)	(3.046319e-05 2.356352e-04 -2.228941e-04)
5268          	(4.479399e-03 1.511132e-02 -1.628822e-02)	(4.449043e-03 1.487586e-02 -1.606556e-02)	(3.035696e-05 2.354572e-04 -2.226585e-04)
5269          	(4.462569e-03 1.509980e-02 -1.629470e-02)	(4.432351e-03 1.486455e-02 -1.607228e-02)	(3.021880e-05 2.352536e-04 -2.224250e-04)
5270          	(4.443710e-03 1.508828e-02 -1.630691e-02)	(4.413661e-03 1.485326e-02 -1.608471e-02)	(3.004891e-05 2.350277e-04 -2.221964e-04)
5271          	(4.407288e-03 1.507012e-02 -1.634310e-02)	(4.377508e-03 1.483537e-02 -1.612113e-02)	(2.977994e-05 2.347477e-04 -2.219750e-04)
5272          	(4.390265e-03 1.506288e-02 -1.636381e-02)	(4.360741e-03 1.482840e-02 -1.614202e-02)	(2.952371e-05 2.344854e-04 -2.217925e-04)
5273          	(4.374476e-03 1.505800e-02 -1.638811e-02)	(4.345200e-03 1.482376e-02 -1.616648e-02)	(2.927627e-05 2.342411e-04 -2.216311e-04)
5274          	(4.360035e-03 1.505535e-02 -1.641516e-02)	(4.330991e-03 1.482133e-02 -1.619366e-02)	(2.904357e-05 2.340245e-04 -2.215044e-04)
5275          	(4.347124e-03 1.505495e-02 -1.644417e-02)	(4.318298e-03 1.482111e-02 -1.622275e-02)	(2.882683e-05 2.338386e-04 -2.214176e-04)
5276          	(4.335970e-03 1.505674e-02 -1.647420e-02)	(4.307335e-03 1.482304e-02 -1.625283e-02)	(2.863591e-05 2.336924e-04 -2.213648e-04)
5277          	(4.321298e-03 1.506871e-02 -1.652646e-02)	(4.292866e-03 1.483511e-02 -1.630507e-02)	(2.843129e-05 2.335982e-04 -2.213925e-04)
5278          	(4.316129e-03 1.507362e-02 -1.655116e-02)	(4.287837e-03 1.484006e-02 -1.632973e-02)	(2.829263e-05 2.335522e-04 -2.214346e-04)
5279          	(4.313601e-03 1.507984e-02 -1.657325e-02)	(4.285422e-03 1.484631e-02 -1.635176e-02)	(2.817964e-05 2.335334e-04 -2.214965e-04)
5280          	(4.313694e-03 1.508737e-02 -1.659271e-02)	(4.285578e-03 1.485381e-02 -1.637113e-02)	(2.811611e-05 2.335586e-04 -2.215775e-04)
5281          	(4.319917e-03 1.510605e-02 -1.661350e-02)	(4.291810e-03 1.487239e-02 -1.639178e-02)	(2.810699e-05 2.336557e-04 -2.217175e-04)
5282          	(4.324605e-03 1.511394e-02 -1.662494e-02)	(4.296454e-03 1.488016e-02 -1.640307e-02)	(2.815086e-05 2.337844e-04 -2.218643e-04)
5283          	(4.331593e-03 1.512259e-02 -1.663302e-02)	(4.303390e-03 1.488868e-02 -1.641099e-02)	(2.820214e-05 2.339158e-04 -2.220286e-04)
5284          	(4.341092e-03 1.513230e-02 -1.663768e-02)	(4.312805e-03 1.489823e-02 -1.641547e-02)	(2.828752e-05 2.340716e-04 -2.222094e-04)
5285          	(4.361350e-03 1.515149e-02 -1.662248e-02)	(4.332895e-03 1.491719e-02 -1.640004e-02)	(2.845485e-05 2.342992e-04 -2.224382e-04)
5286          	(4.373795e-03 1.516124e-02 -1.662022e-02)	(4.345155e-03 1.492670e-02 -1.639754e-02)	(2.863968e-05 2.345364e-04 -2.226814e-04)
5287          	(4.388075e-03 1.517137e-02 -1.661396e-02)	(4.359264e-03 1.493662e-02 -1.639103e-02)	(2.881029e-05 2.347548e-04 -2.229350e-04)
5288          	(4.404592e-03 1.518221e-02 -1.660316e-02)	(4.375598e-03 1.494723e-02 -1.637996e-02)	(2.899388e-05 2.349802e-04 -2.232007e-04)
5289          	(4.423462e-03 1.519380e-02 -1.658721e-02)	(4.394272e-03 1.495858e-02 -1.636372e-02)	(2.919010e-05 2.352131e-04 -2.234857e-04)
5290          	(4.444684e-03 1.520552e-02 -1.656519e-02)	(4.415278e-03 1.497006e-02 -1.634142e-02)	(2.940680e-05 2.354538e-04 -2.237765e-04)
5291          	(4.484064e-03 1.522025e-02 -1.649799e-02)	(4.454330e-03 1.498451e-02 -1.627392e-02)	(2.973491e-05 2.357385e-04 -2.240691e-04)
5292          	(4.502172e-03 1.522853e-02 -1.647217e-02)	(4.472139e-03 1.499252e-02 -1.624781e-02)	(3.003255e-05 2.360067e-04 -2.243618e-04)
5293          	(4.518370e-03 1.523473e-02 -1.644380e-02)	(4.488063e-03 1.499849e-02 -1.621920e-02)	(3.030714e-05 2.362365e-04 -2.245991e-04)
5294          	(4.532350e-03 1.523876e-02 -1.641332e-02)	(4.501787e-03 1.500233e-02 -1.618853e-02)	(3.056307e-05 2.364388e-04 -2.247948e-04)
5295          	(4.543587e-03 1.524028e-02 -1.638139e-02)	(4.512785e-03 1.500367e-02 -1.615644e-02)	(3.080130e-05 2.366112e-04 -2.249451e-04)
5296          	(4.551490e-03 1.523905e-02 -1.634903e-02)	(4.520474e-03 1.500230e-02 -1.612399e-02)	(3.101611e-05 2.367457e-04 -2.250400e-04)
5297          	(4.555490e-03 1.523496e-02 -1.631760e-02)	(4.524288e-03 1.499812e-02 -1.609252e-02)	(3.120237e-05 2.368382e-04 -2.250806e-04)
5298          	(4.555334e-03 1.522843e-02 -1.628889e-02)	(4.523980e-03 1.499155e-02 -1.606383e-02)	(3.135361e-05 2.368851e-04 -2.250648e-04)
5299          	(4.550740e-03 1.521938e-02 -1.626415e-02)	(4.519275e-03 1.498250e-02 -1.603915e-02)	(3.146485e-05 2.368855e-04 -2.250012e-04)
5300          	(4.541471e-03 1.520795e-02 -1.624471e-02)	(4.509941e-03 1.497111e-02 -1.601982e-02)	(3.153035e-05 2.368379e-04 -2.248927e-04)
5301          	(4.527723e-03 1.519469e-02 -1.623199e-02)	(4.496176e-03 1.495794e-02 -1.600724e-02)	(3.154659e-05 2.367450e-04 -2.247526e-04)
5302          	(4.509907e-03 1.518013e-02 -1.622665e-02)	(4.478397e-03 1.494352e-02 -1.600206e-02)	(3.150981e-05 2.366091e-04 -2.245893e-04)
5303          	(4.488589e-03 1.516481e-02 -1.622904e-02)	(4.457170e-03 1.492837e-02 -1.600462e-02)	(3.141893e-05 2.364360e-04 -2.244151e-04)
5304          	(4.464476e-03 1.514927e-02 -1.623908e-02)	(4.433202e-03 1.491304e-02 -1.601485e-02)	(3.127457e-05 2.362313e-04 -2.242377e-04)
5305          	(4.438408e-03 1.513410e-02 -1.625621e-02)	(4.407326e-03 1.489809e-02 -1.603214e-02)	(3.108126e-05 2.360040e-04 -2.240696e-04)
5306          	(4.411292e-03 1.511986e-02 -1.627952e-02)	(4.380448e-03 1.488409e-02 -1.605561e-02)	(3.084435e-05 2.357629e-04 -2.239142e-04)
5307          	(4.384065e-03 1.510710e-02 -1.630792e-02)	(4.353493e-03 1.487158e-02 -1.608414e-02)	(3.057163e-05 2.355190e-04 -2.237817e-04)
5308          	(4.357608e-03 1.509628e-02 -1.634011e-02)	(4.327335e-03 1.486100e-02 -1.611643e-02)	(3.027285e-05 2.352824e-04 -2.236729e-04)
5309          	(4.332729e-03 1.508764e-02 -1.637463e-02)	(4.302770e-03 1.485258e-02 -1.615104e-02)	(2.995919e-05 2.350625e-04 -2.235926e-04)
5310          	(4.309998e-03 1.508126e-02 -1.640982e-02)	(4.280356e-03 1.484639e-02 -1.618628e-02)	(2.964229e-05 2.348682e-04 -2.235392e-04)
5311          	(4.289831e-03 1.507714e-02 -1.644432e-02)	(4.260498e-03 1.484243e-02 -1.622081e-02)	(2.933375e-05 2.347062e-04 -2.235154e-04)
5312          	(4.272556e-03 1.507501e-02 -1.647680e-02)	(4.243516e-03 1.484043e-02 -1.625329e-02)	(2.904017e-05 2.345777e-04 -2.235142e-04)
5313          	(4.258383e-03 1.507461e-02 -1.650626e-02)	(4.229616e-03 1.484013e-02 -1.628272e-02)	(2.876729e-05 2.344840e-04 -2.235400e-04)
5314          	(4.247470e-03 1.507571e-02 -1.653190e-02)	(4.218948e-03 1.484128e-02 -1.630831e-02)	(2.852187e-05 2.344238e-04 -2.235858e-04)
5315          	(4.239950e-03 1.507808e-02 -1.655322e-02)	(4.211643e-03 1.484368e-02 -1.632957e-02)	(2.830732e-05 2.343946e-04 -2.236531e-04)
5316          	(4.235901e-03 1.508154e-02 -1.656992e-02)	(4.207775e-03 1.484714e-02 -1.634618e-02)	(2.812599e-05 2.343926e-04 -2.237388e-04)
5317          	(4.235338e-03 1.508589e-02 -1.658185e-02)	(4.207359e-03 1.485148e-02 -1.635800e-02)	(2.797921e-05 2.344153e-04 -2.238478e-04)
5318          	(4.238213e-03 1.509095e-02 -1.658896e-02)	(4.210348e-03 1.485650e-02 -1.636498e-02)	(2.786579e-05 2.344576e-04 -2.239756e-04)
5319          	(4.259773e-03 1.510365e-02 -1.657787e-02)	(4.231938e-03 1.486912e-02 -1.635372e-02)	(2.783439e-05 2.345309e-04 -2.241415e-04)
5320          	(4.267046e-03 1.510782e-02 -1.657655e-02)	(4.239221e-03 1.487320e-02 -1.635223e-02)	(2.782532e-05 2.346191e-04 -2.243201e-04)
5321          	(4.276668e-03 1.511191e-02 -1.657151e-02)	(4.248850e-03 1.487722e-02 -1.634701e-02)	(2.781826e-05 2.346930e-04 -2.244982e-04)
5322          	(4.289167e-03 1.511644e-02 -1.656268e-02)	(4.261333e-03 1.488167e-02 -1.633799e-02)	(2.783396e-05 2.347736e-04 -2.246883e-04)
5323          	(4.304977e-03 1.512184e-02 -1.654968e-02)	(4.277101e-03 1.488698e-02 -1.632478e-02)	(2.787578e-05 2.348638e-04 -2.249003e-04)
5324          	(4.324407e-03 1.512825e-02 -1.653155e-02)	(4.296458e-03 1.489329e-02 -1.630643e-02)	(2.794902e-05 2.349627e-04 -2.251224e-04)
5325          	(4.366776e-03 1.513640e-02 -1.647608e-02)	(4.338630e-03 1.490132e-02 -1.625072e-02)	(2.814691e-05 2.350879e-04 -2.253553e-04)
5326          	(4.387156e-03 1.514276e-02 -1.645206e-02)	(4.358820e-03 1.490754e-02 -1.622646e-02)	(2.833629e-05 2.352192e-04 -2.256028e-04)
5327          	(4.408046e-03 1.514910e-02 -1.642426e-02)	(4.379522e-03 1.491377e-02 -1.619845e-02)	(2.852381e-05 2.353296e-04 -2.258087e-04)
5328          	(4.428954e-03 1.515534e-02 -1.639289e-02)	(4.400232e-03 1.491990e-02 -1.616690e-02)	(2.872254e-05 2.354363e-04 -2.259912e-04)
5329          	(4.449258e-03 1.516121e-02 -1.635925e-02)	(4.420327e-03 1.492568e-02 -1.613310e-02)	(2.893076e-05 2.355355e-04 -2.261492e-04)
5330          	(4.467900e-03 1.516608e-02 -1.632459e-02)	(4.438755e-03 1.493046e-02 -1.609832e-02)	(2.914489e-05 2.356209e-04 -2.262690e-04)
5331          	(4.483572e-03 1.516943e-02 -1.629087e-02)	(4.454216e-03 1.493374e-02 -1.606452e-02)	(2.935621e-05 2.356877e-04 -2.263533e-04)
5332          	(4.495220e-03 1.517057e-02 -1.625962e-02)	(4.465665e-03 1.493485e-02 -1.603323e-02)	(2.955439e-05 2.357283e-04 -2.263935e-04)
5333          	(4.501922e-03 1.516910e-02 -1.623247e-02)	(4.472193e-03 1.493336e-02 -1.600608e-02)	(2.972910e-05 2.357384e-04 -2.263936e-04)
5334          	(4.503051e-03 1.516470e-02 -1.621054e-02)	(4.473180e-03 1.492899e-02 -1.598419e-02)	(2.987051e-05 2.357137e-04 -2.263518e-04)
5335          	(4.498476e-03 1.515755e-02 -1.619481e-02)	(4.468507e-03 1.492190e-02 -1.596854e-02)	(2.996875e-05 2.356525e-04 -2.262769e-04)
5336          	(4.488288e-03 1.514785e-02 -1.618580e-02)	(4.458271e-03 1.491230e-02 -1.595963e-02)	(3.001678e-05 2.355526e-04 -2.261672e-04)
5337          	(4.472724e-03 1.513586e-02 -1.618373e-02)	(4.442713e-03 1.490044e-02 -1.595770e-02)	(3.001075e-05 2.354168e-04 -2.260329e-04)
5338          	(4.452365e-03 1.512210e-02 -1.618881e-02)	(4.422417e-03 1.488685e-02 -1.596293e-02)	(2.994764e-05 2.352469e-04 -2.258772e-04)
5339          	(4.427882e-03 1.510699e-02 -1.620048e-02)	(4.398053e-03 1.487194e-02 -1.597477e-02)	(2.982900e-05 2.350482e-04 -2.257076e-04)
5340          	(4.400148e-03 1.509118e-02 -1.621857e-02)	(4.370490e-03 1.485636e-02 -1.599304e-02)	(2.965788e-05 2.348276e-04 -2.255305e-04)
5341          	(4.370203e-03 1.507540e-02 -1.624270e-02)	(4.340763e-03 1.484081e-02 -1.601734e-02)	(2.943994e-05 2.345930e-04 -2.253588e-04)
5342          	(4.339110e-03 1.506043e-02 -1.627233e-02)	(4.309928e-03 1.482608e-02 -1.604714e-02)	(2.918211e-05 2.343529e-04 -2.251960e-04)
5343          	(4.307925e-03 1.504693e-02 -1.630642e-02)	(4.279031e-03 1.481281e-02 -1.608137e-02)	(2.889399e-05 2.341170e-04 -2.250540e-04)
5344          	(4.277687e-03 1.503529e-02 -1.634361e-02)	(4.249101e-03 1.480139e-02 -1.611868e-02)	(2.858586e-05 2.338933e-04 -2.249348e-04)
5345          	(4.249379e-03 1.502561e-02 -1.638251e-02)	(4.221110e-03 1.479193e-02 -1.615766e-02)	(2.826920e-05 2.336883e-04 -2.248465e-04)
5346          	(4.223822e-03 1.501806e-02 -1.642170e-02)	(4.195866e-03 1.478455e-02 -1.619691e-02)	(2.795582e-05 2.335076e-04 -2.247883e-04)
5347          	(4.201646e-03 1.501268e-02 -1.645997e-02)	(4.173993e-03 1.477933e-02 -1.623520e-02)	(2.765306e-05 2.333540e-04 -2.247681e-04)
5348          	(4.183337e-03 1.500946e-02 -1.649616e-02)	(4.155969e-03 1.477623e-02 -1.627138e-02)	(2.736880e-05 2.332293e-04 -2.247809e-04)
5349          	(4.169217e-03 1.500843e-02 -1.652958e-02)	(4.142109e-03 1.477530e-02 -1.630475e-02)	(2.710747e-05 2.331338e-04 -2.248322e-04)
5350          	(4.159517e-03 1.500949e-02 -1.655944e-02)	(4.132641e-03 1.477642e-02 -1.633453e-02)	(2.687605e-05 2.330685e-04 -2.249168e-04)
5351          	(4.154324e-03 1.501229e-02 -1.658445e-02)	(4.127646e-03 1.477925e-02 -1.635942e-02)	(2.667848e-05 2.330325e-04 -2.250327e-04)
5352          	(4.153605e-03 1.501664e-02 -1.660408e-02)	(4.127087e-03 1.478361e-02 -1.637890e-02)	(2.651785e-05 2.330248e-04 -2.251738e-04)
5353          	(4.157184e-03 1.502232e-02 -1.661803e-02)	(4.130788e-03 1.478927e-02 -1.639270e-02)	(2.639625e-05 2.330435e-04 -2.253383e-04)
5354          	(4.164887e-03 1.502913e-02 -1.662610e-02)	(4.138572e-03 1.479604e-02 -1.640059e-02)	(2.631505e-05 2.330859e-04 -2.255138e-04)
5355          	(4.176459e-03 1.503677e-02 -1.662791e-02)	(4.150182e-03 1.480362e-02 -1.640221e-02)	(2.627716e-05 2.331513e-04 -2.256976e-04)
5356          	(4.191992e-03 1.504545e-02 -1.662399e-02)	(4.165711e-03 1.481222e-02 -1.639811e-02)	(2.628125e-05 2.332361e-04 -2.258806e-04)
5357          	(4.211426e-03 1.505519e-02 -1.661451e-02)	(4.185100e-03 1.482185e-02 -1.638844e-02)	(2.632620e-05 2.333364e-04 -2.260615e-04)
5358          	(4.234629e-03 1.506593e-02 -1.659952e-02)	(4.208215e-03 1.483248e-02 -1.637329e-02)	(2.641390e-05 2.334495e-04 -2.262298e-04)
5359          	(4.261212e-03 1.507748e-02 -1.657894e-02)	(4.234669e-03 1.484391e-02 -1.635255e-02)	(2.654281e-05 2.335712e-04 -2.263859e-04)
5360          	(4.290880e-03 1.508982e-02 -1.655331e-02)	(4.264167e-03 1.485612e-02 -1.632679e-02)	(2.671322e-05 2.336972e-04 -2.265193e-04)
5361          	(4.323041e-03 1.510275e-02 -1.652307e-02)	(4.296117e-03 1.486892e-02 -1.629644e-02)	(2.692448e-05 2.338247e-04 -2.266328e-04)
5362          	(4.356842e-03 1.511600e-02 -1.648905e-02)	(4.329667e-03 1.488205e-02 -1.626233e-02)	(2.717518e-05 2.339506e-04 -2.267217e-04)
5363          	(4.391230e-03 1.512923e-02 -1.645246e-02)	(4.363767e-03 1.489516e-02 -1.622567e-02)	(2.746355e-05 2.340734e-04 -2.267873e-04)
5364          	(4.424906e-03 1.514197e-02 -1.641495e-02)	(4.397121e-03 1.490778e-02 -1.618813e-02)	(2.778477e-05 2.341902e-04 -2.268271e-04)
5365          	(4.456430e-03 1.515368e-02 -1.637845e-02)	(4.428299e-03 1.491938e-02 -1.615160e-02)	(2.813070e-05 2.342985e-04 -2.268505e-04)
5366          	(4.484453e-03 1.516381e-02 -1.634479e-02)	(4.455961e-03 1.492942e-02 -1.611793e-02)	(2.849148e-05 2.343945e-04 -2.268546e-04)
5367          	(4.507639e-03 1.517188e-02 -1.631595e-02)	(4.478782e-03 1.493741e-02 -1.608910e-02)	(2.885669e-05 2.344770e-04 -2.268468e-04)
5368          	(4.525937e-03 1.517778e-02 -1.629248e-02)	(4.496726e-03 1.494324e-02 -1.606566e-02)	(2.921177e-05 2.345401e-04 -2.268270e-04)
5369          	(4.536824e-03 1.518054e-02 -1.627675e-02)	(4.507281e-03 1.494596e-02 -1.604995e-02)	(2.954292e-05 2.345818e-04 -2.268004e-04)
5370          	(4.540970e-03 1.518031e-02 -1.626818e-02)	(4.511133e-03 1.494572e-02 -1.604141e-02)	(2.983781e-05 2.345983e-04 -2.267623e-04)
5371          	(4.538248e-03 1.517700e-02 -1.626659e-02)	(4.508161e-03 1.494241e-02 -1.603987e-02)	(3.008734e-05 2.345886e-04 -2.267147e-04)
5372          	(4.529209e-03 1.517092e-02 -1.627159e-02)	(4.498924e-03 1.493636e-02 -1.604494e-02)	(3.028538e-05 2.345521e-04 -2.266501e-04)
5373          	(4.514375e-03 1.516247e-02 -1.628291e-02)	(4.483948e-03 1.492798e-02 -1.605634e-02)	(3.042661e-05 2.344904e-04 -2.265722e-04)
5374          	(4.494433e-03 1.515221e-02 -1.630042e-02)	(4.463926e-03 1.491780e-02 -1.607394e-02)	(3.050766e-05 2.344060e-04 -2.264793e-04)
5375          	(4.470352e-03 1.514082e-02 -1.632364e-02)	(4.439822e-03 1.490652e-02 -1.609726e-02)	(3.052998e-05 2.343051e-04 -2.263750e-04)
5376          	(4.443224e-03 1.512898e-02 -1.635192e-02)	(4.412732e-03 1.489479e-02 -1.612566e-02)	(3.049262e-05 2.341918e-04 -2.262625e-04)
5377          	(4.414229e-03 1.511737e-02 -1.638470e-02)	(4.383829e-03 1.488330e-02 -1.615855e-02)	(3.039972e-05 2.340712e-04 -2.261493e-04)
5378          	(4.384545e-03 1.510644e-02 -1.642071e-02)	(4.354290e-03 1.487249e-02 -1.619467e-02)	(3.025416e-05 2.339454e-04 -2.260341e-04)
5379          	(4.355341e-03 1.509661e-02 -1.645881e-02)	(4.325279e-03 1.486279e-02 -1.623288e-02)	(3.006241e-05 2.338190e-04 -2.259266e-04)
5380          	(4.327654e-03 1.508818e-02 -1.649786e-02)	(4.297825e-03 1.485448e-02 -1.627204e-02)	(2.982899e-05 2.336922e-04 -2.258280e-04)
5381          	(4.302342e-03 1.508133e-02 -1.653675e-02)	(4.272781e-03 1.484776e-02 -1.631100e-02)	(2.956108e-05 2.335665e-04 -2.257454e-04)
5382          	(4.280048e-03 1.507615e-02 -1.657432e-02)	(4.250783e-03 1.484271e-02 -1.634864e-02)	(2.926406e-05 2.334421e-04 -2.256822e-04)
5383          	(4.261226e-03 1.507278e-02 -1.660969e-02)	(4.232279e-03 1.483945e-02 -1.638405e-02)	(2.894634e-05 2.333226e-04 -2.256466e-04)
5384          	(4.246248e-03 1.507109e-02 -1.664161e-02)	(4.217632e-03 1.483788e-02 -1.641598e-02)	(2.861683e-05 2.332094e-04 -2.256366e-04)
5385          	(4.228586e-03 1.506939e-02 -1.667043e-02)	(4.200304e-03 1.483627e-02 -1.644477e-02)	(2.828228e-05 2.331184e-04 -2.256524e-04)
5386          	(4.215752e-03 1.506951e-02 -1.669334e-02)	(4.187797e-03 1.483646e-02 -1.646765e-02)	(2.795477e-05 2.330495e-04 -2.256907e-04)
5387          	(4.208031e-03 1.507140e-02 -1.671003e-02)	(4.180384e-03 1.483840e-02 -1.648428e-02)	(2.764753e-05 2.330018e-04 -2.257503e-04)
5388          	(4.207741e-03 1.507572e-02 -1.672064e-02)	(4.180372e-03 1.484275e-02 -1.649482e-02)	(2.736856e-05 2.329701e-04 -2.258270e-04)
5389          	(4.213506e-03 1.508211e-02 -1.672670e-02)	(4.186381e-03 1.484915e-02 -1.650078e-02)	(2.712440e-05 2.329529e-04 -2.259245e-04)
5390          	(4.223452e-03 1.508992e-02 -1.672841e-02)	(4.196534e-03 1.485697e-02 -1.650238e-02)	(2.691806e-05 2.329493e-04 -2.260309e-04)
5391          	(4.237445e-03 1.509895e-02 -1.672588e-02)	(4.210688e-03 1.486599e-02 -1.649974e-02)	(2.675665e-05 2.329618e-04 -2.261396e-04)
5392          	(4.255893e-03 1.510917e-02 -1.671847e-02)	(4.229251e-03 1.487619e-02 -1.649223e-02)	(2.664218e-05 2.329850e-04 -2.262375e-04)
5393          	(4.275909e-03 1.511929e-02 -1.670735e-02)	(4.249332e-03 1.488627e-02 -1.648104e-02)	(2.657746e-05 2.330189e-04 -2.263160e-04)
5394          	(4.298802e-03 1.513005e-02 -1.669240e-02)	(4.272240e-03 1.489699e-02 -1.646603e-02)	(2.656204e-05 2.330592e-04 -2.263649e-04)
5395          	(4.326050e-03 1.514197e-02 -1.667357e-02)	(4.299455e-03 1.490887e-02 -1.644718e-02)	(2.659505e-05 2.330998e-04 -2.263865e-04)
5396          	(4.355103e-03 1.515427e-02 -1.665191e-02)	(4.328430e-03 1.492113e-02 -1.642554e-02)	(2.667271e-05 2.331375e-04 -2.263777e-04)
5397          	(4.385320e-03 1.516696e-02 -1.662811e-02)	(4.358528e-03 1.493378e-02 -1.640177e-02)	(2.679248e-05 2.331731e-04 -2.263465e-04)
5398          	(4.414158e-03 1.517953e-02 -1.660324e-02)	(4.387210e-03 1.494633e-02 -1.637694e-02)	(2.694781e-05 2.332088e-04 -2.262968e-04)
5399          	(4.445100e-03 1.519296e-02 -1.657685e-02)	(4.417961e-03 1.495972e-02 -1.635061e-02)	(2.713855e-05 2.332437e-04 -2.262388e-04)
5400          	(4.473567e-03 1.520599e-02 -1.655052e-02)	(4.446209e-03 1.497271e-02 -1.632434e-02)	(2.735770e-05 2.332825e-04 -2.261812e-04)
