# Force       
# CofR        : (0.000000e+00 0.000000e+00 0.000000e+00)
#
# Time        	(total_x total_y total_z)	(pressure_x pressure_y pressure_z)	(viscous_x viscous_y viscous_z)
1             	(1.935978e+01 2.149382e+01 -4.691431e+02)	(1.932319e+01 2.149424e+01 -4.691432e+02)	(3.659444e-02 -4.260811e-04 1.304501e-04)
2             	(1.962225e+01 2.165287e+01 -4.689473e+02)	(1.960249e+01 2.166510e+01 -4.689476e+02)	(1.975627e-02 -1.223671e-02 3.540249e-04)
3             	(1.497498e+01 1.644828e+01 -4.690265e+02)	(1.496719e+01 1.646898e+01 -4.690267e+02)	(7.785202e-03 -2.069254e-02 2.495133e-04)
4             	(7.611969e+00 8.243105e+00 -4.693015e+02)	(7.609914e+00 8.266866e+00 -4.693016e+02)	(2.055452e-03 -2.376086e-02 1.655267e-04)
5             	(4.212150e-02 -1.933538e-01 -4.697649e+02)	(4.077845e-02 -1.714965e-01 -4.697648e+02)	(1.343049e-03 -2.185734e-02 -1.043048e-04)
6             	(-5.312022e+00 -6.128198e+00 -4.701578e+02)	(-5.316300e+00 -6.111685e+00 -4.701577e+02)	(4.278019e-03 -1.651325e-02 -1.576309e-04)
7             	(-7.362785e+00 -8.324020e+00 -4.704054e+02)	(-7.371429e+00 -8.314220e+00 -4.704054e+02)	(8.644060e-03 -9.800321e-03 3.451181e-05)
8             	(-6.959267e+00 -7.778699e+00 -4.704665e+02)	(-6.972026e+00 -7.775021e+00 -4.704668e+02)	(1.275911e-02 -3.678114e-03 2.983427e-04)
9             	(-4.985280e+00 -5.482693e+00 -4.704657e+02)	(-5.000504e+00 -5.483094e+00 -4.704661e+02)	(1.522445e-02 4.009829e-04 4.269837e-04)
10            	(-2.050646e+00 -2.171243e+00 -4.703848e+02)	(-2.066358e+00 -2.173243e+00 -4.703852e+02)	(1.571259e-02 1.999772e-03 3.783606e-04)
11            	(6.875193e-01 8.733369e-01 -4.702141e+02)	(6.730652e-01 8.718117e-01 -4.702144e+02)	(1.445401e-02 1.525228e-03 2.417045e-04)
12            	(2.449822e+00 2.798052e+00 -4.700603e+02)	(2.437733e+00 2.798296e+00 -4.700604e+02)	(1.208939e-02 -2.442425e-04 1.006814e-04)
13            	(3.163933e+00 3.548231e+00 -4.699729e+02)	(3.154494e+00 3.550706e+00 -4.699729e+02)	(9.438369e-03 -2.474846e-03 -8.770627e-06)
14            	(3.057706e+00 3.391227e+00 -4.699320e+02)	(3.050551e+00 3.395642e+00 -4.699320e+02)	(7.154947e-03 -4.415535e-03 -8.577692e-05)
15            	(2.356294e+00 2.596787e+00 -4.699317e+02)	(2.350756e+00 2.602391e+00 -4.699315e+02)	(5.538404e-03 -5.604450e-03 -1.342601e-04)
16            	(1.422890e+00 1.555491e+00 -4.699369e+02)	(1.418194e+00 1.561419e+00 -4.699368e+02)	(4.696557e-03 -5.927778e-03 -1.583085e-04)
17            	(5.444558e-01 5.884921e-01 -4.699406e+02)	(5.399479e-01 5.940151e-01 -4.699405e+02)	(4.507916e-03 -5.522985e-03 -1.656403e-04)
18            	(-4.164370e-02 -5.174231e-02 -4.699442e+02)	(-4.638212e-02 -4.706405e-02 -4.699440e+02)	(4.738425e-03 -4.678254e-03 -1.637776e-04)
19            	(-2.875701e-01 -3.110357e-01 -4.699499e+02)	(-2.926984e-01 -3.073322e-01 -4.699497e+02)	(5.128264e-03 -3.703549e-03 -1.547898e-04)
20            	(-2.790787e-01 -2.873356e-01 -4.699742e+02)	(-2.845452e-01 -2.845052e-01 -4.699740e+02)	(5.466533e-03 -2.830381e-03 -1.405462e-04)
21            	(-5.714777e-02 -3.800829e-02 -4.699759e+02)	(-6.280778e-02 -3.580907e-02 -4.699758e+02)	(5.660007e-03 -2.199224e-03 -1.285145e-04)
22            	(2.549808e-01 3.100672e-01 -4.699768e+02)	(2.493325e-01 3.119015e-01 -4.699767e+02)	(5.648304e-03 -1.834320e-03 -1.225152e-04)
23            	(5.834491e-01 6.752103e-01 -4.699826e+02)	(5.779818e-01 6.769156e-01 -4.699825e+02)	(5.467231e-03 -1.705331e-03 -1.238545e-04)
24            	(8.304390e-01 9.509903e-01 -4.699908e+02)	(8.252607e-01 9.527248e-01 -4.699907e+02)	(5.178361e-03 -1.734518e-03 -1.320200e-04)
25            	(9.505660e-01 1.087692e+00 -4.699992e+02)	(9.457116e-01 1.089522e+00 -4.699991e+02)	(4.854412e-03 -1.830114e-03 -1.402187e-04)
26            	(9.872912e-01 1.133098e+00 -4.700082e+02)	(9.827343e-01 1.135018e+00 -4.700080e+02)	(4.556857e-03 -1.920023e-03 -1.460842e-04)
27            	(9.370812e-01 1.082274e+00 -4.700118e+02)	(9.327747e-01 1.084241e+00 -4.700117e+02)	(4.306483e-03 -1.966839e-03 -1.485866e-04)
28            	(8.514339e-01 9.934269e-01 -4.700220e+02)	(8.473214e-01 9.953664e-01 -4.700218e+02)	(4.112552e-03 -1.939450e-03 -1.480779e-04)
29            	(7.355874e-01 8.704311e-01 -4.700229e+02)	(7.316051e-01 8.722672e-01 -4.700228e+02)	(3.982277e-03 -1.836056e-03 -1.400609e-04)
30            	(6.300475e-01 7.579123e-01 -4.700205e+02)	(6.261500e-01 7.595995e-01 -4.700204e+02)	(3.897519e-03 -1.687158e-03 -1.291854e-04)
31            	(5.434290e-01 6.660183e-01 -4.700144e+02)	(5.396024e-01 6.675399e-01 -4.700143e+02)	(3.826566e-03 -1.521580e-03 -1.165819e-04)
32            	(5.270649e-01 6.477131e-01 -4.700119e+02)	(5.233098e-01 6.490832e-01 -4.700117e+02)	(3.755071e-03 -1.370088e-03 -1.056144e-04)
33            	(5.264046e-01 6.479496e-01 -4.700075e+02)	(5.227389e-01 6.491961e-01 -4.700074e+02)	(3.665730e-03 -1.246459e-03 -9.504884e-05)
34            	(5.486346e-01 6.728577e-01 -4.699958e+02)	(5.450790e-01 6.740159e-01 -4.699957e+02)	(3.555657e-03 -1.158295e-03 -8.537481e-05)
35            	(5.797067e-01 7.082736e-01 -4.699872e+02)	(5.762791e-01 7.093752e-01 -4.699871e+02)	(3.427587e-03 -1.101585e-03 -7.687496e-05)
36            	(6.117589e-01 7.462954e-01 -4.699786e+02)	(6.084743e-01 7.473642e-01 -4.699785e+02)	(3.284618e-03 -1.068799e-03 -7.113601e-05)
37            	(6.397975e-01 7.805706e-01 -4.699723e+02)	(6.366631e-01 7.816200e-01 -4.699722e+02)	(3.134441e-03 -1.049448e-03 -6.816926e-05)
38            	(6.630238e-01 8.097109e-01 -4.699684e+02)	(6.600368e-01 8.107448e-01 -4.699683e+02)	(2.987015e-03 -1.033860e-03 -6.774615e-05)
39            	(6.799434e-01 8.320155e-01 -4.699684e+02)	(6.770957e-01 8.330335e-01 -4.699683e+02)	(2.847676e-03 -1.017956e-03 -6.987500e-05)
40            	(6.962679e-01 8.529938e-01 -4.699689e+02)	(6.935452e-01 8.539902e-01 -4.699688e+02)	(2.722660e-03 -9.963472e-04 -7.409205e-05)
41            	(7.131432e-01 8.737955e-01 -4.699698e+02)	(7.105290e-01 8.747623e-01 -4.699697e+02)	(2.614175e-03 -9.667848e-04 -8.018038e-05)
42            	(7.299485e-01 8.941221e-01 -4.699708e+02)	(7.274256e-01 8.950497e-01 -4.699707e+02)	(2.522916e-03 -9.276353e-04 -8.732652e-05)
43            	(7.464520e-01 9.132945e-01 -4.699721e+02)	(7.440049e-01 9.141783e-01 -4.699721e+02)	(2.447079e-03 -8.837894e-04 -9.432182e-05)
44            	(7.612036e-01 9.300085e-01 -4.699738e+02)	(7.588184e-01 9.308477e-01 -4.699737e+02)	(2.385210e-03 -8.391686e-04 -1.002648e-04)
45            	(7.740890e-01 9.444769e-01 -4.699761e+02)	(7.717551e-01 9.452714e-01 -4.699760e+02)	(2.333845e-03 -7.944739e-04 -1.040319e-04)
46            	(7.765169e-01 9.504203e-01 -4.699886e+02)	(7.742352e-01 9.511664e-01 -4.699885e+02)	(2.281669e-03 -7.460578e-04 -1.038630e-04)
47            	(7.747690e-01 9.514987e-01 -4.700011e+02)	(7.725376e-01 9.521978e-01 -4.700010e+02)	(2.231401e-03 -6.990431e-04 -1.000953e-04)
48            	(7.711393e-01 9.495014e-01 -4.700101e+02)	(7.689557e-01 9.501571e-01 -4.700100e+02)	(2.183535e-03 -6.557713e-04 -9.467281e-05)
49            	(7.713675e-01 9.502469e-01 -4.700114e+02)	(7.692261e-01 9.508648e-01 -4.700113e+02)	(2.141414e-03 -6.178673e-04 -8.903222e-05)
50            	(7.684012e-01 9.476851e-01 -4.700119e+02)	(7.662999e-01 9.482678e-01 -4.700118e+02)	(2.101249e-03 -5.826574e-04 -8.398505e-05)
51            	(7.652931e-01 9.455610e-01 -4.700122e+02)	(7.632331e-01 9.461097e-01 -4.700121e+02)	(2.059966e-03 -5.487024e-04 -7.993772e-05)
52            	(7.620778e-01 9.432947e-01 -4.700125e+02)	(7.600599e-01 9.438112e-01 -4.700124e+02)	(2.017899e-03 -5.165172e-04 -7.733498e-05)
53            	(7.589343e-01 9.410733e-01 -4.700129e+02)	(7.569584e-01 9.415591e-01 -4.700129e+02)	(1.975909e-03 -4.857753e-04 -7.623702e-05)
54            	(7.559292e-01 9.389420e-01 -4.700134e+02)	(7.539944e-01 9.393982e-01 -4.700133e+02)	(1.934738e-03 -4.562278e-04 -7.611052e-05)
55            	(7.509077e-01 9.355130e-01 -4.700174e+02)	(7.490160e-01 9.359389e-01 -4.700173e+02)	(1.891760e-03 -4.259530e-04 -7.674297e-05)
56            	(7.489513e-01 9.344827e-01 -4.700180e+02)	(7.471006e-01 9.348802e-01 -4.700180e+02)	(1.850715e-03 -3.974938e-04 -7.779176e-05)
57            	(7.473921e-01 9.336778e-01 -4.700186e+02)	(7.455806e-01 9.340484e-01 -4.700185e+02)	(1.811449e-03 -3.705838e-04 -7.929790e-05)
58            	(7.463620e-01 9.332406e-01 -4.700190e+02)	(7.445879e-01 9.335869e-01 -4.700189e+02)	(1.774043e-03 -3.463150e-04 -8.134332e-05)
59            	(7.461660e-01 9.335482e-01 -4.700193e+02)	(7.444277e-01 9.338731e-01 -4.700192e+02)	(1.738363e-03 -3.248777e-04 -8.381700e-05)
60            	(7.468712e-01 9.347115e-01 -4.700195e+02)	(7.451667e-01 9.350180e-01 -4.700194e+02)	(1.704492e-03 -3.064914e-04 -8.664580e-05)
61            	(7.485049e-01 9.367849e-01 -4.700196e+02)	(7.468322e-01 9.370756e-01 -4.700195e+02)	(1.672687e-03 -2.907174e-04 -8.980977e-05)
62            	(7.508909e-01 9.396336e-01 -4.700196e+02)	(7.492480e-01 9.399111e-01 -4.700195e+02)	(1.642804e-03 -2.775270e-04 -9.318409e-05)
63            	(7.537909e-01 9.429122e-01 -4.700195e+02)	(7.521764e-01 9.431794e-01 -4.700194e+02)	(1.614505e-03 -2.671500e-04 -9.652214e-05)
64            	(7.589169e-01 9.488508e-01 -4.700194e+02)	(7.573303e-01 9.491100e-01 -4.700193e+02)	(1.586628e-03 -2.592481e-04 -9.965177e-05)
65            	(7.669157e-01 9.576521e-01 -4.700188e+02)	(7.653560e-01 9.579054e-01 -4.700187e+02)	(1.559646e-03 -2.533898e-04 -1.022348e-04)
66            	(7.747994e-01 9.662693e-01 -4.700178e+02)	(7.732657e-01 9.665198e-01 -4.700177e+02)	(1.533626e-03 -2.505370e-04 -1.042428e-04)
67            	(7.826184e-01 9.747083e-01 -4.700150e+02)	(7.811102e-01 9.749578e-01 -4.700149e+02)	(1.508226e-03 -2.494867e-04 -1.054363e-04)
68            	(7.887486e-01 9.815054e-01 -4.700125e+02)	(7.872662e-01 9.817562e-01 -4.700124e+02)	(1.482417e-03 -2.507351e-04 -1.060810e-04)
69            	(7.934281e-01 9.868686e-01 -4.700108e+02)	(7.919725e-01 9.871205e-01 -4.700107e+02)	(1.455661e-03 -2.519553e-04 -1.058479e-04)
70            	(7.936856e-01 9.879757e-01 -4.700106e+02)	(7.922593e-01 9.882287e-01 -4.700104e+02)	(1.426289e-03 -2.529661e-04 -1.051175e-04)
71            	(7.933942e-01 9.884905e-01 -4.700103e+02)	(7.919991e-01 9.887438e-01 -4.700102e+02)	(1.395120e-03 -2.533337e-04 -1.037739e-04)
72            	(7.924374e-01 9.881605e-01 -4.700101e+02)	(7.910741e-01 9.884144e-01 -4.700100e+02)	(1.363254e-03 -2.539228e-04 -1.020612e-04)
73            	(7.910338e-01 9.872346e-01 -4.700099e+02)	(7.897022e-01 9.874882e-01 -4.700098e+02)	(1.331557e-03 -2.535907e-04 -9.985359e-05)
74            	(7.893018e-01 9.858111e-01 -4.700096e+02)	(7.880008e-01 9.860639e-01 -4.700095e+02)	(1.300973e-03 -2.527589e-04 -9.738914e-05)
75            	(7.872842e-01 9.838859e-01 -4.700094e+02)	(7.860119e-01 9.841368e-01 -4.700093e+02)	(1.272375e-03 -2.509447e-04 -9.447235e-05)
76            	(7.852261e-01 9.817861e-01 -4.700091e+02)	(7.839798e-01 9.820353e-01 -4.700090e+02)	(1.246315e-03 -2.492496e-04 -9.119112e-05)
77            	(7.835874e-01 9.801140e-01 -4.700089e+02)	(7.823646e-01 9.803614e-01 -4.700088e+02)	(1.222796e-03 -2.473915e-04 -8.756958e-05)
78            	(7.823831e-01 9.788239e-01 -4.700086e+02)	(7.811815e-01 9.790692e-01 -4.700085e+02)	(1.201601e-03 -2.453968e-04 -8.372918e-05)
79            	(7.831021e-01 9.793335e-01 -4.700083e+02)	(7.819187e-01 9.795774e-01 -4.700082e+02)	(1.183342e-03 -2.439265e-04 -7.996025e-05)
80            	(7.840712e-01 9.800860e-01 -4.700080e+02)	(7.829038e-01 9.803288e-01 -4.700079e+02)	(1.167462e-03 -2.427759e-04 -7.645904e-05)
81            	(7.851531e-01 9.810406e-01 -4.700078e+02)	(7.840000e-01 9.812824e-01 -4.700077e+02)	(1.153044e-03 -2.418303e-04 -7.337592e-05)
82            	(7.866469e-01 9.824461e-01 -4.700075e+02)	(7.855074e-01 9.826874e-01 -4.700075e+02)	(1.139531e-03 -2.412261e-04 -7.075713e-05)
83            	(7.884922e-01 9.842544e-01 -4.700073e+02)	(7.873657e-01 9.844954e-01 -4.700073e+02)	(1.126444e-03 -2.409500e-04 -6.850884e-05)
84            	(7.906000e-01 9.863700e-01 -4.700071e+02)	(7.894866e-01 9.866110e-01 -4.700071e+02)	(1.113424e-03 -2.409908e-04 -6.648644e-05)
85            	(7.928665e-01 9.886708e-01 -4.700070e+02)	(7.917662e-01 9.889122e-01 -4.700069e+02)	(1.100349e-03 -2.413727e-04 -6.451549e-05)
86            	(7.951871e-01 9.910352e-01 -4.700068e+02)	(7.940998e-01 9.912771e-01 -4.700068e+02)	(1.087271e-03 -2.418490e-04 -6.244369e-05)
87            	(7.974620e-01 9.933515e-01 -4.700067e+02)	(7.963876e-01 9.935938e-01 -4.700067e+02)	(1.074405e-03 -2.422628e-04 -6.021319e-05)
88            	(7.996017e-01 9.955177e-01 -4.700066e+02)	(7.985395e-01 9.957604e-01 -4.700066e+02)	(1.062109e-03 -2.426756e-04 -5.779272e-05)
89            	(8.015598e-01 9.974725e-01 -4.700066e+02)	(8.005091e-01 9.977158e-01 -4.700065e+02)	(1.050763e-03 -2.432441e-04 -5.517685e-05)
90            	(8.032712e-01 9.991447e-01 -4.700065e+02)	(8.022308e-01 9.993886e-01 -4.700065e+02)	(1.040367e-03 -2.439288e-04 -5.249705e-05)
91            	(8.048520e-01 1.000636e+00 -4.700065e+02)	(8.038211e-01 1.000881e+00 -4.700064e+02)	(1.030884e-03 -2.444806e-04 -4.986480e-05)
92            	(8.063305e-01 1.001974e+00 -4.700065e+02)	(8.053083e-01 1.002219e+00 -4.700064e+02)	(1.022202e-03 -2.447317e-04 -4.747815e-05)
93            	(8.077289e-01 1.003180e+00 -4.700065e+02)	(8.067145e-01 1.003425e+00 -4.700065e+02)	(1.014432e-03 -2.446952e-04 -4.542003e-05)
94            	(8.090565e-01 1.004266e+00 -4.700066e+02)	(8.080488e-01 1.004510e+00 -4.700066e+02)	(1.007710e-03 -2.444497e-04 -4.384647e-05)
95            	(8.103389e-01 1.005259e+00 -4.700067e+02)	(8.093370e-01 1.005503e+00 -4.700067e+02)	(1.001956e-03 -2.439165e-04 -4.292031e-05)
96            	(8.115540e-01 1.006136e+00 -4.700069e+02)	(8.105569e-01 1.006379e+00 -4.700068e+02)	(9.971391e-04 -2.430828e-04 -4.270255e-05)
97            	(8.127060e-01 1.006904e+00 -4.700071e+02)	(8.117127e-01 1.007146e+00 -4.700070e+02)	(9.932907e-04 -2.420175e-04 -4.304465e-05)
98            	(8.138092e-01 1.007585e+00 -4.700072e+02)	(8.128187e-01 1.007825e+00 -4.700072e+02)	(9.904260e-04 -2.408211e-04 -4.374611e-05)
99            	(8.148981e-01 1.008217e+00 -4.700074e+02)	(8.139097e-01 1.008457e+00 -4.700073e+02)	(9.883878e-04 -2.394639e-04 -4.466900e-05)
100           	(8.160172e-01 1.008856e+00 -4.700075e+02)	(8.150300e-01 1.009094e+00 -4.700075e+02)	(9.871773e-04 -2.380005e-04 -4.569207e-05)
101           	(8.172319e-01 1.009574e+00 -4.700076e+02)	(8.162450e-01 1.009810e+00 -4.700076e+02)	(9.868762e-04 -2.366198e-04 -4.678362e-05)
102           	(8.186282e-01 1.010455e+00 -4.700077e+02)	(8.176406e-01 1.010691e+00 -4.700076e+02)	(9.875978e-04 -2.354550e-04 -4.795279e-05)
103           	(8.202794e-01 1.011570e+00 -4.700077e+02)	(8.192900e-01 1.011805e+00 -4.700077e+02)	(9.893977e-04 -2.344930e-04 -4.914767e-05)
104           	(8.222219e-01 1.012946e+00 -4.700077e+02)	(8.212296e-01 1.013179e+00 -4.700076e+02)	(9.923765e-04 -2.337722e-04 -5.030997e-05)
105           	(8.244532e-01 1.014588e+00 -4.700076e+02)	(8.234565e-01 1.014821e+00 -4.700076e+02)	(9.966930e-04 -2.334332e-04 -5.133971e-05)
106           	(8.269515e-01 1.016483e+00 -4.700074e+02)	(8.259491e-01 1.016716e+00 -4.700074e+02)	(1.002380e-03 -2.335164e-04 -5.207972e-05)
107           	(8.297565e-01 1.018678e+00 -4.700072e+02)	(8.287472e-01 1.018912e+00 -4.700071e+02)	(1.009321e-03 -2.339620e-04 -5.232265e-05)
108           	(8.327423e-01 1.021067e+00 -4.700068e+02)	(8.317250e-01 1.021301e+00 -4.700068e+02)	(1.017315e-03 -2.346882e-04 -5.186180e-05)
109           	(8.359015e-01 1.023651e+00 -4.700064e+02)	(8.348752e-01 1.023886e+00 -4.700063e+02)	(1.026255e-03 -2.357780e-04 -5.050594e-05)
110           	(8.364183e-01 1.023649e+00 -4.700061e+02)	(8.353836e-01 1.023886e+00 -4.700061e+02)	(1.034698e-03 -2.369093e-04 -4.812155e-05)
111           	(8.404377e-01 1.027113e+00 -4.700056e+02)	(8.393932e-01 1.027351e+00 -4.700055e+02)	(1.044438e-03 -2.387600e-04 -4.469710e-05)
112           	(8.444449e-01 1.030572e+00 -4.700050e+02)	(8.433899e-01 1.030813e+00 -4.700049e+02)	(1.054986e-03 -2.412193e-04 -4.025898e-05)
113           	(8.448931e-01 1.030543e+00 -4.700047e+02)	(8.438288e-01 1.030787e+00 -4.700046e+02)	(1.064339e-03 -2.437054e-04 -3.486896e-05)
114           	(8.496728e-01 1.034714e+00 -4.700038e+02)	(8.485975e-01 1.034961e+00 -4.700038e+02)	(1.075218e-03 -2.472609e-04 -2.867198e-05)
115           	(8.501044e-01 1.034705e+00 -4.700035e+02)	(8.490195e-01 1.034956e+00 -4.700035e+02)	(1.084954e-03 -2.507673e-04 -2.187571e-05)
116           	(8.551323e-01 1.039186e+00 -4.700026e+02)	(8.540362e-01 1.039441e+00 -4.700026e+02)	(1.096046e-03 -2.551265e-04 -1.467476e-05)
117           	(8.601710e-01 1.043335e+00 -4.700002e+02)	(8.590621e-01 1.043596e+00 -4.700002e+02)	(1.108958e-03 -2.607717e-04 -7.191810e-06)
118           	(8.606855e-01 1.043540e+00 -4.699999e+02)	(8.595657e-01 1.043806e+00 -4.699999e+02)	(1.119800e-03 -2.658666e-04 3.570740e-07)
119           	(8.612446e-01 1.043755e+00 -4.699997e+02)	(8.601153e-01 1.044026e+00 -4.699997e+02)	(1.129279e-03 -2.708782e-04 7.780072e-06)
120           	(8.618272e-01 1.043907e+00 -4.699995e+02)	(8.606891e-01 1.044183e+00 -4.699995e+02)	(1.138107e-03 -2.760334e-04 1.488202e-05)
121           	(8.631799e-01 1.044688e+00 -4.699993e+02)	(8.620328e-01 1.044970e+00 -4.699994e+02)	(1.147066e-03 -2.815458e-04 2.147618e-05)
122           	(8.667031e-01 1.047569e+00 -4.699992e+02)	(8.655458e-01 1.047857e+00 -4.699993e+02)	(1.157296e-03 -2.878676e-04 2.737740e-05)
123           	(8.677160e-01 1.047794e+00 -4.699991e+02)	(8.665484e-01 1.048088e+00 -4.699992e+02)	(1.167605e-03 -2.946416e-04 3.238270e-05)
124           	(8.706009e-01 1.049806e+00 -4.699990e+02)	(8.694218e-01 1.050109e+00 -4.699991e+02)	(1.179053e-03 -3.023094e-04 3.634948e-05)
125           	(8.708126e-01 1.049289e+00 -4.699990e+02)	(8.696229e-01 1.049599e+00 -4.699990e+02)	(1.189765e-03 -3.098638e-04 3.918826e-05)
126           	(8.709790e-01 1.048681e+00 -4.699989e+02)	(8.697790e-01 1.048999e+00 -4.699989e+02)	(1.200044e-03 -3.174993e-04 4.090464e-05)
127           	(8.711283e-01 1.047994e+00 -4.699988e+02)	(8.699180e-01 1.048320e+00 -4.699989e+02)	(1.210262e-03 -3.253127e-04 4.149782e-05)
128           	(8.735920e-01 1.049233e+00 -4.699987e+02)	(8.723695e-01 1.049568e+00 -4.699987e+02)	(1.222415e-03 -3.342400e-04 4.101895e-05)
129           	(8.756166e-01 1.050088e+00 -4.699986e+02)	(8.743809e-01 1.050431e+00 -4.699986e+02)	(1.235653e-03 -3.436385e-04 3.957061e-05)
130           	(8.759338e-01 1.049666e+00 -4.699985e+02)	(8.746859e-01 1.050019e+00 -4.699985e+02)	(1.247915e-03 -3.523300e-04 3.732507e-05)
131           	(8.771514e-01 1.049761e+00 -4.699984e+02)	(8.758906e-01 1.050122e+00 -4.699984e+02)	(1.260839e-03 -3.614815e-04 3.447464e-05)
132           	(8.783829e-01 1.049955e+00 -4.699983e+02)	(8.771087e-01 1.050326e+00 -4.699984e+02)	(1.274153e-03 -3.708606e-04 3.112325e-05)
133           	(8.788171e-01 1.049712e+00 -4.699983e+02)	(8.775306e-01 1.050092e+00 -4.699983e+02)	(1.286505e-03 -3.798092e-04 2.739318e-05)
134           	(8.799259e-01 1.049784e+00 -4.699983e+02)	(8.786265e-01 1.050174e+00 -4.699983e+02)	(1.299362e-03 -3.894352e-04 2.340946e-05)
135           	(8.808945e-01 1.049710e+00 -4.699984e+02)	(8.795818e-01 1.050109e+00 -4.699984e+02)	(1.312731e-03 -3.996805e-04 1.929408e-05)
136           	(8.816221e-01 1.049365e+00 -4.699986e+02)	(8.802956e-01 1.049775e+00 -4.699986e+02)	(1.326506e-03 -4.104868e-04 1.518741e-05)
137           	(8.816735e-01 1.048605e+00 -4.699986e+02)	(8.803336e-01 1.049026e+00 -4.699986e+02)	(1.339822e-03 -4.213496e-04 1.122072e-05)
138           	(8.820849e-01 1.047669e+00 -4.699995e+02)	(8.807305e-01 1.048103e+00 -4.699996e+02)	(1.354440e-03 -4.335132e-04 7.497726e-06)
139           	(8.821571e-01 1.046698e+00 -4.700017e+02)	(8.807876e-01 1.047144e+00 -4.700017e+02)	(1.369433e-03 -4.460161e-04 4.111455e-06)
140           	(8.782563e-01 1.042124e+00 -4.700061e+02)	(8.768744e-01 1.042582e+00 -4.700061e+02)	(1.381805e-03 -4.575383e-04 1.177732e-06)
141           	(8.764957e-01 1.039260e+00 -4.700062e+02)	(8.751011e-01 1.039729e+00 -4.700062e+02)	(1.394666e-03 -4.694833e-04 -1.279957e-06)
142           	(8.682477e-01 1.029987e+00 -4.700105e+02)	(8.668431e-01 1.030467e+00 -4.700105e+02)	(1.404574e-03 -4.804210e-04 -3.622017e-06)
143           	(8.659944e-01 1.026493e+00 -4.700105e+02)	(8.645784e-01 1.026985e+00 -4.700105e+02)	(1.415981e-03 -4.921097e-04 -5.787253e-06)
144           	(8.635888e-01 1.022739e+00 -4.700105e+02)	(8.621605e-01 1.023244e+00 -4.700105e+02)	(1.428302e-03 -5.040836e-04 -8.096780e-06)
145           	(8.612071e-01 1.018933e+00 -4.700105e+02)	(8.597658e-01 1.019449e+00 -4.700105e+02)	(1.441365e-03 -5.163898e-04 -1.052938e-05)
146           	(8.590525e-01 1.015161e+00 -4.700119e+02)	(8.575971e-01 1.015690e+00 -4.700119e+02)	(1.455427e-03 -5.292373e-04 -1.312154e-05)
147           	(8.568561e-01 1.011297e+00 -4.700121e+02)	(8.553857e-01 1.011840e+00 -4.700120e+02)	(1.470419e-03 -5.425643e-04 -1.584823e-05)
148           	(8.564968e-01 1.009505e+00 -4.700128e+02)	(8.550105e-01 1.010061e+00 -4.700127e+02)	(1.486299e-03 -5.561119e-04 -1.871515e-05)
149           	(8.571566e-01 1.009409e+00 -4.700128e+02)	(8.556550e-01 1.009978e+00 -4.700127e+02)	(1.501592e-03 -5.688122e-04 -2.177163e-05)
150           	(8.603179e-01 1.011812e+00 -4.700134e+02)	(8.588004e-01 1.012393e+00 -4.700134e+02)	(1.517483e-03 -5.815420e-04 -2.502043e-05)
151           	(8.639855e-01 1.014905e+00 -4.700139e+02)	(8.624519e-01 1.015499e+00 -4.700139e+02)	(1.533540e-03 -5.941220e-04 -2.850428e-05)
152           	(8.675012e-01 1.017876e+00 -4.700142e+02)	(8.659519e-01 1.018483e+00 -4.700142e+02)	(1.549337e-03 -6.065339e-04 -3.218797e-05)
153           	(8.705654e-01 1.020319e+00 -4.700145e+02)	(8.690006e-01 1.020938e+00 -4.700144e+02)	(1.564798e-03 -6.188864e-04 -3.604830e-05)
154           	(8.730050e-01 1.022009e+00 -4.700146e+02)	(8.714249e-01 1.022641e+00 -4.700145e+02)	(1.580065e-03 -6.313028e-04 -4.007513e-05)
155           	(8.747001e-01 1.022839e+00 -4.700146e+02)	(8.731049e-01 1.023483e+00 -4.700145e+02)	(1.595198e-03 -6.438231e-04 -4.425205e-05)
156           	(8.753023e-01 1.022800e+00 -4.700145e+02)	(8.736929e-01 1.023456e+00 -4.700144e+02)	(1.609340e-03 -6.557930e-04 -4.856267e-05)
157           	(8.763294e-01 1.022651e+00 -4.700144e+02)	(8.747049e-01 1.023319e+00 -4.700143e+02)	(1.624459e-03 -6.684591e-04 -5.291581e-05)
158           	(8.771485e-01 1.022248e+00 -4.700143e+02)	(8.755080e-01 1.022929e+00 -4.700142e+02)	(1.640568e-03 -6.815880e-04 -5.730303e-05)
159           	(8.773166e-01 1.021483e+00 -4.700141e+02)	(8.756601e-01 1.022177e+00 -4.700140e+02)	(1.656457e-03 -6.943659e-04 -6.172330e-05)
160           	(8.772830e-01 1.020410e+00 -4.700139e+02)	(8.756105e-01 1.021117e+00 -4.700138e+02)	(1.672501e-03 -7.071593e-04 -6.610824e-05)
161           	(8.770301e-01 1.018998e+00 -4.700136e+02)	(8.753411e-01 1.019718e+00 -4.700136e+02)	(1.688986e-03 -7.201475e-04 -7.042066e-05)
162           	(8.765777e-01 1.017098e+00 -4.700134e+02)	(8.748712e-01 1.017832e+00 -4.700133e+02)	(1.706466e-03 -7.338075e-04 -7.459754e-05)
163           	(8.760332e-01 1.015082e+00 -4.700131e+02)	(8.743085e-01 1.015830e+00 -4.700131e+02)	(1.724745e-03 -7.479976e-04 -7.863151e-05)
164           	(8.754457e-01 1.013070e+00 -4.700129e+02)	(8.737022e-01 1.013833e+00 -4.700128e+02)	(1.743465e-03 -7.625391e-04 -8.253840e-05)
165           	(8.748206e-01 1.011057e+00 -4.700127e+02)	(8.730582e-01 1.011834e+00 -4.700126e+02)	(1.762423e-03 -7.773606e-04 -8.632609e-05)
166           	(8.741681e-01 1.009051e+00 -4.700124e+02)	(8.723865e-01 1.009843e+00 -4.700123e+02)	(1.781521e-03 -7.924263e-04 -9.000830e-05)
167           	(8.735189e-01 1.007104e+00 -4.700122e+02)	(8.717182e-01 1.007911e+00 -4.700121e+02)	(1.800651e-03 -8.076456e-04 -9.362206e-05)
168           	(8.728253e-01 1.005071e+00 -4.700121e+02)	(8.710053e-01 1.005894e+00 -4.700121e+02)	(1.820025e-03 -8.231455e-04 -9.718096e-05)
169           	(8.723712e-01 1.003362e+00 -4.700122e+02)	(8.705316e-01 1.004201e+00 -4.700121e+02)	(1.839661e-03 -8.388289e-04 -1.007120e-04)
170           	(8.722873e-01 1.002143e+00 -4.700124e+02)	(8.704279e-01 1.002997e+00 -4.700123e+02)	(1.859469e-03 -8.545524e-04 -1.042434e-04)
171           	(8.729110e-01 1.001858e+00 -4.700131e+02)	(8.710317e-01 1.002728e+00 -4.700130e+02)	(1.879293e-03 -8.700905e-04 -1.078396e-04)
172           	(8.707517e-01 9.995436e-01 -4.700164e+02)	(8.688557e-01 1.000427e+00 -4.700163e+02)	(1.895972e-03 -8.837475e-04 -1.115829e-04)
173           	(8.718189e-01 9.998484e-01 -4.700173e+02)	(8.699052e-01 1.000746e+00 -4.700172e+02)	(1.913675e-03 -8.978916e-04 -1.153677e-04)
174           	(8.726709e-01 9.999818e-01 -4.700183e+02)	(8.707389e-01 1.000894e+00 -4.700182e+02)	(1.932058e-03 -9.120898e-04 -1.193632e-04)
175           	(8.701230e-01 9.973119e-01 -4.700216e+02)	(8.681754e-01 9.982365e-01 -4.700214e+02)	(1.947593e-03 -9.245301e-04 -1.235456e-04)
176           	(8.697772e-01 9.959606e-01 -4.700220e+02)	(8.678127e-01 9.968984e-01 -4.700219e+02)	(1.964481e-03 -9.377815e-04 -1.277429e-04)
177           	(8.690378e-01 9.941562e-01 -4.700222e+02)	(8.670555e-01 9.951076e-01 -4.700220e+02)	(1.982345e-03 -9.513915e-04 -1.320779e-04)
178           	(8.681470e-01 9.922461e-01 -4.700222e+02)	(8.661464e-01 9.932112e-01 -4.700220e+02)	(2.000523e-03 -9.650513e-04 -1.364741e-04)
179           	(8.671479e-01 9.900789e-01 -4.700223e+02)	(8.651287e-01 9.910579e-01 -4.700221e+02)	(2.019233e-03 -9.790415e-04 -1.408488e-04)
180           	(8.663171e-01 9.880932e-01 -4.700223e+02)	(8.642787e-01 9.890866e-01 -4.700222e+02)	(2.038380e-03 -9.933563e-04 -1.451531e-04)
181           	(8.657543e-01 9.864294e-01 -4.700224e+02)	(8.636965e-01 9.874373e-01 -4.700222e+02)	(2.057780e-03 -1.007952e-03 -1.493343e-04)
182           	(8.654750e-01 9.851285e-01 -4.700225e+02)	(8.633978e-01 9.861512e-01 -4.700223e+02)	(2.077235e-03 -1.022746e-03 -1.533571e-04)
183           	(8.654164e-01 9.841567e-01 -4.700225e+02)	(8.633199e-01 9.851944e-01 -4.700224e+02)	(2.096493e-03 -1.037614e-03 -1.571996e-04)
184           	(8.654894e-01 9.834956e-01 -4.700225e+02)	(8.633742e-01 9.845479e-01 -4.700223e+02)	(2.115154e-03 -1.052302e-03 -1.608504e-04)
185           	(8.654845e-01 9.827490e-01 -4.700225e+02)	(8.633512e-01 9.838159e-01 -4.700223e+02)	(2.133303e-03 -1.066909e-03 -1.643009e-04)
186           	(8.652631e-01 9.817194e-01 -4.700225e+02)	(8.631120e-01 9.828009e-01 -4.700223e+02)	(2.151101e-03 -1.081516e-03 -1.675494e-04)
187           	(8.648060e-01 9.804157e-01 -4.700225e+02)	(8.626375e-01 9.815118e-01 -4.700223e+02)	(2.168561e-03 -1.096122e-03 -1.706117e-04)
188           	(8.640670e-01 9.787739e-01 -4.700224e+02)	(8.618813e-01 9.798846e-01 -4.700222e+02)	(2.185732e-03 -1.110732e-03 -1.735024e-04)
189           	(8.631049e-01 9.768894e-01 -4.700224e+02)	(8.609023e-01 9.780147e-01 -4.700222e+02)	(2.202604e-03 -1.125299e-03 -1.762343e-04)
190           	(8.619950e-01 9.748640e-01 -4.700223e+02)	(8.597759e-01 9.760038e-01 -4.700221e+02)	(2.219134e-03 -1.139758e-03 -1.788204e-04)
191           	(8.608624e-01 9.728912e-01 -4.700222e+02)	(8.586273e-01 9.740452e-01 -4.700220e+02)	(2.235184e-03 -1.153951e-03 -1.812816e-04)
192           	(8.595555e-01 9.706965e-01 -4.700221e+02)	(8.573046e-01 9.718645e-01 -4.700219e+02)	(2.250888e-03 -1.167987e-03 -1.836316e-04)
193           	(8.580965e-01 9.682878e-01 -4.700220e+02)	(8.558301e-01 9.694698e-01 -4.700218e+02)	(2.266380e-03 -1.181944e-03 -1.858808e-04)
194           	(8.564190e-01 9.655152e-01 -4.700219e+02)	(8.541371e-01 9.667112e-01 -4.700217e+02)	(2.281918e-03 -1.196031e-03 -1.880268e-04)
195           	(8.548792e-01 9.628972e-01 -4.700218e+02)	(8.525817e-01 9.641074e-01 -4.700216e+02)	(2.297529e-03 -1.210196e-03 -1.900664e-04)
196           	(8.536052e-01 9.605903e-01 -4.700218e+02)	(8.512920e-01 9.618147e-01 -4.700216e+02)	(2.313182e-03 -1.224398e-03 -1.919948e-04)
197           	(8.526698e-01 9.586869e-01 -4.700218e+02)	(8.503410e-01 9.599256e-01 -4.700216e+02)	(2.328839e-03 -1.238606e-03 -1.938148e-04)
198           	(8.520126e-01 9.570626e-01 -4.700220e+02)	(8.496680e-01 9.583155e-01 -4.700218e+02)	(2.344614e-03 -1.252941e-03 -1.955286e-04)
199           	(8.516611e-01 9.558067e-01 -4.700222e+02)	(8.493007e-01 9.570740e-01 -4.700220e+02)	(2.360429e-03 -1.267341e-03 -1.971451e-04)
200           	(8.493613e-01 9.533950e-01 -4.700254e+02)	(8.469882e-01 9.546750e-01 -4.700252e+02)	(2.373105e-03 -1.279976e-03 -1.986853e-04)
201           	(8.487669e-01 9.519517e-01 -4.700255e+02)	(8.463805e-01 9.532449e-01 -4.700253e+02)	(2.386362e-03 -1.293169e-03 -2.001097e-04)
202           	(8.478638e-01 9.502096e-01 -4.700257e+02)	(8.454640e-01 9.515160e-01 -4.700255e+02)	(2.399827e-03 -1.306473e-03 -2.015517e-04)
203           	(8.467122e-01 9.482637e-01 -4.700257e+02)	(8.442991e-01 9.495833e-01 -4.700255e+02)	(2.413053e-03 -1.319628e-03 -2.029944e-04)
204           	(8.453046e-01 9.460453e-01 -4.700257e+02)	(8.428786e-01 9.473780e-01 -4.700255e+02)	(2.425967e-03 -1.332642e-03 -2.044604e-04)
205           	(8.437357e-01 9.436586e-01 -4.700257e+02)	(8.412972e-01 9.450040e-01 -4.700255e+02)	(2.438553e-03 -1.345484e-03 -2.059725e-04)
206           	(8.420984e-01 9.412114e-01 -4.700257e+02)	(8.396476e-01 9.425695e-01 -4.700255e+02)	(2.450837e-03 -1.358146e-03 -2.075610e-04)
207           	(8.404730e-01 9.388013e-01 -4.700257e+02)	(8.380102e-01 9.401719e-01 -4.700255e+02)	(2.462818e-03 -1.370578e-03 -2.092559e-04)
208           	(8.389177e-01 9.364995e-01 -4.700257e+02)	(8.364432e-01 9.378823e-01 -4.700255e+02)	(2.474491e-03 -1.382743e-03 -2.110888e-04)
209           	(8.374609e-01 9.343394e-01 -4.700257e+02)	(8.349750e-01 9.357340e-01 -4.700255e+02)	(2.485823e-03 -1.394603e-03 -2.130795e-04)
210           	(8.361068e-01 9.323203e-01 -4.700257e+02)	(8.336100e-01 9.337265e-01 -4.700255e+02)	(2.496789e-03 -1.406134e-03 -2.152452e-04)
211           	(8.356821e-01 9.315858e-01 -4.700257e+02)	(8.331751e-01 9.330027e-01 -4.700255e+02)	(2.506994e-03 -1.416925e-03 -2.176071e-04)
212           	(8.340905e-01 9.292374e-01 -4.700257e+02)	(8.315735e-01 9.306651e-01 -4.700255e+02)	(2.516998e-03 -1.427682e-03 -2.201692e-04)
213           	(8.332016e-01 9.278609e-01 -4.700257e+02)	(8.306752e-01 9.292988e-01 -4.700255e+02)	(2.526393e-03 -1.437912e-03 -2.229598e-04)
214           	(8.312094e-01 9.249621e-01 -4.700257e+02)	(8.286737e-01 9.264103e-01 -4.700255e+02)	(2.535742e-03 -1.448226e-03 -2.259938e-04)
215           	(8.291722e-01 9.220036e-01 -4.700257e+02)	(8.266272e-01 9.234621e-01 -4.700255e+02)	(2.544966e-03 -1.458493e-03 -2.292882e-04)
216           	(8.271590e-01 9.190841e-01 -4.700258e+02)	(8.246050e-01 9.205527e-01 -4.700256e+02)	(2.554082e-03 -1.468649e-03 -2.328636e-04)
217           	(8.261082e-01 9.174827e-01 -4.700258e+02)	(8.235455e-01 9.189610e-01 -4.700256e+02)	(2.562710e-03 -1.478253e-03 -2.367300e-04)
218           	(8.239707e-01 9.144250e-01 -4.700259e+02)	(8.213993e-01 9.159129e-01 -4.700256e+02)	(2.571327e-03 -1.487910e-03 -2.408691e-04)
219           	(8.218495e-01 9.114275e-01 -4.700259e+02)	(8.192697e-01 9.129249e-01 -4.700257e+02)	(2.579779e-03 -1.497444e-03 -2.452733e-04)
220           	(8.207171e-01 9.097795e-01 -4.700260e+02)	(8.181294e-01 9.112859e-01 -4.700257e+02)	(2.587750e-03 -1.506403e-03 -2.499484e-04)
221           	(8.194267e-01 9.079519e-01 -4.700260e+02)	(8.168314e-01 9.094669e-01 -4.700257e+02)	(2.595329e-03 -1.514967e-03 -2.548698e-04)
222           	(8.181418e-01 9.061525e-01 -4.700260e+02)	(8.155392e-01 9.076757e-01 -4.700257e+02)	(2.602523e-03 -1.523176e-03 -2.600138e-04)
223           	(8.153679e-01 9.024610e-01 -4.700259e+02)	(8.127583e-01 9.039925e-01 -4.700257e+02)	(2.609630e-03 -1.531451e-03 -2.653372e-04)
224           	(8.136422e-01 9.001462e-01 -4.700259e+02)	(8.110258e-01 9.016855e-01 -4.700256e+02)	(2.616404e-03 -1.539314e-03 -2.708172e-04)
225           	(8.118256e-01 8.977266e-01 -4.700258e+02)	(8.092026e-01 8.992735e-01 -4.700255e+02)	(2.622998e-03 -1.546887e-03 -2.764184e-04)
226           	(8.089261e-01 8.939248e-01 -4.700257e+02)	(8.062964e-01 8.954793e-01 -4.700254e+02)	(2.629644e-03 -1.554537e-03 -2.820802e-04)
227           	(8.072022e-01 8.916341e-01 -4.700256e+02)	(8.045661e-01 8.931959e-01 -4.700253e+02)	(2.636124e-03 -1.561832e-03 -2.877751e-04)
228           	(8.045464e-01 8.881499e-01 -4.700255e+02)	(8.019037e-01 8.897191e-01 -4.700252e+02)	(2.642707e-03 -1.569159e-03 -2.934660e-04)
229           	(8.021193e-01 8.849607e-01 -4.700253e+02)	(7.994701e-01 8.865371e-01 -4.700250e+02)	(2.649278e-03 -1.576400e-03 -2.991185e-04)
230           	(7.999653e-01 8.821173e-01 -4.700252e+02)	(7.973095e-01 8.837008e-01 -4.700249e+02)	(2.655822e-03 -1.583496e-03 -3.047157e-04)
231           	(7.980879e-01 8.796141e-01 -4.700251e+02)	(7.954256e-01 8.812046e-01 -4.700248e+02)	(2.662314e-03 -1.590457e-03 -3.102527e-04)
232           	(7.964525e-01 8.773977e-01 -4.700250e+02)	(7.937837e-01 8.789950e-01 -4.700247e+02)	(2.668728e-03 -1.597298e-03 -3.157368e-04)
233           	(7.950334e-01 8.754321e-01 -4.700250e+02)	(7.923584e-01 8.770361e-01 -4.700246e+02)	(2.675036e-03 -1.604040e-03 -3.211826e-04)
234           	(7.942919e-01 8.743399e-01 -4.700250e+02)	(7.916109e-01 8.759504e-01 -4.700246e+02)	(2.681073e-03 -1.610526e-03 -3.266082e-04)
235           	(7.930922e-01 8.726076e-01 -4.700250e+02)	(7.904051e-01 8.742247e-01 -4.700246e+02)	(2.687032e-03 -1.617035e-03 -3.320148e-04)
236           	(7.924266e-01 8.716076e-01 -4.700250e+02)	(7.897339e-01 8.732309e-01 -4.700247e+02)	(2.692646e-03 -1.623297e-03 -3.374130e-04)
237           	(7.913175e-01 8.700026e-01 -4.700251e+02)	(7.886194e-01 8.716321e-01 -4.700247e+02)	(2.698142e-03 -1.629539e-03 -3.427930e-04)
238           	(7.906068e-01 8.689941e-01 -4.700251e+02)	(7.879036e-01 8.706296e-01 -4.700248e+02)	(2.703223e-03 -1.635460e-03 -3.481594e-04)
239           	(7.897705e-01 8.678635e-01 -4.700252e+02)	(7.870626e-01 8.695046e-01 -4.700248e+02)	(2.707934e-03 -1.641094e-03 -3.535053e-04)
240           	(7.883692e-01 8.660185e-01 -4.700252e+02)	(7.856568e-01 8.676651e-01 -4.700248e+02)	(2.712422e-03 -1.646606e-03 -3.588222e-04)
241           	(7.873980e-01 8.647898e-01 -4.700252e+02)	(7.846814e-01 8.664416e-01 -4.700248e+02)	(2.716543e-03 -1.651768e-03 -3.641149e-04)
242           	(7.863596e-01 8.635043e-01 -4.700252e+02)	(7.836392e-01 8.651609e-01 -4.700249e+02)	(2.720418e-03 -1.656649e-03 -3.693922e-04)
243           	(7.852434e-01 8.621433e-01 -4.700253e+02)	(7.825193e-01 8.638046e-01 -4.700249e+02)	(2.724107e-03 -1.661317e-03 -3.746739e-04)
244           	(7.836297e-01 8.601641e-01 -4.700252e+02)	(7.809020e-01 8.618300e-01 -4.700248e+02)	(2.727708e-03 -1.665903e-03 -3.799883e-04)
245           	(7.820546e-01 8.582491e-01 -4.700252e+02)	(7.793234e-01 8.599195e-01 -4.700248e+02)	(2.731202e-03 -1.670377e-03 -3.853710e-04)
246           	(7.805309e-01 8.564086e-01 -4.700252e+02)	(7.777962e-01 8.580833e-01 -4.700248e+02)	(2.734627e-03 -1.674758e-03 -3.908547e-04)
247           	(7.790359e-01 8.546109e-01 -4.700252e+02)	(7.762979e-01 8.562899e-01 -4.700248e+02)	(2.737975e-03 -1.679061e-03 -3.964719e-04)
248           	(7.775462e-01 8.528224e-01 -4.700252e+02)	(7.748050e-01 8.545057e-01 -4.700248e+02)	(2.741229e-03 -1.683294e-03 -4.022564e-04)
249           	(7.764668e-01 8.515261e-01 -4.700253e+02)	(7.737224e-01 8.532136e-01 -4.700249e+02)	(2.744429e-03 -1.687466e-03 -4.082397e-04)
250           	(7.753379e-01 8.501714e-01 -4.700254e+02)	(7.725904e-01 8.518630e-01 -4.700250e+02)	(2.747536e-03 -1.691587e-03 -4.144532e-04)
251           	(7.738594e-01 8.484071e-01 -4.700255e+02)	(7.711090e-01 8.501028e-01 -4.700250e+02)	(2.750460e-03 -1.695652e-03 -4.209222e-04)
252           	(7.726134e-01 8.469111e-01 -4.700256e+02)	(7.698601e-01 8.486107e-01 -4.700251e+02)	(2.753243e-03 -1.699683e-03 -4.276811e-04)
253           	(7.713284e-01 8.453757e-01 -4.700257e+02)	(7.685725e-01 8.470794e-01 -4.700252e+02)	(2.755867e-03 -1.703672e-03 -4.347412e-04)
254           	(7.697487e-01 8.435124e-01 -4.700257e+02)	(7.669904e-01 8.452200e-01 -4.700253e+02)	(2.758246e-03 -1.707595e-03 -4.421262e-04)
255           	(7.681714e-01 8.416667e-01 -4.700258e+02)	(7.654110e-01 8.433782e-01 -4.700254e+02)	(2.760377e-03 -1.711455e-03 -4.498462e-04)
256           	(7.666028e-01 8.398474e-01 -4.700259e+02)	(7.638405e-01 8.415627e-01 -4.700255e+02)	(2.762283e-03 -1.715252e-03 -4.579132e-04)
257           	(7.650602e-01 8.380737e-01 -4.700260e+02)	(7.622963e-01 8.397927e-01 -4.700256e+02)	(2.763956e-03 -1.718985e-03 -4.663310e-04)
258           	(7.635715e-01 8.363726e-01 -4.700262e+02)	(7.608060e-01 8.380953e-01 -4.700257e+02)	(2.765436e-03 -1.722658e-03 -4.750887e-04)
259           	(7.621555e-01 8.347603e-01 -4.700263e+02)	(7.593888e-01 8.364866e-01 -4.700258e+02)	(2.766753e-03 -1.726279e-03 -4.841793e-04)
260           	(7.608142e-01 8.332345e-01 -4.700264e+02)	(7.580462e-01 8.349643e-01 -4.700259e+02)	(2.767944e-03 -1.729862e-03 -4.935986e-04)
261           	(7.595358e-01 8.317801e-01 -4.700266e+02)	(7.567668e-01 8.335135e-01 -4.700261e+02)	(2.769009e-03 -1.733407e-03 -5.033455e-04)
262           	(7.583041e-01 8.303777e-01 -4.700268e+02)	(7.555342e-01 8.321147e-01 -4.700262e+02)	(2.769957e-03 -1.736923e-03 -5.134061e-04)
263           	(7.571395e-01 8.290499e-01 -4.700269e+02)	(7.543687e-01 8.307903e-01 -4.700264e+02)	(2.770803e-03 -1.740431e-03 -5.237716e-04)
264           	(7.560437e-01 8.277986e-01 -4.700271e+02)	(7.532721e-01 8.295425e-01 -4.700266e+02)	(2.771571e-03 -1.743951e-03 -5.344249e-04)
265           	(7.550047e-01 8.266114e-01 -4.700274e+02)	(7.522324e-01 8.283589e-01 -4.700268e+02)	(2.772244e-03 -1.747483e-03 -5.453481e-04)
266           	(7.541828e-01 8.256654e-01 -4.700276e+02)	(7.514099e-01 8.274164e-01 -4.700270e+02)	(2.772908e-03 -1.751074e-03 -5.565035e-04)
267           	(7.533695e-01 8.247389e-01 -4.700279e+02)	(7.505960e-01 8.264936e-01 -4.700273e+02)	(2.773484e-03 -1.754680e-03 -5.678723e-04)
268           	(7.525309e-01 8.237948e-01 -4.700281e+02)	(7.497570e-01 8.255531e-01 -4.700275e+02)	(2.773931e-03 -1.758292e-03 -5.794303e-04)
269           	(7.514756e-01 8.226200e-01 -4.700283e+02)	(7.487015e-01 8.243818e-01 -4.700277e+02)	(2.774145e-03 -1.761864e-03 -5.911534e-04)
270           	(7.504152e-01 8.214380e-01 -4.700285e+02)	(7.476410e-01 8.232034e-01 -4.700279e+02)	(2.774190e-03 -1.765448e-03 -6.029972e-04)
271           	(7.493718e-01 8.202631e-01 -4.700286e+02)	(7.465977e-01 8.220322e-01 -4.700280e+02)	(2.774145e-03 -1.769091e-03 -6.149162e-04)
272           	(7.479793e-01 8.186468e-01 -4.700287e+02)	(7.452052e-01 8.204197e-01 -4.700280e+02)	(2.774092e-03 -1.772889e-03 -6.268721e-04)
273           	(7.471550e-01 8.176795e-01 -4.700288e+02)	(7.443808e-01 8.194564e-01 -4.700282e+02)	(2.774151e-03 -1.776854e-03 -6.388248e-04)
274           	(7.464347e-01 8.168138e-01 -4.700290e+02)	(7.436603e-01 8.185948e-01 -4.700284e+02)	(2.774399e-03 -1.781024e-03 -6.507475e-04)
275           	(7.458086e-01 8.160457e-01 -4.700292e+02)	(7.430338e-01 8.178311e-01 -4.700285e+02)	(2.774800e-03 -1.785417e-03 -6.626137e-04)
276           	(7.452540e-01 8.153573e-01 -4.700294e+02)	(7.424787e-01 8.171473e-01 -4.700287e+02)	(2.775304e-03 -1.790003e-03 -6.743854e-04)
277           	(7.447399e-01 8.147209e-01 -4.700296e+02)	(7.419641e-01 8.165156e-01 -4.700289e+02)	(2.775839e-03 -1.794753e-03 -6.860322e-04)
278           	(7.442344e-01 8.141049e-01 -4.700297e+02)	(7.414581e-01 8.159046e-01 -4.700290e+02)	(2.776324e-03 -1.799617e-03 -6.975067e-04)
279           	(7.437303e-01 8.135010e-01 -4.700299e+02)	(7.409536e-01 8.153056e-01 -4.700292e+02)	(2.776725e-03 -1.804576e-03 -7.087777e-04)
280           	(7.431991e-01 8.128752e-01 -4.700300e+02)	(7.404221e-01 8.146848e-01 -4.700293e+02)	(2.777014e-03 -1.809595e-03 -7.197952e-04)
281           	(7.426238e-01 8.122056e-01 -4.700301e+02)	(7.398467e-01 8.140202e-01 -4.700294e+02)	(2.777180e-03 -1.814656e-03 -7.305330e-04)
282           	(7.419891e-01 8.114706e-01 -4.700302e+02)	(7.392119e-01 8.132903e-01 -4.700294e+02)	(2.777236e-03 -1.819741e-03 -7.409470e-04)
283           	(7.412800e-01 8.106476e-01 -4.700302e+02)	(7.385028e-01 8.124724e-01 -4.700295e+02)	(2.777207e-03 -1.824855e-03 -7.510112e-04)
284           	(7.388788e-01 8.078729e-01 -4.700295e+02)	(7.361019e-01 8.097029e-01 -4.700288e+02)	(2.776945e-03 -1.830069e-03 -7.606818e-04)
285           	(7.368494e-01 8.054326e-01 -4.700287e+02)	(7.340726e-01 8.072681e-01 -4.700279e+02)	(2.776855e-03 -1.835528e-03 -7.699149e-04)
286           	(7.367248e-01 8.051371e-01 -4.700288e+02)	(7.339473e-01 8.069783e-01 -4.700280e+02)	(2.777483e-03 -1.841221e-03 -7.787027e-04)
287           	(7.365660e-01 8.048230e-01 -4.700289e+02)	(7.337875e-01 8.066700e-01 -4.700281e+02)	(2.778503e-03 -1.847018e-03 -7.870439e-04)
288           	(7.364275e-01 8.045231e-01 -4.700290e+02)	(7.336477e-01 8.063760e-01 -4.700282e+02)	(2.779780e-03 -1.852930e-03 -7.949011e-04)
289           	(7.364210e-01 8.043403e-01 -4.700291e+02)	(7.336396e-01 8.061992e-01 -4.700283e+02)	(2.781365e-03 -1.858987e-03 -8.022580e-04)
290           	(7.360866e-01 8.038641e-01 -4.700291e+02)	(7.333039e-01 8.057290e-01 -4.700283e+02)	(2.782780e-03 -1.864907e-03 -8.091075e-04)
291           	(7.360493e-01 8.036785e-01 -4.700291e+02)	(7.332649e-01 8.055494e-01 -4.700283e+02)	(2.784384e-03 -1.870932e-03 -8.154425e-04)
292           	(7.337317e-01 8.009985e-01 -4.700283e+02)	(7.309463e-01 8.028753e-01 -4.700275e+02)	(2.785384e-03 -1.876768e-03 -8.212530e-04)
293           	(7.337452e-01 8.008994e-01 -4.700283e+02)	(7.309584e-01 8.027821e-01 -4.700274e+02)	(2.786794e-03 -1.882742e-03 -8.265534e-04)
294           	(7.318999e-01 7.987911e-01 -4.700274e+02)	(7.291120e-01 8.006796e-01 -4.700266e+02)	(2.787911e-03 -1.888537e-03 -8.313774e-04)
295           	(7.320133e-01 7.988172e-01 -4.700274e+02)	(7.292237e-01 8.007117e-01 -4.700266e+02)	(2.789601e-03 -1.894539e-03 -8.357287e-04)
296           	(7.321281e-01 7.988655e-01 -4.700274e+02)	(7.293364e-01 8.007662e-01 -4.700266e+02)	(2.791708e-03 -1.900608e-03 -8.396505e-04)
297           	(7.321849e-01 7.988939e-01 -4.700274e+02)	(7.293910e-01 8.008006e-01 -4.700265e+02)	(2.793939e-03 -1.906664e-03 -8.431372e-04)
298           	(7.320107e-01 7.987628e-01 -4.700273e+02)	(7.292148e-01 8.006753e-01 -4.700264e+02)	(2.795909e-03 -1.912480e-03 -8.462043e-04)
299           	(7.317501e-01 7.985548e-01 -4.700271e+02)	(7.289525e-01 8.004729e-01 -4.700263e+02)	(2.797627e-03 -1.918096e-03 -8.488585e-04)
300           	(7.312621e-01 7.981298e-01 -4.700269e+02)	(7.284630e-01 8.000533e-01 -4.700260e+02)	(2.799050e-03 -1.923455e-03 -8.511148e-04)
301           	(7.306923e-01 7.975950e-01 -4.700266e+02)	(7.278919e-01 7.995236e-01 -4.700258e+02)	(2.800331e-03 -1.928656e-03 -8.529838e-04)
302           	(7.304986e-01 7.973620e-01 -4.700265e+02)	(7.276965e-01 7.992961e-01 -4.700256e+02)	(2.802081e-03 -1.934057e-03 -8.544879e-04)
303           	(7.297977e-01 7.966622e-01 -4.700262e+02)	(7.269939e-01 7.986015e-01 -4.700254e+02)	(2.803746e-03 -1.939290e-03 -8.556656e-04)
304           	(7.295883e-01 7.963972e-01 -4.700261e+02)	(7.267823e-01 7.983419e-01 -4.700252e+02)	(2.805913e-03 -1.944735e-03 -8.565264e-04)
305           	(7.288485e-01 7.956457e-01 -4.700258e+02)	(7.260405e-01 7.975957e-01 -4.700250e+02)	(2.807957e-03 -1.950006e-03 -8.571161e-04)
306           	(7.285865e-01 7.953304e-01 -4.700257e+02)	(7.257761e-01 7.972858e-01 -4.700248e+02)	(2.810383e-03 -1.955454e-03 -8.574341e-04)
307           	(7.283486e-01 7.950450e-01 -4.700256e+02)	(7.255355e-01 7.970060e-01 -4.700247e+02)	(2.813080e-03 -1.960997e-03 -8.575229e-04)
308           	(7.269772e-01 7.937177e-01 -4.700253e+02)	(7.241622e-01 7.956838e-01 -4.700244e+02)	(2.815017e-03 -1.966047e-03 -8.574035e-04)
309           	(7.269491e-01 7.935929e-01 -4.700252e+02)	(7.241314e-01 7.955644e-01 -4.700243e+02)	(2.817652e-03 -1.971513e-03 -8.570663e-04)
310           	(7.269528e-01 7.935008e-01 -4.700251e+02)	(7.241320e-01 7.954780e-01 -4.700243e+02)	(2.820822e-03 -1.977208e-03 -8.565801e-04)
311           	(7.268831e-01 7.933526e-01 -4.700251e+02)	(7.240589e-01 7.953356e-01 -4.700242e+02)	(2.824200e-03 -1.983010e-03 -8.559492e-04)
312           	(7.267843e-01 7.931791e-01 -4.700250e+02)	(7.239567e-01 7.951679e-01 -4.700242e+02)	(2.827664e-03 -1.988859e-03 -8.551851e-04)
313           	(7.256376e-01 7.920280e-01 -4.700249e+02)	(7.228072e-01 7.940223e-01 -4.700241e+02)	(2.830324e-03 -1.994236e-03 -8.543214e-04)
314           	(7.255164e-01 7.917841e-01 -4.700249e+02)	(7.226830e-01 7.937839e-01 -4.700241e+02)	(2.833423e-03 -1.999862e-03 -8.533651e-04)
315           	(7.254408e-01 7.915789e-01 -4.700249e+02)	(7.226039e-01 7.935845e-01 -4.700240e+02)	(2.836941e-03 -2.005611e-03 -8.523748e-04)
316           	(7.252111e-01 7.912088e-01 -4.700248e+02)	(7.223704e-01 7.932202e-01 -4.700240e+02)	(2.840679e-03 -2.011409e-03 -8.513528e-04)
317           	(7.249199e-01 7.907793e-01 -4.700248e+02)	(7.220754e-01 7.927965e-01 -4.700239e+02)	(2.844513e-03 -2.017197e-03 -8.503067e-04)
318           	(7.228812e-01 7.885765e-01 -4.700246e+02)	(7.200337e-01 7.905990e-01 -4.700238e+02)	(2.847465e-03 -2.022492e-03 -8.492353e-04)
319           	(7.227575e-01 7.883152e-01 -4.700246e+02)	(7.199066e-01 7.903431e-01 -4.700237e+02)	(2.850888e-03 -2.027926e-03 -8.481546e-04)
320           	(7.226016e-01 7.880229e-01 -4.700245e+02)	(7.197470e-01 7.900562e-01 -4.700237e+02)	(2.854660e-03 -2.033351e-03 -8.471048e-04)
321           	(7.208666e-01 7.861651e-01 -4.700243e+02)	(7.180090e-01 7.882034e-01 -4.700235e+02)	(2.857595e-03 -2.038240e-03 -8.460744e-04)
322           	(7.207889e-01 7.858983e-01 -4.700243e+02)	(7.179277e-01 7.879417e-01 -4.700234e+02)	(2.861131e-03 -2.043369e-03 -8.450543e-04)
323           	(7.207091e-01 7.856184e-01 -4.700243e+02)	(7.178439e-01 7.876670e-01 -4.700234e+02)	(2.865138e-03 -2.048577e-03 -8.440885e-04)
324           	(7.206374e-01 7.853424e-01 -4.700243e+02)	(7.177680e-01 7.873962e-01 -4.700234e+02)	(2.869429e-03 -2.053830e-03 -8.431629e-04)
325           	(7.205721e-01 7.850734e-01 -4.700242e+02)	(7.176982e-01 7.871324e-01 -4.700234e+02)	(2.873885e-03 -2.059078e-03 -8.422795e-04)
326           	(7.205117e-01 7.848164e-01 -4.700242e+02)	(7.176333e-01 7.868807e-01 -4.700234e+02)	(2.878393e-03 -2.064281e-03 -8.414405e-04)
327           	(7.204601e-01 7.845793e-01 -4.700243e+02)	(7.175772e-01 7.866487e-01 -4.700234e+02)	(2.882883e-03 -2.069404e-03 -8.406482e-04)
328           	(7.204186e-01 7.843661e-01 -4.700243e+02)	(7.175313e-01 7.864405e-01 -4.700234e+02)	(2.887308e-03 -2.074436e-03 -8.399134e-04)
329           	(7.203827e-01 7.841746e-01 -4.700243e+02)	(7.174910e-01 7.862539e-01 -4.700235e+02)	(2.891648e-03 -2.079346e-03 -8.392344e-04)
330           	(7.203502e-01 7.840045e-01 -4.700243e+02)	(7.174543e-01 7.860887e-01 -4.700235e+02)	(2.895880e-03 -2.084125e-03 -8.386200e-04)
331           	(7.193538e-01 7.830703e-01 -4.700243e+02)	(7.164550e-01 7.851583e-01 -4.700234e+02)	(2.898779e-03 -2.087997e-03 -8.380764e-04)
332           	(7.192957e-01 7.828419e-01 -4.700243e+02)	(7.163936e-01 7.849340e-01 -4.700235e+02)	(2.902102e-03 -2.092070e-03 -8.375802e-04)
333           	(7.192086e-01 7.825896e-01 -4.700243e+02)	(7.163028e-01 7.846858e-01 -4.700235e+02)	(2.905838e-03 -2.096205e-03 -8.371844e-04)
334           	(7.180412e-01 7.814566e-01 -4.700242e+02)	(7.151327e-01 7.835562e-01 -4.700234e+02)	(2.908512e-03 -2.099549e-03 -8.368809e-04)
335           	(7.178784e-01 7.810991e-01 -4.700242e+02)	(7.149666e-01 7.832023e-01 -4.700234e+02)	(2.911824e-03 -2.103175e-03 -8.366313e-04)
336           	(7.176897e-01 7.807270e-01 -4.700242e+02)	(7.147740e-01 7.828339e-01 -4.700234e+02)	(2.915689e-03 -2.106928e-03 -8.364956e-04)
337           	(7.174817e-01 7.803583e-01 -4.700242e+02)	(7.145619e-01 7.824690e-01 -4.700234e+02)	(2.919836e-03 -2.110703e-03 -8.364482e-04)
338           	(7.172436e-01 7.799868e-01 -4.700242e+02)	(7.143195e-01 7.821012e-01 -4.700234e+02)	(2.924085e-03 -2.114446e-03 -8.364909e-04)
339           	(7.158301e-01 7.786581e-01 -4.700241e+02)	(7.129031e-01 7.807754e-01 -4.700232e+02)	(2.926946e-03 -2.117271e-03 -8.366267e-04)
340           	(7.156026e-01 7.782899e-01 -4.700240e+02)	(7.126722e-01 7.804102e-01 -4.700232e+02)	(2.930363e-03 -2.120392e-03 -8.368235e-04)
341           	(7.153964e-01 7.779598e-01 -4.700240e+02)	(7.124620e-01 7.800835e-01 -4.700232e+02)	(2.934387e-03 -2.123677e-03 -8.371424e-04)
342           	(7.152170e-01 7.776836e-01 -4.700240e+02)	(7.122781e-01 7.798107e-01 -4.700231e+02)	(2.938834e-03 -2.127023e-03 -8.375631e-04)
343           	(7.150687e-01 7.774698e-01 -4.700239e+02)	(7.121251e-01 7.796001e-01 -4.700231e+02)	(2.943618e-03 -2.130341e-03 -8.380852e-04)
344           	(7.149569e-01 7.773201e-01 -4.700239e+02)	(7.120082e-01 7.794537e-01 -4.700231e+02)	(2.948692e-03 -2.133578e-03 -8.387014e-04)
345           	(7.148830e-01 7.772304e-01 -4.700238e+02)	(7.119290e-01 7.793671e-01 -4.700230e+02)	(2.954033e-03 -2.136682e-03 -8.393861e-04)
346           	(7.148440e-01 7.771924e-01 -4.700238e+02)	(7.118843e-01 7.793321e-01 -4.700229e+02)	(2.959643e-03 -2.139640e-03 -8.401155e-04)
347           	(7.148357e-01 7.772005e-01 -4.700237e+02)	(7.118702e-01 7.793429e-01 -4.700229e+02)	(2.965504e-03 -2.142416e-03 -8.408469e-04)
348           	(7.135152e-01 7.760023e-01 -4.700227e+02)	(7.105447e-01 7.781467e-01 -4.700219e+02)	(2.970497e-03 -2.144387e-03 -8.415408e-04)
349           	(7.135296e-01 7.759940e-01 -4.700227e+02)	(7.105534e-01 7.781405e-01 -4.700218e+02)	(2.976241e-03 -2.146537e-03 -8.421209e-04)
350           	(7.143239e-01 7.765188e-01 -4.700200e+02)	(7.113399e-01 7.786683e-01 -4.700191e+02)	(2.983998e-03 -2.149455e-03 -8.426117e-04)
351           	(7.150091e-01 7.774477e-01 -4.700198e+02)	(7.120176e-01 7.795994e-01 -4.700190e+02)	(2.991504e-03 -2.151775e-03 -8.429732e-04)
352           	(7.157497e-01 7.784288e-01 -4.700197e+02)	(7.127511e-01 7.805826e-01 -4.700188e+02)	(2.998686e-03 -2.153766e-03 -8.430710e-04)
353           	(7.164465e-01 7.794046e-01 -4.700194e+02)	(7.134410e-01 7.815599e-01 -4.700186e+02)	(3.005491e-03 -2.155362e-03 -8.428917e-04)
354           	(7.169480e-01 7.801767e-01 -4.700191e+02)	(7.139362e-01 7.823333e-01 -4.700183e+02)	(3.011834e-03 -2.156549e-03 -8.423918e-04)
355           	(7.178707e-01 7.808146e-01 -4.700164e+02)	(7.148509e-01 7.829734e-01 -4.700155e+02)	(3.019846e-03 -2.158727e-03 -8.415415e-04)
356           	(7.182713e-01 7.815400e-01 -4.700160e+02)	(7.152445e-01 7.836999e-01 -4.700152e+02)	(3.026771e-03 -2.159984e-03 -8.404378e-04)
357           	(7.173435e-01 7.806042e-01 -4.700147e+02)	(7.143105e-01 7.827652e-01 -4.700139e+02)	(3.033003e-03 -2.161068e-03 -8.389585e-04)
358           	(7.177500e-01 7.812862e-01 -4.700145e+02)	(7.147114e-01 7.834478e-01 -4.700136e+02)	(3.038606e-03 -2.161602e-03 -8.372215e-04)
359           	(7.180998e-01 7.818795e-01 -4.700142e+02)	(7.150560e-01 7.840412e-01 -4.700134e+02)	(3.043765e-03 -2.161719e-03 -8.352486e-04)
360           	(7.182178e-01 7.820117e-01 -4.700141e+02)	(7.151687e-01 7.841737e-01 -4.700132e+02)	(3.049126e-03 -2.161960e-03 -8.330631e-04)
361           	(7.182642e-01 7.819683e-01 -4.700122e+02)	(7.152093e-01 7.841307e-01 -4.700113e+02)	(3.054884e-03 -2.162355e-03 -8.307212e-04)
362           	(7.186537e-01 7.825356e-01 -4.700121e+02)	(7.155936e-01 7.846979e-01 -4.700112e+02)	(3.060159e-03 -2.162281e-03 -8.282789e-04)
363           	(7.192842e-01 7.835952e-01 -4.700118e+02)	(7.162200e-01 7.857565e-01 -4.700110e+02)	(3.064256e-03 -2.161276e-03 -8.257548e-04)
364           	(7.198599e-01 7.846206e-01 -4.700116e+02)	(7.167926e-01 7.867801e-01 -4.700108e+02)	(3.067255e-03 -2.159468e-03 -8.231673e-04)
365           	(7.197865e-01 7.846240e-01 -4.700098e+02)	(7.167162e-01 7.867817e-01 -4.700090e+02)	(3.070254e-03 -2.157728e-03 -8.205404e-04)
366           	(7.202484e-01 7.853723e-01 -4.700097e+02)	(7.171755e-01 7.875280e-01 -4.700089e+02)	(3.072919e-03 -2.155684e-03 -8.179259e-04)
367           	(7.209739e-01 7.866273e-01 -4.700094e+02)	(7.178993e-01 7.887802e-01 -4.700086e+02)	(3.074652e-03 -2.152902e-03 -8.153325e-04)
368           	(7.216450e-01 7.878254e-01 -4.700091e+02)	(7.185694e-01 7.899750e-01 -4.700083e+02)	(3.075574e-03 -2.149569e-03 -8.127525e-04)
369           	(7.216945e-01 7.879944e-01 -4.700073e+02)	(7.186176e-01 7.901410e-01 -4.700065e+02)	(3.076897e-03 -2.146640e-03 -8.101947e-04)
370           	(7.225823e-01 7.894253e-01 -4.700070e+02)	(7.195046e-01 7.915685e-01 -4.700062e+02)	(3.077653e-03 -2.143228e-03 -8.077163e-04)
371           	(7.235145e-01 7.908948e-01 -4.700067e+02)	(7.204365e-01 7.930344e-01 -4.700059e+02)	(3.077959e-03 -2.139585e-03 -8.052707e-04)
372           	(7.244790e-01 7.923882e-01 -4.700064e+02)	(7.214010e-01 7.945240e-01 -4.700056e+02)	(3.077953e-03 -2.135850e-03 -8.028760e-04)
373           	(7.261122e-01 7.941673e-01 -4.700042e+02)	(7.230328e-01 7.963005e-01 -4.700034e+02)	(3.079379e-03 -2.133191e-03 -8.005448e-04)
374           	(7.268551e-01 7.953581e-01 -4.700041e+02)	(7.237748e-01 7.974884e-01 -4.700033e+02)	(3.080343e-03 -2.130388e-03 -7.983200e-04)
375           	(7.275771e-01 7.965280e-01 -4.700039e+02)	(7.244962e-01 7.986556e-01 -4.700031e+02)	(3.080814e-03 -2.127562e-03 -7.961392e-04)
376           	(7.284416e-01 7.979083e-01 -4.700038e+02)	(7.253608e-01 8.000329e-01 -4.700030e+02)	(3.080793e-03 -2.124610e-03 -7.940275e-04)
377           	(7.294300e-01 7.994634e-01 -4.700036e+02)	(7.263498e-01 8.015849e-01 -4.700028e+02)	(3.080269e-03 -2.121467e-03 -7.919825e-04)
378           	(7.305192e-01 8.011536e-01 -4.700035e+02)	(7.274399e-01 8.032717e-01 -4.700027e+02)	(3.079262e-03 -2.118109e-03 -7.899941e-04)
379           	(7.316707e-01 8.029149e-01 -4.700033e+02)	(7.285929e-01 8.050295e-01 -4.700025e+02)	(3.077828e-03 -2.114547e-03 -7.880589e-04)
380           	(7.330501e-01 8.049522e-01 -4.700031e+02)	(7.299742e-01 8.070630e-01 -4.700023e+02)	(3.075967e-03 -2.110731e-03 -7.861655e-04)
381           	(7.344055e-01 8.069183e-01 -4.700029e+02)	(7.313316e-01 8.090251e-01 -4.700021e+02)	(3.073835e-03 -2.106792e-03 -7.843046e-04)
382           	(7.357219e-01 8.087932e-01 -4.700027e+02)	(7.326504e-01 8.108961e-01 -4.700019e+02)	(3.071566e-03 -2.102826e-03 -7.824744e-04)
383           	(7.369951e-01 8.105821e-01 -4.700025e+02)	(7.339259e-01 8.126810e-01 -4.700017e+02)	(3.069234e-03 -2.098884e-03 -7.806787e-04)
384           	(7.373995e-01 8.112844e-01 -4.700023e+02)	(7.343325e-01 8.133796e-01 -4.700016e+02)	(3.066994e-03 -2.095187e-03 -7.789130e-04)
385           	(7.388736e-01 8.133296e-01 -4.700022e+02)	(7.358091e-01 8.154209e-01 -4.700014e+02)	(3.064543e-03 -2.091283e-03 -7.772141e-04)
