# Moment      
# CofR        : (0.000000e+00 0.000000e+00 0.000000e+00)
#
# Time        	(total_x total_y total_z)	(pressure_x pressure_y pressure_z)	(viscous_x viscous_y viscous_z)
1             	(-4.913325e-01 4.830981e-01 5.956150e-03)	(-4.913485e-01 4.822975e-01 5.940580e-03)	(1.607198e-05 8.005491e-04 1.557009e-05)
2             	(-4.991063e-01 4.842044e-01 -1.181774e-02)	(-4.993976e-01 4.838597e-01 -1.181046e-02)	(2.913277e-04 3.446659e-04 -7.279697e-06)
3             	(-3.825616e-01 3.652435e-01 -5.039091e-02)	(-3.830461e-01 3.652150e-01 -5.036579e-02)	(4.845702e-04 2.842804e-05 -2.511915e-05)
4             	(-1.949716e-01 1.815838e-01 -9.855247e-02)	(-1.955272e-01 1.816922e-01 -9.848896e-02)	(5.556027e-04 -1.083020e-04 -6.351001e-05)
5             	(-3.144199e-03 -8.598639e-03 -1.525414e-01)	(-3.661554e-03 -8.503437e-03 -1.523859e-01)	(5.173553e-04 -9.520173e-05 -1.554896e-04)
6             	(1.321934e-01 -1.426340e-01 -1.813217e-01)	(1.318035e-01 -1.426416e-01 -1.810843e-01)	(3.898834e-04 7.551534e-06 -2.374656e-04)
7             	(1.836005e-01 -1.922597e-01 -1.740637e-01)	(1.833723e-01 -1.924073e-01 -1.737382e-01)	(2.282047e-04 1.476334e-04 -3.254736e-04)
8             	(1.732366e-01 -1.795192e-01 -1.388003e-01)	(1.731585e-01 -1.797966e-01 -1.384325e-01)	(7.808434e-05 2.774658e-04 -3.677965e-04)
9             	(1.225890e-01 -1.278406e-01 -8.454792e-02)	(1.226124e-01 -1.282014e-01 -8.416842e-02)	(-2.337821e-05 3.608278e-04 -3.795051e-04)
10            	(4.885438e-02 -5.201108e-02 -3.172107e-02)	(4.892174e-02 -5.239532e-02 -3.136945e-02)	(-6.735910e-05 3.842356e-04 -3.516201e-04)
11            	(-1.955398e-02 1.795170e-02 2.843903e-03)	(-1.949007e-02 1.759842e-02 3.131359e-03)	(-6.390918e-05 3.532830e-04 -2.874560e-04)
12            	(-6.319949e-02 6.245910e-02 1.282552e-02)	(-6.317103e-02 6.217163e-02 1.302771e-02)	(-2.845291e-05 2.874670e-04 -2.021884e-04)
13            	(-8.071656e-02 7.986796e-02 7.957373e-04)	(-8.073879e-02 7.965606e-02 9.132371e-04)	(2.222320e-05 2.119032e-04 -1.174998e-04)
14            	(-7.777088e-02 7.641354e-02 -2.447410e-02)	(-7.784048e-02 7.626767e-02 -2.442795e-02)	(6.959980e-05 1.458767e-04 -4.615704e-05)
15            	(-6.105445e-02 5.710955e-02 -5.489853e-02)	(-6.115493e-02 5.701100e-02 -5.488507e-02)	(1.004779e-04 9.854527e-05 -1.346732e-05)
16            	(-3.837678e-02 3.237287e-02 -8.194158e-02)	(-3.848852e-02 3.229878e-02 -8.192565e-02)	(1.117337e-04 7.408873e-05 -1.592639e-05)
17            	(-1.707248e-02 9.404215e-03 -9.738426e-02)	(-1.717842e-02 9.336086e-03 -9.734818e-02)	(1.059354e-04 6.812875e-05 -3.608455e-05)
18            	(-2.570292e-03 -5.442400e-03 -1.006537e-01)	(-2.659949e-03 -5.516268e-03 -1.005940e-01)	(8.965744e-05 7.386731e-05 -5.970700e-05)
19            	(3.498132e-03 -1.143137e-02 -9.380953e-02)	(3.428021e-03 -1.151580e-02 -9.373215e-02)	(7.011084e-05 8.442973e-05 -7.738004e-05)
20            	(3.119640e-03 -1.101404e-02 -8.077276e-02)	(3.067596e-03 -1.110792e-02 -8.069104e-02)	(5.204401e-05 9.387995e-05 -8.171849e-05)
21            	(-2.000276e-03 -4.751282e-03 -6.668706e-02)	(-2.038784e-03 -4.851017e-03 -6.661727e-02)	(3.850794e-05 9.973517e-05 -6.978948e-05)
22            	(-9.515054e-03 3.613204e-03 -5.553326e-02)	(-9.544876e-03 3.513029e-03 -5.548944e-02)	(2.982202e-05 1.001751e-04 -4.381925e-05)
23            	(-1.754168e-02 1.224617e-02 -4.930019e-02)	(-1.756744e-02 1.214967e-02 -4.928768e-02)	(2.575479e-05 9.650696e-05 -1.250461e-05)
24            	(-2.371465e-02 1.861140e-02 -4.853422e-02)	(-2.373933e-02 1.852127e-02 -4.854998e-02)	(2.468185e-05 9.012616e-05 1.576099e-05)
25            	(-2.684470e-02 2.163021e-02 -5.129586e-02)	(-2.686957e-02 2.154738e-02 -5.133231e-02)	(2.486152e-05 8.283312e-05 3.644951e-05)
26            	(-2.792075e-02 2.251742e-02 -5.647360e-02)	(-2.794600e-02 2.244083e-02 -5.652099e-02)	(2.524604e-05 7.659123e-05 4.739188e-05)
27            	(-2.690798e-02 2.108319e-02 -6.057916e-02)	(-2.693329e-02 2.101127e-02 -6.062814e-02)	(2.531075e-05 7.191747e-05 4.897880e-05)
28            	(-2.502726e-02 1.875958e-02 -6.535544e-02)	(-2.505167e-02 1.869056e-02 -6.539959e-02)	(2.440462e-05 6.902271e-05 4.414917e-05)
29            	(-2.212915e-02 1.596513e-02 -7.023548e-02)	(-2.215174e-02 1.589709e-02 -7.027024e-02)	(2.258839e-05 6.804420e-05 3.475816e-05)
30            	(-1.938410e-02 1.353021e-02 -7.255347e-02)	(-1.940447e-02 1.346200e-02 -7.257568e-02)	(2.036909e-05 6.820883e-05 2.221204e-05)
31            	(-1.711430e-02 1.156367e-02 -7.235569e-02)	(-1.713250e-02 1.149519e-02 -7.236507e-02)	(1.820037e-05 6.847626e-05 9.380527e-06)
32            	(-1.647839e-02 1.141272e-02 -7.168250e-02)	(-1.649480e-02 1.134439e-02 -7.168056e-02)	(1.641643e-05 6.833692e-05 -1.938471e-06)
33            	(-1.631625e-02 1.159760e-02 -6.997470e-02)	(-1.633168e-02 1.153008e-02 -6.996414e-02)	(1.542582e-05 6.752016e-05 -1.055942e-05)
34            	(-1.665875e-02 1.242735e-02 -6.751755e-02)	(-1.667408e-02 1.236132e-02 -6.750067e-02)	(1.533230e-05 6.603292e-05 -1.687879e-05)
35            	(-1.729627e-02 1.341378e-02 -6.532809e-02)	(-1.731207e-02 1.334996e-02 -6.530691e-02)	(1.579295e-05 6.382191e-05 -2.118390e-05)
36            	(-1.809149e-02 1.430827e-02 -6.316410e-02)	(-1.810829e-02 1.424696e-02 -6.313984e-02)	(1.680085e-05 6.130573e-05 -2.425924e-05)
37            	(-1.887826e-02 1.500975e-02 -6.146396e-02)	(-1.889645e-02 1.495085e-02 -6.143771e-02)	(1.818690e-05 5.889779e-05 -2.624582e-05)
38            	(-1.960725e-02 1.551910e-02 -6.023117e-02)	(-1.962704e-02 1.546209e-02 -6.020358e-02)	(1.979340e-05 5.700779e-05 -2.759591e-05)
39            	(-2.023799e-02 1.580101e-02 -5.959540e-02)	(-2.025968e-02 1.574504e-02 -5.956631e-02)	(2.168878e-05 5.597316e-05 -2.908672e-05)
40            	(-2.085207e-02 1.605173e-02 -5.951775e-02)	(-2.087583e-02 1.599579e-02 -5.948701e-02)	(2.376089e-05 5.593580e-05 -3.073259e-05)
41            	(-2.145852e-02 1.632073e-02 -5.998124e-02)	(-2.148446e-02 1.626385e-02 -5.994918e-02)	(2.593815e-05 5.687684e-05 -3.205993e-05)
42            	(-2.205344e-02 1.658934e-02 -6.075168e-02)	(-2.208151e-02 1.653068e-02 -6.071902e-02)	(2.806824e-05 5.865211e-05 -3.266074e-05)
43            	(-2.258560e-02 1.689370e-02 -6.176896e-02)	(-2.261560e-02 1.683289e-02 -6.173583e-02)	(2.999807e-05 6.080903e-05 -3.313471e-05)
44            	(-2.302459e-02 1.719819e-02 -6.286339e-02)	(-2.305615e-02 1.713530e-02 -6.282998e-02)	(3.155625e-05 6.288938e-05 -3.340770e-05)
45            	(-2.338026e-02 1.749418e-02 -6.394641e-02)	(-2.341276e-02 1.742977e-02 -6.391315e-02)	(3.249320e-05 6.441114e-05 -3.326081e-05)
46            	(-2.365025e-02 1.740045e-02 -6.534344e-02)	(-2.368306e-02 1.733534e-02 -6.531084e-02)	(3.280946e-05 6.511415e-05 -3.260299e-05)
47            	(-2.376604e-02 1.725286e-02 -6.632178e-02)	(-2.379891e-02 1.718755e-02 -6.629040e-02)	(3.286551e-05 6.531104e-05 -3.138045e-05)
48            	(-2.375190e-02 1.712787e-02 -6.679414e-02)	(-2.378476e-02 1.706266e-02 -6.676456e-02)	(3.285847e-05 6.521216e-05 -2.958083e-05)
49            	(-2.373115e-02 1.718033e-02 -6.693423e-02)	(-2.376410e-02 1.711524e-02 -6.690690e-02)	(3.294562e-05 6.509248e-05 -2.733735e-05)
50            	(-2.365402e-02 1.712921e-02 -6.678117e-02)	(-2.368706e-02 1.706434e-02 -6.675622e-02)	(3.303174e-05 6.486424e-05 -2.495536e-05)
51            	(-2.362481e-02 1.702935e-02 -6.658551e-02)	(-2.365774e-02 1.696503e-02 -6.656272e-02)	(3.292507e-05 6.431978e-05 -2.279309e-05)
52            	(-2.361128e-02 1.690362e-02 -6.630605e-02)	(-2.364380e-02 1.684025e-02 -6.628499e-02)	(3.252229e-05 6.337549e-05 -2.105929e-05)
53            	(-2.361902e-02 1.675493e-02 -6.598968e-02)	(-2.365078e-02 1.669292e-02 -6.596979e-02)	(3.175332e-05 6.201531e-05 -1.989908e-05)
54            	(-2.364585e-02 1.658890e-02 -6.566659e-02)	(-2.367650e-02 1.652858e-02 -6.564715e-02)	(3.064917e-05 6.032658e-05 -1.943578e-05)
55            	(-2.370095e-02 1.630367e-02 -6.539096e-02)	(-2.373014e-02 1.624535e-02 -6.537126e-02)	(2.919140e-05 5.831320e-05 -1.969991e-05)
56            	(-2.376836e-02 1.614510e-02 -6.512061e-02)	(-2.379588e-02 1.608894e-02 -6.510003e-02)	(2.752056e-05 5.616349e-05 -2.058303e-05)
57            	(-2.383374e-02 1.600485e-02 -6.489221e-02)	(-2.385938e-02 1.595095e-02 -6.487020e-02)	(2.564130e-05 5.389336e-05 -2.200790e-05)
58            	(-2.389587e-02 1.589170e-02 -6.473315e-02)	(-2.391945e-02 1.584020e-02 -6.470945e-02)	(2.358164e-05 5.149622e-05 -2.370737e-05)
59            	(-2.396009e-02 1.581745e-02 -6.466648e-02)	(-2.398148e-02 1.576845e-02 -6.464099e-02)	(2.138659e-05 4.900049e-05 -2.548999e-05)
60            	(-2.402672e-02 1.578660e-02 -6.471694e-02)	(-2.404585e-02 1.574013e-02 -6.468978e-02)	(1.913151e-05 4.646962e-05 -2.715641e-05)
61            	(-2.409461e-02 1.580277e-02 -6.488233e-02)	(-2.411158e-02 1.575870e-02 -6.485380e-02)	(1.697325e-05 4.406873e-05 -2.853517e-05)
62            	(-2.416140e-02 1.586070e-02 -6.513832e-02)	(-2.417647e-02 1.581876e-02 -6.510883e-02)	(1.507343e-05 4.194218e-05 -2.949140e-05)
63            	(-2.421578e-02 1.595828e-02 -6.544787e-02)	(-2.422935e-02 1.591808e-02 -6.541792e-02)	(1.356963e-05 4.019898e-05 -2.995721e-05)
64            	(-2.432002e-02 1.612541e-02 -6.581942e-02)	(-2.433257e-02 1.608651e-02 -6.578958e-02)	(1.254950e-05 3.889966e-05 -2.984815e-05)
65            	(-2.446011e-02 1.639993e-02 -6.620093e-02)	(-2.447216e-02 1.636183e-02 -6.617161e-02)	(1.205508e-05 3.810518e-05 -2.932077e-05)
66            	(-2.458481e-02 1.668483e-02 -6.655229e-02)	(-2.459684e-02 1.664711e-02 -6.652400e-02)	(1.202554e-05 3.772243e-05 -2.829276e-05)
67            	(-2.470009e-02 1.697430e-02 -6.680085e-02)	(-2.471246e-02 1.693662e-02 -6.677384e-02)	(1.237295e-05 3.768050e-05 -2.701049e-05)
68            	(-2.479074e-02 1.720592e-02 -6.698026e-02)	(-2.480367e-02 1.716816e-02 -6.695491e-02)	(1.292838e-05 3.776025e-05 -2.535589e-05)
69            	(-2.485896e-02 1.738862e-02 -6.714279e-02)	(-2.487255e-02 1.735070e-02 -6.711902e-02)	(1.359491e-05 3.791654e-05 -2.376680e-05)
70            	(-2.486724e-02 1.741589e-02 -6.721518e-02)	(-2.488145e-02 1.737794e-02 -6.719305e-02)	(1.421820e-05 3.795070e-05 -2.213201e-05)
71            	(-2.486721e-02 1.742291e-02 -6.722369e-02)	(-2.488197e-02 1.738505e-02 -6.720310e-02)	(1.475999e-05 3.785934e-05 -2.058068e-05)
72            	(-2.484851e-02 1.741220e-02 -6.714503e-02)	(-2.486367e-02 1.737461e-02 -6.712605e-02)	(1.515530e-05 3.758539e-05 -1.898489e-05)
73            	(-2.481684e-02 1.738934e-02 -6.699201e-02)	(-2.483223e-02 1.735217e-02 -6.697448e-02)	(1.538934e-05 3.717183e-05 -1.752831e-05)
74            	(-2.477255e-02 1.735965e-02 -6.677316e-02)	(-2.478799e-02 1.732305e-02 -6.675704e-02)	(1.543648e-05 3.660040e-05 -1.612302e-05)
75            	(-2.471256e-02 1.732778e-02 -6.649475e-02)	(-2.472789e-02 1.729185e-02 -6.647988e-02)	(1.532530e-05 3.592840e-05 -1.487242e-05)
76            	(-2.464596e-02 1.729808e-02 -6.618043e-02)	(-2.466105e-02 1.726290e-02 -6.616686e-02)	(1.509274e-05 3.518092e-05 -1.357036e-05)
77            	(-2.458883e-02 1.727946e-02 -6.585087e-02)	(-2.460359e-02 1.724507e-02 -6.583860e-02)	(1.476135e-05 3.438670e-05 -1.226123e-05)
78            	(-2.453654e-02 1.727652e-02 -6.550815e-02)	(-2.455089e-02 1.724296e-02 -6.549718e-02)	(1.434821e-05 3.356039e-05 -1.097427e-05)
79            	(-2.450791e-02 1.734267e-02 -6.516159e-02)	(-2.452177e-02 1.730995e-02 -6.515186e-02)	(1.386597e-05 3.271517e-05 -9.726530e-06)
80            	(-2.448270e-02 1.741774e-02 -6.480338e-02)	(-2.449602e-02 1.738588e-02 -6.479477e-02)	(1.332159e-05 3.185705e-05 -8.615490e-06)
81            	(-2.446416e-02 1.749336e-02 -6.443384e-02)	(-2.447690e-02 1.746237e-02 -6.442617e-02)	(1.273802e-05 3.099584e-05 -7.671299e-06)
82            	(-2.445329e-02 1.758249e-02 -6.404856e-02)	(-2.446544e-02 1.755233e-02 -6.404169e-02)	(1.215219e-05 3.015972e-05 -6.871359e-06)
83            	(-2.444982e-02 1.768256e-02 -6.365522e-02)	(-2.446143e-02 1.765317e-02 -6.364902e-02)	(1.161275e-05 2.939258e-05 -6.202475e-06)
84            	(-2.445228e-02 1.779044e-02 -6.326252e-02)	(-2.446344e-02 1.776170e-02 -6.325688e-02)	(1.116568e-05 2.873498e-05 -5.643538e-06)
85            	(-2.445868e-02 1.790252e-02 -6.287917e-02)	(-2.446952e-02 1.787431e-02 -6.287401e-02)	(1.083967e-05 2.821343e-05 -5.163130e-06)
86            	(-2.446693e-02 1.801537e-02 -6.250946e-02)	(-2.447756e-02 1.798754e-02 -6.250470e-02)	(1.063392e-05 2.783040e-05 -4.761272e-06)
87            	(-2.447574e-02 1.812498e-02 -6.215418e-02)	(-2.448626e-02 1.809743e-02 -6.214977e-02)	(1.051588e-05 2.755363e-05 -4.418103e-06)
88            	(-2.448413e-02 1.822753e-02 -6.181125e-02)	(-2.449459e-02 1.820018e-02 -6.180715e-02)	(1.045312e-05 2.734864e-05 -4.099994e-06)
89            	(-2.449115e-02 1.832135e-02 -6.147256e-02)	(-2.450157e-02 1.829417e-02 -6.146880e-02)	(1.041418e-05 2.718020e-05 -3.765771e-06)
90            	(-2.449557e-02 1.840435e-02 -6.113092e-02)	(-2.450592e-02 1.837736e-02 -6.112756e-02)	(1.035311e-05 2.699626e-05 -3.366065e-06)
91            	(-2.449883e-02 1.848052e-02 -6.078310e-02)	(-2.450906e-02 1.845376e-02 -6.078021e-02)	(1.023439e-05 2.676393e-05 -2.898116e-06)
92            	(-2.450101e-02 1.855123e-02 -6.042660e-02)	(-2.451104e-02 1.852478e-02 -6.042424e-02)	(1.002527e-05 2.644967e-05 -2.364009e-06)
93            	(-2.450219e-02 1.861756e-02 -6.006461e-02)	(-2.451191e-02 1.859151e-02 -6.006281e-02)	(9.725484e-06 2.605426e-05 -1.802937e-06)
94            	(-2.450209e-02 1.868036e-02 -5.970389e-02)	(-2.451142e-02 1.865478e-02 -5.970262e-02)	(9.333834e-06 2.557700e-05 -1.262971e-06)
95            	(-2.450063e-02 1.874114e-02 -5.934875e-02)	(-2.450948e-02 1.871612e-02 -5.934797e-02)	(8.847220e-06 2.501559e-05 -7.869597e-07)
96            	(-2.449646e-02 1.880031e-02 -5.900499e-02)	(-2.450475e-02 1.877592e-02 -5.900456e-02)	(8.282912e-06 2.438792e-05 -4.219219e-07)
97            	(-2.448869e-02 1.885924e-02 -5.867271e-02)	(-2.449638e-02 1.883550e-02 -5.867250e-02)	(7.689940e-06 2.374626e-05 -2.097352e-07)
98            	(-2.447698e-02 1.891927e-02 -5.834715e-02)	(-2.448410e-02 1.889613e-02 -5.834698e-02)	(7.119359e-06 2.314321e-05 -1.693893e-07)
99            	(-2.446168e-02 1.898191e-02 -5.801899e-02)	(-2.446828e-02 1.895930e-02 -5.801870e-02)	(6.599911e-06 2.260761e-05 -2.918622e-07)
100           	(-2.444387e-02 1.904842e-02 -5.767902e-02)	(-2.445002e-02 1.902626e-02 -5.767845e-02)	(6.151834e-06 2.215816e-05 -5.684376e-07)
101           	(-2.442527e-02 1.912036e-02 -5.731864e-02)	(-2.443104e-02 1.909857e-02 -5.731766e-02)	(5.777016e-06 2.179389e-05 -9.738918e-07)
102           	(-2.440783e-02 1.919990e-02 -5.692988e-02)	(-2.441330e-02 1.917840e-02 -5.692840e-02)	(5.464217e-06 2.150059e-05 -1.481458e-06)
103           	(-2.439332e-02 1.928861e-02 -5.650856e-02)	(-2.439852e-02 1.926735e-02 -5.650649e-02)	(5.203794e-06 2.126685e-05 -2.071079e-06)
104           	(-2.438221e-02 1.938761e-02 -5.605019e-02)	(-2.438720e-02 1.936652e-02 -5.604746e-02)	(4.985852e-06 2.108259e-05 -2.728813e-06)
105           	(-2.437534e-02 1.949598e-02 -5.556636e-02)	(-2.438015e-02 1.947504e-02 -5.556291e-02)	(4.809182e-06 2.094662e-05 -3.451356e-06)
106           	(-2.437276e-02 1.961280e-02 -5.506638e-02)	(-2.437744e-02 1.959193e-02 -5.506214e-02)	(4.680037e-06 2.086413e-05 -4.240182e-06)
107           	(-2.437480e-02 1.973997e-02 -5.456819e-02)	(-2.437941e-02 1.971912e-02 -5.456309e-02)	(4.611254e-06 2.084727e-05 -5.100333e-06)
108           	(-2.437977e-02 1.987351e-02 -5.407364e-02)	(-2.438439e-02 1.985260e-02 -5.406761e-02)	(4.620753e-06 2.091287e-05 -6.035393e-06)
109           	(-2.438743e-02 2.001357e-02 -5.358657e-02)	(-2.439216e-02 1.999249e-02 -5.357952e-02)	(4.734617e-06 2.108666e-05 -7.046257e-06)
110           	(-2.435224e-02 2.006814e-02 -5.315123e-02)	(-2.435720e-02 2.004678e-02 -5.314307e-02)	(4.958505e-06 2.135324e-05 -8.162517e-06)
111           	(-2.436929e-02 2.024265e-02 -5.267153e-02)	(-2.437462e-02 2.022087e-02 -5.266224e-02)	(5.330075e-06 2.178074e-05 -9.291300e-06)
112           	(-2.438444e-02 2.041903e-02 -5.219333e-02)	(-2.439028e-02 2.039668e-02 -5.218291e-02)	(5.840204e-06 2.235467e-05 -1.042302e-05)
113           	(-2.434308e-02 2.047863e-02 -5.175309e-02)	(-2.434954e-02 2.045561e-02 -5.174149e-02)	(6.460056e-06 2.301703e-05 -1.160107e-05)
114           	(-2.436291e-02 2.068817e-02 -5.130169e-02)	(-2.437012e-02 2.066434e-02 -5.128894e-02)	(7.212023e-06 2.382937e-05 -1.275061e-05)
115           	(-2.432071e-02 2.074891e-02 -5.079557e-02)	(-2.432874e-02 2.072422e-02 -5.078165e-02)	(8.022855e-06 2.468305e-05 -1.392348e-05)
116           	(-2.434876e-02 2.096331e-02 -5.027916e-02)	(-2.435766e-02 2.093770e-02 -5.026411e-02)	(8.897756e-06 2.561520e-05 -1.504361e-05)
117           	(-2.435553e-02 2.119389e-02 -4.969398e-02)	(-2.436535e-02 2.116728e-02 -4.967788e-02)	(9.816078e-06 2.660172e-05 -1.610922e-05)
118           	(-2.433271e-02 2.123937e-02 -4.914200e-02)	(-2.434341e-02 2.121186e-02 -4.912480e-02)	(1.069408e-05 2.750792e-05 -1.720694e-05)
119           	(-2.431203e-02 2.128359e-02 -4.858101e-02)	(-2.432354e-02 2.125527e-02 -4.856268e-02)	(1.151719e-05 2.832149e-05 -1.833254e-05)
120           	(-2.428982e-02 2.132834e-02 -4.801802e-02)	(-2.430209e-02 2.129932e-02 -4.799854e-02)	(1.226399e-05 2.902759e-05 -1.947738e-05)
121           	(-2.427578e-02 2.139957e-02 -4.744199e-02)	(-2.428869e-02 2.136995e-02 -4.742136e-02)	(1.291490e-05 2.961592e-05 -2.062850e-05)
122           	(-2.429691e-02 2.154033e-02 -4.697311e-02)	(-2.431037e-02 2.151025e-02 -4.695131e-02)	(1.345593e-05 3.008530e-05 -2.179561e-05)
123           	(-2.427198e-02 2.160045e-02 -4.643508e-02)	(-2.428583e-02 2.157007e-02 -4.641211e-02)	(1.384348e-05 3.037372e-05 -2.297104e-05)
124           	(-2.427468e-02 2.172312e-02 -4.598684e-02)	(-2.428875e-02 2.169263e-02 -4.596269e-02)	(1.407268e-05 3.049100e-05 -2.414879e-05)
125           	(-2.424613e-02 2.174714e-02 -4.550369e-02)	(-2.426024e-02 2.171676e-02 -4.547837e-02)	(1.410753e-05 3.038420e-05 -2.531980e-05)
126           	(-2.421517e-02 2.177030e-02 -4.501415e-02)	(-2.422912e-02 2.174023e-02 -4.498770e-02)	(1.395684e-05 3.006703e-05 -2.645707e-05)
127           	(-2.418014e-02 2.179555e-02 -4.450829e-02)	(-2.419377e-02 2.176600e-02 -4.448075e-02)	(1.362846e-05 2.955537e-05 -2.753381e-05)
128           	(-2.415722e-02 2.191639e-02 -4.399241e-02)	(-2.417037e-02 2.188748e-02 -4.396390e-02)	(1.315744e-05 2.890830e-05 -2.851222e-05)
129           	(-2.413145e-02 2.201910e-02 -4.346317e-02)	(-2.414399e-02 2.199098e-02 -4.343379e-02)	(1.254477e-05 2.812328e-05 -2.938668e-05)
130           	(-2.410835e-02 2.204148e-02 -4.295638e-02)	(-2.412014e-02 2.201430e-02 -4.292620e-02)	(1.178689e-05 2.717744e-05 -3.017820e-05)
131           	(-2.407213e-02 2.211568e-02 -4.239566e-02)	(-2.408306e-02 2.208954e-02 -4.236482e-02)	(1.093467e-05 2.613345e-05 -3.084397e-05)
132           	(-2.404101e-02 2.218696e-02 -4.185309e-02)	(-2.405102e-02 2.216195e-02 -4.182173e-02)	(1.000257e-05 2.500766e-05 -3.136634e-05)
133           	(-2.402049e-02 2.221415e-02 -4.135566e-02)	(-2.402948e-02 2.219036e-02 -4.132390e-02)	(8.995364e-06 2.379228e-05 -3.175300e-05)
134           	(-2.398229e-02 2.228761e-02 -4.084387e-02)	(-2.399025e-02 2.226507e-02 -4.081189e-02)	(7.953853e-06 2.253728e-05 -3.198670e-05)
135           	(-2.393868e-02 2.236009e-02 -4.034599e-02)	(-2.394558e-02 2.233882e-02 -4.031390e-02)	(6.900505e-06 2.126799e-05 -3.208244e-05)
136           	(-2.388691e-02 2.242894e-02 -3.986438e-02)	(-2.389277e-02 2.240893e-02 -3.983230e-02)	(5.858969e-06 2.000789e-05 -3.207761e-05)
137           	(-2.384157e-02 2.246221e-02 -3.937655e-02)	(-2.384641e-02 2.244344e-02 -3.934454e-02)	(4.845029e-06 1.876637e-05 -3.200832e-05)
138           	(-2.376397e-02 2.253764e-02 -3.896109e-02)	(-2.376787e-02 2.252005e-02 -3.892916e-02)	(3.901024e-06 1.759695e-05 -3.192857e-05)
139           	(-2.370350e-02 2.258352e-02 -3.851153e-02)	(-2.370653e-02 2.256702e-02 -3.847967e-02)	(3.026383e-06 1.650094e-05 -3.186673e-05)
140           	(-2.360086e-02 2.248227e-02 -3.820331e-02)	(-2.360306e-02 2.246686e-02 -3.817141e-02)	(2.196102e-06 1.541536e-05 -3.190364e-05)
141           	(-2.351118e-02 2.246546e-02 -3.790133e-02)	(-2.351263e-02 2.245104e-02 -3.786936e-02)	(1.446698e-06 1.441314e-05 -3.197772e-05)
142           	(-2.331417e-02 2.223939e-02 -3.755632e-02)	(-2.331487e-02 2.222602e-02 -3.752421e-02)	(6.967574e-07 1.337023e-05 -3.210592e-05)
143           	(-2.320822e-02 2.221239e-02 -3.725658e-02)	(-2.320821e-02 2.220000e-02 -3.722437e-02)	(-9.076924e-09 1.239011e-05 -3.221079e-05)
144           	(-2.309316e-02 2.218524e-02 -3.688703e-02)	(-2.309245e-02 2.217381e-02 -3.685479e-02)	(-7.099464e-07 1.143064e-05 -3.224757e-05)
145           	(-2.297382e-02 2.216229e-02 -3.643345e-02)	(-2.297240e-02 2.215182e-02 -3.640125e-02)	(-1.417766e-06 1.047290e-05 -3.220358e-05)
146           	(-2.284469e-02 2.215743e-02 -3.589775e-02)	(-2.284256e-02 2.214792e-02 -3.586568e-02)	(-2.134917e-06 9.513440e-06 -3.206697e-05)
147           	(-2.271378e-02 2.215115e-02 -3.536120e-02)	(-2.271092e-02 2.214259e-02 -3.532934e-02)	(-2.856900e-06 8.555209e-06 -3.185541e-05)
148           	(-2.263013e-02 2.219126e-02 -3.478167e-02)	(-2.262656e-02 2.218365e-02 -3.475009e-02)	(-3.577555e-06 7.608745e-06 -3.157584e-05)
149           	(-2.261445e-02 2.222285e-02 -3.418841e-02)	(-2.261015e-02 2.221619e-02 -3.415715e-02)	(-4.308655e-06 6.655748e-06 -3.125886e-05)
150           	(-2.264060e-02 2.233529e-02 -3.365698e-02)	(-2.263557e-02 2.232955e-02 -3.362604e-02)	(-5.023117e-06 5.732552e-06 -3.093700e-05)
151           	(-2.268966e-02 2.245205e-02 -3.316657e-02)	(-2.268394e-02 2.244722e-02 -3.313593e-02)	(-5.724622e-06 4.832497e-06 -3.064561e-05)
152           	(-2.273886e-02 2.256149e-02 -3.269283e-02)	(-2.273245e-02 2.255754e-02 -3.266241e-02)	(-6.410436e-06 3.950298e-06 -3.041617e-05)
153           	(-2.277453e-02 2.266121e-02 -3.223756e-02)	(-2.276746e-02 2.265812e-02 -3.220729e-02)	(-7.076619e-06 3.086367e-06 -3.026752e-05)
154           	(-2.278903e-02 2.274986e-02 -3.179726e-02)	(-2.278132e-02 2.274761e-02 -3.176705e-02)	(-7.719757e-06 2.244850e-06 -3.020527e-05)
155           	(-2.278032e-02 2.282393e-02 -3.135752e-02)	(-2.277198e-02 2.282250e-02 -3.132731e-02)	(-8.339996e-06 1.425979e-06 -3.021848e-05)
156           	(-2.276602e-02 2.285387e-02 -3.093176e-02)	(-2.275707e-02 2.285326e-02 -3.090146e-02)	(-8.950619e-06 6.108097e-07 -3.029621e-05)
157           	(-2.271746e-02 2.293173e-02 -3.053117e-02)	(-2.270794e-02 2.293189e-02 -3.050076e-02)	(-9.519850e-06 -1.542084e-07 -3.040849e-05)
158           	(-2.265981e-02 2.300830e-02 -3.013105e-02)	(-2.264976e-02 2.300916e-02 -3.010051e-02)	(-1.005181e-05 -8.683214e-07 -3.053233e-05)
159           	(-2.261040e-02 2.304919e-02 -2.967533e-02)	(-2.259983e-02 2.305075e-02 -2.964468e-02)	(-1.056635e-05 -1.560993e-06 -3.065446e-05)
160           	(-2.254911e-02 2.309066e-02 -2.923035e-02)	(-2.253806e-02 2.309288e-02 -2.919958e-02)	(-1.105343e-05 -2.222745e-06 -3.077142e-05)
161           	(-2.247576e-02 2.313167e-02 -2.880239e-02)	(-2.246425e-02 2.313452e-02 -2.877152e-02)	(-1.150911e-05 -2.847149e-06 -3.087902e-05)
162           	(-2.237949e-02 2.318138e-02 -2.841204e-02)	(-2.236757e-02 2.318480e-02 -2.838106e-02)	(-1.192151e-05 -3.421114e-06 -3.097648e-05)
163           	(-2.228129e-02 2.322790e-02 -2.802492e-02)	(-2.226900e-02 2.323185e-02 -2.799386e-02)	(-1.229497e-05 -3.949421e-06 -3.105742e-05)
164           	(-2.218698e-02 2.326884e-02 -2.764721e-02)	(-2.217435e-02 2.327328e-02 -2.761609e-02)	(-1.263689e-05 -4.442778e-06 -3.111556e-05)
165           	(-2.209555e-02 2.330537e-02 -2.726175e-02)	(-2.208260e-02 2.331028e-02 -2.723061e-02)	(-1.295292e-05 -4.909054e-06 -3.114482e-05)
166           	(-2.200670e-02 2.333837e-02 -2.686416e-02)	(-2.199345e-02 2.334372e-02 -2.683301e-02)	(-1.324895e-05 -5.354914e-06 -3.114349e-05)
167           	(-2.192189e-02 2.336828e-02 -2.646430e-02)	(-2.190835e-02 2.337407e-02 -2.643319e-02)	(-1.353451e-05 -5.789376e-06 -3.111496e-05)
168           	(-2.183276e-02 2.339985e-02 -2.609279e-02)	(-2.181895e-02 2.340607e-02 -2.606173e-02)	(-1.381262e-05 -6.212964e-06 -3.106506e-05)
169           	(-2.175318e-02 2.343495e-02 -2.572991e-02)	(-2.173909e-02 2.344158e-02 -2.569891e-02)	(-1.409073e-05 -6.629860e-06 -3.100162e-05)
170           	(-2.168786e-02 2.347581e-02 -2.537341e-02)	(-2.167348e-02 2.348285e-02 -2.534248e-02)	(-1.437647e-05 -7.046140e-06 -3.093075e-05)
171           	(-2.165174e-02 2.352529e-02 -2.502389e-02)	(-2.163706e-02 2.353276e-02 -2.499304e-02)	(-1.468070e-05 -7.471283e-06 -3.085565e-05)
172           	(-2.161822e-02 2.344737e-02 -2.471747e-02)	(-2.160316e-02 2.345536e-02 -2.468667e-02)	(-1.505355e-05 -7.985370e-06 -3.079769e-05)
173           	(-2.159880e-02 2.350429e-02 -2.443262e-02)	(-2.158336e-02 2.351279e-02 -2.440188e-02)	(-1.543837e-05 -8.494481e-06 -3.074007e-05)
174           	(-2.157950e-02 2.355105e-02 -2.417213e-02)	(-2.156365e-02 2.356006e-02 -2.414145e-02)	(-1.584927e-05 -9.009888e-06 -3.068350e-05)
175           	(-2.154256e-02 2.345783e-02 -2.394031e-02)	(-2.152622e-02 2.346745e-02 -2.390968e-02)	(-1.633717e-05 -9.618724e-06 -3.063615e-05)
176           	(-2.148265e-02 2.348224e-02 -2.368175e-02)	(-2.146582e-02 2.349246e-02 -2.365118e-02)	(-1.683299e-05 -1.021859e-05 -3.057477e-05)
177           	(-2.141324e-02 2.349572e-02 -2.337527e-02)	(-2.139590e-02 2.350653e-02 -2.334478e-02)	(-1.734255e-05 -1.081389e-05 -3.048993e-05)
178           	(-2.134681e-02 2.349903e-02 -2.302973e-02)	(-2.132894e-02 2.351044e-02 -2.299934e-02)	(-1.786841e-05 -1.141589e-05 -3.038524e-05)
179           	(-2.126906e-02 2.350595e-02 -2.271915e-02)	(-2.125067e-02 2.351796e-02 -2.268887e-02)	(-1.839736e-05 -1.201391e-05 -3.028150e-05)
180           	(-2.119611e-02 2.351633e-02 -2.240986e-02)	(-2.117719e-02 2.352894e-02 -2.237967e-02)	(-1.892340e-05 -1.260519e-05 -3.018799e-05)
181           	(-2.113209e-02 2.353161e-02 -2.211014e-02)	(-2.111265e-02 2.354480e-02 -2.208003e-02)	(-1.943935e-05 -1.318687e-05 -3.011364e-05)
182           	(-2.107875e-02 2.355124e-02 -2.182945e-02)	(-2.105881e-02 2.356499e-02 -2.179938e-02)	(-1.994152e-05 -1.375822e-05 -3.006905e-05)
183           	(-2.103678e-02 2.357191e-02 -2.155922e-02)	(-2.101635e-02 2.358623e-02 -2.152916e-02)	(-2.042862e-05 -1.432087e-05 -3.005858e-05)
184           	(-2.100973e-02 2.358674e-02 -2.131906e-02)	(-2.098883e-02 2.360162e-02 -2.128897e-02)	(-2.090269e-05 -1.487939e-05 -3.008773e-05)
185           	(-2.098007e-02 2.360039e-02 -2.111580e-02)	(-2.095871e-02 2.361581e-02 -2.108564e-02)	(-2.135944e-05 -1.542824e-05 -3.015710e-05)
186           	(-2.094123e-02 2.361176e-02 -2.093382e-02)	(-2.091944e-02 2.362772e-02 -2.090356e-02)	(-2.179527e-05 -1.596010e-05 -3.026225e-05)
187           	(-2.089479e-02 2.361878e-02 -2.077892e-02)	(-2.087258e-02 2.363526e-02 -2.074852e-02)	(-2.221013e-05 -1.647365e-05 -3.039251e-05)
188           	(-2.083874e-02 2.362095e-02 -2.063762e-02)	(-2.081614e-02 2.363791e-02 -2.060709e-02)	(-2.260231e-05 -1.696516e-05 -3.053427e-05)
189           	(-2.077665e-02 2.361809e-02 -2.050844e-02)	(-2.075368e-02 2.363553e-02 -2.047776e-02)	(-2.297221e-05 -1.743366e-05 -3.067733e-05)
190           	(-2.071170e-02 2.361114e-02 -2.038743e-02)	(-2.068838e-02 2.362902e-02 -2.035662e-02)	(-2.332002e-05 -1.787839e-05 -3.081235e-05)
191           	(-2.065088e-02 2.360024e-02 -2.028007e-02)	(-2.062723e-02 2.361854e-02 -2.024913e-02)	(-2.364819e-05 -1.830140e-05 -3.093349e-05)
192           	(-2.058307e-02 2.358722e-02 -2.015152e-02)	(-2.055912e-02 2.360591e-02 -2.012048e-02)	(-2.395213e-05 -1.869718e-05 -3.103917e-05)
193           	(-2.050777e-02 2.357346e-02 -1.999610e-02)	(-2.048354e-02 2.359252e-02 -1.996496e-02)	(-2.422795e-05 -1.906160e-05 -3.113081e-05)
194           	(-2.041803e-02 2.356139e-02 -1.979715e-02)	(-2.039356e-02 2.358077e-02 -1.976594e-02)	(-2.446697e-05 -1.938529e-05 -3.121661e-05)
195           	(-2.033178e-02 2.355288e-02 -1.959752e-02)	(-2.030711e-02 2.357254e-02 -1.956621e-02)	(-2.466655e-05 -1.966444e-05 -3.131411e-05)
196           	(-2.025352e-02 2.355005e-02 -1.941116e-02)	(-2.022869e-02 2.356994e-02 -1.937972e-02)	(-2.482362e-05 -1.989562e-05 -3.143702e-05)
197           	(-2.018607e-02 2.355389e-02 -1.925208e-02)	(-2.016114e-02 2.357397e-02 -1.922048e-02)	(-2.493673e-05 -2.007740e-05 -3.159483e-05)
198           	(-2.012391e-02 2.356601e-02 -1.912260e-02)	(-2.009891e-02 2.358622e-02 -1.909081e-02)	(-2.500203e-05 -2.020553e-05 -3.179102e-05)
199           	(-2.007201e-02 2.358367e-02 -1.904597e-02)	(-2.004699e-02 2.360395e-02 -1.901394e-02)	(-2.502126e-05 -2.028171e-05 -3.202728e-05)
200           	(-2.004127e-02 2.349659e-02 -1.913058e-02)	(-2.001623e-02 2.351697e-02 -1.909827e-02)	(-2.503933e-05 -2.037925e-05 -3.231907e-05)
201           	(-1.998773e-02 2.350509e-02 -1.910656e-02)	(-1.996272e-02 2.352551e-02 -1.907395e-02)	(-2.500627e-05 -2.041931e-05 -3.260999e-05)
202           	(-1.993019e-02 2.350249e-02 -1.910206e-02)	(-1.990526e-02 2.352290e-02 -1.906917e-02)	(-2.492807e-05 -2.040473e-05 -3.288908e-05)
203           	(-1.987211e-02 2.348882e-02 -1.910741e-02)	(-1.984729e-02 2.350918e-02 -1.907426e-02)	(-2.481899e-05 -2.035460e-05 -3.315281e-05)
204           	(-1.980876e-02 2.346758e-02 -1.911006e-02)	(-1.978407e-02 2.348785e-02 -1.907666e-02)	(-2.468107e-05 -2.027294e-05 -3.340058e-05)
205           	(-1.974195e-02 2.344183e-02 -1.910408e-02)	(-1.971743e-02 2.346200e-02 -1.907045e-02)	(-2.451773e-05 -2.016348e-05 -3.363723e-05)
206           	(-1.967410e-02 2.341399e-02 -1.908845e-02)	(-1.964976e-02 2.343402e-02 -1.905457e-02)	(-2.433165e-05 -2.002844e-05 -3.387083e-05)
207           	(-1.960773e-02 2.338572e-02 -1.906649e-02)	(-1.958361e-02 2.340559e-02 -1.903238e-02)	(-2.412604e-05 -1.987042e-05 -3.411094e-05)
208           	(-1.954493e-02 2.335798e-02 -1.904449e-02)	(-1.952103e-02 2.337767e-02 -1.901012e-02)	(-2.390424e-05 -1.969191e-05 -3.436558e-05)
209           	(-1.948690e-02 2.333094e-02 -1.903053e-02)	(-1.946323e-02 2.335043e-02 -1.899589e-02)	(-2.366818e-05 -1.949433e-05 -3.464166e-05)
210           	(-1.943392e-02 2.330433e-02 -1.903124e-02)	(-1.941050e-02 2.332361e-02 -1.899630e-02)	(-2.341878e-05 -1.927828e-05 -3.494135e-05)
211           	(-1.942211e-02 2.328734e-02 -1.913791e-02)	(-1.939895e-02 2.330639e-02 -1.910264e-02)	(-2.316529e-05 -1.905175e-05 -3.527468e-05)
212           	(-1.936166e-02 2.325462e-02 -1.915764e-02)	(-1.933877e-02 2.327342e-02 -1.912202e-02)	(-2.289378e-05 -1.880401e-05 -3.561829e-05)
213           	(-1.933304e-02 2.322835e-02 -1.927082e-02)	(-1.931042e-02 2.324690e-02 -1.923485e-02)	(-2.261638e-05 -1.854418e-05 -3.596997e-05)
214           	(-1.925773e-02 2.318815e-02 -1.930152e-02)	(-1.923541e-02 2.320642e-02 -1.926520e-02)	(-2.232252e-05 -1.826319e-05 -3.632353e-05)
215           	(-1.918116e-02 2.314670e-02 -1.934623e-02)	(-1.915915e-02 2.316466e-02 -1.930955e-02)	(-2.201634e-05 -1.796353e-05 -3.667884e-05)
216           	(-1.910613e-02 2.310511e-02 -1.940845e-02)	(-1.908443e-02 2.312275e-02 -1.937140e-02)	(-2.170101e-05 -1.764695e-05 -3.704783e-05)
217           	(-1.907179e-02 2.307544e-02 -1.956169e-02)	(-1.905041e-02 2.309276e-02 -1.952425e-02)	(-2.138665e-05 -1.732229e-05 -3.744190e-05)
218           	(-1.899325e-02 2.303116e-02 -1.964645e-02)	(-1.897219e-02 2.304814e-02 -1.960860e-02)	(-2.105980e-05 -1.698019e-05 -3.785012e-05)
219           	(-1.891733e-02 2.298587e-02 -1.974870e-02)	(-1.889661e-02 2.300249e-02 -1.971044e-02)	(-2.072260e-05 -1.662198e-05 -3.826850e-05)
220           	(-1.888217e-02 2.295396e-02 -1.993452e-02)	(-1.886179e-02 2.297021e-02 -1.989581e-02)	(-2.038253e-05 -1.625209e-05 -3.870773e-05)
221           	(-1.884202e-02 2.291913e-02 -2.012301e-02)	(-1.882199e-02 2.293500e-02 -2.008385e-02)	(-2.003362e-05 -1.586736e-05 -3.916173e-05)
222           	(-1.880227e-02 2.288477e-02 -2.031458e-02)	(-1.878260e-02 2.290023e-02 -2.027496e-02)	(-1.967271e-05 -1.546535e-05 -3.961876e-05)
223           	(-1.870855e-02 2.282545e-02 -2.042549e-02)	(-1.868926e-02 2.284048e-02 -2.038542e-02)	(-1.928682e-05 -1.503684e-05 -4.006357e-05)
224           	(-1.865355e-02 2.278413e-02 -2.059504e-02)	(-1.863466e-02 2.279872e-02 -2.055454e-02)	(-1.888379e-05 -1.458422e-05 -4.049871e-05)
225           	(-1.859454e-02 2.274245e-02 -2.074851e-02)	(-1.857609e-02 2.275656e-02 -2.070758e-02)	(-1.845820e-05 -1.410304e-05 -4.093089e-05)
226           	(-1.849515e-02 2.268381e-02 -2.082153e-02)	(-1.847715e-02 2.269740e-02 -2.078018e-02)	(-1.800092e-05 -1.358900e-05 -4.134898e-05)
227           	(-1.843764e-02 2.264627e-02 -2.095324e-02)	(-1.842012e-02 2.265931e-02 -2.091148e-02)	(-1.752166e-05 -1.304756e-05 -4.176353e-05)
228           	(-1.834608e-02 2.259317e-02 -2.102566e-02)	(-1.832907e-02 2.260564e-02 -2.098348e-02)	(-1.701305e-05 -1.247691e-05 -4.217850e-05)
229           	(-1.826291e-02 2.254393e-02 -2.111123e-02)	(-1.824643e-02 2.255581e-02 -2.106864e-02)	(-1.648050e-05 -1.188380e-05 -4.259116e-05)
230           	(-1.818954e-02 2.249936e-02 -2.121228e-02)	(-1.817362e-02 2.251063e-02 -2.116927e-02)	(-1.592818e-05 -1.127310e-05 -4.300990e-05)
231           	(-1.812556e-02 2.245989e-02 -2.132835e-02)	(-1.811020e-02 2.247054e-02 -2.128491e-02)	(-1.535918e-05 -1.064991e-05 -4.343465e-05)
232           	(-1.806925e-02 2.242520e-02 -2.145779e-02)	(-1.805447e-02 2.243522e-02 -2.141393e-02)	(-1.477777e-05 -1.002064e-05 -4.386403e-05)
233           	(-1.801940e-02 2.239510e-02 -2.159753e-02)	(-1.800521e-02 2.240449e-02 -2.155323e-02)	(-1.418831e-05 -9.391690e-06 -4.429492e-05)
234           	(-1.799429e-02 2.237650e-02 -2.177501e-02)	(-1.798069e-02 2.238527e-02 -2.173028e-02)	(-1.359912e-05 -8.772578e-06 -4.473041e-05)
235           	(-1.794944e-02 2.235232e-02 -2.191872e-02)	(-1.793643e-02 2.236049e-02 -2.187356e-02)	(-1.300887e-05 -8.165862e-06 -4.515957e-05)
236           	(-1.792615e-02 2.233601e-02 -2.209107e-02)	(-1.791373e-02 2.234359e-02 -2.204549e-02)	(-1.242599e-05 -7.580628e-06 -4.558033e-05)
237           	(-1.788433e-02 2.231405e-02 -2.222764e-02)	(-1.787248e-02 2.232106e-02 -2.218165e-02)	(-1.184788e-05 -7.016572e-06 -4.598879e-05)
238           	(-1.786157e-02 2.229584e-02 -2.239474e-02)	(-1.785029e-02 2.230232e-02 -2.234835e-02)	(-1.128011e-05 -6.479463e-06 -4.638896e-05)
239           	(-1.783660e-02 2.227383e-02 -2.256139e-02)	(-1.782588e-02 2.227980e-02 -2.251460e-02)	(-1.072101e-05 -5.969096e-06 -4.678429e-05)
240           	(-1.779174e-02 2.224179e-02 -2.268678e-02)	(-1.778157e-02 2.224727e-02 -2.263962e-02)	(-1.016532e-05 -5.481767e-06 -4.716401e-05)
241           	(-1.776522e-02 2.221568e-02 -2.283854e-02)	(-1.775560e-02 2.222070e-02 -2.279100e-02)	(-9.614477e-06 -5.016177e-06 -4.753774e-05)
242           	(-1.773730e-02 2.218805e-02 -2.297776e-02)	(-1.772824e-02 2.219262e-02 -2.292985e-02)	(-9.064629e-06 -4.567569e-06 -4.791062e-05)
243           	(-1.770745e-02 2.215875e-02 -2.310563e-02)	(-1.769894e-02 2.216289e-02 -2.305735e-02)	(-8.513730e-06 -4.134397e-06 -4.828081e-05)
244           	(-1.766065e-02 2.212024e-02 -2.319078e-02)	(-1.765269e-02 2.212396e-02 -2.314214e-02)	(-7.956973e-06 -3.712318e-06 -4.864367e-05)
245           	(-1.761549e-02 2.208255e-02 -2.327873e-02)	(-1.760809e-02 2.208585e-02 -2.322973e-02)	(-7.392858e-06 -3.298770e-06 -4.900501e-05)
246           	(-1.757220e-02 2.204598e-02 -2.337569e-02)	(-1.756538e-02 2.204887e-02 -2.332632e-02)	(-6.819791e-06 -2.890989e-06 -4.937517e-05)
247           	(-1.752997e-02 2.201006e-02 -2.348578e-02)	(-1.752373e-02 2.201255e-02 -2.343602e-02)	(-6.236707e-06 -2.487819e-06 -4.975636e-05)
248           	(-1.748782e-02 2.197445e-02 -2.361005e-02)	(-1.748217e-02 2.197654e-02 -2.355990e-02)	(-5.641268e-06 -2.086378e-06 -5.014712e-05)
249           	(-1.745719e-02 2.194888e-02 -2.376365e-02)	(-1.745216e-02 2.195056e-02 -2.371310e-02)	(-5.031811e-06 -1.682970e-06 -5.054916e-05)
250           	(-1.742460e-02 2.192280e-02 -2.392271e-02)	(-1.742020e-02 2.192408e-02 -2.387175e-02)	(-4.407880e-06 -1.276609e-06 -5.095498e-05)
251           	(-1.738166e-02 2.188910e-02 -2.408013e-02)	(-1.737789e-02 2.188996e-02 -2.402878e-02)	(-3.768668e-06 -8.669824e-07 -5.134687e-05)
252           	(-1.734314e-02 2.186327e-02 -2.423702e-02)	(-1.734003e-02 2.186372e-02 -2.418530e-02)	(-3.109219e-06 -4.468681e-07 -5.172184e-05)
253           	(-1.730224e-02 2.183824e-02 -2.438967e-02)	(-1.729981e-02 2.183825e-02 -2.433759e-02)	(-2.428259e-06 -1.420078e-08 -5.208295e-05)
254           	(-1.725260e-02 2.180727e-02 -2.453687e-02)	(-1.725087e-02 2.180683e-02 -2.448444e-02)	(-1.723180e-06 4.336172e-07 -5.242697e-05)
255           	(-1.720173e-02 2.177831e-02 -2.468236e-02)	(-1.720074e-02 2.177740e-02 -2.462961e-02)	(-9.905355e-07 9.006261e-07 -5.275620e-05)
256           	(-1.714982e-02 2.175155e-02 -2.482743e-02)	(-1.714960e-02 2.175016e-02 -2.477436e-02)	(-2.256457e-07 1.392543e-06 -5.307696e-05)
257           	(-1.709726e-02 2.172750e-02 -2.497181e-02)	(-1.709783e-02 2.172558e-02 -2.491842e-02)	(5.747070e-07 1.913139e-06 -5.339433e-05)
258           	(-1.704455e-02 2.170695e-02 -2.511352e-02)	(-1.704597e-02 2.170448e-02 -2.505982e-02)	(1.412588e-06 2.465842e-06 -5.370748e-05)
259           	(-1.699198e-02 2.169050e-02 -2.525115e-02)	(-1.699427e-02 2.168744e-02 -2.519714e-02)	(2.289277e-06 3.052963e-06 -5.401525e-05)
260           	(-1.693950e-02 2.167816e-02 -2.538562e-02)	(-1.694271e-02 2.167448e-02 -2.533131e-02)	(3.205361e-06 3.675731e-06 -5.431493e-05)
261           	(-1.688689e-02 2.166951e-02 -2.551900e-02)	(-1.689106e-02 2.166517e-02 -2.546439e-02)	(4.161752e-06 4.335039e-06 -5.460716e-05)
262           	(-1.683392e-02 2.166388e-02 -2.565269e-02)	(-1.683907e-02 2.165885e-02 -2.559780e-02)	(5.157548e-06 5.029600e-06 -5.489176e-05)
263           	(-1.678123e-02 2.166160e-02 -2.578818e-02)	(-1.678742e-02 2.165584e-02 -2.573301e-02)	(6.192431e-06 5.758995e-06 -5.517150e-05)
264           	(-1.672907e-02 2.166250e-02 -2.592631e-02)	(-1.673633e-02 2.165598e-02 -2.587087e-02)	(7.264510e-06 6.521118e-06 -5.544662e-05)
265           	(-1.667742e-02 2.166593e-02 -2.606627e-02)	(-1.668580e-02 2.165862e-02 -2.601055e-02)	(8.370832e-06 7.313118e-06 -5.572070e-05)
266           	(-1.662999e-02 2.167635e-02 -2.620158e-02)	(-1.663949e-02 2.166822e-02 -2.614559e-02)	(9.508238e-06 8.133165e-06 -5.599748e-05)
267           	(-1.658300e-02 2.168695e-02 -2.634022e-02)	(-1.659367e-02 2.167797e-02 -2.628394e-02)	(1.067221e-05 8.976888e-06 -5.627795e-05)
268           	(-1.653571e-02 2.169676e-02 -2.648384e-02)	(-1.654757e-02 2.168692e-02 -2.642727e-02)	(1.185919e-05 9.839942e-06 -5.656228e-05)
269           	(-1.648383e-02 2.170028e-02 -2.663524e-02)	(-1.649689e-02 2.168956e-02 -2.657839e-02)	(1.306604e-05 1.071857e-05 -5.685107e-05)
270           	(-1.643124e-02 2.170427e-02 -2.677982e-02)	(-1.644553e-02 2.169266e-02 -2.672267e-02)	(1.429024e-05 1.161106e-05 -5.714467e-05)
271           	(-1.637793e-02 2.170968e-02 -2.691203e-02)	(-1.639346e-02 2.169716e-02 -2.685459e-02)	(1.552883e-05 1.251590e-05 -5.744613e-05)
272           	(-1.631259e-02 2.170850e-02 -2.700235e-02)	(-1.632937e-02 2.169507e-02 -2.694459e-02)	(1.678049e-05 1.343185e-05 -5.775374e-05)
273           	(-1.626213e-02 2.172153e-02 -2.711731e-02)	(-1.628018e-02 2.170717e-02 -2.705923e-02)	(1.804225e-05 1.435972e-05 -5.808073e-05)
274           	(-1.621392e-02 2.173721e-02 -2.722934e-02)	(-1.623323e-02 2.172191e-02 -2.717091e-02)	(1.931100e-05 1.529717e-05 -5.843485e-05)
275           	(-1.616864e-02 2.175435e-02 -2.734281e-02)	(-1.618923e-02 2.173811e-02 -2.728399e-02)	(2.058292e-05 1.624007e-05 -5.881534e-05)
276           	(-1.612660e-02 2.177155e-02 -2.746174e-02)	(-1.614846e-02 2.175436e-02 -2.740252e-02)	(2.185453e-05 1.718502e-05 -5.922114e-05)
277           	(-1.608776e-02 2.178733e-02 -2.758877e-02)	(-1.611088e-02 2.176920e-02 -2.752912e-02)	(2.312171e-05 1.812795e-05 -5.965153e-05)
278           	(-1.605177e-02 2.180042e-02 -2.772402e-02)	(-1.607615e-02 2.178136e-02 -2.766392e-02)	(2.438023e-05 1.906471e-05 -6.010307e-05)
279           	(-1.601843e-02 2.181067e-02 -2.786518e-02)	(-1.604406e-02 2.179068e-02 -2.780461e-02)	(2.562601e-05 1.999184e-05 -6.057074e-05)
280           	(-1.598693e-02 2.181741e-02 -2.801004e-02)	(-1.601378e-02 2.179651e-02 -2.794899e-02)	(2.685570e-05 2.090701e-05 -6.105083e-05)
281           	(-1.595661e-02 2.182039e-02 -2.815561e-02)	(-1.598467e-02 2.179858e-02 -2.809406e-02)	(2.806580e-05 2.180777e-05 -6.154028e-05)
282           	(-1.592675e-02 2.181949e-02 -2.829909e-02)	(-1.595600e-02 2.179680e-02 -2.823706e-02)	(2.925282e-05 2.269152e-05 -6.203566e-05)
283           	(-1.589656e-02 2.181467e-02 -2.843799e-02)	(-1.592697e-02 2.179111e-02 -2.837546e-02)	(3.041355e-05 2.355583e-05 -6.253523e-05)
284           	(-1.582274e-02 2.176594e-02 -2.845051e-02)	(-1.585428e-02 2.174155e-02 -2.838749e-02)	(3.154661e-05 2.439373e-05 -6.302448e-05)
285           	(-1.575469e-02 2.172869e-02 -2.851353e-02)	(-1.578734e-02 2.170348e-02 -2.845002e-02)	(3.265288e-05 2.521280e-05 -6.351726e-05)
286           	(-1.573446e-02 2.174085e-02 -2.862034e-02)	(-1.576819e-02 2.171483e-02 -2.855631e-02)	(3.372912e-05 2.602135e-05 -6.403563e-05)
287           	(-1.571825e-02 2.174684e-02 -2.877095e-02)	(-1.575302e-02 2.172003e-02 -2.870636e-02)	(3.476684e-05 2.680547e-05 -6.458280e-05)
288           	(-1.570500e-02 2.175015e-02 -2.892291e-02)	(-1.574077e-02 2.172259e-02 -2.885778e-02)	(3.576322e-05 2.755923e-05 -6.513973e-05)
289           	(-1.569490e-02 2.175616e-02 -2.902683e-02)	(-1.573162e-02 2.172788e-02 -2.896114e-02)	(3.671799e-05 2.828255e-05 -6.569123e-05)
290           	(-1.568562e-02 2.174500e-02 -2.920769e-02)	(-1.572324e-02 2.171604e-02 -2.914145e-02)	(3.762237e-05 2.896253e-05 -6.623781e-05)
291           	(-1.568108e-02 2.174351e-02 -2.930990e-02)	(-1.571956e-02 2.171391e-02 -2.924313e-02)	(3.848161e-05 2.960675e-05 -6.676412e-05)
292           	(-1.562764e-02 2.167495e-02 -2.938007e-02)	(-1.566692e-02 2.164476e-02 -2.931281e-02)	(3.928797e-05 3.019659e-05 -6.726136e-05)
293           	(-1.562755e-02 2.167180e-02 -2.948475e-02)	(-1.566760e-02 2.164104e-02 -2.941701e-02)	(4.005239e-05 3.075945e-05 -6.774131e-05)
294           	(-1.558886e-02 2.161316e-02 -2.956041e-02)	(-1.562962e-02 2.158188e-02 -2.949220e-02)	(4.076374e-05 3.127449e-05 -6.821093e-05)
295           	(-1.559246e-02 2.161153e-02 -2.965828e-02)	(-1.563390e-02 2.157976e-02 -2.958961e-02)	(4.143447e-05 3.176658e-05 -6.867018e-05)
296           	(-1.559836e-02 2.160783e-02 -2.975653e-02)	(-1.564042e-02 2.157560e-02 -2.968739e-02)	(4.205898e-05 3.222873e-05 -6.913402e-05)
297           	(-1.560696e-02 2.159892e-02 -2.987054e-02)	(-1.564960e-02 2.156627e-02 -2.980094e-02)	(4.263584e-05 3.265596e-05 -6.959951e-05)
298           	(-1.561776e-02 2.157734e-02 -3.001728e-02)	(-1.566092e-02 2.154430e-02 -2.994722e-02)	(4.315990e-05 3.304001e-05 -7.005904e-05)
299           	(-1.562820e-02 2.155194e-02 -3.014371e-02)	(-1.567183e-02 2.151855e-02 -3.007320e-02)	(4.363544e-05 3.338501e-05 -7.050406e-05)
300           	(-1.563595e-02 2.151814e-02 -3.025571e-02)	(-1.568001e-02 2.148445e-02 -3.018478e-02)	(4.406455e-05 3.369339e-05 -7.092582e-05)
301           	(-1.564037e-02 2.148324e-02 -3.034286e-02)	(-1.568483e-02 2.144927e-02 -3.027154e-02)	(4.445345e-05 3.397297e-05 -7.132664e-05)
302           	(-1.564544e-02 2.146517e-02 -3.037574e-02)	(-1.569025e-02 2.143093e-02 -3.030403e-02)	(4.481279e-05 3.423912e-05 -7.171275e-05)
303           	(-1.564563e-02 2.142753e-02 -3.045039e-02)	(-1.569076e-02 2.139305e-02 -3.037830e-02)	(4.513508e-05 3.448044e-05 -7.209571e-05)
304           	(-1.564956e-02 2.140957e-02 -3.047883e-02)	(-1.569499e-02 2.137485e-02 -3.040636e-02)	(4.543166e-05 3.471213e-05 -7.247372e-05)
305           	(-1.564829e-02 2.137132e-02 -3.056214e-02)	(-1.569398e-02 2.133640e-02 -3.048928e-02)	(4.569566e-05 3.492206e-05 -7.285749e-05)
306           	(-1.565175e-02 2.135128e-02 -3.060688e-02)	(-1.569768e-02 2.131616e-02 -3.053363e-02)	(4.593760e-05 3.512365e-05 -7.324197e-05)
307           	(-1.565621e-02 2.133148e-02 -3.065863e-02)	(-1.570236e-02 2.129617e-02 -3.058499e-02)	(4.615749e-05 3.531563e-05 -7.363355e-05)
308           	(-1.564786e-02 2.127028e-02 -3.073253e-02)	(-1.569420e-02 2.123481e-02 -3.065850e-02)	(4.634270e-05 3.547594e-05 -7.402305e-05)
309           	(-1.565223e-02 2.126023e-02 -3.076923e-02)	(-1.569874e-02 2.122459e-02 -3.069482e-02)	(4.651699e-05 3.563989e-05 -7.440631e-05)
310           	(-1.565745e-02 2.125085e-02 -3.081519e-02)	(-1.570413e-02 2.121505e-02 -3.074039e-02)	(4.667785e-05 3.580426e-05 -7.479212e-05)
311           	(-1.566282e-02 2.123798e-02 -3.088592e-02)	(-1.570965e-02 2.120202e-02 -3.081074e-02)	(4.682151e-05 3.596073e-05 -7.518018e-05)
312           	(-1.566796e-02 2.122401e-02 -3.095934e-02)	(-1.571490e-02 2.118790e-02 -3.088378e-02)	(4.694852e-05 3.610792e-05 -7.556304e-05)
313           	(-1.565949e-02 2.117346e-02 -3.107433e-02)	(-1.570654e-02 2.113723e-02 -3.099840e-02)	(4.704955e-05 3.622831e-05 -7.593492e-05)
314           	(-1.566003e-02 2.116250e-02 -3.111402e-02)	(-1.570718e-02 2.112615e-02 -3.103774e-02)	(4.714451e-05 3.635181e-05 -7.627783e-05)
315           	(-1.566060e-02 2.115374e-02 -3.113759e-02)	(-1.570784e-02 2.111726e-02 -3.106099e-02)	(4.723488e-05 3.648149e-05 -7.659761e-05)
316           	(-1.565772e-02 2.114077e-02 -3.117579e-02)	(-1.570504e-02 2.110416e-02 -3.109889e-02)	(4.731672e-05 3.660966e-05 -7.690183e-05)
317           	(-1.565371e-02 2.112603e-02 -3.122036e-02)	(-1.570110e-02 2.108929e-02 -3.114317e-02)	(4.738994e-05 3.673426e-05 -7.719538e-05)
318           	(-1.561752e-02 2.105754e-02 -3.129043e-02)	(-1.566497e-02 2.102070e-02 -3.121295e-02)	(4.744548e-05 3.683501e-05 -7.747915e-05)
319           	(-1.561500e-02 2.104988e-02 -3.132206e-02)	(-1.566250e-02 2.101294e-02 -3.124432e-02)	(4.750211e-05 3.694613e-05 -7.774049e-05)
320           	(-1.561180e-02 2.104143e-02 -3.136336e-02)	(-1.565936e-02 2.100436e-02 -3.128536e-02)	(4.755986e-05 3.706690e-05 -7.799820e-05)
321           	(-1.558232e-02 2.098211e-02 -3.143851e-02)	(-1.562993e-02 2.094494e-02 -3.136026e-02)	(4.760587e-05 3.717030e-05 -7.824948e-05)
322           	(-1.557570e-02 2.098040e-02 -3.147175e-02)	(-1.562336e-02 2.094310e-02 -3.139327e-02)	(4.766147e-05 3.729146e-05 -7.848119e-05)
323           	(-1.556818e-02 2.097937e-02 -3.150986e-02)	(-1.561591e-02 2.094194e-02 -3.143115e-02)	(4.772691e-05 3.743040e-05 -7.870840e-05)
324           	(-1.556042e-02 2.097895e-02 -3.155234e-02)	(-1.560823e-02 2.094137e-02 -3.147341e-02)	(4.780074e-05 3.758209e-05 -7.892822e-05)
325           	(-1.555265e-02 2.097893e-02 -3.160110e-02)	(-1.560054e-02 2.094118e-02 -3.152196e-02)	(4.788389e-05 3.774587e-05 -7.914185e-05)
326           	(-1.554508e-02 2.097916e-02 -3.165680e-02)	(-1.559306e-02 2.094125e-02 -3.157744e-02)	(4.797589e-05 3.791915e-05 -7.935191e-05)
327           	(-1.553785e-02 2.097980e-02 -3.171847e-02)	(-1.558592e-02 2.094170e-02 -3.163891e-02)	(4.807808e-05 3.810242e-05 -7.956015e-05)
328           	(-1.553099e-02 2.098094e-02 -3.178487e-02)	(-1.557918e-02 2.094265e-02 -3.170510e-02)	(4.818984e-05 3.829376e-05 -7.976703e-05)
329           	(-1.552449e-02 2.098242e-02 -3.185479e-02)	(-1.557280e-02 2.094393e-02 -3.177482e-02)	(4.831278e-05 3.849515e-05 -7.997332e-05)
330           	(-1.551842e-02 2.098411e-02 -3.192674e-02)	(-1.556687e-02 2.094540e-02 -3.184656e-02)	(4.844552e-05 3.870444e-05 -8.017675e-05)
331           	(-1.550788e-02 2.094640e-02 -3.207218e-02)	(-1.555646e-02 2.090750e-02 -3.199180e-02)	(4.857214e-05 3.889686e-05 -8.037747e-05)
332           	(-1.549746e-02 2.095108e-02 -3.211368e-02)	(-1.554618e-02 2.091197e-02 -3.203313e-02)	(4.871776e-05 3.911045e-05 -8.054912e-05)
333           	(-1.548649e-02 2.095507e-02 -3.215294e-02)	(-1.553537e-02 2.091572e-02 -3.207223e-02)	(4.888209e-05 3.934849e-05 -8.070381e-05)
334           	(-1.546917e-02 2.091579e-02 -3.225841e-02)	(-1.551822e-02 2.087621e-02 -3.217756e-02)	(4.904350e-05 3.957648e-05 -8.084778e-05)
335           	(-1.545414e-02 2.091987e-02 -3.227783e-02)	(-1.550337e-02 2.088004e-02 -3.219687e-02)	(4.922843e-05 3.983409e-05 -8.096285e-05)
336           	(-1.543927e-02 2.092274e-02 -3.230117e-02)	(-1.548871e-02 2.088262e-02 -3.222011e-02)	(4.943510e-05 4.012163e-05 -8.106645e-05)
337           	(-1.542533e-02 2.092417e-02 -3.233259e-02)	(-1.547499e-02 2.088373e-02 -3.225142e-02)	(4.966004e-05 4.043231e-05 -8.116773e-05)
338           	(-1.541233e-02 2.092368e-02 -3.237390e-02)	(-1.546223e-02 2.088292e-02 -3.229263e-02)	(4.990108e-05 4.076140e-05 -8.127087e-05)
339           	(-1.539273e-02 2.087580e-02 -3.248566e-02)	(-1.544287e-02 2.083472e-02 -3.240428e-02)	(5.013966e-05 4.107863e-05 -8.137608e-05)
340           	(-1.537796e-02 2.087781e-02 -3.250972e-02)	(-1.542836e-02 2.083639e-02 -3.242826e-02)	(5.040299e-05 4.142595e-05 -8.145782e-05)
341           	(-1.536431e-02 2.088010e-02 -3.253313e-02)	(-1.541500e-02 2.083829e-02 -3.245161e-02)	(5.068971e-05 4.180657e-05 -8.152576e-05)
342           	(-1.535274e-02 2.088209e-02 -3.255919e-02)	(-1.540373e-02 2.083987e-02 -3.247762e-02)	(5.099450e-05 4.221346e-05 -8.157194e-05)
343           	(-1.534377e-02 2.088349e-02 -3.258910e-02)	(-1.539509e-02 2.084084e-02 -3.250751e-02)	(5.131624e-05 4.264601e-05 -8.158552e-05)
344           	(-1.533743e-02 2.088447e-02 -3.262169e-02)	(-1.538908e-02 2.084137e-02 -3.254014e-02)	(5.165227e-05 4.310121e-05 -8.155686e-05)
345           	(-1.533345e-02 2.088524e-02 -3.265568e-02)	(-1.538545e-02 2.084166e-02 -3.257420e-02)	(5.200038e-05 4.357654e-05 -8.147855e-05)
346           	(-1.533148e-02 2.088593e-02 -3.268968e-02)	(-1.538383e-02 2.084186e-02 -3.260834e-02)	(5.235616e-05 4.406626e-05 -8.134344e-05)
347           	(-1.533128e-02 2.088656e-02 -3.272259e-02)	(-1.538399e-02 2.084199e-02 -3.264145e-02)	(5.271658e-05 4.456672e-05 -8.114912e-05)
348           	(-1.531678e-02 2.083860e-02 -3.270709e-02)	(-1.536984e-02 2.079355e-02 -3.262621e-02)	(5.306368e-05 4.504815e-05 -8.087614e-05)
349           	(-1.531375e-02 2.084268e-02 -3.273839e-02)	(-1.536717e-02 2.079714e-02 -3.265784e-02)	(5.341643e-05 4.554276e-05 -8.054860e-05)
350           	(-1.531067e-02 2.088067e-02 -3.279485e-02)	(-1.536445e-02 2.083460e-02 -3.271466e-02)	(5.378044e-05 4.606732e-05 -8.019286e-05)
351           	(-1.533716e-02 2.089218e-02 -3.286135e-02)	(-1.539128e-02 2.084561e-02 -3.278154e-02)	(5.411814e-05 4.656637e-05 -7.980744e-05)
352           	(-1.536504e-02 2.090484e-02 -3.290624e-02)	(-1.541947e-02 2.085781e-02 -3.282684e-02)	(5.442652e-05 4.702673e-05 -7.939512e-05)
353           	(-1.539544e-02 2.091328e-02 -3.294079e-02)	(-1.545014e-02 2.086584e-02 -3.286184e-02)	(5.469954e-05 4.744146e-05 -7.895228e-05)
354           	(-1.542239e-02 2.091539e-02 -3.296395e-02)	(-1.547732e-02 2.086759e-02 -3.288547e-02)	(5.493438e-05 4.780520e-05 -7.848126e-05)
355           	(-1.542294e-02 2.095529e-02 -3.295898e-02)	(-1.547810e-02 2.090713e-02 -3.288099e-02)	(5.516183e-05 4.816223e-05 -7.799770e-05)
356           	(-1.545265e-02 2.095033e-02 -3.296044e-02)	(-1.550799e-02 2.090187e-02 -3.288294e-02)	(5.534034e-05 4.845711e-05 -7.750077e-05)
357           	(-1.543775e-02 2.091961e-02 -3.287464e-02)	(-1.549324e-02 2.087091e-02 -3.279766e-02)	(5.548829e-05 4.869975e-05 -7.698814e-05)
358           	(-1.546443e-02 2.091713e-02 -3.289349e-02)	(-1.552003e-02 2.086823e-02 -3.281701e-02)	(5.560315e-05 4.890095e-05 -7.647987e-05)
359           	(-1.548829e-02 2.091413e-02 -3.291670e-02)	(-1.554398e-02 2.086506e-02 -3.284071e-02)	(5.568790e-05 4.906450e-05 -7.598885e-05)
360           	(-1.549385e-02 2.091430e-02 -3.289538e-02)	(-1.554960e-02 2.086509e-02 -3.281988e-02)	(5.575724e-05 4.920917e-05 -7.549797e-05)
361           	(-1.549313e-02 2.091525e-02 -3.287595e-02)	(-1.554894e-02 2.086590e-02 -3.280094e-02)	(5.581447e-05 4.934410e-05 -7.500391e-05)
362           	(-1.551435e-02 2.091551e-02 -3.289556e-02)	(-1.557020e-02 2.086605e-02 -3.282105e-02)	(5.584661e-05 4.945368e-05 -7.451469e-05)
363           	(-1.555669e-02 2.091030e-02 -3.296562e-02)	(-1.561254e-02 2.086077e-02 -3.289160e-02)	(5.584408e-05 4.952467e-05 -7.402170e-05)
364           	(-1.559957e-02 2.090214e-02 -3.303049e-02)	(-1.565538e-02 2.085258e-02 -3.295698e-02)	(5.581048e-05 4.956074e-05 -7.350981e-05)
365           	(-1.560839e-02 2.089004e-02 -3.302206e-02)	(-1.566415e-02 2.084045e-02 -3.294909e-02)	(5.576480e-05 4.958583e-05 -7.297174e-05)
366           	(-1.563766e-02 2.088745e-02 -3.303419e-02)	(-1.569336e-02 2.083785e-02 -3.296176e-02)	(5.570210e-05 4.959858e-05 -7.242700e-05)
367           	(-1.568816e-02 2.088023e-02 -3.307974e-02)	(-1.574377e-02 2.083064e-02 -3.300786e-02)	(5.560920e-05 4.958180e-05 -7.188099e-05)
368           	(-1.573756e-02 2.087138e-02 -3.311241e-02)	(-1.579305e-02 2.082184e-02 -3.304108e-02)	(5.549030e-05 4.953867e-05 -7.132758e-05)
369           	(-1.575018e-02 2.086229e-02 -3.307546e-02)	(-1.580555e-02 2.081279e-02 -3.300469e-02)	(5.536531e-05 4.949430e-05 -7.076923e-05)
370           	(-1.580415e-02 2.085975e-02 -3.309356e-02)	(-1.585937e-02 2.081032e-02 -3.302334e-02)	(5.521660e-05 4.943156e-05 -7.022415e-05)
371           	(-1.585859e-02 2.085879e-02 -3.310433e-02)	(-1.591364e-02 2.080945e-02 -3.303462e-02)	(5.504586e-05 4.934704e-05 -6.970365e-05)
372           	(-1.591316e-02 2.085912e-02 -3.310836e-02)	(-1.596802e-02 2.080987e-02 -3.303915e-02)	(5.485709e-05 4.924543e-05 -6.920456e-05)
373           	(-1.595446e-02 2.089939e-02 -3.305993e-02)	(-1.600913e-02 2.085022e-02 -3.299120e-02)	(5.467579e-05 4.916468e-05 -6.873128e-05)
374           	(-1.600041e-02 2.089607e-02 -3.304910e-02)	(-1.605489e-02 2.084701e-02 -3.298079e-02)	(5.447460e-05 4.906338e-05 -6.830558e-05)
375           	(-1.604632e-02 2.089171e-02 -3.304089e-02)	(-1.610058e-02 2.084277e-02 -3.297297e-02)	(5.425609e-05 4.893904e-05 -6.792023e-05)
376           	(-1.609948e-02 2.088808e-02 -3.304434e-02)	(-1.615350e-02 2.083929e-02 -3.297677e-02)	(5.402152e-05 4.879598e-05 -6.756753e-05)
377           	(-1.615833e-02 2.088558e-02 -3.305624e-02)	(-1.621211e-02 2.083695e-02 -3.298900e-02)	(5.377171e-05 4.863591e-05 -6.724033e-05)
378           	(-1.622134e-02 2.088437e-02 -3.307356e-02)	(-1.627485e-02 2.083591e-02 -3.300663e-02)	(5.350778e-05 4.846067e-05 -6.693140e-05)
379           	(-1.628613e-02 2.088454e-02 -3.309232e-02)	(-1.633936e-02 2.083627e-02 -3.302568e-02)	(5.323041e-05 4.827134e-05 -6.663590e-05)
380           	(-1.635829e-02 2.088920e-02 -3.311887e-02)	(-1.641123e-02 2.084113e-02 -3.305252e-02)	(5.293976e-05 4.806890e-05 -6.635159e-05)
381           	(-1.642693e-02 2.089546e-02 -3.313941e-02)	(-1.647957e-02 2.084760e-02 -3.307333e-02)	(5.263815e-05 4.785517e-05 -6.607781e-05)
382           	(-1.649144e-02 2.090313e-02 -3.315357e-02)	(-1.654377e-02 2.085550e-02 -3.308775e-02)	(5.232802e-05 4.763287e-05 -6.581590e-05)
383           	(-1.655230e-02 2.091169e-02 -3.316208e-02)	(-1.660431e-02 2.086429e-02 -3.309651e-02)	(5.201064e-05 4.740307e-05 -6.556851e-05)
384           	(-1.658329e-02 2.090423e-02 -3.316145e-02)	(-1.663498e-02 2.085706e-02 -3.309611e-02)	(5.169116e-05 4.716909e-05 -6.533744e-05)
385           	(-1.665097e-02 2.091675e-02 -3.315894e-02)	(-1.670233e-02 2.086982e-02 -3.309383e-02)	(5.136327e-05 4.692883e-05 -6.511342e-05)
