# Force       
# CofR        : (0.000000e+00 0.000000e+00 0.000000e+00)
#
# Time        	(total_x total_y total_z)	(pressure_x pressure_y pressure_z)	(viscous_x viscous_y viscous_z)
3901          	(8.713595e-01 8.442703e-01 -4.684908e+02)	(8.690698e-01 8.465741e-01 -4.684900e+02)	(2.289706e-03 -2.303778e-03 -8.130230e-04)
3902          	(8.711806e-01 8.441080e-01 -4.684908e+02)	(8.688928e-01 8.464107e-01 -4.684900e+02)	(2.287821e-03 -2.302682e-03 -8.130520e-04)
3903          	(8.709696e-01 8.438401e-01 -4.684908e+02)	(8.686831e-01 8.461421e-01 -4.684900e+02)	(2.286564e-03 -2.301940e-03 -8.129875e-04)
3904          	(8.707542e-01 8.435285e-01 -4.684908e+02)	(8.684683e-01 8.458301e-01 -4.684900e+02)	(2.285881e-03 -2.301528e-03 -8.129951e-04)
3905          	(8.706126e-01 8.432790e-01 -4.684908e+02)	(8.683270e-01 8.455804e-01 -4.684900e+02)	(2.285600e-03 -2.301402e-03 -8.129407e-04)
3906          	(8.705223e-01 8.430781e-01 -4.684908e+02)	(8.682367e-01 8.453795e-01 -4.684900e+02)	(2.285599e-03 -2.301461e-03 -8.129765e-04)
3907          	(8.704800e-01 8.429322e-01 -4.684908e+02)	(8.681942e-01 8.452339e-01 -4.684900e+02)	(2.285744e-03 -2.301703e-03 -8.129723e-04)
3908          	(8.704454e-01 8.427845e-01 -4.684908e+02)	(8.681593e-01 8.450866e-01 -4.684900e+02)	(2.286038e-03 -2.302108e-03 -8.130685e-04)
3909          	(8.703765e-01 8.425367e-01 -4.684908e+02)	(8.680898e-01 8.448396e-01 -4.684900e+02)	(2.286684e-03 -2.302897e-03 -8.130985e-04)
3910          	(8.703170e-01 8.422799e-01 -4.684908e+02)	(8.680293e-01 8.445840e-01 -4.684900e+02)	(2.287687e-03 -2.304023e-03 -8.132114e-04)
3911          	(8.702782e-01 8.420618e-01 -4.684909e+02)	(8.679893e-01 8.443672e-01 -4.684901e+02)	(2.288903e-03 -2.305408e-03 -8.132516e-04)
3912          	(8.702693e-01 8.418911e-01 -4.684909e+02)	(8.679790e-01 8.441980e-01 -4.684901e+02)	(2.290227e-03 -2.306930e-03 -8.133519e-04)
3913          	(8.702861e-01 8.417689e-01 -4.684909e+02)	(8.679945e-01 8.440774e-01 -4.684901e+02)	(2.291573e-03 -2.308539e-03 -8.133581e-04)
3914          	(8.703414e-01 8.417346e-01 -4.684910e+02)	(8.680486e-01 8.440446e-01 -4.684901e+02)	(2.292802e-03 -2.310052e-03 -8.134238e-04)
3915          	(8.703686e-01 8.416694e-01 -4.684910e+02)	(8.680746e-01 8.439809e-01 -4.684902e+02)	(2.293974e-03 -2.311560e-03 -8.133896e-04)
3916          	(8.703651e-01 8.415764e-01 -4.684910e+02)	(8.680699e-01 8.438894e-01 -4.684902e+02)	(2.295110e-03 -2.313034e-03 -8.134213e-04)
3917          	(8.703138e-01 8.414353e-01 -4.684911e+02)	(8.680176e-01 8.437498e-01 -4.684903e+02)	(2.296242e-03 -2.314513e-03 -8.133652e-04)
3918          	(8.699255e-01 8.409418e-01 -4.684912e+02)	(8.676280e-01 8.432579e-01 -4.684904e+02)	(2.297468e-03 -2.316078e-03 -8.133772e-04)
3919          	(8.688383e-01 8.399738e-01 -4.684941e+02)	(8.665403e-01 8.422910e-01 -4.684933e+02)	(2.297983e-03 -2.317254e-03 -8.133152e-04)
3920          	(8.668284e-01 8.381129e-01 -4.684967e+02)	(8.645305e-01 8.404310e-01 -4.684958e+02)	(2.297864e-03 -2.318126e-03 -8.133083e-04)
3921          	(8.663138e-01 8.374833e-01 -4.684967e+02)	(8.640155e-01 8.398026e-01 -4.684959e+02)	(2.298316e-03 -2.319285e-03 -8.132184e-04)
3922          	(8.658036e-01 8.368484e-01 -4.684967e+02)	(8.635042e-01 8.391691e-01 -4.684959e+02)	(2.299367e-03 -2.320685e-03 -8.132278e-04)
3923          	(8.654830e-01 8.364084e-01 -4.684967e+02)	(8.631823e-01 8.387306e-01 -4.684959e+02)	(2.300719e-03 -2.322214e-03 -8.131901e-04)
3924          	(8.653051e-01 8.361444e-01 -4.684967e+02)	(8.630030e-01 8.384681e-01 -4.684959e+02)	(2.302130e-03 -2.323703e-03 -8.132518e-04)
3925          	(8.651166e-01 8.358441e-01 -4.684967e+02)	(8.628130e-01 8.381694e-01 -4.684959e+02)	(2.303645e-03 -2.325279e-03 -8.132456e-04)
3926          	(8.647462e-01 8.352747e-01 -4.684968e+02)	(8.624407e-01 8.376019e-01 -4.684960e+02)	(2.305535e-03 -2.327187e-03 -8.133101e-04)
3927          	(8.643813e-01 8.346941e-01 -4.684969e+02)	(8.620735e-01 8.370235e-01 -4.684961e+02)	(2.307777e-03 -2.329429e-03 -8.132955e-04)
3928          	(8.614807e-01 8.319805e-01 -4.684986e+02)	(8.591717e-01 8.343118e-01 -4.684978e+02)	(2.308980e-03 -2.331250e-03 -8.133345e-04)
3929          	(8.607925e-01 8.310229e-01 -4.684988e+02)	(8.584816e-01 8.333566e-01 -4.684980e+02)	(2.310897e-03 -2.333670e-03 -8.132482e-04)
3930          	(8.606392e-01 8.306700e-01 -4.684988e+02)	(8.583258e-01 8.330062e-01 -4.684980e+02)	(2.313414e-03 -2.336263e-03 -8.132757e-04)
3931          	(8.605757e-01 8.304356e-01 -4.684989e+02)	(8.582597e-01 8.327745e-01 -4.684981e+02)	(2.316019e-03 -2.338909e-03 -8.132254e-04)
3932          	(8.605233e-01 8.302269e-01 -4.684989e+02)	(8.582047e-01 8.325684e-01 -4.684981e+02)	(2.318626e-03 -2.341534e-03 -8.132783e-04)
3933          	(8.604597e-01 8.300238e-01 -4.684990e+02)	(8.581385e-01 8.323679e-01 -4.684982e+02)	(2.321166e-03 -2.344139e-03 -8.132345e-04)
3934          	(8.603965e-01 8.298473e-01 -4.684990e+02)	(8.580729e-01 8.321939e-01 -4.684982e+02)	(2.323563e-03 -2.346621e-03 -8.132925e-04)
3935          	(8.602505e-01 8.295828e-01 -4.684990e+02)	(8.579246e-01 8.319318e-01 -4.684982e+02)	(2.325870e-03 -2.349083e-03 -8.132735e-04)
3936          	(8.600397e-01 8.292587e-01 -4.684991e+02)	(8.577116e-01 8.316101e-01 -4.684983e+02)	(2.328115e-03 -2.351486e-03 -8.133312e-04)
3937          	(8.597532e-01 8.288633e-01 -4.684991e+02)	(8.574229e-01 8.312172e-01 -4.684983e+02)	(2.330289e-03 -2.353893e-03 -8.132932e-04)
3938          	(8.593190e-01 8.283230e-01 -4.684991e+02)	(8.569866e-01 8.306793e-01 -4.684983e+02)	(2.332450e-03 -2.356285e-03 -8.133516e-04)
3939          	(8.587869e-01 8.276914e-01 -4.684991e+02)	(8.564523e-01 8.300501e-01 -4.684983e+02)	(2.334588e-03 -2.358714e-03 -8.133088e-04)
3940          	(8.574574e-01 8.263035e-01 -4.684990e+02)	(8.551208e-01 8.286646e-01 -4.684982e+02)	(2.336663e-03 -2.361167e-03 -8.133568e-04)
3941          	(8.561185e-01 8.249016e-01 -4.684989e+02)	(8.537797e-01 8.272653e-01 -4.684981e+02)	(2.338726e-03 -2.363696e-03 -8.133082e-04)
3942          	(8.543643e-01 8.230953e-01 -4.684986e+02)	(8.520234e-01 8.254615e-01 -4.684978e+02)	(2.340870e-03 -2.366247e-03 -8.133464e-04)
3943          	(8.540628e-01 8.226634e-01 -4.684986e+02)	(8.517195e-01 8.250323e-01 -4.684978e+02)	(2.343252e-03 -2.368843e-03 -8.133062e-04)
3944          	(8.537527e-01 8.222190e-01 -4.684985e+02)	(8.514069e-01 8.245904e-01 -4.684977e+02)	(2.345827e-03 -2.371433e-03 -8.133754e-04)
3945          	(8.532037e-01 8.212699e-01 -4.684963e+02)	(8.508543e-01 8.236448e-01 -4.684955e+02)	(2.349460e-03 -2.374856e-03 -8.133335e-04)
3946          	(8.530914e-01 8.210415e-01 -4.684962e+02)	(8.507385e-01 8.234196e-01 -4.684954e+02)	(2.352917e-03 -2.378006e-03 -8.134229e-04)
3947          	(8.530011e-01 8.208479e-01 -4.684962e+02)	(8.506452e-01 8.232288e-01 -4.684954e+02)	(2.355931e-03 -2.380929e-03 -8.134020e-04)
3948          	(8.528978e-01 8.206501e-01 -4.684962e+02)	(8.505391e-01 8.230337e-01 -4.684953e+02)	(2.358679e-03 -2.383660e-03 -8.134584e-04)
3949          	(8.527566e-01 8.204201e-01 -4.684961e+02)	(8.503954e-01 8.228064e-01 -4.684953e+02)	(2.361199e-03 -2.386285e-03 -8.134009e-04)
3950          	(8.509471e-01 8.187571e-01 -4.684954e+02)	(8.485842e-01 8.211455e-01 -4.684946e+02)	(2.362853e-03 -2.388378e-03 -8.134154e-04)
3951          	(8.507772e-01 8.181233e-01 -4.684934e+02)	(8.484112e-01 8.205149e-01 -4.684926e+02)	(2.366024e-03 -2.391591e-03 -8.132994e-04)
3952          	(8.508324e-01 8.180542e-01 -4.684934e+02)	(8.484630e-01 8.204488e-01 -4.684926e+02)	(2.369396e-03 -2.394614e-03 -8.133434e-04)
3953          	(8.509263e-01 8.180276e-01 -4.684934e+02)	(8.485539e-01 8.204251e-01 -4.684926e+02)	(2.372457e-03 -2.397472e-03 -8.132861e-04)
3954          	(8.510136e-01 8.180000e-01 -4.684934e+02)	(8.486382e-01 8.204002e-01 -4.684925e+02)	(2.375370e-03 -2.400212e-03 -8.133169e-04)
3955          	(8.510533e-01 8.179317e-01 -4.684933e+02)	(8.486752e-01 8.203346e-01 -4.684925e+02)	(2.378086e-03 -2.402891e-03 -8.132599e-04)
3956          	(8.510165e-01 8.177925e-01 -4.684933e+02)	(8.486358e-01 8.201980e-01 -4.684925e+02)	(2.380700e-03 -2.405459e-03 -8.132930e-04)
3957          	(8.508869e-01 8.175630e-01 -4.684933e+02)	(8.485037e-01 8.199710e-01 -4.684925e+02)	(2.383178e-03 -2.407990e-03 -8.132207e-04)
3958          	(8.496850e-01 8.162286e-01 -4.684931e+02)	(8.472991e-01 8.186394e-01 -4.684922e+02)	(2.385842e-03 -2.410727e-03 -8.132227e-04)
3959          	(8.495074e-01 8.159378e-01 -4.684930e+02)	(8.471189e-01 8.183512e-01 -4.684922e+02)	(2.388491e-03 -2.413436e-03 -8.131502e-04)
3960          	(8.492810e-01 8.155981e-01 -4.684930e+02)	(8.468898e-01 8.180142e-01 -4.684921e+02)	(2.391162e-03 -2.416067e-03 -8.131636e-04)
3961          	(8.480741e-01 8.142813e-01 -4.684927e+02)	(8.456802e-01 8.167002e-01 -4.684919e+02)	(2.393862e-03 -2.418875e-03 -8.130806e-04)
3962          	(8.479200e-01 8.140171e-01 -4.684927e+02)	(8.455233e-01 8.164387e-01 -4.684918e+02)	(2.396616e-03 -2.421571e-03 -8.131041e-04)
3963          	(8.477292e-01 8.137172e-01 -4.684926e+02)	(8.453299e-01 8.161415e-01 -4.684918e+02)	(2.399317e-03 -2.424227e-03 -8.130354e-04)
3964          	(8.474903e-01 8.133715e-01 -4.684925e+02)	(8.450883e-01 8.157983e-01 -4.684917e+02)	(2.402005e-03 -2.426806e-03 -8.130642e-04)
3965          	(8.456606e-01 8.115122e-01 -4.684919e+02)	(8.432562e-01 8.139417e-01 -4.684911e+02)	(2.404447e-03 -2.429454e-03 -8.129674e-04)
3966          	(8.454129e-01 8.111460e-01 -4.684919e+02)	(8.430059e-01 8.135781e-01 -4.684910e+02)	(2.407024e-03 -2.432049e-03 -8.129667e-04)
3967          	(8.451649e-01 8.107779e-01 -4.684918e+02)	(8.427552e-01 8.132126e-01 -4.684910e+02)	(2.409692e-03 -2.434629e-03 -8.128791e-04)
3968          	(8.449206e-01 8.104112e-01 -4.684918e+02)	(8.425082e-01 8.128484e-01 -4.684910e+02)	(2.412424e-03 -2.437155e-03 -8.128905e-04)
3969          	(8.446815e-01 8.100470e-01 -4.684918e+02)	(8.422663e-01 8.124867e-01 -4.684910e+02)	(2.415129e-03 -2.439698e-03 -8.128108e-04)
3970          	(8.444483e-01 8.096856e-01 -4.684918e+02)	(8.420304e-01 8.121278e-01 -4.684910e+02)	(2.417884e-03 -2.442197e-03 -8.128074e-04)
3971          	(8.442207e-01 8.093262e-01 -4.684918e+02)	(8.418001e-01 8.117710e-01 -4.684909e+02)	(2.420613e-03 -2.444734e-03 -8.127252e-04)
3972          	(8.439963e-01 8.089664e-01 -4.684917e+02)	(8.415729e-01 8.114136e-01 -4.684909e+02)	(2.423398e-03 -2.447257e-03 -8.127232e-04)
3973          	(8.437698e-01 8.086016e-01 -4.684917e+02)	(8.413437e-01 8.110515e-01 -4.684909e+02)	(2.426176e-03 -2.449843e-03 -8.126337e-04)
3974          	(8.435368e-01 8.082294e-01 -4.684917e+02)	(8.411078e-01 8.106819e-01 -4.684909e+02)	(2.429028e-03 -2.452439e-03 -8.126207e-04)
3975          	(8.432942e-01 8.078507e-01 -4.684917e+02)	(8.408623e-01 8.103058e-01 -4.684909e+02)	(2.431870e-03 -2.455105e-03 -8.125251e-04)
3976          	(8.430409e-01 8.074692e-01 -4.684916e+02)	(8.406062e-01 8.099270e-01 -4.684908e+02)	(2.434743e-03 -2.457749e-03 -8.125077e-04)
3977          	(8.427758e-01 8.070880e-01 -4.684916e+02)	(8.403382e-01 8.095484e-01 -4.684908e+02)	(2.437552e-03 -2.460401e-03 -8.124050e-04)
3978          	(8.424958e-01 8.067066e-01 -4.684916e+02)	(8.400555e-01 8.091696e-01 -4.684908e+02)	(2.440330e-03 -2.462969e-03 -8.123765e-04)
3979          	(8.421844e-01 8.063084e-01 -4.684916e+02)	(8.397414e-01 8.087739e-01 -4.684908e+02)	(2.442973e-03 -2.465490e-03 -8.122704e-04)
3980          	(8.418466e-01 8.058985e-01 -4.684916e+02)	(8.394011e-01 8.083664e-01 -4.684908e+02)	(2.445521e-03 -2.467869e-03 -8.122499e-04)
3981          	(8.414617e-01 8.054533e-01 -4.684916e+02)	(8.390138e-01 8.079235e-01 -4.684908e+02)	(2.447932e-03 -2.470154e-03 -8.121356e-04)
3982          	(8.392942e-01 8.034215e-01 -4.684914e+02)	(8.368446e-01 8.058935e-01 -4.684906e+02)	(2.449652e-03 -2.472069e-03 -8.120838e-04)
3983          	(8.389382e-01 8.029977e-01 -4.684914e+02)	(8.364867e-01 8.054716e-01 -4.684905e+02)	(2.451486e-03 -2.473975e-03 -8.119531e-04)
3984          	(8.385955e-01 8.025841e-01 -4.684913e+02)	(8.361419e-01 8.050599e-01 -4.684905e+02)	(2.453592e-03 -2.475794e-03 -8.119151e-04)
3985          	(8.382694e-01 8.021832e-01 -4.684913e+02)	(8.358136e-01 8.046608e-01 -4.684905e+02)	(2.455750e-03 -2.477594e-03 -8.118086e-04)
3986          	(8.379660e-01 8.018011e-01 -4.684913e+02)	(8.355080e-01 8.042804e-01 -4.684905e+02)	(2.457969e-03 -2.479318e-03 -8.117859e-04)
3987          	(8.376951e-01 8.014483e-01 -4.684912e+02)	(8.352349e-01 8.039293e-01 -4.684904e+02)	(2.460193e-03 -2.481025e-03 -8.116748e-04)
3988          	(8.374436e-01 8.011085e-01 -4.684912e+02)	(8.349812e-01 8.035911e-01 -4.684904e+02)	(2.462419e-03 -2.482675e-03 -8.116419e-04)
3989          	(8.371639e-01 8.007279e-01 -4.684912e+02)	(8.346992e-01 8.032123e-01 -4.684904e+02)	(2.464659e-03 -2.484383e-03 -8.115192e-04)
3990          	(8.369635e-01 8.004281e-01 -4.684912e+02)	(8.344965e-01 8.029142e-01 -4.684904e+02)	(2.466924e-03 -2.486077e-03 -8.114766e-04)
3991          	(8.368451e-01 8.002142e-01 -4.684913e+02)	(8.343760e-01 8.027020e-01 -4.684905e+02)	(2.469165e-03 -2.487806e-03 -8.113564e-04)
3992          	(8.370152e-01 8.003429e-01 -4.684921e+02)	(8.345440e-01 8.028322e-01 -4.684913e+02)	(2.471237e-03 -2.489317e-03 -8.113224e-04)
3993          	(8.363863e-01 7.998304e-01 -4.684932e+02)	(8.339137e-01 8.023208e-01 -4.684924e+02)	(2.472577e-03 -2.490403e-03 -8.111824e-04)
3994          	(8.358723e-01 7.994126e-01 -4.684943e+02)	(8.333989e-01 8.019037e-01 -4.684935e+02)	(2.473454e-03 -2.491162e-03 -8.110855e-04)
3995          	(8.358393e-01 7.993233e-01 -4.684943e+02)	(8.333647e-01 8.018154e-01 -4.684935e+02)	(2.474588e-03 -2.492045e-03 -8.108911e-04)
3996          	(8.358107e-01 7.992541e-01 -4.684943e+02)	(8.333348e-01 8.017470e-01 -4.684935e+02)	(2.475926e-03 -2.492880e-03 -8.107808e-04)
3997          	(8.358132e-01 7.992219e-01 -4.684944e+02)	(8.333359e-01 8.017156e-01 -4.684935e+02)	(2.477275e-03 -2.493689e-03 -8.105929e-04)
3998          	(8.358446e-01 7.992293e-01 -4.684944e+02)	(8.333660e-01 8.017237e-01 -4.684936e+02)	(2.478629e-03 -2.494384e-03 -8.104890e-04)
3999          	(8.359119e-01 7.992809e-01 -4.684944e+02)	(8.334321e-01 8.017759e-01 -4.684936e+02)	(2.479865e-03 -2.495011e-03 -8.103175e-04)
4000          	(8.360105e-01 7.993722e-01 -4.684944e+02)	(8.335295e-01 8.018677e-01 -4.684936e+02)	(2.481014e-03 -2.495508e-03 -8.102374e-04)
4001          	(8.361125e-01 7.994776e-01 -4.684944e+02)	(8.336304e-01 8.019735e-01 -4.684936e+02)	(2.482009e-03 -2.495928e-03 -8.100848e-04)
4002          	(8.362360e-01 7.996157e-01 -4.684945e+02)	(8.337531e-01 8.021119e-01 -4.684937e+02)	(2.482888e-03 -2.496192e-03 -8.100047e-04)
4003          	(8.363812e-01 7.997894e-01 -4.684945e+02)	(8.338976e-01 8.022858e-01 -4.684937e+02)	(2.483566e-03 -2.496347e-03 -8.098485e-04)
4004          	(8.365883e-01 8.000443e-01 -4.684945e+02)	(8.341043e-01 8.025406e-01 -4.684937e+02)	(2.484057e-03 -2.496283e-03 -8.097770e-04)
4005          	(8.368141e-01 8.003333e-01 -4.684945e+02)	(8.343298e-01 8.028294e-01 -4.684937e+02)	(2.484291e-03 -2.496058e-03 -8.096251e-04)
4006          	(8.371134e-01 8.007144e-01 -4.684945e+02)	(8.346291e-01 8.032100e-01 -4.684937e+02)	(2.484289e-03 -2.495564e-03 -8.095435e-04)
4007          	(8.372596e-01 8.009346e-01 -4.684945e+02)	(8.347756e-01 8.034296e-01 -4.684937e+02)	(2.484096e-03 -2.494991e-03 -8.093871e-04)
4008          	(8.373935e-01 8.011483e-01 -4.684945e+02)	(8.349097e-01 8.036425e-01 -4.684937e+02)	(2.483803e-03 -2.494266e-03 -8.093138e-04)
4009          	(8.375080e-01 8.013449e-01 -4.684945e+02)	(8.350246e-01 8.038384e-01 -4.684937e+02)	(2.483354e-03 -2.493484e-03 -8.091536e-04)
4010          	(8.376113e-01 8.015362e-01 -4.684945e+02)	(8.351285e-01 8.040287e-01 -4.684937e+02)	(2.482823e-03 -2.492564e-03 -8.090944e-04)
4011          	(8.377168e-01 8.017450e-01 -4.684945e+02)	(8.352346e-01 8.042366e-01 -4.684937e+02)	(2.482115e-03 -2.491541e-03 -8.089586e-04)
4012          	(8.378094e-01 8.019544e-01 -4.684945e+02)	(8.353281e-01 8.044447e-01 -4.684937e+02)	(2.481272e-03 -2.490323e-03 -8.089215e-04)
4013          	(8.379036e-01 8.021917e-01 -4.684944e+02)	(8.354234e-01 8.046807e-01 -4.684936e+02)	(2.480165e-03 -2.488949e-03 -8.088149e-04)
4014          	(8.379964e-01 8.024531e-01 -4.684944e+02)	(8.355176e-01 8.049404e-01 -4.684936e+02)	(2.478828e-03 -2.487279e-03 -8.088099e-04)
4015          	(8.384073e-01 8.031725e-01 -4.684942e+02)	(8.359307e-01 8.056575e-01 -4.684934e+02)	(2.476656e-03 -2.484954e-03 -8.087457e-04)
4016          	(8.385908e-01 8.036002e-01 -4.684941e+02)	(8.361167e-01 8.060825e-01 -4.684932e+02)	(2.474087e-03 -2.482257e-03 -8.087622e-04)
4017          	(8.388587e-01 8.038216e-01 -4.684925e+02)	(8.363864e-01 8.063018e-01 -4.684917e+02)	(2.472318e-03 -2.480192e-03 -8.086788e-04)
4018          	(8.387521e-01 8.037969e-01 -4.684924e+02)	(8.362813e-01 8.062751e-01 -4.684916e+02)	(2.470830e-03 -2.478204e-03 -8.087048e-04)
4019          	(8.386697e-01 8.037811e-01 -4.684924e+02)	(8.362003e-01 8.062575e-01 -4.684916e+02)	(2.469396e-03 -2.476392e-03 -8.086412e-04)
4020          	(8.386283e-01 8.038027e-01 -4.684924e+02)	(8.361601e-01 8.062773e-01 -4.684916e+02)	(2.468107e-03 -2.474635e-03 -8.086660e-04)
4021          	(8.388057e-01 8.040044e-01 -4.684923e+02)	(8.363387e-01 8.064775e-01 -4.684915e+02)	(2.466972e-03 -2.473072e-03 -8.086099e-04)
4022          	(8.391248e-01 8.043406e-01 -4.684923e+02)	(8.366587e-01 8.068122e-01 -4.684915e+02)	(2.466047e-03 -2.471567e-03 -8.086623e-04)
4023          	(8.413979e-01 8.064791e-01 -4.684922e+02)	(8.389323e-01 8.089494e-01 -4.684914e+02)	(2.465606e-03 -2.470260e-03 -8.086581e-04)
4024          	(8.435645e-01 8.085687e-01 -4.684922e+02)	(8.410991e-01 8.110375e-01 -4.684914e+02)	(2.465329e-03 -2.468887e-03 -8.087841e-04)
4025          	(8.454469e-01 8.104519e-01 -4.684922e+02)	(8.429821e-01 8.129193e-01 -4.684914e+02)	(2.464733e-03 -2.467428e-03 -8.088341e-04)
4026          	(8.458874e-01 8.110421e-01 -4.684922e+02)	(8.434239e-01 8.135077e-01 -4.684914e+02)	(2.463528e-03 -2.465678e-03 -8.089540e-04)
4027          	(8.463944e-01 8.117156e-01 -4.684922e+02)	(8.439326e-01 8.141793e-01 -4.684914e+02)	(2.461790e-03 -2.463740e-03 -8.089642e-04)
4028          	(8.483651e-01 8.137663e-01 -4.684925e+02)	(8.459051e-01 8.162278e-01 -4.684917e+02)	(2.459994e-03 -2.461545e-03 -8.090645e-04)
4029          	(8.502572e-01 8.157857e-01 -4.684931e+02)	(8.477993e-01 8.182448e-01 -4.684923e+02)	(2.457906e-03 -2.459096e-03 -8.090717e-04)
4030          	(8.515508e-01 8.173319e-01 -4.684942e+02)	(8.490956e-01 8.197881e-01 -4.684934e+02)	(2.455203e-03 -2.456164e-03 -8.091647e-04)
4031          	(8.516281e-01 8.179074e-01 -4.684956e+02)	(8.491770e-01 8.203599e-01 -4.684948e+02)	(2.451155e-03 -2.452473e-03 -8.091479e-04)
4032          	(8.517373e-01 8.182840e-01 -4.684956e+02)	(8.492902e-01 8.207327e-01 -4.684948e+02)	(2.447066e-03 -2.448730e-03 -8.091715e-04)
4033          	(8.517646e-01 8.185815e-01 -4.684956e+02)	(8.493215e-01 8.210265e-01 -4.684948e+02)	(2.443097e-03 -2.445005e-03 -8.091123e-04)
4034          	(8.517452e-01 8.188357e-01 -4.684956e+02)	(8.493060e-01 8.212769e-01 -4.684948e+02)	(2.439224e-03 -2.441175e-03 -8.091522e-04)
4035          	(8.517055e-01 8.190699e-01 -4.684956e+02)	(8.492702e-01 8.215072e-01 -4.684948e+02)	(2.435331e-03 -2.437337e-03 -8.091130e-04)
4036          	(8.516267e-01 8.192381e-01 -4.684956e+02)	(8.491952e-01 8.216715e-01 -4.684948e+02)	(2.431572e-03 -2.433464e-03 -8.091734e-04)
4037          	(8.515795e-01 8.194268e-01 -4.684956e+02)	(8.491517e-01 8.218564e-01 -4.684948e+02)	(2.427850e-03 -2.429658e-03 -8.091566e-04)
4038          	(8.515846e-01 8.196623e-01 -4.684956e+02)	(8.491604e-01 8.220881e-01 -4.684947e+02)	(2.424201e-03 -2.425798e-03 -8.092422e-04)
4039          	(8.516505e-01 8.199510e-01 -4.684955e+02)	(8.492300e-01 8.223729e-01 -4.684947e+02)	(2.420505e-03 -2.421981e-03 -8.092488e-04)
4040          	(8.517918e-01 8.203112e-01 -4.684955e+02)	(8.493750e-01 8.227293e-01 -4.684947e+02)	(2.416825e-03 -2.418086e-03 -8.093592e-04)
4041          	(8.520369e-01 8.207739e-01 -4.684955e+02)	(8.496238e-01 8.231881e-01 -4.684947e+02)	(2.413071e-03 -2.414167e-03 -8.093909e-04)
4042          	(8.523862e-01 8.213325e-01 -4.684955e+02)	(8.499769e-01 8.237427e-01 -4.684947e+02)	(2.409311e-03 -2.410167e-03 -8.095240e-04)
4043          	(8.529441e-01 8.220970e-01 -4.684954e+02)	(8.505386e-01 8.245031e-01 -4.684946e+02)	(2.405469e-03 -2.406153e-03 -8.095911e-04)
4044          	(8.551107e-01 8.243931e-01 -4.684955e+02)	(8.527090e-01 8.267950e-01 -4.684947e+02)	(2.401740e-03 -2.401948e-03 -8.097573e-04)
4045          	(8.576320e-01 8.269779e-01 -4.684955e+02)	(8.552338e-01 8.293757e-01 -4.684947e+02)	(2.398155e-03 -2.397817e-03 -8.098577e-04)
4046          	(8.602885e-01 8.296313e-01 -4.684957e+02)	(8.578936e-01 8.320252e-01 -4.684949e+02)	(2.394901e-03 -2.393880e-03 -8.100679e-04)
4047          	(8.627072e-01 8.320457e-01 -4.684959e+02)	(8.603154e-01 8.344359e-01 -4.684951e+02)	(2.391800e-03 -2.390214e-03 -8.101930e-04)
4048          	(8.648284e-01 8.342032e-01 -4.684962e+02)	(8.624397e-01 8.365899e-01 -4.684954e+02)	(2.388708e-03 -2.386622e-03 -8.104053e-04)
4049          	(8.666531e-01 8.361341e-01 -4.684965e+02)	(8.642678e-01 8.385171e-01 -4.684957e+02)	(2.385330e-03 -2.383053e-03 -8.105309e-04)
4050          	(8.668469e-01 8.365656e-01 -4.684965e+02)	(8.644654e-01 8.389451e-01 -4.684957e+02)	(2.381490e-03 -2.379431e-03 -8.107027e-04)
4051          	(8.670706e-01 8.370139e-01 -4.684966e+02)	(8.646932e-01 8.393898e-01 -4.684958e+02)	(2.377400e-03 -2.375914e-03 -8.107478e-04)
4052          	(8.673212e-01 8.374696e-01 -4.684966e+02)	(8.649479e-01 8.398421e-01 -4.684958e+02)	(2.373371e-03 -2.372468e-03 -8.108480e-04)
4053          	(8.675885e-01 8.379237e-01 -4.684967e+02)	(8.652190e-01 8.402929e-01 -4.684959e+02)	(2.369453e-03 -2.369185e-03 -8.108378e-04)
4054          	(8.672279e-01 8.380232e-01 -4.684988e+02)	(8.648632e-01 8.403885e-01 -4.684980e+02)	(2.364706e-03 -2.365323e-03 -8.108764e-04)
4055          	(8.672954e-01 8.382284e-01 -4.684989e+02)	(8.649351e-01 8.405902e-01 -4.684981e+02)	(2.360352e-03 -2.361862e-03 -8.107865e-04)
4056          	(8.673337e-01 8.383944e-01 -4.684989e+02)	(8.649771e-01 8.407531e-01 -4.684981e+02)	(2.356547e-03 -2.358642e-03 -8.107888e-04)
4057          	(8.673741e-01 8.385569e-01 -4.684990e+02)	(8.650211e-01 8.409125e-01 -4.684982e+02)	(2.352997e-03 -2.355610e-03 -8.107194e-04)
4058          	(8.674355e-01 8.387356e-01 -4.684990e+02)	(8.650858e-01 8.410883e-01 -4.684982e+02)	(2.349665e-03 -2.352652e-03 -8.107640e-04)
4059          	(8.675405e-01 8.389541e-01 -4.684991e+02)	(8.651940e-01 8.413039e-01 -4.684983e+02)	(2.346436e-03 -2.349794e-03 -8.107693e-04)
4060          	(8.677514e-01 8.392723e-01 -4.684991e+02)	(8.654081e-01 8.416192e-01 -4.684983e+02)	(2.343303e-03 -2.346963e-03 -8.108891e-04)
4061          	(8.680572e-01 8.396976e-01 -4.684992e+02)	(8.657171e-01 8.420418e-01 -4.684984e+02)	(2.340180e-03 -2.344144e-03 -8.109592e-04)
4062          	(8.690225e-01 8.408247e-01 -4.684994e+02)	(8.666856e-01 8.431658e-01 -4.684986e+02)	(2.336860e-03 -2.341073e-03 -8.111352e-04)
4063          	(8.697024e-01 8.416508e-01 -4.684995e+02)	(8.673690e-01 8.439887e-01 -4.684987e+02)	(2.333400e-03 -2.337959e-03 -8.112315e-04)
4064          	(8.700038e-01 8.420638e-01 -4.684996e+02)	(8.676738e-01 8.443988e-01 -4.684988e+02)	(2.330026e-03 -2.334965e-03 -8.113974e-04)
4065          	(8.702652e-01 8.424183e-01 -4.684997e+02)	(8.679384e-01 8.447504e-01 -4.684988e+02)	(2.326782e-03 -2.332150e-03 -8.114771e-04)
4066          	(8.705330e-01 8.427759e-01 -4.684997e+02)	(8.682093e-01 8.451054e-01 -4.684989e+02)	(2.323664e-03 -2.329453e-03 -8.116241e-04)
4067          	(8.708119e-01 8.431437e-01 -4.684998e+02)	(8.684913e-01 8.454706e-01 -4.684990e+02)	(2.320644e-03 -2.326891e-03 -8.116860e-04)
4068          	(8.710871e-01 8.435059e-01 -4.684998e+02)	(8.687694e-01 8.458303e-01 -4.684990e+02)	(2.317724e-03 -2.324433e-03 -8.118190e-04)
4069          	(8.713199e-01 8.438093e-01 -4.684999e+02)	(8.690049e-01 8.461315e-01 -4.684990e+02)	(2.314925e-03 -2.322144e-03 -8.118659e-04)
4070          	(8.715269e-01 8.440809e-01 -4.684999e+02)	(8.692147e-01 8.464009e-01 -4.684991e+02)	(2.312256e-03 -2.319982e-03 -8.119910e-04)
4071          	(8.716782e-01 8.442862e-01 -4.684999e+02)	(8.693685e-01 8.466042e-01 -4.684991e+02)	(2.309708e-03 -2.317983e-03 -8.120373e-04)
4072          	(8.718020e-01 8.444706e-01 -4.684999e+02)	(8.694947e-01 8.467867e-01 -4.684991e+02)	(2.307231e-03 -2.316070e-03 -8.121660e-04)
4073          	(8.718829e-01 8.446137e-01 -4.684999e+02)	(8.695781e-01 8.469280e-01 -4.684991e+02)	(2.304804e-03 -2.314231e-03 -8.122176e-04)
4074          	(8.719046e-01 8.446894e-01 -4.684999e+02)	(8.696021e-01 8.470018e-01 -4.684991e+02)	(2.302462e-03 -2.312462e-03 -8.123437e-04)
4075          	(8.718766e-01 8.447063e-01 -4.684999e+02)	(8.695764e-01 8.470171e-01 -4.684991e+02)	(2.300221e-03 -2.310793e-03 -8.123894e-04)
4076          	(8.718037e-01 8.446674e-01 -4.684999e+02)	(8.695056e-01 8.469767e-01 -4.684991e+02)	(2.298115e-03 -2.309216e-03 -8.125179e-04)
4077          	(8.716778e-01 8.445525e-01 -4.684999e+02)	(8.693815e-01 8.468603e-01 -4.684990e+02)	(2.296211e-03 -2.307799e-03 -8.125628e-04)
4078          	(8.727074e-01 8.451861e-01 -4.684975e+02)	(8.704115e-01 8.474935e-01 -4.684967e+02)	(2.295883e-03 -2.307419e-03 -8.126898e-04)
4079          	(8.735000e-01 8.457317e-01 -4.684948e+02)	(8.712037e-01 8.480392e-01 -4.684940e+02)	(2.296289e-03 -2.307495e-03 -8.127900e-04)
4080          	(8.738138e-01 8.460164e-01 -4.684925e+02)	(8.715175e-01 8.483237e-01 -4.684917e+02)	(2.296239e-03 -2.307378e-03 -8.129757e-04)
4081          	(8.727438e-01 8.452949e-01 -4.684920e+02)	(8.704493e-01 8.476013e-01 -4.684912e+02)	(2.294582e-03 -2.306397e-03 -8.130643e-04)
4082          	(8.718825e-01 8.446900e-01 -4.684917e+02)	(8.695903e-01 8.469950e-01 -4.684908e+02)	(2.292103e-03 -2.304995e-03 -8.131848e-04)
4083          	(8.709676e-01 8.438848e-01 -4.684911e+02)	(8.686779e-01 8.461886e-01 -4.684903e+02)	(2.289778e-03 -2.303728e-03 -8.131692e-04)
4084          	(8.708186e-01 8.437553e-01 -4.684911e+02)	(8.685307e-01 8.460579e-01 -4.684903e+02)	(2.287911e-03 -2.302622e-03 -8.132064e-04)
4085          	(8.706378e-01 8.435216e-01 -4.684911e+02)	(8.683512e-01 8.458235e-01 -4.684903e+02)	(2.286646e-03 -2.301850e-03 -8.131473e-04)
4086          	(8.704386e-01 8.432295e-01 -4.684911e+02)	(8.681527e-01 8.455309e-01 -4.684903e+02)	(2.285945e-03 -2.301407e-03 -8.131629e-04)
4087          	(8.703247e-01 8.430133e-01 -4.684911e+02)	(8.680391e-01 8.453145e-01 -4.684903e+02)	(2.285621e-03 -2.301229e-03 -8.131068e-04)
4088          	(8.702573e-01 8.428404e-01 -4.684911e+02)	(8.679718e-01 8.451416e-01 -4.684903e+02)	(2.285549e-03 -2.301235e-03 -8.131564e-04)
4089          	(8.702324e-01 8.427152e-01 -4.684911e+02)	(8.679468e-01 8.450167e-01 -4.684903e+02)	(2.285627e-03 -2.301419e-03 -8.131538e-04)
4090          	(8.702138e-01 8.425846e-01 -4.684911e+02)	(8.679280e-01 8.448864e-01 -4.684903e+02)	(2.285863e-03 -2.301777e-03 -8.132503e-04)
4091          	(8.701749e-01 8.423604e-01 -4.684911e+02)	(8.678884e-01 8.446629e-01 -4.684903e+02)	(2.286484e-03 -2.302542e-03 -8.132846e-04)
4092          	(8.701518e-01 8.421319e-01 -4.684911e+02)	(8.678643e-01 8.444356e-01 -4.684903e+02)	(2.287493e-03 -2.303668e-03 -8.134050e-04)
4093          	(8.701532e-01 8.419383e-01 -4.684911e+02)	(8.678644e-01 8.442434e-01 -4.684903e+02)	(2.288758e-03 -2.305086e-03 -8.134415e-04)
4094          	(8.701791e-01 8.417972e-01 -4.684911e+02)	(8.678890e-01 8.441038e-01 -4.684903e+02)	(2.290143e-03 -2.306644e-03 -8.135509e-04)
4095          	(8.702281e-01 8.417030e-01 -4.684912e+02)	(8.679366e-01 8.440113e-01 -4.684904e+02)	(2.291549e-03 -2.308285e-03 -8.135578e-04)
4096          	(8.703033e-01 8.416863e-01 -4.684912e+02)	(8.680105e-01 8.439962e-01 -4.684904e+02)	(2.292818e-03 -2.309827e-03 -8.136239e-04)
4097          	(8.703520e-01 8.416406e-01 -4.684912e+02)	(8.680580e-01 8.439519e-01 -4.684904e+02)	(2.294020e-03 -2.311361e-03 -8.135904e-04)
4098          	(8.703687e-01 8.415665e-01 -4.684913e+02)	(8.680735e-01 8.438794e-01 -4.684905e+02)	(2.295191e-03 -2.312856e-03 -8.136219e-04)
4099          	(8.703361e-01 8.414443e-01 -4.684913e+02)	(8.680397e-01 8.437587e-01 -4.684905e+02)	(2.296339e-03 -2.314351e-03 -8.135599e-04)
4100          	(8.701950e-01 8.412100e-01 -4.684914e+02)	(8.678975e-01 8.435259e-01 -4.684906e+02)	(2.297499e-03 -2.315851e-03 -8.135774e-04)
4101          	(8.691621e-01 8.402608e-01 -4.684939e+02)	(8.668641e-01 8.425778e-01 -4.684931e+02)	(2.298075e-03 -2.317067e-03 -8.135094e-04)
4102          	(8.684181e-01 8.393987e-01 -4.684941e+02)	(8.661192e-01 8.417172e-01 -4.684933e+02)	(2.298919e-03 -2.318465e-03 -8.135152e-04)
4103          	(8.656687e-01 8.369322e-01 -4.684967e+02)	(8.633699e-01 8.392516e-01 -4.684959e+02)	(2.298832e-03 -2.319368e-03 -8.134385e-04)
4104          	(8.651868e-01 8.363130e-01 -4.684968e+02)	(8.628875e-01 8.386336e-01 -4.684960e+02)	(2.299294e-03 -2.320539e-03 -8.134288e-04)
4105          	(8.649032e-01 8.358981e-01 -4.684968e+02)	(8.626027e-01 8.382201e-01 -4.684960e+02)	(2.300431e-03 -2.321971e-03 -8.133634e-04)
4106          	(8.646276e-01 8.354785e-01 -4.684968e+02)	(8.623257e-01 8.378020e-01 -4.684960e+02)	(2.301931e-03 -2.323568e-03 -8.134072e-04)
4107          	(8.644750e-01 8.352160e-01 -4.684968e+02)	(8.621715e-01 8.375412e-01 -4.684960e+02)	(2.303536e-03 -2.325207e-03 -8.133865e-04)
4108          	(8.641830e-01 8.347251e-01 -4.684969e+02)	(8.618775e-01 8.370523e-01 -4.684961e+02)	(2.305503e-03 -2.327130e-03 -8.134510e-04)
4109          	(8.634577e-01 8.337257e-01 -4.684971e+02)	(8.611496e-01 8.360553e-01 -4.684963e+02)	(2.308065e-03 -2.329643e-03 -8.134201e-04)
4110          	(8.620770e-01 8.324118e-01 -4.684991e+02)	(8.597671e-01 8.347435e-01 -4.684983e+02)	(2.309895e-03 -2.331739e-03 -8.134908e-04)
4111          	(8.611606e-01 8.314616e-01 -4.685005e+02)	(8.588493e-01 8.337954e-01 -4.684997e+02)	(2.311362e-03 -2.333752e-03 -8.134247e-04)
4112          	(8.610056e-01 8.311511e-01 -4.685006e+02)	(8.586924e-01 8.334869e-01 -4.684998e+02)	(2.313200e-03 -2.335879e-03 -8.134637e-04)
4113          	(8.608266e-01 8.308220e-01 -4.685006e+02)	(8.585113e-01 8.331602e-01 -4.684998e+02)	(2.315285e-03 -2.338150e-03 -8.134132e-04)
4114          	(8.606220e-01 8.304724e-01 -4.685006e+02)	(8.583045e-01 8.328129e-01 -4.684998e+02)	(2.317493e-03 -2.340467e-03 -8.134614e-04)
4115          	(8.603938e-01 8.301064e-01 -4.685007e+02)	(8.580740e-01 8.324493e-01 -4.684998e+02)	(2.319761e-03 -2.342831e-03 -8.134255e-04)
4116          	(8.601361e-01 8.297170e-01 -4.685007e+02)	(8.578141e-01 8.320622e-01 -4.684999e+02)	(2.322049e-03 -2.345203e-03 -8.134865e-04)
4117          	(8.598380e-01 8.292904e-01 -4.685007e+02)	(8.575137e-01 8.316380e-01 -4.684999e+02)	(2.324318e-03 -2.347627e-03 -8.134456e-04)
4118          	(8.594855e-01 8.288106e-01 -4.685007e+02)	(8.571589e-01 8.311607e-01 -4.684999e+02)	(2.326607e-03 -2.350054e-03 -8.135148e-04)
4119          	(8.589874e-01 8.281839e-01 -4.685007e+02)	(8.566585e-01 8.305364e-01 -4.684998e+02)	(2.328901e-03 -2.352580e-03 -8.134780e-04)
4120          	(8.571844e-01 8.262954e-01 -4.685005e+02)	(8.548532e-01 8.286507e-01 -4.684996e+02)	(2.331202e-03 -2.355224e-03 -8.135329e-04)
4121          	(8.550495e-01 8.241005e-01 -4.684999e+02)	(8.527161e-01 8.264585e-01 -4.684991e+02)	(2.333463e-03 -2.358000e-03 -8.134681e-04)
4122          	(8.548026e-01 8.237256e-01 -4.684999e+02)	(8.524667e-01 8.260863e-01 -4.684991e+02)	(2.335896e-03 -2.360707e-03 -8.135172e-04)
4123          	(8.551226e-01 8.235685e-01 -4.684975e+02)	(8.527829e-01 8.259327e-01 -4.684966e+02)	(2.339692e-03 -2.364276e-03 -8.134689e-04)
4124          	(8.551411e-01 8.234902e-01 -4.684974e+02)	(8.527979e-01 8.258577e-01 -4.684966e+02)	(2.343210e-03 -2.367464e-03 -8.135738e-04)
4125          	(8.551652e-01 8.234283e-01 -4.684974e+02)	(8.528191e-01 8.257987e-01 -4.684966e+02)	(2.346126e-03 -2.370360e-03 -8.135561e-04)
4126          	(8.551473e-01 8.233329e-01 -4.684973e+02)	(8.527986e-01 8.257059e-01 -4.684965e+02)	(2.348701e-03 -2.372999e-03 -8.136283e-04)
4127          	(8.546473e-01 8.225077e-01 -4.684951e+02)	(8.522953e-01 8.248840e-01 -4.684942e+02)	(2.351974e-03 -2.376267e-03 -8.135770e-04)
4128          	(8.546930e-01 8.224917e-01 -4.684950e+02)	(8.523380e-01 8.248708e-01 -4.684942e+02)	(2.354920e-03 -2.379144e-03 -8.136506e-04)
4129          	(8.541724e-01 8.220467e-01 -4.684948e+02)	(8.518154e-01 8.244282e-01 -4.684940e+02)	(2.356941e-03 -2.381474e-03 -8.135985e-04)
4130          	(8.541575e-01 8.219657e-01 -4.684948e+02)	(8.517986e-01 8.243494e-01 -4.684940e+02)	(2.358884e-03 -2.383665e-03 -8.136414e-04)
4131          	(8.540783e-01 8.218083e-01 -4.684947e+02)	(8.517174e-01 8.241942e-01 -4.684939e+02)	(2.360907e-03 -2.385861e-03 -8.135768e-04)
4132          	(8.538835e-01 8.215059e-01 -4.684947e+02)	(8.515204e-01 8.238940e-01 -4.684939e+02)	(2.363089e-03 -2.388074e-03 -8.136091e-04)
4133          	(8.536002e-01 8.211052e-01 -4.684947e+02)	(8.512348e-01 8.234956e-01 -4.684938e+02)	(2.365382e-03 -2.390404e-03 -8.135369e-04)
4134          	(8.532217e-01 8.206017e-01 -4.684946e+02)	(8.508539e-01 8.229945e-01 -4.684938e+02)	(2.367828e-03 -2.392806e-03 -8.135652e-04)
4135          	(8.506090e-01 8.180018e-01 -4.684940e+02)	(8.482390e-01 8.203971e-01 -4.684932e+02)	(2.369991e-03 -2.395320e-03 -8.134532e-04)
4136          	(8.487087e-01 8.159894e-01 -4.684930e+02)	(8.463362e-01 8.183876e-01 -4.684921e+02)	(2.372474e-03 -2.398156e-03 -8.134131e-04)
4137          	(8.484168e-01 8.155078e-01 -4.684930e+02)	(8.460414e-01 8.179090e-01 -4.684921e+02)	(2.375410e-03 -2.401166e-03 -8.132907e-04)
4138          	(8.481278e-01 8.150132e-01 -4.684930e+02)	(8.457491e-01 8.174175e-01 -4.684922e+02)	(2.378725e-03 -2.404277e-03 -8.132825e-04)
4139          	(8.497810e-01 8.160518e-01 -4.684919e+02)	(8.473974e-01 8.184601e-01 -4.684911e+02)	(2.383529e-03 -2.408353e-03 -8.132083e-04)
4140          	(8.498477e-01 8.160133e-01 -4.684919e+02)	(8.474599e-01 8.184252e-01 -4.684910e+02)	(2.387825e-03 -2.411920e-03 -8.132838e-04)
4141          	(8.499491e-01 8.160325e-01 -4.684918e+02)	(8.475579e-01 8.184476e-01 -4.684910e+02)	(2.391210e-03 -2.415103e-03 -8.132555e-04)
4142          	(8.500333e-01 8.160478e-01 -4.684918e+02)	(8.476391e-01 8.184657e-01 -4.684910e+02)	(2.394143e-03 -2.417940e-03 -8.133233e-04)
4143          	(8.500592e-01 8.160104e-01 -4.684918e+02)	(8.476625e-01 8.184310e-01 -4.684910e+02)	(2.396707e-03 -2.420562e-03 -8.132814e-04)
4144          	(8.500080e-01 8.158953e-01 -4.684918e+02)	(8.476089e-01 8.183183e-01 -4.684910e+02)	(2.399100e-03 -2.422984e-03 -8.133240e-04)
4145          	(8.498688e-01 8.156875e-01 -4.684918e+02)	(8.474675e-01 8.181128e-01 -4.684909e+02)	(2.401362e-03 -2.425342e-03 -8.132602e-04)
4146          	(8.496424e-01 8.153855e-01 -4.684917e+02)	(8.472387e-01 8.178131e-01 -4.684909e+02)	(2.403655e-03 -2.427627e-03 -8.132801e-04)
4147          	(8.493370e-01 8.149973e-01 -4.684917e+02)	(8.469310e-01 8.174272e-01 -4.684909e+02)	(2.405930e-03 -2.429940e-03 -8.131898e-04)
4148          	(8.488871e-01 8.144514e-01 -4.684917e+02)	(8.464787e-01 8.168837e-01 -4.684909e+02)	(2.408316e-03 -2.432278e-03 -8.131916e-04)
4149          	(8.483654e-01 8.138293e-01 -4.684917e+02)	(8.459547e-01 8.162641e-01 -4.684909e+02)	(2.410726e-03 -2.434715e-03 -8.130869e-04)
4150          	(8.476012e-01 8.129552e-01 -4.684917e+02)	(8.451879e-01 8.153925e-01 -4.684909e+02)	(2.413257e-03 -2.437241e-03 -8.130660e-04)
4151          	(8.467735e-01 8.120154e-01 -4.684917e+02)	(8.443576e-01 8.144553e-01 -4.684909e+02)	(2.415837e-03 -2.439899e-03 -8.129570e-04)
4152          	(8.459124e-01 8.110412e-01 -4.684917e+02)	(8.434938e-01 8.134838e-01 -4.684909e+02)	(2.418532e-03 -2.442600e-03 -8.129253e-04)
4153          	(8.440563e-01 8.091121e-01 -4.684917e+02)	(8.416351e-01 8.115575e-01 -4.684909e+02)	(2.421197e-03 -2.445465e-03 -8.128060e-04)
4154          	(8.436724e-01 8.086266e-01 -4.684917e+02)	(8.412485e-01 8.110747e-01 -4.684909e+02)	(2.423960e-03 -2.448185e-03 -8.127987e-04)
4155          	(8.433213e-01 8.081690e-01 -4.684917e+02)	(8.408945e-01 8.106199e-01 -4.684909e+02)	(2.426751e-03 -2.450829e-03 -8.127114e-04)
4156          	(8.429905e-01 8.077286e-01 -4.684918e+02)	(8.405610e-01 8.101820e-01 -4.684909e+02)	(2.429573e-03 -2.453383e-03 -8.127137e-04)
4157          	(8.426727e-01 8.073011e-01 -4.684918e+02)	(8.402403e-01 8.097571e-01 -4.684910e+02)	(2.432339e-03 -2.455907e-03 -8.126317e-04)
4158          	(8.423657e-01 8.068889e-01 -4.684918e+02)	(8.399306e-01 8.093472e-01 -4.684910e+02)	(2.435108e-03 -2.458334e-03 -8.126239e-04)
4159          	(8.420705e-01 8.064965e-01 -4.684918e+02)	(8.396327e-01 8.089572e-01 -4.684910e+02)	(2.437776e-03 -2.460723e-03 -8.125265e-04)
4160          	(8.417860e-01 8.061254e-01 -4.684919e+02)	(8.393456e-01 8.085884e-01 -4.684911e+02)	(2.440394e-03 -2.462999e-03 -8.125053e-04)
4161          	(8.414961e-01 8.057601e-01 -4.684919e+02)	(8.390532e-01 8.082254e-01 -4.684911e+02)	(2.442874e-03 -2.465221e-03 -8.123976e-04)
4162          	(8.412020e-01 8.054015e-01 -4.684919e+02)	(8.387567e-01 8.078688e-01 -4.684911e+02)	(2.445272e-03 -2.467319e-03 -8.123672e-04)
4163          	(8.408790e-01 8.050216e-01 -4.684920e+02)	(8.384315e-01 8.074910e-01 -4.684912e+02)	(2.447526e-03 -2.469357e-03 -8.122546e-04)
4164          	(8.405376e-01 8.046293e-01 -4.684920e+02)	(8.380879e-01 8.071006e-01 -4.684912e+02)	(2.449702e-03 -2.471277e-03 -8.122237e-04)
4165          	(8.401735e-01 8.042171e-01 -4.684920e+02)	(8.377217e-01 8.066902e-01 -4.684912e+02)	(2.451768e-03 -2.473150e-03 -8.121116e-04)
4166          	(8.397231e-01 8.037153e-01 -4.684920e+02)	(8.372693e-01 8.061903e-01 -4.684912e+02)	(2.453786e-03 -2.474946e-03 -8.120809e-04)
4167          	(8.392589e-01 8.031957e-01 -4.684920e+02)	(8.368032e-01 8.056724e-01 -4.684912e+02)	(2.455753e-03 -2.476728e-03 -8.119600e-04)
4168          	(8.377980e-01 8.017206e-01 -4.684921e+02)	(8.353403e-01 8.041990e-01 -4.684913e+02)	(2.457651e-03 -2.478496e-03 -8.119014e-04)
4169          	(8.357089e-01 7.997752e-01 -4.684925e+02)	(8.332500e-01 8.022552e-01 -4.684917e+02)	(2.458933e-03 -2.479952e-03 -8.117433e-04)
4170          	(8.351369e-01 7.990752e-01 -4.684926e+02)	(8.326761e-01 8.015568e-01 -4.684918e+02)	(2.460741e-03 -2.481599e-03 -8.116470e-04)
4171          	(8.352152e-01 7.990483e-01 -4.684934e+02)	(8.327524e-01 8.015315e-01 -4.684926e+02)	(2.462854e-03 -2.483223e-03 -8.115013e-04)
4172          	(8.356015e-01 7.993018e-01 -4.684941e+02)	(8.331364e-01 8.017866e-01 -4.684933e+02)	(2.465154e-03 -2.484796e-03 -8.114550e-04)
4173          	(8.360687e-01 7.996452e-01 -4.684947e+02)	(8.336012e-01 8.021316e-01 -4.684939e+02)	(2.467478e-03 -2.486364e-03 -8.113393e-04)
4174          	(8.364802e-01 7.999630e-01 -4.684953e+02)	(8.340105e-01 8.024508e-01 -4.684945e+02)	(2.469708e-03 -2.487810e-03 -8.113117e-04)
4175          	(8.364729e-01 7.998826e-01 -4.684953e+02)	(8.340011e-01 8.023718e-01 -4.684945e+02)	(2.471777e-03 -2.489235e-03 -8.112004e-04)
4176          	(8.365666e-01 7.999380e-01 -4.684954e+02)	(8.340929e-01 8.024285e-01 -4.684945e+02)	(2.473638e-03 -2.490479e-03 -8.111579e-04)
4177          	(8.366597e-01 8.000211e-01 -4.684954e+02)	(8.341845e-01 8.025126e-01 -4.684945e+02)	(2.475205e-03 -2.491551e-03 -8.110382e-04)
4178          	(8.367566e-01 8.001161e-01 -4.684954e+02)	(8.342800e-01 8.026086e-01 -4.684945e+02)	(2.476592e-03 -2.492411e-03 -8.109889e-04)
4179          	(8.368532e-01 8.002163e-01 -4.684954e+02)	(8.343755e-01 8.027095e-01 -4.684946e+02)	(2.477792e-03 -2.493157e-03 -8.108439e-04)
4180          	(8.369463e-01 8.003163e-01 -4.684954e+02)	(8.344675e-01 8.028101e-01 -4.684946e+02)	(2.478862e-03 -2.493746e-03 -8.107702e-04)
4181          	(8.370312e-01 8.004100e-01 -4.684954e+02)	(8.345514e-01 8.029043e-01 -4.684946e+02)	(2.479786e-03 -2.494253e-03 -8.106029e-04)
4182          	(8.371046e-01 8.004941e-01 -4.684954e+02)	(8.346239e-01 8.029888e-01 -4.684946e+02)	(2.480638e-03 -2.494636e-03 -8.104939e-04)
4183          	(8.371678e-01 8.005724e-01 -4.684954e+02)	(8.346864e-01 8.030674e-01 -4.684946e+02)	(2.481370e-03 -2.494961e-03 -8.102962e-04)
4184          	(8.372239e-01 8.006522e-01 -4.684955e+02)	(8.347419e-01 8.031473e-01 -4.684946e+02)	(2.482025e-03 -2.495149e-03 -8.101715e-04)
4185          	(8.373016e-01 8.007712e-01 -4.684955e+02)	(8.348191e-01 8.032664e-01 -4.684947e+02)	(2.482494e-03 -2.495225e-03 -8.099719e-04)
4186          	(8.373688e-01 8.008987e-01 -4.684955e+02)	(8.348860e-01 8.033938e-01 -4.684947e+02)	(2.482784e-03 -2.495076e-03 -8.098455e-04)
4187          	(8.374162e-01 8.010250e-01 -4.684955e+02)	(8.349334e-01 8.035197e-01 -4.684947e+02)	(2.482823e-03 -2.494756e-03 -8.096560e-04)
4188          	(8.374364e-01 8.011379e-01 -4.684955e+02)	(8.349537e-01 8.036321e-01 -4.684947e+02)	(2.482673e-03 -2.494202e-03 -8.095520e-04)
4189          	(8.374270e-01 8.012323e-01 -4.684955e+02)	(8.349447e-01 8.037258e-01 -4.684947e+02)	(2.482286e-03 -2.493496e-03 -8.093865e-04)
4190          	(8.373608e-01 8.012454e-01 -4.684955e+02)	(8.348789e-01 8.037381e-01 -4.684947e+02)	(2.481864e-03 -2.492690e-03 -8.093082e-04)
4191          	(8.372949e-01 8.012627e-01 -4.684955e+02)	(8.348136e-01 8.037545e-01 -4.684947e+02)	(2.481354e-03 -2.491849e-03 -8.091656e-04)
4192          	(8.372339e-01 8.012898e-01 -4.684955e+02)	(8.347531e-01 8.037807e-01 -4.684947e+02)	(2.480796e-03 -2.490876e-03 -8.091210e-04)
4193          	(8.371780e-01 8.013315e-01 -4.684955e+02)	(8.346979e-01 8.038214e-01 -4.684947e+02)	(2.480096e-03 -2.489851e-03 -8.090145e-04)
4194          	(8.371259e-01 8.013939e-01 -4.684954e+02)	(8.346466e-01 8.038825e-01 -4.684946e+02)	(2.479289e-03 -2.488640e-03 -8.090130e-04)
4195          	(8.370780e-01 8.014856e-01 -4.684954e+02)	(8.345998e-01 8.039729e-01 -4.684946e+02)	(2.478226e-03 -2.487282e-03 -8.089398e-04)
4196          	(8.357577e-01 8.005760e-01 -4.684945e+02)	(8.332815e-01 8.030612e-01 -4.684937e+02)	(2.476132e-03 -2.485165e-03 -8.089622e-04)
4197          	(8.367260e-01 8.014076e-01 -4.684921e+02)	(8.342509e-01 8.038913e-01 -4.684913e+02)	(2.475023e-03 -2.483690e-03 -8.088944e-04)
4198          	(8.372818e-01 8.019859e-01 -4.684903e+02)	(8.348075e-01 8.044681e-01 -4.684895e+02)	(2.474359e-03 -2.482174e-03 -8.089621e-04)
4199          	(8.373223e-01 8.021179e-01 -4.684903e+02)	(8.348489e-01 8.045986e-01 -4.684895e+02)	(2.473429e-03 -2.480640e-03 -8.089432e-04)
4200          	(8.374121e-01 8.022798e-01 -4.684902e+02)	(8.349397e-01 8.047589e-01 -4.684894e+02)	(2.472429e-03 -2.479076e-03 -8.089912e-04)
4201          	(8.388709e-01 8.036982e-01 -4.684901e+02)	(8.363993e-01 8.061758e-01 -4.684893e+02)	(2.471624e-03 -2.477622e-03 -8.089425e-04)
4202          	(8.402109e-01 8.050239e-01 -4.684901e+02)	(8.377400e-01 8.075001e-01 -4.684892e+02)	(2.470903e-03 -2.476108e-03 -8.089779e-04)
4203          	(8.408027e-01 8.056339e-01 -4.684901e+02)	(8.383327e-01 8.081086e-01 -4.684892e+02)	(2.470057e-03 -2.474708e-03 -8.089241e-04)
4204          	(8.421083e-01 8.069625e-01 -4.684901e+02)	(8.396392e-01 8.094357e-01 -4.684893e+02)	(2.469144e-03 -2.473155e-03 -8.089646e-04)
4205          	(8.442788e-01 8.091167e-01 -4.684903e+02)	(8.418106e-01 8.115883e-01 -4.684895e+02)	(2.468178e-03 -2.471548e-03 -8.089345e-04)
4206          	(8.465581e-01 8.113915e-01 -4.684905e+02)	(8.440909e-01 8.138613e-01 -4.684897e+02)	(2.467179e-03 -2.469790e-03 -8.090133e-04)
4207          	(8.474208e-01 8.124213e-01 -4.684918e+02)	(8.449552e-01 8.148891e-01 -4.684910e+02)	(2.465575e-03 -2.467823e-03 -8.089947e-04)
4208          	(8.477836e-01 8.130358e-01 -4.684933e+02)	(8.453202e-01 8.155012e-01 -4.684924e+02)	(2.463355e-03 -2.465462e-03 -8.090551e-04)
4209          	(8.477951e-01 8.133769e-01 -4.684948e+02)	(8.453347e-01 8.158397e-01 -4.684939e+02)	(2.460394e-03 -2.462727e-03 -8.090094e-04)
4210          	(8.479420e-01 8.137188e-01 -4.684948e+02)	(8.454845e-01 8.161787e-01 -4.684940e+02)	(2.457492e-03 -2.459937e-03 -8.090315e-04)
4211          	(8.480874e-01 8.140609e-01 -4.684948e+02)	(8.456327e-01 8.165181e-01 -4.684940e+02)	(2.454655e-03 -2.457170e-03 -8.089789e-04)
4212          	(8.481466e-01 8.144611e-01 -4.684962e+02)	(8.456952e-01 8.169150e-01 -4.684954e+02)	(2.451374e-03 -2.453904e-03 -8.090172e-04)
4213          	(8.482237e-01 8.147377e-01 -4.684963e+02)	(8.457756e-01 8.171884e-01 -4.684955e+02)	(2.448140e-03 -2.450718e-03 -8.089530e-04)
4214          	(8.483233e-01 8.150395e-01 -4.684963e+02)	(8.458782e-01 8.174869e-01 -4.684955e+02)	(2.445118e-03 -2.447473e-03 -8.090002e-04)
4215          	(8.484731e-01 8.153967e-01 -4.684963e+02)	(8.460310e-01 8.178409e-01 -4.684955e+02)	(2.442079e-03 -2.444210e-03 -8.089732e-04)
4216          	(8.486961e-01 8.158364e-01 -4.684964e+02)	(8.462571e-01 8.182772e-01 -4.684955e+02)	(2.439008e-03 -2.440781e-03 -8.090502e-04)
4217          	(8.490077e-01 8.163753e-01 -4.684964e+02)	(8.465720e-01 8.188125e-01 -4.684956e+02)	(2.435770e-03 -2.437244e-03 -8.090642e-04)
4218          	(8.494006e-01 8.169988e-01 -4.684964e+02)	(8.469682e-01 8.194323e-01 -4.684956e+02)	(2.432412e-03 -2.433511e-03 -8.091685e-04)
4219          	(8.498558e-01 8.176800e-01 -4.684964e+02)	(8.474269e-01 8.201098e-01 -4.684956e+02)	(2.428853e-03 -2.429720e-03 -8.091935e-04)
4220          	(8.503779e-01 8.184251e-01 -4.684964e+02)	(8.479527e-01 8.208509e-01 -4.684956e+02)	(2.425206e-03 -2.425786e-03 -8.093181e-04)
4221          	(8.509521e-01 8.192162e-01 -4.684964e+02)	(8.485307e-01 8.216380e-01 -4.684956e+02)	(2.421426e-03 -2.421827e-03 -8.093550e-04)
4222          	(8.519464e-01 8.204328e-01 -4.684964e+02)	(8.495288e-01 8.228505e-01 -4.684956e+02)	(2.417535e-03 -2.417665e-03 -8.094946e-04)
4223          	(8.532263e-01 8.219178e-01 -4.684964e+02)	(8.508128e-01 8.243312e-01 -4.684955e+02)	(2.413498e-03 -2.413433e-03 -8.095600e-04)
4224          	(8.550689e-01 8.239079e-01 -4.684964e+02)	(8.526594e-01 8.263170e-01 -4.684956e+02)	(2.409544e-03 -2.409140e-03 -8.097136e-04)
4225          	(8.570311e-01 8.259688e-01 -4.684964e+02)	(8.546254e-01 8.283738e-01 -4.684956e+02)	(2.405718e-03 -2.404995e-03 -8.097949e-04)
4226          	(8.589797e-01 8.279755e-01 -4.684964e+02)	(8.565775e-01 8.303765e-01 -4.684956e+02)	(2.402178e-03 -2.401020e-03 -8.099691e-04)
4227          	(8.607337e-01 8.297797e-01 -4.684965e+02)	(8.583349e-01 8.321771e-01 -4.684957e+02)	(2.398801e-03 -2.397323e-03 -8.100638e-04)
4228          	(8.621760e-01 8.312971e-01 -4.684965e+02)	(8.597804e-01 8.336909e-01 -4.684957e+02)	(2.395519e-03 -2.393747e-03 -8.102483e-04)
4229          	(8.623237e-01 8.316505e-01 -4.684966e+02)	(8.599318e-01 8.340408e-01 -4.684958e+02)	(2.391893e-03 -2.390251e-03 -8.103386e-04)
4230          	(8.626271e-01 8.321545e-01 -4.684966e+02)	(8.602389e-01 8.345413e-01 -4.684958e+02)	(2.388135e-03 -2.386732e-03 -8.104876e-04)
4231          	(8.643420e-01 8.339674e-01 -4.684967e+02)	(8.619574e-01 8.363507e-01 -4.684959e+02)	(2.384529e-03 -2.383320e-03 -8.105445e-04)
4232          	(8.646465e-01 8.344683e-01 -4.684968e+02)	(8.622656e-01 8.368482e-01 -4.684959e+02)	(2.380889e-03 -2.379905e-03 -8.106688e-04)
4233          	(8.650155e-01 8.350246e-01 -4.684968e+02)	(8.626383e-01 8.374012e-01 -4.684960e+02)	(2.377190e-03 -2.376591e-03 -8.106743e-04)
4234          	(8.654264e-01 8.356101e-01 -4.684968e+02)	(8.630528e-01 8.379834e-01 -4.684960e+02)	(2.373580e-03 -2.373284e-03 -8.107447e-04)
4235          	(8.676538e-01 8.378804e-01 -4.684974e+02)	(8.652835e-01 8.402505e-01 -4.684966e+02)	(2.370298e-03 -2.370053e-03 -8.107487e-04)
4236          	(8.679666e-01 8.383711e-01 -4.684975e+02)	(8.655997e-01 8.407379e-01 -4.684967e+02)	(2.366909e-03 -2.366782e-03 -8.108115e-04)
4237          	(8.682524e-01 8.388332e-01 -4.684975e+02)	(8.658891e-01 8.411968e-01 -4.684967e+02)	(2.363311e-03 -2.363566e-03 -8.107865e-04)
4238          	(8.685305e-01 8.392857e-01 -4.684976e+02)	(8.661708e-01 8.416460e-01 -4.684968e+02)	(2.359684e-03 -2.360316e-03 -8.108535e-04)
4239          	(8.688039e-01 8.397278e-01 -4.684977e+02)	(8.664479e-01 8.420849e-01 -4.684968e+02)	(2.356033e-03 -2.357099e-03 -8.108526e-04)
4240          	(8.694045e-01 8.407359e-01 -4.685000e+02)	(8.670530e-01 8.430891e-01 -4.684992e+02)	(2.351465e-03 -2.353149e-03 -8.109635e-04)
4241          	(8.694750e-01 8.409303e-01 -4.685000e+02)	(8.671279e-01 8.432799e-01 -4.684992e+02)	(2.347155e-03 -2.349567e-03 -8.109579e-04)
4242          	(8.695228e-01 8.410898e-01 -4.685001e+02)	(8.671795e-01 8.434361e-01 -4.684992e+02)	(2.343297e-03 -2.346297e-03 -8.110568e-04)
4243          	(8.695712e-01 8.412406e-01 -4.685001e+02)	(8.672314e-01 8.435839e-01 -4.684993e+02)	(2.339734e-03 -2.343270e-03 -8.111000e-04)
4244          	(8.696552e-01 8.414322e-01 -4.685001e+02)	(8.673188e-01 8.437726e-01 -4.684993e+02)	(2.336401e-03 -2.340385e-03 -8.112451e-04)
4245          	(8.697574e-01 8.416370e-01 -4.685002e+02)	(8.674242e-01 8.439746e-01 -4.684993e+02)	(2.333229e-03 -2.337672e-03 -8.113239e-04)
4246          	(8.699033e-01 8.418942e-01 -4.685002e+02)	(8.675731e-01 8.442292e-01 -4.684994e+02)	(2.330160e-03 -2.335036e-03 -8.114913e-04)
4247          	(8.700661e-01 8.421663e-01 -4.685002e+02)	(8.677390e-01 8.444988e-01 -4.684994e+02)	(2.327149e-03 -2.332502e-03 -8.115877e-04)
4248          	(8.702334e-01 8.424395e-01 -4.685003e+02)	(8.679092e-01 8.447696e-01 -4.684995e+02)	(2.324197e-03 -2.330026e-03 -8.117508e-04)
4249          	(8.703921e-01 8.427030e-01 -4.685004e+02)	(8.680708e-01 8.450306e-01 -4.684996e+02)	(2.321262e-03 -2.327619e-03 -8.118216e-04)
4250          	(8.705217e-01 8.429259e-01 -4.685004e+02)	(8.682033e-01 8.452512e-01 -4.684996e+02)	(2.318386e-03 -2.325278e-03 -8.119550e-04)
4251          	(8.706220e-01 8.431047e-01 -4.685005e+02)	(8.683064e-01 8.454277e-01 -4.684997e+02)	(2.315592e-03 -2.323049e-03 -8.119935e-04)
4252          	(8.707018e-01 8.432518e-01 -4.685005e+02)	(8.683889e-01 8.455727e-01 -4.684997e+02)	(2.312899e-03 -2.320908e-03 -8.121000e-04)
4253          	(8.707650e-01 8.433798e-01 -4.685005e+02)	(8.684547e-01 8.456987e-01 -4.684997e+02)	(2.310295e-03 -2.318859e-03 -8.121316e-04)
4254          	(8.708052e-01 8.434931e-01 -4.685006e+02)	(8.684975e-01 8.458099e-01 -4.684997e+02)	(2.307741e-03 -2.316843e-03 -8.122421e-04)
4255          	(8.708370e-01 8.435914e-01 -4.685006e+02)	(8.685317e-01 8.459063e-01 -4.684998e+02)	(2.305252e-03 -2.314895e-03 -8.122843e-04)
4256          	(8.708498e-01 8.436617e-01 -4.685006e+02)	(8.685469e-01 8.459748e-01 -4.684998e+02)	(2.302867e-03 -2.313010e-03 -8.124172e-04)
4257          	(8.708463e-01 8.437063e-01 -4.685006e+02)	(8.685457e-01 8.460175e-01 -4.684998e+02)	(2.300598e-03 -2.311226e-03 -8.124781e-04)
4258          	(8.708263e-01 8.437235e-01 -4.685006e+02)	(8.685278e-01 8.460330e-01 -4.684997e+02)	(2.298461e-03 -2.309539e-03 -8.126242e-04)
4259          	(8.707868e-01 8.437011e-01 -4.685005e+02)	(8.684903e-01 8.460091e-01 -4.684997e+02)	(2.296514e-03 -2.308020e-03 -8.127032e-04)
4260          	(8.724033e-01 8.448526e-01 -4.684977e+02)	(8.701070e-01 8.471602e-01 -4.684969e+02)	(2.296356e-03 -2.307663e-03 -8.128641e-04)
4261          	(8.735334e-01 8.457188e-01 -4.684947e+02)	(8.712365e-01 8.480266e-01 -4.684938e+02)	(2.296917e-03 -2.307764e-03 -8.129970e-04)
4262          	(8.740079e-01 8.461697e-01 -4.684923e+02)	(8.717110e-01 8.484773e-01 -4.684915e+02)	(2.296888e-03 -2.307635e-03 -8.132152e-04)
4263          	(8.737779e-01 8.460492e-01 -4.684909e+02)	(8.714819e-01 8.483563e-01 -4.684901e+02)	(2.296004e-03 -2.307168e-03 -8.133304e-04)
4264          	(8.731259e-01 8.456781e-01 -4.684907e+02)	(8.708319e-01 8.479841e-01 -4.684899e+02)	(2.294023e-03 -2.306054e-03 -8.134921e-04)
4265          	(8.730648e-01 8.457345e-01 -4.684906e+02)	(8.707730e-01 8.480393e-01 -4.684898e+02)	(2.291859e-03 -2.304860e-03 -8.135221e-04)
4266          	(8.728748e-01 8.456026e-01 -4.684906e+02)	(8.705848e-01 8.479064e-01 -4.684898e+02)	(2.289946e-03 -2.303764e-03 -8.135854e-04)
4267          	(8.726259e-01 8.453280e-01 -4.684906e+02)	(8.703373e-01 8.476309e-01 -4.684897e+02)	(2.288510e-03 -2.302976e-03 -8.135426e-04)
4268          	(8.724256e-01 8.450569e-01 -4.684906e+02)	(8.701381e-01 8.473594e-01 -4.684897e+02)	(2.287584e-03 -2.302481e-03 -8.135651e-04)
4269          	(8.721755e-01 8.447116e-01 -4.684906e+02)	(8.698884e-01 8.470139e-01 -4.684898e+02)	(2.287097e-03 -2.302288e-03 -8.135043e-04)
4270          	(8.719433e-01 8.443752e-01 -4.684906e+02)	(8.696564e-01 8.466775e-01 -4.684898e+02)	(2.286944e-03 -2.302344e-03 -8.135411e-04)
4271          	(8.717023e-01 8.440231e-01 -4.684906e+02)	(8.694152e-01 8.463258e-01 -4.684898e+02)	(2.287061e-03 -2.302652e-03 -8.135263e-04)
4272          	(8.715155e-01 8.437362e-01 -4.684906e+02)	(8.692281e-01 8.460393e-01 -4.684898e+02)	(2.287335e-03 -2.303112e-03 -8.136080e-04)
4273          	(8.713110e-01 8.434263e-01 -4.684906e+02)	(8.690233e-01 8.457300e-01 -4.684898e+02)	(2.287735e-03 -2.303751e-03 -8.136179e-04)
4274          	(8.710769e-01 8.430791e-01 -4.684907e+02)	(8.687887e-01 8.453837e-01 -4.684898e+02)	(2.288278e-03 -2.304554e-03 -8.137110e-04)
4275          	(8.706798e-01 8.425161e-01 -4.684907e+02)	(8.683906e-01 8.448218e-01 -4.684899e+02)	(2.289143e-03 -2.305715e-03 -8.137185e-04)
4276          	(8.703090e-01 8.419846e-01 -4.684908e+02)	(8.680187e-01 8.442917e-01 -4.684900e+02)	(2.290256e-03 -2.307110e-03 -8.137999e-04)
4277          	(8.699873e-01 8.415132e-01 -4.684908e+02)	(8.676957e-01 8.438219e-01 -4.684900e+02)	(2.291530e-03 -2.308673e-03 -8.137871e-04)
4278          	(8.696856e-01 8.410666e-01 -4.684909e+02)	(8.673926e-01 8.433769e-01 -4.684901e+02)	(2.292930e-03 -2.310348e-03 -8.138397e-04)
4279          	(8.695320e-01 8.408112e-01 -4.684910e+02)	(8.672377e-01 8.431232e-01 -4.684901e+02)	(2.294285e-03 -2.311999e-03 -8.138103e-04)
4280          	(8.693995e-01 8.405824e-01 -4.684910e+02)	(8.671039e-01 8.428960e-01 -4.684902e+02)	(2.295605e-03 -2.313604e-03 -8.138524e-04)
4281          	(8.692152e-01 8.402974e-01 -4.684911e+02)	(8.669183e-01 8.426127e-01 -4.684903e+02)	(2.296939e-03 -2.315233e-03 -8.138013e-04)
4282          	(8.660930e-01 8.376746e-01 -4.684951e+02)	(8.637967e-01 8.399904e-01 -4.684943e+02)	(2.296300e-03 -2.315762e-03 -8.138044e-04)
4283          	(8.656008e-01 8.370960e-01 -4.684976e+02)	(8.633048e-01 8.394125e-01 -4.684968e+02)	(2.296020e-03 -2.316541e-03 -8.136952e-04)
4284          	(8.649484e-01 8.363016e-01 -4.684977e+02)	(8.626516e-01 8.386193e-01 -4.684969e+02)	(2.296738e-03 -2.317701e-03 -8.136843e-04)
4285          	(8.644574e-01 8.356783e-01 -4.684977e+02)	(8.621595e-01 8.379974e-01 -4.684969e+02)	(2.297937e-03 -2.319096e-03 -8.136216e-04)
4286          	(8.640729e-01 8.351532e-01 -4.684977e+02)	(8.617734e-01 8.374739e-01 -4.684969e+02)	(2.299456e-03 -2.320639e-03 -8.136699e-04)
4287          	(8.639077e-01 8.348584e-01 -4.684977e+02)	(8.616066e-01 8.371806e-01 -4.684969e+02)	(2.301138e-03 -2.322263e-03 -8.136621e-04)
4288          	(8.638638e-01 8.347170e-01 -4.684977e+02)	(8.615610e-01 8.370408e-01 -4.684969e+02)	(2.302779e-03 -2.323825e-03 -8.137639e-04)
4289          	(8.638404e-01 8.345733e-01 -4.684978e+02)	(8.615359e-01 8.368988e-01 -4.684970e+02)	(2.304439e-03 -2.325455e-03 -8.137739e-04)
4290          	(8.638248e-01 8.344023e-01 -4.684978e+02)	(8.615186e-01 8.367295e-01 -4.684970e+02)	(2.306244e-03 -2.327218e-03 -8.138791e-04)
4291          	(8.638106e-01 8.342034e-01 -4.684978e+02)	(8.615024e-01 8.365326e-01 -4.684970e+02)	(2.308231e-03 -2.329213e-03 -8.138755e-04)
4292          	(8.637450e-01 8.339031e-01 -4.684979e+02)	(8.614345e-01 8.362346e-01 -4.684971e+02)	(2.310544e-03 -2.331516e-03 -8.139474e-04)
4293          	(8.636677e-01 8.335952e-01 -4.684980e+02)	(8.613546e-01 8.359293e-01 -4.684972e+02)	(2.313095e-03 -2.334096e-03 -8.139123e-04)
4294          	(8.635089e-01 8.332099e-01 -4.684981e+02)	(8.611931e-01 8.355468e-01 -4.684973e+02)	(2.315825e-03 -2.336894e-03 -8.139509e-04)
4295          	(8.633316e-01 8.328374e-01 -4.684982e+02)	(8.610130e-01 8.351772e-01 -4.684974e+02)	(2.318596e-03 -2.339841e-03 -8.139038e-04)
4296          	(8.631165e-01 8.324589e-01 -4.684983e+02)	(8.607952e-01 8.348017e-01 -4.684975e+02)	(2.321316e-03 -2.342797e-03 -8.139346e-04)
4297          	(8.608837e-01 8.303634e-01 -4.684988e+02)	(8.585606e-01 8.327087e-01 -4.684980e+02)	(2.323075e-03 -2.345327e-03 -8.138541e-04)
4298          	(8.606357e-01 8.299905e-01 -4.684989e+02)	(8.583107e-01 8.323384e-01 -4.684980e+02)	(2.324951e-03 -2.347870e-03 -8.138497e-04)
4299          	(8.603313e-01 8.295754e-01 -4.684989e+02)	(8.580042e-01 8.319258e-01 -4.684981e+02)	(2.327087e-03 -2.350425e-03 -8.137761e-04)
4300          	(8.599655e-01 8.291085e-01 -4.684989e+02)	(8.576362e-01 8.314614e-01 -4.684981e+02)	(2.329275e-03 -2.352898e-03 -8.138063e-04)
4301          	(8.594671e-01 8.285145e-01 -4.684990e+02)	(8.571356e-01 8.308699e-01 -4.684982e+02)	(2.331450e-03 -2.355354e-03 -8.137469e-04)
4302          	(8.588960e-01 8.278567e-01 -4.684990e+02)	(8.565624e-01 8.302144e-01 -4.684982e+02)	(2.333625e-03 -2.357721e-03 -8.137995e-04)
4303          	(8.575578e-01 8.264841e-01 -4.684990e+02)	(8.552222e-01 8.288442e-01 -4.684982e+02)	(2.335637e-03 -2.360072e-03 -8.137531e-04)
4304          	(8.562601e-01 8.251465e-01 -4.684989e+02)	(8.539225e-01 8.275088e-01 -4.684981e+02)	(2.337609e-03 -2.362351e-03 -8.138095e-04)
4305          	(8.550771e-01 8.239075e-01 -4.684988e+02)	(8.527375e-01 8.262722e-01 -4.684980e+02)	(2.339619e-03 -2.364666e-03 -8.137557e-04)
4306          	(8.546591e-01 8.233732e-01 -4.684988e+02)	(8.523173e-01 8.257401e-01 -4.684980e+02)	(2.341868e-03 -2.366977e-03 -8.138201e-04)
4307          	(8.542468e-01 8.228394e-01 -4.684987e+02)	(8.519026e-01 8.252088e-01 -4.684979e+02)	(2.344263e-03 -2.369377e-03 -8.137942e-04)
4308          	(8.538022e-01 8.222687e-01 -4.684987e+02)	(8.514554e-01 8.246405e-01 -4.684978e+02)	(2.346771e-03 -2.371807e-03 -8.138649e-04)
4309          	(8.532959e-01 8.216321e-01 -4.684986e+02)	(8.509466e-01 8.240064e-01 -4.684977e+02)	(2.349312e-03 -2.374348e-03 -8.138229e-04)
4310          	(8.526485e-01 8.205712e-01 -4.684963e+02)	(8.502954e-01 8.229489e-01 -4.684955e+02)	(2.353002e-03 -2.377744e-03 -8.138800e-04)
4311          	(8.525023e-01 8.203145e-01 -4.684962e+02)	(8.501459e-01 8.226954e-01 -4.684954e+02)	(2.356462e-03 -2.380938e-03 -8.138707e-04)
4312          	(8.523942e-01 8.201008e-01 -4.684962e+02)	(8.500347e-01 8.224847e-01 -4.684954e+02)	(2.359504e-03 -2.383860e-03 -8.139468e-04)
4313          	(8.522855e-01 8.198884e-01 -4.684961e+02)	(8.499232e-01 8.222751e-01 -4.684953e+02)	(2.362271e-03 -2.386689e-03 -8.139043e-04)
4314          	(8.521484e-01 8.196479e-01 -4.684961e+02)	(8.497835e-01 8.220372e-01 -4.684953e+02)	(2.364904e-03 -2.389390e-03 -8.139443e-04)
4315          	(8.504185e-01 8.180033e-01 -4.684952e+02)	(8.480517e-01 8.203951e-01 -4.684944e+02)	(2.366819e-03 -2.391784e-03 -8.138474e-04)
4316          	(8.502332e-01 8.176727e-01 -4.684952e+02)	(8.478642e-01 8.200669e-01 -4.684943e+02)	(2.369029e-03 -2.394254e-03 -8.138314e-04)
4317          	(8.502399e-01 8.171622e-01 -4.684930e+02)	(8.478669e-01 8.195600e-01 -4.684921e+02)	(2.372948e-03 -2.397869e-03 -8.137024e-04)
4318          	(8.502754e-01 8.170712e-01 -4.684930e+02)	(8.478987e-01 8.194724e-01 -4.684921e+02)	(2.376765e-03 -2.401179e-03 -8.137335e-04)
4319          	(8.503531e-01 8.170374e-01 -4.684930e+02)	(8.479730e-01 8.194417e-01 -4.684921e+02)	(2.380043e-03 -2.404243e-03 -8.136679e-04)
4320          	(8.504300e-01 8.170186e-01 -4.684930e+02)	(8.480469e-01 8.194257e-01 -4.684921e+02)	(2.383031e-03 -2.407064e-03 -8.136978e-04)
4321          	(8.504719e-01 8.169776e-01 -4.684930e+02)	(8.480862e-01 8.193873e-01 -4.684921e+02)	(2.385681e-03 -2.409726e-03 -8.136189e-04)
4322          	(8.504572e-01 8.168862e-01 -4.684929e+02)	(8.480690e-01 8.192984e-01 -4.684921e+02)	(2.388168e-03 -2.412193e-03 -8.136414e-04)
4323          	(8.503706e-01 8.167222e-01 -4.684929e+02)	(8.479801e-01 8.191368e-01 -4.684921e+02)	(2.390467e-03 -2.414591e-03 -8.135654e-04)
4324          	(8.501981e-01 8.164665e-01 -4.684929e+02)	(8.478054e-01 8.188834e-01 -4.684921e+02)	(2.392747e-03 -2.416887e-03 -8.135821e-04)
4325          	(8.497275e-01 8.158889e-01 -4.684928e+02)	(8.473325e-01 8.183082e-01 -4.684920e+02)	(2.395038e-03 -2.419305e-03 -8.134904e-04)
4326          	(8.482847e-01 8.143507e-01 -4.684926e+02)	(8.458872e-01 8.167726e-01 -4.684917e+02)	(2.397516e-03 -2.421893e-03 -8.134959e-04)
4327          	(8.469099e-01 8.128796e-01 -4.684923e+02)	(8.445098e-01 8.153042e-01 -4.684915e+02)	(2.400106e-03 -2.424669e-03 -8.134095e-04)
4328          	(8.467633e-01 8.126076e-01 -4.684923e+02)	(8.443604e-01 8.150350e-01 -4.684914e+02)	(2.402903e-03 -2.427365e-03 -8.134422e-04)
4329          	(8.466178e-01 8.123366e-01 -4.684922e+02)	(8.442120e-01 8.147667e-01 -4.684914e+02)	(2.405731e-03 -2.430066e-03 -8.133761e-04)
4330          	(8.464515e-01 8.120477e-01 -4.684922e+02)	(8.440429e-01 8.144805e-01 -4.684914e+02)	(2.408596e-03 -2.432714e-03 -8.134048e-04)
4331          	(8.462507e-01 8.117276e-01 -4.684921e+02)	(8.438394e-01 8.141629e-01 -4.684913e+02)	(2.411374e-03 -2.435372e-03 -8.133333e-04)
4332          	(8.460076e-01 8.113673e-01 -4.684921e+02)	(8.435935e-01 8.138053e-01 -4.684913e+02)	(2.414136e-03 -2.437955e-03 -8.133411e-04)
4333          	(8.457195e-01 8.109622e-01 -4.684921e+02)	(8.433027e-01 8.134027e-01 -4.684912e+02)	(2.416808e-03 -2.440527e-03 -8.132453e-04)
4334          	(8.453900e-01 8.105132e-01 -4.684920e+02)	(8.429705e-01 8.129562e-01 -4.684912e+02)	(2.419501e-03 -2.443054e-03 -8.132241e-04)
4335          	(8.450288e-01 8.100276e-01 -4.684920e+02)	(8.426067e-01 8.124733e-01 -4.684912e+02)	(2.422171e-03 -2.445633e-03 -8.131165e-04)
4336          	(8.446476e-01 8.095163e-01 -4.684920e+02)	(8.422227e-01 8.119645e-01 -4.684912e+02)	(2.424922e-03 -2.448209e-03 -8.130904e-04)
4337          	(8.442567e-01 8.089902e-01 -4.684920e+02)	(8.418290e-01 8.114411e-01 -4.684912e+02)	(2.427712e-03 -2.450857e-03 -8.129809e-04)
4338          	(8.438646e-01 8.084610e-01 -4.684920e+02)	(8.414339e-01 8.109145e-01 -4.684911e+02)	(2.430617e-03 -2.453526e-03 -8.129597e-04)
4339          	(8.434779e-01 8.079400e-01 -4.684919e+02)	(8.410443e-01 8.103963e-01 -4.684911e+02)	(2.433533e-03 -2.456260e-03 -8.128617e-04)
4340          	(8.431013e-01 8.074376e-01 -4.684919e+02)	(8.406648e-01 8.098966e-01 -4.684911e+02)	(2.436497e-03 -2.458968e-03 -8.128495e-04)
4341          	(8.427363e-01 8.069605e-01 -4.684919e+02)	(8.402969e-01 8.094221e-01 -4.684911e+02)	(2.439387e-03 -2.461665e-03 -8.127481e-04)
4342          	(8.423798e-01 8.065085e-01 -4.684919e+02)	(8.399376e-01 8.089728e-01 -4.684911e+02)	(2.442213e-03 -2.464252e-03 -8.127272e-04)
4343          	(8.420099e-01 8.060603e-01 -4.684919e+02)	(8.395650e-01 8.085270e-01 -4.684911e+02)	(2.444871e-03 -2.466760e-03 -8.126253e-04)
4344          	(8.401205e-01 8.042834e-01 -4.684919e+02)	(8.376736e-01 8.067523e-01 -4.684910e+02)	(2.446851e-03 -2.468882e-03 -8.125831e-04)
4345          	(8.397811e-01 8.038750e-01 -4.684918e+02)	(8.373322e-01 8.063460e-01 -4.684910e+02)	(2.448868e-03 -2.470958e-03 -8.124403e-04)
4346          	(8.394521e-01 8.034821e-01 -4.684918e+02)	(8.370011e-01 8.059550e-01 -4.684910e+02)	(2.451040e-03 -2.472908e-03 -8.123953e-04)
4347          	(8.391296e-01 8.030988e-01 -4.684918e+02)	(8.366764e-01 8.055736e-01 -4.684910e+02)	(2.453196e-03 -2.474793e-03 -8.122760e-04)
4348          	(8.388116e-01 8.027207e-01 -4.684918e+02)	(8.363563e-01 8.051973e-01 -4.684910e+02)	(2.455347e-03 -2.476555e-03 -8.122393e-04)
4349          	(8.384995e-01 8.023463e-01 -4.684917e+02)	(8.360421e-01 8.048246e-01 -4.684909e+02)	(2.457440e-03 -2.478256e-03 -8.121194e-04)
4350          	(8.381609e-01 8.019370e-01 -4.684917e+02)	(8.357014e-01 8.044169e-01 -4.684909e+02)	(2.459537e-03 -2.479886e-03 -8.120759e-04)
4351          	(8.377817e-01 8.014776e-01 -4.684917e+02)	(8.353200e-01 8.039592e-01 -4.684909e+02)	(2.461620e-03 -2.481538e-03 -8.119392e-04)
4352          	(8.374631e-01 8.010729e-01 -4.684917e+02)	(8.349994e-01 8.035561e-01 -4.684909e+02)	(2.463736e-03 -2.483168e-03 -8.118893e-04)
4353          	(8.371660e-01 8.006822e-01 -4.684917e+02)	(8.347001e-01 8.031671e-01 -4.684909e+02)	(2.465881e-03 -2.484858e-03 -8.117549e-04)
4354          	(8.369502e-01 8.003707e-01 -4.684917e+02)	(8.344821e-01 8.028573e-01 -4.684909e+02)	(2.468114e-03 -2.486555e-03 -8.117041e-04)
4355          	(8.367172e-01 8.001063e-01 -4.684925e+02)	(8.342471e-01 8.025945e-01 -4.684917e+02)	(2.470145e-03 -2.488154e-03 -8.115822e-04)
4356          	(8.367390e-01 8.000891e-01 -4.684933e+02)	(8.342670e-01 8.025787e-01 -4.684925e+02)	(2.472060e-03 -2.489596e-03 -8.115278e-04)
4357          	(8.368075e-01 8.001342e-01 -4.684941e+02)	(8.343337e-01 8.026251e-01 -4.684933e+02)	(2.473790e-03 -2.490893e-03 -8.113686e-04)
4358          	(8.367901e-01 8.001183e-01 -4.684949e+02)	(8.343148e-01 8.026103e-01 -4.684941e+02)	(2.475300e-03 -2.491962e-03 -8.112837e-04)
4359          	(8.367639e-01 8.000638e-01 -4.684949e+02)	(8.342872e-01 8.025568e-01 -4.684941e+02)	(2.476719e-03 -2.492976e-03 -8.111093e-04)
4360          	(8.367380e-01 8.000236e-01 -4.684949e+02)	(8.342600e-01 8.025174e-01 -4.684941e+02)	(2.478090e-03 -2.493839e-03 -8.110141e-04)
4361          	(8.367156e-01 7.999947e-01 -4.684949e+02)	(8.342363e-01 8.024893e-01 -4.684941e+02)	(2.479331e-03 -2.494601e-03 -8.108401e-04)
4362          	(8.366938e-01 7.999743e-01 -4.684949e+02)	(8.342133e-01 8.024695e-01 -4.684941e+02)	(2.480490e-03 -2.495202e-03 -8.107440e-04)
4363          	(8.366831e-01 7.999679e-01 -4.684949e+02)	(8.342015e-01 8.024636e-01 -4.684941e+02)	(2.481520e-03 -2.495729e-03 -8.105724e-04)
4364          	(8.366840e-01 7.999754e-01 -4.684949e+02)	(8.342015e-01 8.024716e-01 -4.684941e+02)	(2.482491e-03 -2.496135e-03 -8.104805e-04)
4365          	(8.366986e-01 8.000002e-01 -4.684950e+02)	(8.342152e-01 8.024967e-01 -4.684941e+02)	(2.483351e-03 -2.496487e-03 -8.103084e-04)
4366          	(8.367256e-01 8.000443e-01 -4.684950e+02)	(8.342414e-01 8.025410e-01 -4.684942e+02)	(2.484128e-03 -2.496707e-03 -8.102099e-04)
4367          	(8.367813e-01 8.001302e-01 -4.684950e+02)	(8.342966e-01 8.026271e-01 -4.684942e+02)	(2.484738e-03 -2.496834e-03 -8.100362e-04)
4368          	(8.368541e-01 8.002488e-01 -4.684950e+02)	(8.343689e-01 8.027456e-01 -4.684942e+02)	(2.485200e-03 -2.496776e-03 -8.099440e-04)
4369          	(8.369791e-01 8.004424e-01 -4.684950e+02)	(8.344937e-01 8.029389e-01 -4.684942e+02)	(2.485402e-03 -2.496541e-03 -8.097756e-04)
4370          	(8.371036e-01 8.006506e-01 -4.684950e+02)	(8.346182e-01 8.031467e-01 -4.684942e+02)	(2.485391e-03 -2.496064e-03 -8.096905e-04)
4371          	(8.372134e-01 8.008573e-01 -4.684950e+02)	(8.347283e-01 8.033527e-01 -4.684942e+02)	(2.485113e-03 -2.495424e-03 -8.095327e-04)
4372          	(8.372279e-01 8.009481e-01 -4.684950e+02)	(8.347432e-01 8.034428e-01 -4.684942e+02)	(2.484760e-03 -2.494669e-03 -8.094510e-04)
4373          	(8.372394e-01 8.010412e-01 -4.684950e+02)	(8.347551e-01 8.035351e-01 -4.684942e+02)	(2.484291e-03 -2.493873e-03 -8.092901e-04)
4374          	(8.372507e-01 8.011407e-01 -4.684950e+02)	(8.347670e-01 8.036336e-01 -4.684942e+02)	(2.483758e-03 -2.492946e-03 -8.092312e-04)
4375          	(8.372642e-01 8.012534e-01 -4.684950e+02)	(8.347811e-01 8.037453e-01 -4.684942e+02)	(2.483064e-03 -2.491951e-03 -8.091006e-04)
4376          	(8.372819e-01 8.013892e-01 -4.684950e+02)	(8.347997e-01 8.038799e-01 -4.684942e+02)	(2.482239e-03 -2.490757e-03 -8.090725e-04)
4377          	(8.373070e-01 8.015594e-01 -4.684950e+02)	(8.348258e-01 8.040488e-01 -4.684941e+02)	(2.481146e-03 -2.489401e-03 -8.089877e-04)
4378          	(8.373393e-01 8.017641e-01 -4.684949e+02)	(8.348594e-01 8.042519e-01 -4.684941e+02)	(2.479830e-03 -2.487728e-03 -8.089940e-04)
4379          	(8.376597e-01 8.024256e-01 -4.684947e+02)	(8.351822e-01 8.049109e-01 -4.684939e+02)	(2.477549e-03 -2.485340e-03 -8.089492e-04)
4380          	(8.385699e-01 8.032533e-01 -4.684927e+02)	(8.360938e-01 8.057367e-01 -4.684919e+02)	(2.476094e-03 -2.483402e-03 -8.089664e-04)
4381          	(8.386695e-01 8.035546e-01 -4.684925e+02)	(8.361952e-01 8.060358e-01 -4.684917e+02)	(2.474320e-03 -2.481229e-03 -8.089396e-04)
4382          	(8.385687e-01 8.035427e-01 -4.684925e+02)	(8.360961e-01 8.060218e-01 -4.684917e+02)	(2.472604e-03 -2.479129e-03 -8.089670e-04)
4383          	(8.384870e-01 8.035326e-01 -4.684925e+02)	(8.360160e-01 8.060099e-01 -4.684917e+02)	(2.471018e-03 -2.477252e-03 -8.089244e-04)
4384          	(8.384383e-01 8.035487e-01 -4.684924e+02)	(8.359687e-01 8.060242e-01 -4.684916e+02)	(2.469609e-03 -2.475437e-03 -8.089525e-04)
4385          	(8.386062e-01 8.037456e-01 -4.684924e+02)	(8.361378e-01 8.062194e-01 -4.684916e+02)	(2.468378e-03 -2.473816e-03 -8.088879e-04)
4386          	(8.405096e-01 8.055080e-01 -4.684922e+02)	(8.380417e-01 8.079805e-01 -4.684914e+02)	(2.467852e-03 -2.472419e-03 -8.089508e-04)
4387          	(8.423723e-01 8.072928e-01 -4.684921e+02)	(8.399048e-01 8.097639e-01 -4.684913e+02)	(2.467513e-03 -2.471117e-03 -8.089663e-04)
4388          	(8.440898e-01 8.089920e-01 -4.684921e+02)	(8.416227e-01 8.114617e-01 -4.684913e+02)	(2.467071e-03 -2.469696e-03 -8.090925e-04)
4389          	(8.456352e-01 8.105759e-01 -4.684921e+02)	(8.431690e-01 8.130441e-01 -4.684913e+02)	(2.466250e-03 -2.468169e-03 -8.091237e-04)
4390          	(8.459960e-01 8.110865e-01 -4.684921e+02)	(8.435310e-01 8.135529e-01 -4.684913e+02)	(2.464910e-03 -2.466395e-03 -8.092323e-04)
4391          	(8.464306e-01 8.116856e-01 -4.684921e+02)	(8.439675e-01 8.141500e-01 -4.684913e+02)	(2.463116e-03 -2.464471e-03 -8.092331e-04)
4392          	(8.482869e-01 8.136048e-01 -4.684926e+02)	(8.458255e-01 8.160672e-01 -4.684918e+02)	(2.461374e-03 -2.462354e-03 -8.093194e-04)
4393          	(8.500723e-01 8.155336e-01 -4.684933e+02)	(8.476130e-01 8.179935e-01 -4.684925e+02)	(2.459292e-03 -2.459943e-03 -8.093205e-04)
4394          	(8.511303e-01 8.168898e-01 -4.684946e+02)	(8.486738e-01 8.193468e-01 -4.684938e+02)	(2.456463e-03 -2.456958e-03 -8.094106e-04)
4395          	(8.509979e-01 8.172746e-01 -4.684961e+02)	(8.485456e-01 8.197278e-01 -4.684953e+02)	(2.452278e-03 -2.453216e-03 -8.093818e-04)
4396          	(8.510740e-01 8.176068e-01 -4.684961e+02)	(8.486258e-01 8.200562e-01 -4.684953e+02)	(2.448156e-03 -2.449462e-03 -8.093941e-04)
4397          	(8.510715e-01 8.178629e-01 -4.684961e+02)	(8.486272e-01 8.203087e-01 -4.684953e+02)	(2.444231e-03 -2.445748e-03 -8.093313e-04)
4398          	(8.510302e-01 8.180837e-01 -4.684961e+02)	(8.485898e-01 8.205256e-01 -4.684953e+02)	(2.440436e-03 -2.441944e-03 -8.093695e-04)
4399          	(8.509450e-01 8.182470e-01 -4.684961e+02)	(8.485083e-01 8.206852e-01 -4.684953e+02)	(2.436683e-03 -2.438194e-03 -8.093316e-04)
4400          	(8.508897e-01 8.184360e-01 -4.684961e+02)	(8.484567e-01 8.208704e-01 -4.684953e+02)	(2.433043e-03 -2.434377e-03 -8.093963e-04)
