# Moment      
# CofR        : (0.000000e+00 0.000000e+00 0.000000e+00)
#
# Time        	(total_x total_y total_z)	(pressure_x pressure_y pressure_z)	(viscous_x viscous_y viscous_z)
3901          	(-1.964797e-02 2.641390e-02 -6.711467e-02)	(-1.971632e-02 2.637073e-02 -6.712279e-02)	(6.834464e-05 4.317580e-05 8.116972e-06)
3902          	(-1.964189e-02 2.641184e-02 -6.713026e-02)	(-1.971022e-02 2.636871e-02 -6.713834e-02)	(6.832132e-05 4.312864e-05 8.082467e-06)
3903          	(-1.962961e-02 2.641272e-02 -6.714010e-02)	(-1.969792e-02 2.636962e-02 -6.714815e-02)	(6.831483e-05 4.310525e-05 8.048863e-06)
3904          	(-1.961520e-02 2.641457e-02 -6.714423e-02)	(-1.968351e-02 2.637149e-02 -6.715223e-02)	(6.830331e-05 4.308044e-05 8.002230e-06)
3905          	(-1.960325e-02 2.641721e-02 -6.713960e-02)	(-1.967155e-02 2.637414e-02 -6.714758e-02)	(6.830746e-05 4.307621e-05 7.981292e-06)
3906          	(-1.959326e-02 2.642026e-02 -6.712583e-02)	(-1.966157e-02 2.637719e-02 -6.713378e-02)	(6.830721e-05 4.306899e-05 7.949498e-06)
3907          	(-1.958539e-02 2.642363e-02 -6.710484e-02)	(-1.965371e-02 2.638056e-02 -6.711278e-02)	(6.832215e-05 4.307909e-05 7.940358e-06)
3908          	(-1.957702e-02 2.642764e-02 -6.707902e-02)	(-1.964535e-02 2.638456e-02 -6.708693e-02)	(6.833000e-05 4.308094e-05 7.913998e-06)
3909          	(-1.956279e-02 2.643432e-02 -6.704575e-02)	(-1.963114e-02 2.639121e-02 -6.705365e-02)	(6.835759e-05 4.310402e-05 7.896346e-06)
3910          	(-1.954730e-02 2.644225e-02 -6.701330e-02)	(-1.961568e-02 2.639913e-02 -6.702115e-02)	(6.838239e-05 4.312288e-05 7.854486e-06)
3911          	(-1.953358e-02 2.644983e-02 -6.698652e-02)	(-1.960200e-02 2.640667e-02 -6.699433e-02)	(6.842215e-05 4.315751e-05 7.816279e-06)
3912          	(-1.952189e-02 2.645721e-02 -6.696688e-02)	(-1.959034e-02 2.641403e-02 -6.697463e-02)	(6.845275e-05 4.318036e-05 7.752507e-06)
3913          	(-1.951253e-02 2.646404e-02 -6.695499e-02)	(-1.958103e-02 2.642082e-02 -6.696269e-02)	(6.849435e-05 4.321444e-05 7.698012e-06)
3914          	(-1.950788e-02 2.646917e-02 -6.695123e-02)	(-1.957641e-02 2.642594e-02 -6.695885e-02)	(6.852252e-05 4.323270e-05 7.626868e-06)
3915          	(-1.950221e-02 2.647392e-02 -6.695355e-02)	(-1.957077e-02 2.643066e-02 -6.696112e-02)	(6.856148e-05 4.326243e-05 7.570326e-06)
3916          	(-1.949611e-02 2.647771e-02 -6.696005e-02)	(-1.956470e-02 2.643443e-02 -6.696755e-02)	(6.858766e-05 4.327749e-05 7.504153e-06)
3917          	(-1.948891e-02 2.648032e-02 -6.696911e-02)	(-1.955753e-02 2.643701e-02 -6.697656e-02)	(6.862470e-05 4.330532e-05 7.456648e-06)
3918          	(-1.947173e-02 2.647646e-02 -6.698255e-02)	(-1.954038e-02 2.643314e-02 -6.698995e-02)	(6.865387e-05 4.332368e-05 7.397231e-06)
3919          	(-1.945308e-02 2.644605e-02 -6.702727e-02)	(-1.952176e-02 2.640271e-02 -6.703463e-02)	(6.868485e-05 4.333987e-05 7.354312e-06)
3920          	(-1.941358e-02 2.639314e-02 -6.701643e-02)	(-1.948228e-02 2.634981e-02 -6.702375e-02)	(6.869658e-05 4.332835e-05 7.315069e-06)
3921          	(-1.939288e-02 2.638656e-02 -6.697394e-02)	(-1.946161e-02 2.634321e-02 -6.698126e-02)	(6.872966e-05 4.334581e-05 7.316321e-06)
3922          	(-1.937206e-02 2.638005e-02 -6.692645e-02)	(-1.944082e-02 2.633668e-02 -6.693374e-02)	(6.875977e-05 4.336600e-05 7.294801e-06)
3923          	(-1.935734e-02 2.637662e-02 -6.688584e-02)	(-1.942615e-02 2.633321e-02 -6.689312e-02)	(6.880523e-05 4.340795e-05 7.281985e-06)
3924          	(-1.934908e-02 2.637431e-02 -6.685535e-02)	(-1.941792e-02 2.633087e-02 -6.686260e-02)	(6.884003e-05 4.344078e-05 7.250265e-06)
3925          	(-1.933897e-02 2.637274e-02 -6.682853e-02)	(-1.940786e-02 2.632925e-02 -6.683575e-02)	(6.888806e-05 4.348989e-05 7.225973e-06)
3926          	(-1.931774e-02 2.637154e-02 -6.680434e-02)	(-1.938667e-02 2.632800e-02 -6.681152e-02)	(6.893137e-05 4.353310e-05 7.185516e-06)
3927          	(-1.929532e-02 2.637138e-02 -6.678572e-02)	(-1.936431e-02 2.632778e-02 -6.679288e-02)	(6.899390e-05 4.359744e-05 7.156131e-06)
3928          	(-1.923748e-02 2.629515e-02 -6.673389e-02)	(-1.930651e-02 2.625153e-02 -6.674101e-02)	(6.903088e-05 4.362171e-05 7.120370e-06)
3929          	(-1.920120e-02 2.629218e-02 -6.672453e-02)	(-1.927029e-02 2.624850e-02 -6.673163e-02)	(6.909590e-05 4.367730e-05 7.105809e-06)
3930          	(-1.918508e-02 2.629621e-02 -6.671302e-02)	(-1.925423e-02 2.625248e-02 -6.672006e-02)	(6.915232e-05 4.373033e-05 7.044752e-06)
3931          	(-1.917388e-02 2.630030e-02 -6.670305e-02)	(-1.924310e-02 2.625650e-02 -6.671004e-02)	(6.922269e-05 4.380073e-05 6.991924e-06)
3932          	(-1.916422e-02 2.630370e-02 -6.669681e-02)	(-1.923350e-02 2.625985e-02 -6.670374e-02)	(6.927584e-05 4.385287e-05 6.929331e-06)
3933          	(-1.915551e-02 2.630603e-02 -6.669454e-02)	(-1.922485e-02 2.626211e-02 -6.670143e-02)	(6.934307e-05 4.392108e-05 6.882277e-06)
3934          	(-1.914866e-02 2.630714e-02 -6.669495e-02)	(-1.921806e-02 2.626317e-02 -6.670178e-02)	(6.939365e-05 4.397059e-05 6.830864e-06)
3935          	(-1.913909e-02 2.630689e-02 -6.669952e-02)	(-1.920854e-02 2.626286e-02 -6.670631e-02)	(6.945556e-05 4.403248e-05 6.794463e-06)
3936          	(-1.912807e-02 2.630512e-02 -6.670518e-02)	(-1.919758e-02 2.626104e-02 -6.671193e-02)	(6.950402e-05 4.407943e-05 6.751692e-06)
3937          	(-1.911530e-02 2.630161e-02 -6.670989e-02)	(-1.918486e-02 2.625747e-02 -6.671662e-02)	(6.956640e-05 4.414105e-05 6.729235e-06)
3938          	(-1.909874e-02 2.629489e-02 -6.671250e-02)	(-1.916836e-02 2.625071e-02 -6.671919e-02)	(6.961298e-05 4.418463e-05 6.697182e-06)
3939          	(-1.908019e-02 2.628566e-02 -6.670959e-02)	(-1.914987e-02 2.624141e-02 -6.671627e-02)	(6.967618e-05 4.424588e-05 6.679602e-06)
3940          	(-1.904392e-02 2.625705e-02 -6.669401e-02)	(-1.911365e-02 2.621277e-02 -6.670067e-02)	(6.972330e-05 4.428675e-05 6.651828e-06)
3941          	(-1.900749e-02 2.622806e-02 -6.666656e-02)	(-1.907727e-02 2.618372e-02 -6.667321e-02)	(6.978661e-05 4.434411e-05 6.645790e-06)
3942          	(-1.896294e-02 2.618761e-02 -6.661261e-02)	(-1.903277e-02 2.614322e-02 -6.661924e-02)	(6.983767e-05 4.438812e-05 6.628092e-06)
3943          	(-1.894964e-02 2.618340e-02 -6.658614e-02)	(-1.901954e-02 2.613894e-02 -6.659277e-02)	(6.990793e-05 4.445802e-05 6.621945e-06)
3944          	(-1.893614e-02 2.617887e-02 -6.656255e-02)	(-1.900610e-02 2.613436e-02 -6.656913e-02)	(6.996254e-05 4.451474e-05 6.580363e-06)
3945          	(-1.889838e-02 2.618090e-02 -6.650695e-02)	(-1.896842e-02 2.613629e-02 -6.651349e-02)	(7.004860e-05 4.460858e-05 6.544782e-06)
3946          	(-1.889130e-02 2.617981e-02 -6.650177e-02)	(-1.896141e-02 2.613513e-02 -6.650827e-02)	(7.011524e-05 4.468401e-05 6.502941e-06)
3947          	(-1.888543e-02 2.617887e-02 -6.650459e-02)	(-1.895562e-02 2.613410e-02 -6.651105e-02)	(7.019242e-05 4.476864e-05 6.463745e-06)
3948          	(-1.887962e-02 2.617746e-02 -6.651341e-02)	(-1.894986e-02 2.613263e-02 -6.651983e-02)	(7.024962e-05 4.482973e-05 6.417771e-06)
3949          	(-1.887295e-02 2.617525e-02 -6.652564e-02)	(-1.894327e-02 2.613035e-02 -6.653203e-02)	(7.031922e-05 4.490249e-05 6.390875e-06)
3950          	(-1.884229e-02 2.612295e-02 -6.649088e-02)	(-1.891265e-02 2.607802e-02 -6.649725e-02)	(7.035898e-05 4.493604e-05 6.372186e-06)
3951          	(-1.880662e-02 2.613950e-02 -6.647223e-02)	(-1.887706e-02 2.609448e-02 -6.647860e-02)	(7.043955e-05 4.501837e-05 6.369666e-06)
3952          	(-1.880178e-02 2.614400e-02 -6.649086e-02)	(-1.887228e-02 2.609891e-02 -6.649720e-02)	(7.050098e-05 4.508856e-05 6.333241e-06)
3953          	(-1.879849e-02 2.614888e-02 -6.650869e-02)	(-1.886906e-02 2.610371e-02 -6.651499e-02)	(7.057207e-05 4.516873e-05 6.301458e-06)
3954          	(-1.879582e-02 2.615296e-02 -6.652436e-02)	(-1.886644e-02 2.610774e-02 -6.653063e-02)	(7.062356e-05 4.522706e-05 6.266919e-06)
3955          	(-1.879266e-02 2.615543e-02 -6.653680e-02)	(-1.886335e-02 2.611013e-02 -6.654305e-02)	(7.068816e-05 4.529773e-05 6.245901e-06)
3956          	(-1.878808e-02 2.615579e-02 -6.654528e-02)	(-1.885881e-02 2.611045e-02 -6.655150e-02)	(7.073162e-05 4.534541e-05 6.222385e-06)
3957          	(-1.878124e-02 2.615405e-02 -6.654985e-02)	(-1.885203e-02 2.610864e-02 -6.655606e-02)	(7.079074e-05 4.540851e-05 6.210202e-06)
3958          	(-1.874428e-02 2.613048e-02 -6.654222e-02)	(-1.881512e-02 2.608502e-02 -6.654841e-02)	(7.083577e-05 4.545394e-05 6.190100e-06)
3959          	(-1.873519e-02 2.612838e-02 -6.653519e-02)	(-1.880609e-02 2.608286e-02 -6.654137e-02)	(7.089816e-05 4.551915e-05 6.189213e-06)
3960          	(-1.872490e-02 2.612515e-02 -6.652530e-02)	(-1.879584e-02 2.607958e-02 -6.653147e-02)	(7.094365e-05 4.556787e-05 6.167372e-06)
3961          	(-1.868976e-02 2.610005e-02 -6.649956e-02)	(-1.876076e-02 2.605442e-02 -6.650572e-02)	(7.100738e-05 4.563341e-05 6.153523e-06)
3962          	(-1.868166e-02 2.609815e-02 -6.648715e-02)	(-1.875272e-02 2.605246e-02 -6.649329e-02)	(7.105483e-05 4.568459e-05 6.139300e-06)
3963          	(-1.867276e-02 2.609533e-02 -6.647877e-02)	(-1.874388e-02 2.604958e-02 -6.648489e-02)	(7.111930e-05 4.575494e-05 6.117324e-06)
3964          	(-1.866282e-02 2.609130e-02 -6.647520e-02)	(-1.873398e-02 2.604550e-02 -6.648129e-02)	(7.116394e-05 4.580487e-05 6.088342e-06)
3965          	(-1.861838e-02 2.604765e-02 -6.640819e-02)	(-1.868960e-02 2.600179e-02 -6.641427e-02)	(7.122298e-05 4.586406e-05 6.079484e-06)
3966          	(-1.860715e-02 2.604423e-02 -6.641892e-02)	(-1.867842e-02 2.599832e-02 -6.642499e-02)	(7.126878e-05 4.591229e-05 6.072025e-06)
3967          	(-1.859580e-02 2.604087e-02 -6.643358e-02)	(-1.866713e-02 2.599489e-02 -6.643963e-02)	(7.133186e-05 4.598191e-05 6.049990e-06)
3968          	(-1.858451e-02 2.603758e-02 -6.644986e-02)	(-1.865588e-02 2.599155e-02 -6.645588e-02)	(7.137563e-05 4.603278e-05 6.022633e-06)
3969          	(-1.857323e-02 2.603446e-02 -6.646590e-02)	(-1.864467e-02 2.598836e-02 -6.647191e-02)	(7.143483e-05 4.609984e-05 6.010234e-06)
3970          	(-1.856196e-02 2.603154e-02 -6.647993e-02)	(-1.863343e-02 2.598539e-02 -6.648593e-02)	(7.147862e-05 4.615149e-05 5.996393e-06)
3971          	(-1.855058e-02 2.602891e-02 -6.649074e-02)	(-1.862212e-02 2.598269e-02 -6.649674e-02)	(7.153662e-05 4.621741e-05 5.997655e-06)
3972          	(-1.853902e-02 2.602652e-02 -6.649768e-02)	(-1.861060e-02 2.598026e-02 -6.650368e-02)	(7.157818e-05 4.626636e-05 5.996837e-06)
3973          	(-1.852713e-02 2.602430e-02 -6.650098e-02)	(-1.859876e-02 2.597797e-02 -6.650698e-02)	(7.163442e-05 4.632991e-05 6.006676e-06)
3974          	(-1.851494e-02 2.602204e-02 -6.650133e-02)	(-1.858662e-02 2.597566e-02 -6.650734e-02)	(7.167605e-05 4.637825e-05 6.009068e-06)
3975          	(-1.850261e-02 2.601953e-02 -6.649993e-02)	(-1.857435e-02 2.597309e-02 -6.650595e-02)	(7.173296e-05 4.644170e-05 6.017313e-06)
3976          	(-1.849049e-02 2.601650e-02 -6.649798e-02)	(-1.856226e-02 2.597001e-02 -6.650399e-02)	(7.177358e-05 4.648830e-05 6.015709e-06)
3977          	(-1.847879e-02 2.601275e-02 -6.649670e-02)	(-1.855062e-02 2.596620e-02 -6.650272e-02)	(7.182744e-05 4.654841e-05 6.017121e-06)
3978          	(-1.846768e-02 2.600807e-02 -6.649696e-02)	(-1.853954e-02 2.596148e-02 -6.650297e-02)	(7.186568e-05 4.659242e-05 6.008436e-06)
3979          	(-1.845675e-02 2.600205e-02 -6.649933e-02)	(-1.852866e-02 2.595540e-02 -6.650533e-02)	(7.191639e-05 4.664887e-05 6.005657e-06)
3980          	(-1.844619e-02 2.599475e-02 -6.650378e-02)	(-1.851814e-02 2.594806e-02 -6.650977e-02)	(7.194902e-05 4.668666e-05 5.995545e-06)
3981          	(-1.843530e-02 2.598583e-02 -6.650963e-02)	(-1.850729e-02 2.593909e-02 -6.651563e-02)	(7.199368e-05 4.673762e-05 5.997343e-06)
3982          	(-1.839309e-02 2.592777e-02 -6.650459e-02)	(-1.846510e-02 2.588101e-02 -6.651058e-02)	(7.201635e-05 4.675755e-05 5.992781e-06)
3983          	(-1.838238e-02 2.591986e-02 -6.650502e-02)	(-1.845444e-02 2.587306e-02 -6.651104e-02)	(7.205570e-05 4.679852e-05 6.019880e-06)
3984          	(-1.837199e-02 2.591220e-02 -6.650432e-02)	(-1.844407e-02 2.586537e-02 -6.651035e-02)	(7.208133e-05 4.683179e-05 6.028933e-06)
3985          	(-1.836193e-02 2.590492e-02 -6.650335e-02)	(-1.843405e-02 2.585804e-02 -6.650940e-02)	(7.211973e-05 4.688125e-05 6.051037e-06)
3986          	(-1.835231e-02 2.589818e-02 -6.650289e-02)	(-1.842445e-02 2.585127e-02 -6.650896e-02)	(7.214227e-05 4.691620e-05 6.073465e-06)
3987          	(-1.834329e-02 2.589230e-02 -6.650342e-02)	(-1.841547e-02 2.584534e-02 -6.650954e-02)	(7.217570e-05 4.696458e-05 6.112144e-06)
3988          	(-1.833429e-02 2.588719e-02 -6.650535e-02)	(-1.840648e-02 2.584019e-02 -6.651150e-02)	(7.219222e-05 4.699532e-05 6.148794e-06)
3989          	(-1.832345e-02 2.588226e-02 -6.650783e-02)	(-1.839567e-02 2.583522e-02 -6.651403e-02)	(7.222084e-05 4.703885e-05 6.197520e-06)
3990          	(-1.831457e-02 2.587919e-02 -6.651050e-02)	(-1.838681e-02 2.583212e-02 -6.651674e-02)	(7.223821e-05 4.706982e-05 6.236863e-06)
3991          	(-1.830783e-02 2.587799e-02 -6.651389e-02)	(-1.838010e-02 2.583088e-02 -6.652017e-02)	(7.226909e-05 4.711468e-05 6.284725e-06)
3992          	(-1.831181e-02 2.588113e-02 -6.653851e-02)	(-1.838409e-02 2.583399e-02 -6.654483e-02)	(7.228005e-05 4.713932e-05 6.321515e-06)
3993          	(-1.830723e-02 2.585843e-02 -6.652900e-02)	(-1.837952e-02 2.581127e-02 -6.653537e-02)	(7.229288e-05 4.716124e-05 6.368263e-06)
3994          	(-1.830345e-02 2.583995e-02 -6.652588e-02)	(-1.837574e-02 2.579279e-02 -6.653230e-02)	(7.228517e-05 4.715785e-05 6.420936e-06)
3995          	(-1.830009e-02 2.584040e-02 -6.653636e-02)	(-1.837238e-02 2.579323e-02 -6.654284e-02)	(7.229200e-05 4.717301e-05 6.479468e-06)
3996          	(-1.829764e-02 2.584052e-02 -6.654894e-02)	(-1.836993e-02 2.579334e-02 -6.655546e-02)	(7.228514e-05 4.717796e-05 6.521939e-06)
3997          	(-1.829641e-02 2.584105e-02 -6.656310e-02)	(-1.836870e-02 2.579385e-02 -6.656967e-02)	(7.229005e-05 4.719744e-05 6.575383e-06)
3998          	(-1.829665e-02 2.584174e-02 -6.657715e-02)	(-1.836893e-02 2.579454e-02 -6.658377e-02)	(7.227953e-05 4.720283e-05 6.623640e-06)
3999          	(-1.829850e-02 2.584273e-02 -6.659014e-02)	(-1.837078e-02 2.579551e-02 -6.659682e-02)	(7.228002e-05 4.722023e-05 6.681736e-06)
4000          	(-1.830186e-02 2.584391e-02 -6.660141e-02)	(-1.837413e-02 2.579669e-02 -6.660815e-02)	(7.226473e-05 4.722114e-05 6.734963e-06)
4001          	(-1.830598e-02 2.584475e-02 -6.661076e-02)	(-1.837824e-02 2.579752e-02 -6.661755e-02)	(7.225914e-05 4.723192e-05 6.798550e-06)
4002          	(-1.831140e-02 2.584557e-02 -6.661957e-02)	(-1.838364e-02 2.579835e-02 -6.662642e-02)	(7.223928e-05 4.722745e-05 6.854452e-06)
4003          	(-1.831825e-02 2.584634e-02 -6.662848e-02)	(-1.839048e-02 2.579911e-02 -6.663540e-02)	(7.222956e-05 4.723271e-05 6.920661e-06)
4004          	(-1.832803e-02 2.584758e-02 -6.663816e-02)	(-1.840024e-02 2.580036e-02 -6.664514e-02)	(7.220248e-05 4.721952e-05 6.979032e-06)
4005          	(-1.833915e-02 2.584875e-02 -6.664894e-02)	(-1.841133e-02 2.580154e-02 -6.665599e-02)	(7.218649e-05 4.721703e-05 7.045287e-06)
4006          	(-1.835338e-02 2.585075e-02 -6.666191e-02)	(-1.842554e-02 2.580355e-02 -6.666901e-02)	(7.215421e-05 4.719731e-05 7.103494e-06)
4007          	(-1.836242e-02 2.585046e-02 -6.667623e-02)	(-1.843455e-02 2.580328e-02 -6.668340e-02)	(7.213199e-05 4.718679e-05 7.168324e-06)
4008          	(-1.837134e-02 2.584984e-02 -6.669147e-02)	(-1.844343e-02 2.580268e-02 -6.669869e-02)	(7.209416e-05 4.715988e-05 7.222304e-06)
4009          	(-1.837972e-02 2.584888e-02 -6.670649e-02)	(-1.845179e-02 2.580173e-02 -6.671378e-02)	(7.206988e-05 4.714635e-05 7.287656e-06)
4010          	(-1.838809e-02 2.584755e-02 -6.672097e-02)	(-1.846011e-02 2.580044e-02 -6.672831e-02)	(7.202921e-05 4.711568e-05 7.343077e-06)
4011          	(-1.839738e-02 2.584576e-02 -6.673517e-02)	(-1.846938e-02 2.579866e-02 -6.674258e-02)	(7.200054e-05 4.709755e-05 7.408866e-06)
4012          	(-1.840708e-02 2.584327e-02 -6.674880e-02)	(-1.847904e-02 2.579621e-02 -6.675626e-02)	(7.195524e-05 4.706250e-05 7.464723e-06)
4013          	(-1.841843e-02 2.583984e-02 -6.676233e-02)	(-1.849035e-02 2.579280e-02 -6.676986e-02)	(7.192252e-05 4.704012e-05 7.534421e-06)
4014          	(-1.843139e-02 2.583534e-02 -6.677565e-02)	(-1.850326e-02 2.578834e-02 -6.678324e-02)	(7.187250e-05 4.700010e-05 7.594000e-06)
4015          	(-1.846404e-02 2.582963e-02 -6.678747e-02)	(-1.853587e-02 2.578267e-02 -6.679515e-02)	(7.182702e-05 4.696415e-05 7.678944e-06)
4016          	(-1.848564e-02 2.582260e-02 -6.679590e-02)	(-1.855741e-02 2.577569e-02 -6.680366e-02)	(7.176115e-05 4.690543e-05 7.759067e-06)
4017          	(-1.848726e-02 2.583269e-02 -6.679138e-02)	(-1.855898e-02 2.578581e-02 -6.679923e-02)	(7.172534e-05 4.688131e-05 7.851443e-06)
4018          	(-1.848854e-02 2.582828e-02 -6.680180e-02)	(-1.856022e-02 2.578144e-02 -6.680972e-02)	(7.167785e-05 4.684695e-05 7.921130e-06)
4019          	(-1.848951e-02 2.582499e-02 -6.680961e-02)	(-1.856115e-02 2.577816e-02 -6.681761e-02)	(7.164641e-05 4.682782e-05 7.995277e-06)
4020          	(-1.849130e-02 2.582274e-02 -6.681521e-02)	(-1.856290e-02 2.577594e-02 -6.682326e-02)	(7.160025e-05 4.679346e-05 8.050285e-06)
4021          	(-1.849633e-02 2.582678e-02 -6.681483e-02)	(-1.856791e-02 2.578000e-02 -6.682294e-02)	(7.157233e-05 4.677840e-05 8.113320e-06)
4022          	(-1.850444e-02 2.583434e-02 -6.681234e-02)	(-1.857597e-02 2.578758e-02 -6.682049e-02)	(7.153086e-05 4.675067e-05 8.157731e-06)
4023          	(-1.855101e-02 2.589311e-02 -6.683794e-02)	(-1.862252e-02 2.584635e-02 -6.684615e-02)	(7.151172e-05 4.675394e-05 8.208438e-06)
4024          	(-1.859892e-02 2.594681e-02 -6.686495e-02)	(-1.867040e-02 2.590006e-02 -6.687318e-02)	(7.147662e-05 4.674417e-05 8.224358e-06)
4025          	(-1.864477e-02 2.599085e-02 -6.689089e-02)	(-1.871622e-02 2.594411e-02 -6.689915e-02)	(7.145277e-05 4.674297e-05 8.254521e-06)
4026          	(-1.866420e-02 2.599601e-02 -6.690148e-02)	(-1.873561e-02 2.594930e-02 -6.690976e-02)	(7.140812e-05 4.671165e-05 8.277493e-06)
4027          	(-1.868578e-02 2.600261e-02 -6.691689e-02)	(-1.875716e-02 2.595592e-02 -6.692522e-02)	(7.137401e-05 4.668515e-05 8.328251e-06)
4028          	(-1.873682e-02 2.604759e-02 -6.699711e-02)	(-1.880814e-02 2.600095e-02 -6.700547e-02)	(7.132161e-05 4.664203e-05 8.357061e-06)
4029          	(-1.878955e-02 2.608826e-02 -6.705175e-02)	(-1.886083e-02 2.604165e-02 -6.706014e-02)	(7.128041e-05 4.661081e-05 8.384679e-06)
4030          	(-1.883521e-02 2.611039e-02 -6.708405e-02)	(-1.890642e-02 2.606384e-02 -6.709246e-02)	(7.121461e-05 4.654979e-05 8.410879e-06)
4031          	(-1.886853e-02 2.609264e-02 -6.708988e-02)	(-1.893968e-02 2.604616e-02 -6.709835e-02)	(7.114659e-05 4.647629e-05 8.471491e-06)
4032          	(-1.888531e-02 2.608747e-02 -6.709603e-02)	(-1.895637e-02 2.604109e-02 -6.710456e-02)	(7.106236e-05 4.638385e-05 8.533342e-06)
4033          	(-1.890007e-02 2.608050e-02 -6.709858e-02)	(-1.897106e-02 2.603419e-02 -6.710718e-02)	(7.099409e-05 4.631057e-05 8.603335e-06)
4034          	(-1.891396e-02 2.607225e-02 -6.709700e-02)	(-1.898487e-02 2.602602e-02 -6.710566e-02)	(7.090981e-05 4.622361e-05 8.658343e-06)
4035          	(-1.892760e-02 2.606327e-02 -6.709165e-02)	(-1.899844e-02 2.601712e-02 -6.710037e-02)	(7.084126e-05 4.615437e-05 8.722227e-06)
4036          	(-1.893859e-02 2.605445e-02 -6.708649e-02)	(-1.900934e-02 2.600838e-02 -6.709525e-02)	(7.075695e-05 4.607089e-05 8.764082e-06)
4037          	(-1.895014e-02 2.604631e-02 -6.707872e-02)	(-1.902083e-02 2.600030e-02 -6.708754e-02)	(7.068902e-05 4.600508e-05 8.813328e-06)
4038          	(-1.896308e-02 2.603913e-02 -6.706922e-02)	(-1.903369e-02 2.599321e-02 -6.707807e-02)	(7.060697e-05 4.592561e-05 8.846205e-06)
4039          	(-1.897733e-02 2.603337e-02 -6.705885e-02)	(-1.904787e-02 2.598751e-02 -6.706775e-02)	(7.054272e-05 4.586373e-05 8.894494e-06)
4040          	(-1.899335e-02 2.602933e-02 -6.704827e-02)	(-1.906381e-02 2.598355e-02 -6.705721e-02)	(7.046435e-05 4.578750e-05 8.931220e-06)
4041          	(-1.901186e-02 2.602773e-02 -6.703844e-02)	(-1.908226e-02 2.598200e-02 -6.704742e-02)	(7.040290e-05 4.572874e-05 8.980493e-06)
4042          	(-1.903229e-02 2.602898e-02 -6.702999e-02)	(-1.910262e-02 2.598333e-02 -6.703901e-02)	(7.032876e-05 4.565662e-05 9.021158e-06)
4043          	(-1.905777e-02 2.603507e-02 -6.702114e-02)	(-1.912804e-02 2.598947e-02 -6.703022e-02)	(7.027060e-05 4.560116e-05 9.078983e-06)
4044          	(-1.911861e-02 2.608075e-02 -6.702954e-02)	(-1.918881e-02 2.603521e-02 -6.703866e-02)	(7.019899e-05 4.553760e-05 9.124097e-06)
4045          	(-1.918331e-02 2.613795e-02 -6.705258e-02)	(-1.925345e-02 2.609246e-02 -6.706174e-02)	(7.014210e-05 4.549230e-05 9.162268e-06)
4046          	(-1.924572e-02 2.620231e-02 -6.710092e-02)	(-1.931580e-02 2.615687e-02 -6.711009e-02)	(7.007283e-05 4.543548e-05 9.177204e-06)
4047          	(-1.930182e-02 2.626161e-02 -6.715241e-02)	(-1.937185e-02 2.621621e-02 -6.716161e-02)	(7.002088e-05 4.539502e-05 9.199729e-06)
4048          	(-1.935283e-02 2.631276e-02 -6.720577e-02)	(-1.942278e-02 2.626743e-02 -6.721498e-02)	(6.995162e-05 4.533332e-05 9.206477e-06)
4049          	(-1.940080e-02 2.635446e-02 -6.725586e-02)	(-1.947069e-02 2.630919e-02 -6.726508e-02)	(6.988934e-05 4.527345e-05 9.227037e-06)
4050          	(-1.941579e-02 2.635441e-02 -6.727952e-02)	(-1.948559e-02 2.630923e-02 -6.728875e-02)	(6.980638e-05 4.518100e-05 9.232227e-06)
4051          	(-1.943039e-02 2.635587e-02 -6.729579e-02)	(-1.950013e-02 2.631078e-02 -6.730505e-02)	(6.973581e-05 4.509424e-05 9.258424e-06)
4052          	(-1.944467e-02 2.635849e-02 -6.730337e-02)	(-1.951431e-02 2.631350e-02 -6.731262e-02)	(6.964863e-05 4.498742e-05 9.251356e-06)
4053          	(-1.945876e-02 2.636164e-02 -6.730308e-02)	(-1.952834e-02 2.631674e-02 -6.731232e-02)	(6.957448e-05 4.489368e-05 9.238234e-06)
4054          	(-1.947700e-02 2.633716e-02 -6.730277e-02)	(-1.954648e-02 2.629239e-02 -6.731197e-02)	(6.947618e-05 4.476905e-05 9.200445e-06)
4055          	(-1.948397e-02 2.633674e-02 -6.729197e-02)	(-1.955337e-02 2.629208e-02 -6.730114e-02)	(6.939692e-05 4.466469e-05 9.168194e-06)
4056          	(-1.949025e-02 2.633537e-02 -6.727608e-02)	(-1.955956e-02 2.629081e-02 -6.728520e-02)	(6.931294e-05 4.455994e-05 9.113037e-06)
4057          	(-1.949674e-02 2.633375e-02 -6.725643e-02)	(-1.956599e-02 2.628927e-02 -6.726550e-02)	(6.925003e-05 4.448062e-05 9.073800e-06)
4058          	(-1.950378e-02 2.633247e-02 -6.723581e-02)	(-1.957296e-02 2.628807e-02 -6.724483e-02)	(6.918115e-05 4.439750e-05 9.016666e-06)
4059          	(-1.951175e-02 2.633224e-02 -6.721681e-02)	(-1.958088e-02 2.628790e-02 -6.722578e-02)	(6.913127e-05 4.433651e-05 8.972209e-06)
4060          	(-1.952189e-02 2.633473e-02 -6.720124e-02)	(-1.959097e-02 2.629046e-02 -6.721016e-02)	(6.907514e-05 4.426980e-05 8.916594e-06)
4061          	(-1.953501e-02 2.633908e-02 -6.719111e-02)	(-1.960404e-02 2.629486e-02 -6.719998e-02)	(6.903459e-05 4.422114e-05 8.873685e-06)
4062          	(-1.956817e-02 2.635585e-02 -6.719624e-02)	(-1.963715e-02 2.631169e-02 -6.720506e-02)	(6.898048e-05 4.415860e-05 8.819591e-06)
4063          	(-1.959251e-02 2.636745e-02 -6.720440e-02)	(-1.966145e-02 2.632335e-02 -6.721318e-02)	(6.893512e-05 4.410405e-05 8.776787e-06)
4064          	(-1.960395e-02 2.637308e-02 -6.721845e-02)	(-1.967283e-02 2.632905e-02 -6.722717e-02)	(6.887956e-05 4.403558e-05 8.725747e-06)
4065          	(-1.961283e-02 2.637892e-02 -6.723495e-02)	(-1.968166e-02 2.633494e-02 -6.724365e-02)	(6.883737e-05 4.398017e-05 8.697953e-06)
4066          	(-1.962152e-02 2.638517e-02 -6.725017e-02)	(-1.969031e-02 2.634126e-02 -6.725883e-02)	(6.878627e-05 4.391315e-05 8.659941e-06)
4067          	(-1.963044e-02 2.639170e-02 -6.726220e-02)	(-1.969919e-02 2.634784e-02 -6.727084e-02)	(6.874744e-05 4.385865e-05 8.639227e-06)
4068          	(-1.963934e-02 2.639803e-02 -6.726940e-02)	(-1.970804e-02 2.635424e-02 -6.727801e-02)	(6.869839e-05 4.379154e-05 8.603287e-06)
4069          	(-1.964649e-02 2.640368e-02 -6.726993e-02)	(-1.971516e-02 2.635994e-02 -6.727851e-02)	(6.866191e-05 4.373759e-05 8.582036e-06)
4070          	(-1.965298e-02 2.640862e-02 -6.726569e-02)	(-1.972160e-02 2.636494e-02 -6.727423e-02)	(6.861780e-05 4.367416e-05 8.540588e-06)
4071          	(-1.965779e-02 2.641231e-02 -6.725722e-02)	(-1.972638e-02 2.636868e-02 -6.726574e-02)	(6.858746e-05 4.362564e-05 8.511903e-06)
4072          	(-1.966248e-02 2.641497e-02 -6.724798e-02)	(-1.973103e-02 2.637140e-02 -6.725644e-02)	(6.854866e-05 4.356689e-05 8.464614e-06)
4073          	(-1.966637e-02 2.641642e-02 -6.723939e-02)	(-1.973489e-02 2.637290e-02 -6.724783e-02)	(6.852043e-05 4.352045e-05 8.432346e-06)
4074          	(-1.966836e-02 2.641674e-02 -6.723142e-02)	(-1.973685e-02 2.637328e-02 -6.723980e-02)	(6.848421e-05 4.346482e-05 8.383014e-06)
4075          	(-1.966859e-02 2.641624e-02 -6.722429e-02)	(-1.973705e-02 2.637282e-02 -6.723264e-02)	(6.846018e-05 4.342350e-05 8.354485e-06)
4076          	(-1.966703e-02 2.641514e-02 -6.721792e-02)	(-1.973545e-02 2.637177e-02 -6.722623e-02)	(6.842695e-05 4.337226e-05 8.311455e-06)
4077          	(-1.966256e-02 2.641386e-02 -6.721017e-02)	(-1.973096e-02 2.637052e-02 -6.721846e-02)	(6.840719e-05 4.333726e-05 8.289392e-06)
4078          	(-1.965822e-02 2.645796e-02 -6.720667e-02)	(-1.972662e-02 2.641463e-02 -6.721492e-02)	(6.840118e-05 4.332424e-05 8.244143e-06)
4079          	(-1.965981e-02 2.648831e-02 -6.719874e-02)	(-1.972822e-02 2.644497e-02 -6.720695e-02)	(6.841403e-05 4.333787e-05 8.209770e-06)
4080          	(-1.966486e-02 2.649749e-02 -6.718987e-02)	(-1.973327e-02 2.645415e-02 -6.719804e-02)	(6.841294e-05 4.333166e-05 8.165670e-06)
4081          	(-1.966212e-02 2.645736e-02 -6.715605e-02)	(-1.973052e-02 2.641406e-02 -6.716420e-02)	(6.840223e-05 4.330352e-05 8.153445e-06)
4082          	(-1.965727e-02 2.642714e-02 -6.713552e-02)	(-1.972564e-02 2.638390e-02 -6.714366e-02)	(6.837151e-05 4.324510e-05 8.137155e-06)
4083          	(-1.963961e-02 2.640373e-02 -6.711769e-02)	(-1.970796e-02 2.636053e-02 -6.712582e-02)	(6.835521e-05 4.320186e-05 8.130709e-06)
4084          	(-1.963450e-02 2.640218e-02 -6.713471e-02)	(-1.970284e-02 2.635903e-02 -6.714280e-02)	(6.833302e-05 4.315641e-05 8.096315e-06)
4085          	(-1.962323e-02 2.640359e-02 -6.714590e-02)	(-1.969156e-02 2.636046e-02 -6.715396e-02)	(6.832587e-05 4.313289e-05 8.064020e-06)
4086          	(-1.960937e-02 2.640575e-02 -6.715128e-02)	(-1.967768e-02 2.636264e-02 -6.715930e-02)	(6.831471e-05 4.310859e-05 8.018172e-06)
4087          	(-1.959844e-02 2.640881e-02 -6.714759e-02)	(-1.966676e-02 2.636571e-02 -6.715558e-02)	(6.832054e-05 4.310611e-05 7.999102e-06)
4088          	(-1.958929e-02 2.641224e-02 -6.713427e-02)	(-1.965760e-02 2.636914e-02 -6.714224e-02)	(6.831888e-05 4.309690e-05 7.971117e-06)
4089          	(-1.958197e-02 2.641597e-02 -6.711316e-02)	(-1.965031e-02 2.637286e-02 -6.712113e-02)	(6.833293e-05 4.310592e-05 7.964497e-06)
4090          	(-1.957398e-02 2.642038e-02 -6.708657e-02)	(-1.964232e-02 2.637728e-02 -6.709452e-02)	(6.834089e-05 4.310749e-05 7.943092e-06)
4091          	(-1.955997e-02 2.642811e-02 -6.705158e-02)	(-1.962834e-02 2.638498e-02 -6.705951e-02)	(6.836935e-05 4.313129e-05 7.928934e-06)
4092          	(-1.954480e-02 2.643727e-02 -6.701757e-02)	(-1.961319e-02 2.639412e-02 -6.702546e-02)	(6.839405e-05 4.315026e-05 7.887611e-06)
4093          	(-1.953097e-02 2.644650e-02 -6.698933e-02)	(-1.959941e-02 2.640331e-02 -6.699718e-02)	(6.843486e-05 4.318637e-05 7.850065e-06)
4094          	(-1.951985e-02 2.645486e-02 -6.696912e-02)	(-1.958831e-02 2.641165e-02 -6.697690e-02)	(6.846527e-05 4.320958e-05 7.786750e-06)
4095          	(-1.951109e-02 2.646252e-02 -6.695712e-02)	(-1.957960e-02 2.641928e-02 -6.696485e-02)	(6.850846e-05 4.324587e-05 7.729987e-06)
4096          	(-1.950685e-02 2.646814e-02 -6.695322e-02)	(-1.957539e-02 2.642488e-02 -6.696088e-02)	(6.853695e-05 4.326473e-05 7.657213e-06)
4097          	(-1.950162e-02 2.647343e-02 -6.695600e-02)	(-1.957019e-02 2.643014e-02 -6.696360e-02)	(6.857474e-05 4.329342e-05 7.599927e-06)
4098          	(-1.949595e-02 2.647772e-02 -6.696352e-02)	(-1.956455e-02 2.643441e-02 -6.697106e-02)	(6.860057e-05 4.330842e-05 7.530688e-06)
4099          	(-1.948922e-02 2.648075e-02 -6.697411e-02)	(-1.955786e-02 2.643741e-02 -6.698159e-02)	(6.863903e-05 4.333753e-05 7.481284e-06)
4100          	(-1.947935e-02 2.648166e-02 -6.698728e-02)	(-1.954802e-02 2.643831e-02 -6.699470e-02)	(6.866507e-05 4.335280e-05 7.422921e-06)
4101          	(-1.945932e-02 2.645439e-02 -6.703374e-02)	(-1.952801e-02 2.641102e-02 -6.704112e-02)	(6.869577e-05 4.336914e-05 7.377901e-06)
4102          	(-1.943302e-02 2.644237e-02 -6.700828e-02)	(-1.950174e-02 2.639899e-02 -6.701563e-02)	(6.872090e-05 4.337969e-05 7.344219e-06)
4103          	(-1.938469e-02 2.636616e-02 -6.697279e-02)	(-1.945344e-02 2.632278e-02 -6.698012e-02)	(6.874691e-05 4.338451e-05 7.334034e-06)
4104          	(-1.936302e-02 2.636158e-02 -6.693483e-02)	(-1.943179e-02 2.631819e-02 -6.694216e-02)	(6.877174e-05 4.339237e-05 7.328562e-06)
4105          	(-1.934784e-02 2.636009e-02 -6.689900e-02)	(-1.941666e-02 2.631666e-02 -6.690632e-02)	(6.881587e-05 4.343012e-05 7.311469e-06)
4106          	(-1.933249e-02 2.635885e-02 -6.686388e-02)	(-1.940134e-02 2.631538e-02 -6.687115e-02)	(6.885177e-05 4.346257e-05 7.274029e-06)
4107          	(-1.932337e-02 2.635805e-02 -6.683539e-02)	(-1.939227e-02 2.631453e-02 -6.684263e-02)	(6.890290e-05 4.351464e-05 7.249313e-06)
4108          	(-1.930437e-02 2.635835e-02 -6.680763e-02)	(-1.937332e-02 2.631479e-02 -6.681483e-02)	(6.894576e-05 4.355830e-05 7.204783e-06)
4109          	(-1.926778e-02 2.635379e-02 -6.678275e-02)	(-1.933679e-02 2.631016e-02 -6.678992e-02)	(6.901423e-05 4.362921e-05 7.172167e-06)
4110          	(-1.924084e-02 2.631635e-02 -6.673682e-02)	(-1.930990e-02 2.627269e-02 -6.674395e-02)	(6.905851e-05 4.366788e-05 7.131788e-06)
4111          	(-1.921722e-02 2.629540e-02 -6.673526e-02)	(-1.928634e-02 2.625169e-02 -6.674237e-02)	(6.911761e-05 4.371801e-05 7.107088e-06)
4112          	(-1.920448e-02 2.629703e-02 -6.672485e-02)	(-1.927364e-02 2.625327e-02 -6.673191e-02)	(6.916325e-05 4.375716e-05 7.059458e-06)
4113          	(-1.919140e-02 2.629797e-02 -6.671808e-02)	(-1.926063e-02 2.625415e-02 -6.672510e-02)	(6.922538e-05 4.381712e-05 7.021609e-06)
4114          	(-1.917801e-02 2.629812e-02 -6.671448e-02)	(-1.924729e-02 2.625426e-02 -6.672146e-02)	(6.927341e-05 4.386255e-05 6.972676e-06)
4115          	(-1.916450e-02 2.629744e-02 -6.671322e-02)	(-1.923384e-02 2.625352e-02 -6.672015e-02)	(6.933481e-05 4.392416e-05 6.933550e-06)
4116          	(-1.915068e-02 2.629580e-02 -6.671335e-02)	(-1.922006e-02 2.625184e-02 -6.672024e-02)	(6.938077e-05 4.396901e-05 6.885456e-06)
4117          	(-1.913609e-02 2.629309e-02 -6.671375e-02)	(-1.920553e-02 2.624906e-02 -6.672061e-02)	(6.944300e-05 4.403142e-05 6.855972e-06)
4118          	(-1.912031e-02 2.628899e-02 -6.671314e-02)	(-1.918980e-02 2.624491e-02 -6.671995e-02)	(6.948891e-05 4.407583e-05 6.814324e-06)
4119          	(-1.910065e-02 2.628179e-02 -6.671074e-02)	(-1.917020e-02 2.623765e-02 -6.671753e-02)	(6.955353e-05 4.413939e-05 6.789088e-06)
4120          	(-1.905149e-02 2.624283e-02 -6.668289e-02)	(-1.912109e-02 2.619865e-02 -6.668964e-02)	(6.960322e-05 4.418293e-05 6.754219e-06)
4121          	(-1.899630e-02 2.619464e-02 -6.660040e-02)	(-1.906597e-02 2.615040e-02 -6.660715e-02)	(6.967109e-05 4.424306e-05 6.756732e-06)
4122          	(-1.898336e-02 2.619273e-02 -6.659301e-02)	(-1.905308e-02 2.614843e-02 -6.659974e-02)	(6.972757e-05 4.429526e-05 6.734797e-06)
4123          	(-1.896109e-02 2.621892e-02 -6.656782e-02)	(-1.903091e-02 2.617452e-02 -6.657451e-02)	(6.982063e-05 4.439557e-05 6.685544e-06)
4124          	(-1.895840e-02 2.622015e-02 -6.656518e-02)	(-1.902828e-02 2.617567e-02 -6.657181e-02)	(6.988829e-05 4.447192e-05 6.624986e-06)
4125          	(-1.895680e-02 2.622080e-02 -6.656675e-02)	(-1.902677e-02 2.617625e-02 -6.657334e-02)	(6.996538e-05 4.455476e-05 6.586160e-06)
4126          	(-1.895474e-02 2.622013e-02 -6.657260e-02)	(-1.902476e-02 2.617552e-02 -6.657914e-02)	(7.002017e-05 4.461147e-05 6.541850e-06)
4127          	(-1.892328e-02 2.621997e-02 -6.654124e-02)	(-1.899338e-02 2.617527e-02 -6.654775e-02)	(7.010227e-05 4.469725e-05 6.513659e-06)
4128          	(-1.892314e-02 2.622078e-02 -6.655965e-02)	(-1.899330e-02 2.617602e-02 -6.656613e-02)	(7.016046e-05 4.475911e-05 6.484506e-06)
4129          	(-1.891768e-02 2.620313e-02 -6.658186e-02)	(-1.898791e-02 2.615831e-02 -6.658832e-02)	(7.022390e-05 4.482172e-05 6.463154e-06)
4130          	(-1.891537e-02 2.620314e-02 -6.658793e-02)	(-1.898564e-02 2.615828e-02 -6.659437e-02)	(7.026722e-05 4.486309e-05 6.441308e-06)
4131          	(-1.891049e-02 2.620237e-02 -6.659164e-02)	(-1.898082e-02 2.615745e-02 -6.659808e-02)	(7.032752e-05 4.492501e-05 6.434189e-06)
4132          	(-1.890065e-02 2.620035e-02 -6.659126e-02)	(-1.897102e-02 2.615538e-02 -6.659767e-02)	(7.036921e-05 4.496882e-05 6.416878e-06)
4133          	(-1.888781e-02 2.619686e-02 -6.658745e-02)	(-1.895824e-02 2.615183e-02 -6.659387e-02)	(7.042723e-05 4.503105e-05 6.414401e-06)
4134          	(-1.887205e-02 2.619157e-02 -6.658080e-02)	(-1.894252e-02 2.614650e-02 -6.658719e-02)	(7.046913e-05 4.507641e-05 6.395418e-06)
4135          	(-1.881088e-02 2.612829e-02 -6.649321e-02)	(-1.888140e-02 2.608316e-02 -6.649960e-02)	(7.052638e-05 4.513026e-05 6.397793e-06)
4136          	(-1.875714e-02 2.608861e-02 -6.643806e-02)	(-1.882772e-02 2.604344e-02 -6.644446e-02)	(7.057404e-05 4.517178e-05 6.399094e-06)
4137          	(-1.873931e-02 2.608799e-02 -6.644063e-02)	(-1.880996e-02 2.604274e-02 -6.644700e-02)	(7.064790e-05 4.524779e-05 6.374571e-06)
4138          	(-1.872099e-02 2.608761e-02 -6.644917e-02)	(-1.879169e-02 2.604230e-02 -6.645547e-02)	(7.070653e-05 4.531203e-05 6.302889e-06)
4139          	(-1.872201e-02 2.615092e-02 -6.650523e-02)	(-1.879281e-02 2.610550e-02 -6.651146e-02)	(7.080445e-05 4.542817e-05 6.231426e-06)
4140          	(-1.872162e-02 2.615195e-02 -6.650333e-02)	(-1.879249e-02 2.610644e-02 -6.650949e-02)	(7.087209e-05 4.551335e-05 6.153887e-06)
4141          	(-1.872352e-02 2.615288e-02 -6.650276e-02)	(-1.879447e-02 2.610729e-02 -6.650889e-02)	(7.094717e-05 4.559843e-05 6.125585e-06)
4142          	(-1.872540e-02 2.615335e-02 -6.650529e-02)	(-1.879640e-02 2.610770e-02 -6.651139e-02)	(7.099806e-05 4.565500e-05 6.102427e-06)
4143          	(-1.872549e-02 2.615297e-02 -6.651135e-02)	(-1.879655e-02 2.610724e-02 -6.651745e-02)	(7.106338e-05 4.572463e-05 6.095900e-06)
4144          	(-1.872295e-02 2.615152e-02 -6.652011e-02)	(-1.879405e-02 2.610575e-02 -6.652620e-02)	(7.110638e-05 4.577003e-05 6.087454e-06)
4145          	(-1.871733e-02 2.614885e-02 -6.653019e-02)	(-1.878849e-02 2.610302e-02 -6.653628e-02)	(7.116313e-05 4.582959e-05 6.090705e-06)
4146          	(-1.870875e-02 2.614481e-02 -6.653986e-02)	(-1.877995e-02 2.609894e-02 -6.654594e-02)	(7.120002e-05 4.586906e-05 6.083615e-06)
4147          	(-1.869758e-02 2.613943e-02 -6.654774e-02)	(-1.876883e-02 2.609350e-02 -6.655382e-02)	(7.125379e-05 4.592639e-05 6.083528e-06)
4148          	(-1.868189e-02 2.613135e-02 -6.655283e-02)	(-1.875317e-02 2.608539e-02 -6.655890e-02)	(7.128721e-05 4.596276e-05 6.071502e-06)
4149          	(-1.866424e-02 2.612171e-02 -6.655353e-02)	(-1.873558e-02 2.607569e-02 -6.655960e-02)	(7.133879e-05 4.601775e-05 6.067711e-06)
4150          	(-1.863987e-02 2.610697e-02 -6.654842e-02)	(-1.871125e-02 2.606092e-02 -6.655448e-02)	(7.137479e-05 4.605512e-05 6.054018e-06)
4151          	(-1.861409e-02 2.609057e-02 -6.653765e-02)	(-1.868552e-02 2.604446e-02 -6.654369e-02)	(7.142964e-05 4.611112e-05 6.046222e-06)
4152          	(-1.858779e-02 2.607306e-02 -6.652251e-02)	(-1.865926e-02 2.602691e-02 -6.652853e-02)	(7.147192e-05 4.615419e-05 6.028142e-06)
4153          	(-1.853877e-02 2.603173e-02 -6.648900e-02)	(-1.861030e-02 2.598552e-02 -6.649502e-02)	(7.153194e-05 4.621223e-05 6.017985e-06)
4154          	(-1.852619e-02 2.602355e-02 -6.647523e-02)	(-1.859777e-02 2.597728e-02 -6.648124e-02)	(7.157912e-05 4.626136e-05 6.010158e-06)
4155          	(-1.851434e-02 2.601609e-02 -6.646590e-02)	(-1.858598e-02 2.596976e-02 -6.647190e-02)	(7.164301e-05 4.633159e-05 5.991853e-06)
4156          	(-1.850286e-02 2.600915e-02 -6.646239e-02)	(-1.857455e-02 2.596276e-02 -6.646836e-02)	(7.169003e-05 4.638590e-05 5.970795e-06)
4157          	(-1.849157e-02 2.600264e-02 -6.646480e-02)	(-1.856332e-02 2.595619e-02 -6.647076e-02)	(7.174984e-05 4.645428e-05 5.964033e-06)
4158          	(-1.848055e-02 2.599647e-02 -6.647182e-02)	(-1.855235e-02 2.594997e-02 -6.647778e-02)	(7.179270e-05 4.650596e-05 5.955868e-06)
4159          	(-1.846998e-02 2.599062e-02 -6.648161e-02)	(-1.854183e-02 2.594405e-02 -6.648757e-02)	(7.184834e-05 4.657065e-05 5.961683e-06)
4160          	(-1.846004e-02 2.598491e-02 -6.649242e-02)	(-1.853193e-02 2.593829e-02 -6.649839e-02)	(7.188472e-05 4.661565e-05 5.966017e-06)
4161          	(-1.845041e-02 2.597889e-02 -6.650347e-02)	(-1.852235e-02 2.593222e-02 -6.650946e-02)	(7.193212e-05 4.667162e-05 5.981896e-06)
4162          	(-1.844122e-02 2.597249e-02 -6.651391e-02)	(-1.851318e-02 2.592578e-02 -6.651991e-02)	(7.196155e-05 4.670871e-05 5.994259e-06)
4163          	(-1.843174e-02 2.596519e-02 -6.652306e-02)	(-1.850374e-02 2.591843e-02 -6.652907e-02)	(7.200308e-05 4.675787e-05 6.014337e-06)
4164          	(-1.842220e-02 2.595721e-02 -6.653072e-02)	(-1.849422e-02 2.591042e-02 -6.653675e-02)	(7.202704e-05 4.678873e-05 6.028377e-06)
4165          	(-1.841232e-02 2.594855e-02 -6.653675e-02)	(-1.848438e-02 2.590172e-02 -6.654280e-02)	(7.206126e-05 4.683049e-05 6.055991e-06)
4166          	(-1.840021e-02 2.593792e-02 -6.654101e-02)	(-1.847229e-02 2.589107e-02 -6.654709e-02)	(7.208052e-05 4.685604e-05 6.074977e-06)
4167          	(-1.838756e-02 2.592709e-02 -6.654295e-02)	(-1.845967e-02 2.588019e-02 -6.654906e-02)	(7.211313e-05 4.689595e-05 6.105340e-06)
4168          	(-1.835246e-02 2.589209e-02 -6.652614e-02)	(-1.842459e-02 2.584518e-02 -6.653228e-02)	(7.212859e-05 4.691563e-05 6.134009e-06)
4169          	(-1.831335e-02 2.583487e-02 -6.648417e-02)	(-1.838550e-02 2.578793e-02 -6.649036e-02)	(7.214890e-05 4.693562e-05 6.189113e-06)
4170          	(-1.829257e-02 2.582530e-02 -6.647688e-02)	(-1.836473e-02 2.577834e-02 -6.648312e-02)	(7.216337e-05 4.695487e-05 6.237404e-06)
4171          	(-1.829027e-02 2.582883e-02 -6.649327e-02)	(-1.836247e-02 2.578184e-02 -6.649953e-02)	(7.219412e-05 4.699896e-05 6.266970e-06)
4172          	(-1.829415e-02 2.584023e-02 -6.651369e-02)	(-1.836637e-02 2.579320e-02 -6.651997e-02)	(7.221068e-05 4.703249e-05 6.279964e-06)
4173          	(-1.830089e-02 2.585285e-02 -6.653296e-02)	(-1.837313e-02 2.580577e-02 -6.653927e-02)	(7.223868e-05 4.708030e-05 6.309487e-06)
4174          	(-1.830826e-02 2.586289e-02 -6.654911e-02)	(-1.838051e-02 2.581578e-02 -6.655545e-02)	(7.224969e-05 4.711016e-05 6.341686e-06)
4175          	(-1.830614e-02 2.586290e-02 -6.654232e-02)	(-1.837841e-02 2.581576e-02 -6.654872e-02)	(7.227009e-05 4.714838e-05 6.398913e-06)
4176          	(-1.830885e-02 2.586373e-02 -6.654117e-02)	(-1.838113e-02 2.581656e-02 -6.654763e-02)	(7.227168e-05 4.716591e-05 6.464981e-06)
4177          	(-1.831263e-02 2.586414e-02 -6.654301e-02)	(-1.838491e-02 2.581695e-02 -6.654955e-02)	(7.228194e-05 4.719142e-05 6.541079e-06)
4178          	(-1.831657e-02 2.586476e-02 -6.654923e-02)	(-1.838884e-02 2.581757e-02 -6.655583e-02)	(7.227392e-05 4.719761e-05 6.606426e-06)
4179          	(-1.832050e-02 2.586552e-02 -6.655996e-02)	(-1.839278e-02 2.581831e-02 -6.656664e-02)	(7.227606e-05 4.721414e-05 6.676156e-06)
4180          	(-1.832438e-02 2.586625e-02 -6.657461e-02)	(-1.839665e-02 2.581903e-02 -6.658134e-02)	(7.226228e-05 4.721318e-05 6.730738e-06)
4181          	(-1.832809e-02 2.586680e-02 -6.659157e-02)	(-1.840035e-02 2.581958e-02 -6.659836e-02)	(7.225682e-05 4.722070e-05 6.788262e-06)
4182          	(-1.833162e-02 2.586704e-02 -6.660887e-02)	(-1.840386e-02 2.581983e-02 -6.661570e-02)	(7.223607e-05 4.721200e-05 6.833354e-06)
4183          	(-1.833517e-02 2.586687e-02 -6.662553e-02)	(-1.840740e-02 2.581965e-02 -6.663241e-02)	(7.222639e-05 4.721428e-05 6.884813e-06)
4184          	(-1.833914e-02 2.586615e-02 -6.664145e-02)	(-1.841134e-02 2.581895e-02 -6.664838e-02)	(7.220118e-05 4.720045e-05 6.928296e-06)
4185          	(-1.834500e-02 2.586499e-02 -6.665761e-02)	(-1.841719e-02 2.581779e-02 -6.666459e-02)	(7.218692e-05 4.719767e-05 6.981178e-06)
4186          	(-1.835182e-02 2.586282e-02 -6.667292e-02)	(-1.842398e-02 2.581564e-02 -6.667995e-02)	(7.215661e-05 4.717824e-05 7.029773e-06)
4187          	(-1.835925e-02 2.585954e-02 -6.668691e-02)	(-1.843138e-02 2.581237e-02 -6.669400e-02)	(7.213603e-05 4.716869e-05 7.088869e-06)
4188          	(-1.836676e-02 2.585521e-02 -6.669937e-02)	(-1.843886e-02 2.580806e-02 -6.670651e-02)	(7.210072e-05 4.714395e-05 7.144035e-06)
4189          	(-1.837407e-02 2.584992e-02 -6.671059e-02)	(-1.844614e-02 2.580279e-02 -6.671781e-02)	(7.207612e-05 4.712996e-05 7.211258e-06)
4190          	(-1.837762e-02 2.584511e-02 -6.672190e-02)	(-1.844966e-02 2.579801e-02 -6.672918e-02)	(7.203859e-05 4.710269e-05 7.270909e-06)
4191          	(-1.838142e-02 2.584016e-02 -6.673184e-02)	(-1.845343e-02 2.579307e-02 -6.673918e-02)	(7.201397e-05 4.708900e-05 7.339809e-06)
4192          	(-1.838568e-02 2.583509e-02 -6.674032e-02)	(-1.845766e-02 2.578803e-02 -6.674772e-02)	(7.197455e-05 4.706067e-05 7.401026e-06)
4193          	(-1.839067e-02 2.582976e-02 -6.674748e-02)	(-1.846262e-02 2.578272e-02 -6.675496e-02)	(7.194880e-05 4.704634e-05 7.473190e-06)
4194          	(-1.839685e-02 2.582383e-02 -6.675339e-02)	(-1.846876e-02 2.577682e-02 -6.676093e-02)	(7.190703e-05 4.701590e-05 7.536294e-06)
4195          	(-1.840476e-02 2.581697e-02 -6.675807e-02)	(-1.847664e-02 2.576997e-02 -6.676568e-02)	(7.188017e-05 4.700039e-05 7.610476e-06)
4196          	(-1.840143e-02 2.576700e-02 -6.670665e-02)	(-1.847325e-02 2.572006e-02 -6.671434e-02)	(7.182418e-05 4.694897e-05 7.689691e-06)
4197          	(-1.841483e-02 2.579660e-02 -6.671562e-02)	(-1.848663e-02 2.574966e-02 -6.672341e-02)	(7.179834e-05 4.693655e-05 7.786807e-06)
4198          	(-1.843039e-02 2.580810e-02 -6.672336e-02)	(-1.850216e-02 2.576118e-02 -6.673121e-02)	(7.176308e-05 4.692344e-05 7.847629e-06)
4199          	(-1.843721e-02 2.580540e-02 -6.673427e-02)	(-1.850895e-02 2.575848e-02 -6.674219e-02)	(7.173930e-05 4.691852e-05 7.913339e-06)
4200          	(-1.844400e-02 2.580463e-02 -6.674540e-02)	(-1.851570e-02 2.575773e-02 -6.675337e-02)	(7.169848e-05 4.689308e-05 7.969086e-06)
4201          	(-1.847722e-02 2.584010e-02 -6.679005e-02)	(-1.854890e-02 2.579322e-02 -6.679808e-02)	(7.167558e-05 4.688899e-05 8.027383e-06)
4202          	(-1.850945e-02 2.587152e-02 -6.682469e-02)	(-1.858109e-02 2.582465e-02 -6.683276e-02)	(7.163719e-05 4.686955e-05 8.062956e-06)
4203          	(-1.852480e-02 2.588488e-02 -6.683375e-02)	(-1.859641e-02 2.583802e-02 -6.684186e-02)	(7.161235e-05 4.685951e-05 8.108900e-06)
4204          	(-1.855870e-02 2.591386e-02 -6.684759e-02)	(-1.863027e-02 2.586703e-02 -6.685575e-02)	(7.156963e-05 4.683172e-05 8.159168e-06)
4205          	(-1.861021e-02 2.596560e-02 -6.688935e-02)	(-1.868175e-02 2.591878e-02 -6.689756e-02)	(7.154010e-05 4.681924e-05 8.207406e-06)
4206          	(-1.866425e-02 2.602028e-02 -6.694002e-02)	(-1.873574e-02 2.597349e-02 -6.694826e-02)	(7.149343e-05 4.679009e-05 8.233758e-06)
4207          	(-1.869338e-02 2.603633e-02 -6.697345e-02)	(-1.876484e-02 2.598956e-02 -6.698172e-02)	(7.145655e-05 4.676390e-05 8.270333e-06)
4208          	(-1.871640e-02 2.603665e-02 -6.697964e-02)	(-1.878779e-02 2.598994e-02 -6.698795e-02)	(7.139378e-05 4.670484e-05 8.310294e-06)
4209          	(-1.873630e-02 2.602518e-02 -6.699037e-02)	(-1.880763e-02 2.597853e-02 -6.699874e-02)	(7.133831e-05 4.664690e-05 8.364207e-06)
4210          	(-1.874954e-02 2.602363e-02 -6.700590e-02)	(-1.882081e-02 2.597705e-02 -6.701431e-02)	(7.126820e-05 4.657387e-05 8.407263e-06)
4211          	(-1.876281e-02 2.602202e-02 -6.701838e-02)	(-1.883403e-02 2.597550e-02 -6.702684e-02)	(7.121517e-05 4.652050e-05 8.459339e-06)
4212          	(-1.878379e-02 2.601202e-02 -6.703182e-02)	(-1.885493e-02 2.596557e-02 -6.704032e-02)	(7.113912e-05 4.644414e-05 8.506746e-06)
4213          	(-1.879593e-02 2.600836e-02 -6.703419e-02)	(-1.886701e-02 2.596197e-02 -6.704276e-02)	(7.108141e-05 4.638719e-05 8.564493e-06)
4214          	(-1.880919e-02 2.600471e-02 -6.703198e-02)	(-1.888020e-02 2.595839e-02 -6.704059e-02)	(7.101041e-05 4.632020e-05 8.606833e-06)
4215          	(-1.882443e-02 2.600161e-02 -6.702655e-02)	(-1.889538e-02 2.595534e-02 -6.703521e-02)	(7.095656e-05 4.627243e-05 8.659397e-06)
4216          	(-1.884239e-02 2.599950e-02 -6.701962e-02)	(-1.891328e-02 2.595329e-02 -6.702833e-02)	(7.088610e-05 4.620890e-05 8.704203e-06)
4217          	(-1.886340e-02 2.599880e-02 -6.701327e-02)	(-1.893423e-02 2.595264e-02 -6.702203e-02)	(7.082799e-05 4.615838e-05 8.757929e-06)
4218          	(-1.888670e-02 2.599978e-02 -6.700960e-02)	(-1.895745e-02 2.595369e-02 -6.701840e-02)	(7.075490e-05 4.609237e-05 8.801961e-06)
4219          	(-1.891114e-02 2.600247e-02 -6.700967e-02)	(-1.898184e-02 2.595643e-02 -6.701853e-02)	(7.069691e-05 4.604003e-05 8.858959e-06)
4220          	(-1.893686e-02 2.600701e-02 -6.701384e-02)	(-1.900748e-02 2.596105e-02 -6.702275e-02)	(7.062135e-05 4.596884e-05 8.906374e-06)
4221          	(-1.896318e-02 2.601328e-02 -6.702074e-02)	(-1.903374e-02 2.596737e-02 -6.702970e-02)	(7.056118e-05 4.591238e-05 8.962175e-06)
4222          	(-1.900080e-02 2.602844e-02 -6.702879e-02)	(-1.907128e-02 2.598260e-02 -6.703780e-02)	(7.048406e-05 4.583887e-05 9.012596e-06)
4223          	(-1.904402e-02 2.605122e-02 -6.704259e-02)	(-1.911444e-02 2.600544e-02 -6.705166e-02)	(7.042025e-05 4.577915e-05 9.072419e-06)
4224          	(-1.909650e-02 2.609023e-02 -6.707307e-02)	(-1.916684e-02 2.604452e-02 -6.708219e-02)	(7.034121e-05 4.570527e-05 9.116742e-06)
4225          	(-1.914821e-02 2.613458e-02 -6.710428e-02)	(-1.921849e-02 2.608893e-02 -6.711344e-02)	(7.027675e-05 4.564728e-05 9.161686e-06)
4226          	(-1.919652e-02 2.618071e-02 -6.713317e-02)	(-1.926672e-02 2.613513e-02 -6.714236e-02)	(7.019979e-05 4.557719e-05 9.190828e-06)
4227          	(-1.923930e-02 2.622289e-02 -6.715958e-02)	(-1.930944e-02 2.617737e-02 -6.716880e-02)	(7.014016e-05 4.552352e-05 9.225438e-06)
4228          	(-1.927602e-02 2.625685e-02 -6.718365e-02)	(-1.934608e-02 2.621140e-02 -6.719290e-02)	(7.006469e-05 4.545122e-05 9.242981e-06)
4229          	(-1.928839e-02 2.625646e-02 -6.720554e-02)	(-1.935839e-02 2.621108e-02 -6.721480e-02)	(6.999838e-05 4.538039e-05 9.260857e-06)
4230          	(-1.930448e-02 2.625966e-02 -6.721985e-02)	(-1.937440e-02 2.621436e-02 -6.722913e-02)	(6.991797e-05 4.529099e-05 9.273997e-06)
4231          	(-1.934909e-02 2.629929e-02 -6.724769e-02)	(-1.941894e-02 2.625407e-02 -6.725698e-02)	(6.985340e-05 4.521967e-05 9.291815e-06)
4232          	(-1.936481e-02 2.630282e-02 -6.725169e-02)	(-1.943458e-02 2.625769e-02 -6.726096e-02)	(6.977074e-05 4.512644e-05 9.269908e-06)
4233          	(-1.938208e-02 2.630767e-02 -6.724996e-02)	(-1.945178e-02 2.626262e-02 -6.725923e-02)	(6.970350e-05 4.504674e-05 9.268566e-06)
4234          	(-1.940023e-02 2.631333e-02 -6.724496e-02)	(-1.946985e-02 2.626837e-02 -6.725420e-02)	(6.962229e-05 4.495215e-05 9.246467e-06)
4235          	(-1.945492e-02 2.636604e-02 -6.730665e-02)	(-1.952448e-02 2.632116e-02 -6.731587e-02)	(6.955757e-05 4.488169e-05 9.223306e-06)
4236          	(-1.947229e-02 2.636787e-02 -6.729311e-02)	(-1.954177e-02 2.632307e-02 -6.730228e-02)	(6.947750e-05 4.479191e-05 9.173500e-06)
4237          	(-1.948896e-02 2.636906e-02 -6.727946e-02)	(-1.955837e-02 2.632435e-02 -6.728863e-02)	(6.941369e-05 4.471541e-05 9.164008e-06)
4238          	(-1.950511e-02 2.637036e-02 -6.726716e-02)	(-1.957444e-02 2.632574e-02 -6.727631e-02)	(6.933913e-05 4.462629e-05 9.141144e-06)
4239          	(-1.952040e-02 2.637216e-02 -6.725772e-02)	(-1.958968e-02 2.632761e-02 -6.726684e-02)	(6.928044e-05 4.455409e-05 9.122849e-06)
4240          	(-1.956060e-02 2.637035e-02 -6.729672e-02)	(-1.962980e-02 2.632590e-02 -6.730580e-02)	(6.919806e-05 4.445373e-05 9.080885e-06)
4241          	(-1.956682e-02 2.637048e-02 -6.729650e-02)	(-1.963595e-02 2.632611e-02 -6.730554e-02)	(6.913134e-05 4.436778e-05 9.038829e-06)
4242          	(-1.957146e-02 2.637082e-02 -6.729459e-02)	(-1.964052e-02 2.632654e-02 -6.730359e-02)	(6.906323e-05 4.428126e-05 8.997268e-06)
4243          	(-1.957540e-02 2.637166e-02 -6.728912e-02)	(-1.964442e-02 2.632744e-02 -6.729808e-02)	(6.901317e-05 4.421585e-05 8.966563e-06)
4244          	(-1.958059e-02 2.637307e-02 -6.727841e-02)	(-1.964954e-02 2.632893e-02 -6.728733e-02)	(6.895578e-05 4.414353e-05 8.919726e-06)
4245          	(-1.958604e-02 2.637496e-02 -6.726597e-02)	(-1.965496e-02 2.633087e-02 -6.727486e-02)	(6.891365e-05 4.408828e-05 8.882656e-06)
4246          	(-1.959348e-02 2.637714e-02 -6.725241e-02)	(-1.966234e-02 2.633312e-02 -6.726124e-02)	(6.886387e-05 4.402408e-05 8.828057e-06)
4247          	(-1.960147e-02 2.637954e-02 -6.724145e-02)	(-1.967030e-02 2.633557e-02 -6.725023e-02)	(6.882681e-05 4.397344e-05 8.782809e-06)
4248          	(-1.960964e-02 2.638189e-02 -6.723451e-02)	(-1.967842e-02 2.633797e-02 -6.724323e-02)	(6.878042e-05 4.391130e-05 8.719990e-06)
4249          	(-1.961776e-02 2.638384e-02 -6.723170e-02)	(-1.968651e-02 2.633998e-02 -6.724038e-02)	(6.874559e-05 4.386089e-05 8.672160e-06)
4250          	(-1.962457e-02 2.638545e-02 -6.723208e-02)	(-1.969327e-02 2.634166e-02 -6.724069e-02)	(6.870074e-05 4.379773e-05 8.610813e-06)
4251          	(-1.962990e-02 2.638678e-02 -6.723263e-02)	(-1.969857e-02 2.634304e-02 -6.724119e-02)	(6.866874e-05 4.374803e-05 8.567566e-06)
4252          	(-1.963415e-02 2.638795e-02 -6.723253e-02)	(-1.970278e-02 2.634427e-02 -6.724105e-02)	(6.862835e-05 4.368806e-05 8.514307e-06)
4253          	(-1.963783e-02 2.638883e-02 -6.723244e-02)	(-1.970643e-02 2.634519e-02 -6.724092e-02)	(6.859899e-05 4.364100e-05 8.481546e-06)
4254          	(-1.964143e-02 2.638889e-02 -6.723342e-02)	(-1.970999e-02 2.634531e-02 -6.724185e-02)	(6.856080e-05 4.358378e-05 8.436610e-06)
4255          	(-1.964440e-02 2.638902e-02 -6.723374e-02)	(-1.971294e-02 2.634548e-02 -6.724215e-02)	(6.853483e-05 4.354076e-05 8.412339e-06)
4256          	(-1.964628e-02 2.638912e-02 -6.723306e-02)	(-1.971478e-02 2.634564e-02 -6.724144e-02)	(6.849920e-05 4.348747e-05 8.375654e-06)
4257          	(-1.964708e-02 2.638930e-02 -6.723108e-02)	(-1.971556e-02 2.634586e-02 -6.723944e-02)	(6.847543e-05 4.344844e-05 8.360079e-06)
4258          	(-1.964672e-02 2.638959e-02 -6.722752e-02)	(-1.971517e-02 2.634619e-02 -6.723585e-02)	(6.844353e-05 4.340028e-05 8.331705e-06)
4259          	(-1.964450e-02 2.639034e-02 -6.722065e-02)	(-1.971293e-02 2.634697e-02 -6.722897e-02)	(6.842410e-05 4.336701e-05 8.321821e-06)
4260          	(-1.964945e-02 2.645152e-02 -6.723003e-02)	(-1.971787e-02 2.640816e-02 -6.723832e-02)	(6.842114e-05 4.336048e-05 8.286600e-06)
4261          	(-1.965830e-02 2.649031e-02 -6.721968e-02)	(-1.972673e-02 2.644694e-02 -6.722794e-02)	(6.843658e-05 4.337983e-05 8.256188e-06)
4262          	(-1.966791e-02 2.650272e-02 -6.721076e-02)	(-1.973635e-02 2.645935e-02 -6.721897e-02)	(6.843594e-05 4.337526e-05 8.214869e-06)
4263          	(-1.966892e-02 2.649329e-02 -6.720432e-02)	(-1.973736e-02 2.644992e-02 -6.721252e-02)	(6.843772e-05 4.336459e-05 8.194921e-06)
4264          	(-1.967153e-02 2.646618e-02 -6.718211e-02)	(-1.973995e-02 2.642286e-02 -6.719028e-02)	(6.841416e-05 4.331752e-05 8.168718e-06)
4265          	(-1.967620e-02 2.646137e-02 -6.718483e-02)	(-1.974459e-02 2.641810e-02 -6.719299e-02)	(6.839816e-05 4.327680e-05 8.156250e-06)
4266          	(-1.967306e-02 2.645682e-02 -6.718545e-02)	(-1.974143e-02 2.641359e-02 -6.719357e-02)	(6.837364e-05 4.322782e-05 8.113690e-06)
4267          	(-1.966206e-02 2.645533e-02 -6.718262e-02)	(-1.973043e-02 2.641213e-02 -6.719071e-02)	(6.836425e-05 4.319868e-05 8.090277e-06)
4268          	(-1.965018e-02 2.645598e-02 -6.717923e-02)	(-1.971852e-02 2.641281e-02 -6.718728e-02)	(6.834922e-05 4.316675e-05 8.054793e-06)
4269          	(-1.963583e-02 2.645613e-02 -6.716992e-02)	(-1.970418e-02 2.641298e-02 -6.717796e-02)	(6.835152e-05 4.315760e-05 8.037653e-06)
4270          	(-1.962204e-02 2.645636e-02 -6.715407e-02)	(-1.969038e-02 2.641322e-02 -6.716207e-02)	(6.834880e-05 4.314448e-05 8.008035e-06)
4271          	(-1.960782e-02 2.645642e-02 -6.713264e-02)	(-1.967618e-02 2.641327e-02 -6.714063e-02)	(6.836276e-05 4.315137e-05 7.990654e-06)
4272          	(-1.959607e-02 2.645686e-02 -6.710830e-02)	(-1.966444e-02 2.641370e-02 -6.711625e-02)	(6.837078e-05 4.315162e-05 7.952861e-06)
4273          	(-1.958346e-02 2.645718e-02 -6.708302e-02)	(-1.965186e-02 2.641401e-02 -6.709095e-02)	(6.839437e-05 4.316865e-05 7.924601e-06)
4274          	(-1.956953e-02 2.645723e-02 -6.705872e-02)	(-1.963794e-02 2.641405e-02 -6.706660e-02)	(6.841032e-05 4.317598e-05 7.874939e-06)
4275          	(-1.954746e-02 2.645637e-02 -6.703090e-02)	(-1.961591e-02 2.641317e-02 -6.703873e-02)	(6.844519e-05 4.320296e-05 7.831171e-06)
4276          	(-1.952660e-02 2.645569e-02 -6.700786e-02)	(-1.959507e-02 2.641247e-02 -6.701563e-02)	(6.847306e-05 4.322091e-05 7.768524e-06)
4277          	(-1.950796e-02 2.645540e-02 -6.699007e-02)	(-1.957647e-02 2.641215e-02 -6.699779e-02)	(6.851513e-05 4.325456e-05 7.714398e-06)
4278          	(-1.949024e-02 2.645525e-02 -6.697677e-02)	(-1.955879e-02 2.641197e-02 -6.698442e-02)	(6.854821e-05 4.327741e-05 7.642995e-06)
4279          	(-1.947970e-02 2.645602e-02 -6.697056e-02)	(-1.954829e-02 2.641270e-02 -6.697815e-02)	(6.859207e-05 4.331249e-05 7.590598e-06)
4280          	(-1.947030e-02 2.645679e-02 -6.696718e-02)	(-1.953892e-02 2.641346e-02 -6.697471e-02)	(6.862333e-05 4.333355e-05 7.526541e-06)
4281          	(-1.945918e-02 2.645670e-02 -6.696665e-02)	(-1.952785e-02 2.641333e-02 -6.697413e-02)	(6.866748e-05 4.336930e-05 7.480353e-06)
4282          	(-1.941689e-02 2.636177e-02 -6.696339e-02)	(-1.948557e-02 2.631842e-02 -6.697082e-02)	(6.867341e-05 4.334806e-05 7.427333e-06)
4283          	(-1.939821e-02 2.635495e-02 -6.700236e-02)	(-1.946691e-02 2.631160e-02 -6.700977e-02)	(6.869854e-05 4.334988e-05 7.409087e-06)
4284          	(-1.937228e-02 2.634638e-02 -6.695961e-02)	(-1.944100e-02 2.630302e-02 -6.696698e-02)	(6.872268e-05 4.336086e-05 7.369455e-06)
4285          	(-1.935147e-02 2.634061e-02 -6.691755e-02)	(-1.942023e-02 2.629721e-02 -6.692491e-02)	(6.876493e-05 4.339788e-05 7.360863e-06)
4286          	(-1.933320e-02 2.633717e-02 -6.687753e-02)	(-1.940200e-02 2.629374e-02 -6.688487e-02)	(6.879998e-05 4.343060e-05 7.340560e-06)
4287          	(-1.932202e-02 2.633736e-02 -6.684429e-02)	(-1.939087e-02 2.629387e-02 -6.685162e-02)	(6.885048e-05 4.348367e-05 7.325959e-06)
4288          	(-1.931659e-02 2.633833e-02 -6.681825e-02)	(-1.938548e-02 2.629481e-02 -6.682555e-02)	(6.888733e-05 4.352266e-05 7.295460e-06)
4289          	(-1.931010e-02 2.634081e-02 -6.679719e-02)	(-1.937904e-02 2.629723e-02 -6.680446e-02)	(6.893952e-05 4.357873e-05 7.276174e-06)
4290          	(-1.930125e-02 2.634519e-02 -6.678140e-02)	(-1.937023e-02 2.630157e-02 -6.678864e-02)	(6.897966e-05 4.362065e-05 7.242473e-06)
4291          	(-1.929009e-02 2.635125e-02 -6.677165e-02)	(-1.935913e-02 2.630757e-02 -6.677887e-02)	(6.903852e-05 4.368206e-05 7.222999e-06)
4292          	(-1.927353e-02 2.635908e-02 -6.676823e-02)	(-1.934261e-02 2.631535e-02 -6.677541e-02)	(6.908658e-05 4.373003e-05 7.185638e-06)
4293          	(-1.925669e-02 2.636673e-02 -6.676754e-02)	(-1.932584e-02 2.632293e-02 -6.677470e-02)	(6.915243e-05 4.379641e-05 7.154981e-06)
4294          	(-1.923764e-02 2.637279e-02 -6.676954e-02)	(-1.930684e-02 2.632894e-02 -6.677665e-02)	(6.920742e-05 4.384865e-05 7.104930e-06)
4295          	(-1.922052e-02 2.637677e-02 -6.677089e-02)	(-1.928980e-02 2.633286e-02 -6.677796e-02)	(6.927623e-05 4.391424e-05 7.061616e-06)
4296          	(-1.920501e-02 2.637811e-02 -6.677133e-02)	(-1.927434e-02 2.633415e-02 -6.677833e-02)	(6.933053e-05 4.396232e-05 7.001490e-06)
4297          	(-1.916065e-02 2.631908e-02 -6.671290e-02)	(-1.923004e-02 2.627508e-02 -6.671986e-02)	(6.938654e-05 4.400333e-05 6.961256e-06)
4298          	(-1.914742e-02 2.631749e-02 -6.671542e-02)	(-1.921685e-02 2.627346e-02 -6.672235e-02)	(6.943354e-05 4.403638e-05 6.921361e-06)
4299          	(-1.913399e-02 2.631374e-02 -6.671863e-02)	(-1.920349e-02 2.626965e-02 -6.672550e-02)	(6.949697e-05 4.409323e-05 6.864822e-06)
4300          	(-1.912002e-02 2.630783e-02 -6.672135e-02)	(-1.918956e-02 2.626369e-02 -6.672815e-02)	(6.954578e-05 4.413720e-05 6.799835e-06)
4301          	(-1.910320e-02 2.629857e-02 -6.672280e-02)	(-1.917281e-02 2.625437e-02 -6.672956e-02)	(6.960981e-05 4.419923e-05 6.757835e-06)
4302          	(-1.908536e-02 2.628707e-02 -6.671987e-02)	(-1.915502e-02 2.624283e-02 -6.672658e-02)	(6.965779e-05 4.424542e-05 6.711418e-06)
4303          	(-1.905129e-02 2.625643e-02 -6.670615e-02)	(-1.912101e-02 2.621212e-02 -6.671284e-02)	(6.972193e-05 4.430689e-05 6.689235e-06)
4304          	(-1.901811e-02 2.622669e-02 -6.668089e-02)	(-1.908788e-02 2.618234e-02 -6.668756e-02)	(6.976930e-05 4.434998e-05 6.668840e-06)
4305          	(-1.898694e-02 2.620004e-02 -6.664664e-02)	(-1.905678e-02 2.615563e-02 -6.665331e-02)	(6.983608e-05 4.441456e-05 6.668278e-06)
4306          	(-1.897184e-02 2.619241e-02 -6.661560e-02)	(-1.904173e-02 2.614795e-02 -6.662225e-02)	(6.988809e-05 4.446709e-05 6.655223e-06)
4307          	(-1.895662e-02 2.618504e-02 -6.658586e-02)	(-1.902658e-02 2.614050e-02 -6.659251e-02)	(6.995773e-05 4.454067e-05 6.646931e-06)
4308          	(-1.894026e-02 2.617715e-02 -6.656018e-02)	(-1.901027e-02 2.613255e-02 -6.656680e-02)	(7.001095e-05 4.459743e-05 6.621180e-06)
4309          	(-1.892186e-02 2.616825e-02 -6.653998e-02)	(-1.899194e-02 2.612358e-02 -6.654659e-02)	(7.008145e-05 4.467209e-05 6.604819e-06)
4310          	(-1.888016e-02 2.616918e-02 -6.648352e-02)	(-1.895031e-02 2.612443e-02 -6.649009e-02)	(7.015082e-05 4.474817e-05 6.568590e-06)
4311          	(-1.887214e-02 2.616755e-02 -6.648463e-02)	(-1.894237e-02 2.612271e-02 -6.649118e-02)	(7.023378e-05 4.484095e-05 6.545135e-06)
4312          	(-1.886520e-02 2.616677e-02 -6.649268e-02)	(-1.893550e-02 2.612186e-02 -6.649918e-02)	(7.029356e-05 4.490626e-05 6.496357e-06)
4313          	(-1.885822e-02 2.616606e-02 -6.650516e-02)	(-1.892858e-02 2.612108e-02 -6.651163e-02)	(7.036595e-05 4.498283e-05 6.462316e-06)
4314          	(-1.885043e-02 2.616481e-02 -6.651931e-02)	(-1.892085e-02 2.611977e-02 -6.652573e-02)	(7.041863e-05 4.503716e-05 6.420038e-06)
4315          	(-1.881657e-02 2.611806e-02 -6.648193e-02)	(-1.888705e-02 2.607297e-02 -6.648834e-02)	(7.047799e-05 4.509147e-05 6.409075e-06)
4316          	(-1.880411e-02 2.611822e-02 -6.649415e-02)	(-1.887464e-02 2.607308e-02 -6.650055e-02)	(7.052312e-05 4.513365e-05 6.401411e-06)
4317          	(-1.876924e-02 2.614113e-02 -6.646351e-02)	(-1.883985e-02 2.609590e-02 -6.646988e-02)	(7.061002e-05 4.522951e-05 6.374168e-06)
4318          	(-1.876492e-02 2.614411e-02 -6.647965e-02)	(-1.883559e-02 2.609880e-02 -6.648598e-02)	(7.067255e-05 4.530454e-05 6.332435e-06)
4319          	(-1.876305e-02 2.614700e-02 -6.649705e-02)	(-1.883380e-02 2.610162e-02 -6.650335e-02)	(7.074487e-05 4.538633e-05 6.298198e-06)
4320          	(-1.876238e-02 2.614905e-02 -6.651385e-02)	(-1.883317e-02 2.610361e-02 -6.652011e-02)	(7.079293e-05 4.544112e-05 6.258089e-06)
4321          	(-1.876149e-02 2.614994e-02 -6.652823e-02)	(-1.883235e-02 2.610444e-02 -6.653447e-02)	(7.085541e-05 4.550856e-05 6.238315e-06)
4322          	(-1.875930e-02 2.614959e-02 -6.653937e-02)	(-1.883019e-02 2.610404e-02 -6.654559e-02)	(7.089556e-05 4.555199e-05 6.216617e-06)
4323          	(-1.875493e-02 2.614798e-02 -6.654719e-02)	(-1.882588e-02 2.610237e-02 -6.655340e-02)	(7.095212e-05 4.561117e-05 6.214501e-06)
4324          	(-1.874777e-02 2.614490e-02 -6.655134e-02)	(-1.881876e-02 2.609925e-02 -6.655755e-02)	(7.098905e-05 4.565017e-05 6.207091e-06)
4325          	(-1.873104e-02 2.613662e-02 -6.655171e-02)	(-1.880208e-02 2.609091e-02 -6.655792e-02)	(7.104470e-05 4.570724e-05 6.211052e-06)
4326          	(-1.869041e-02 2.610609e-02 -6.652208e-02)	(-1.876150e-02 2.606034e-02 -6.652829e-02)	(7.108560e-05 4.574740e-05 6.208214e-06)
4327          	(-1.865156e-02 2.607701e-02 -6.649039e-02)	(-1.872271e-02 2.603120e-02 -6.649661e-02)	(7.114845e-05 4.580998e-05 6.220748e-06)
4328          	(-1.864233e-02 2.607624e-02 -6.647433e-02)	(-1.871352e-02 2.603038e-02 -6.648054e-02)	(7.119453e-05 4.586035e-05 6.210817e-06)
4329          	(-1.863343e-02 2.607519e-02 -6.646195e-02)	(-1.870469e-02 2.602926e-02 -6.646814e-02)	(7.125886e-05 4.593204e-05 6.189572e-06)
4330          	(-1.862445e-02 2.607330e-02 -6.645500e-02)	(-1.869575e-02 2.602731e-02 -6.646115e-02)	(7.130415e-05 4.598449e-05 6.156329e-06)
4331          	(-1.861493e-02 2.607038e-02 -6.645377e-02)	(-1.868629e-02 2.602432e-02 -6.645991e-02)	(7.136557e-05 4.605303e-05 6.135761e-06)
4332          	(-1.860449e-02 2.606640e-02 -6.645741e-02)	(-1.867590e-02 2.602030e-02 -6.646352e-02)	(7.140830e-05 4.610185e-05 6.109720e-06)
4333          	(-1.859278e-02 2.606156e-02 -6.646452e-02)	(-1.866425e-02 2.601539e-02 -6.647062e-02)	(7.146642e-05 4.616592e-05 6.096503e-06)
4334          	(-1.857970e-02 2.605605e-02 -6.647318e-02)	(-1.865121e-02 2.600984e-02 -6.647926e-02)	(7.150859e-05 4.621346e-05 6.080008e-06)
4335          	(-1.856530e-02 2.605023e-02 -6.648153e-02)	(-1.863687e-02 2.600396e-02 -6.648761e-02)	(7.156713e-05 4.627729e-05 6.077237e-06)
4336          	(-1.854989e-02 2.604433e-02 -6.648812e-02)	(-1.862150e-02 2.599801e-02 -6.649419e-02)	(7.160997e-05 4.632521e-05 6.070440e-06)
4337          	(-1.853381e-02 2.603853e-02 -6.649232e-02)	(-1.860547e-02 2.599214e-02 -6.649839e-02)	(7.166848e-05 4.638979e-05 6.071482e-06)
4338          	(-1.851754e-02 2.603280e-02 -6.649412e-02)	(-1.858925e-02 2.598636e-02 -6.650019e-02)	(7.171184e-05 4.643944e-05 6.064777e-06)
4339          	(-1.850161e-02 2.602707e-02 -6.649422e-02)	(-1.857338e-02 2.598056e-02 -6.650029e-02)	(7.177008e-05 4.650448e-05 6.065085e-06)
4340          	(-1.848656e-02 2.602113e-02 -6.649359e-02)	(-1.855837e-02 2.597458e-02 -6.649965e-02)	(7.181106e-05 4.655213e-05 6.056879e-06)
4341          	(-1.847272e-02 2.601486e-02 -6.649339e-02)	(-1.854459e-02 2.596825e-02 -6.649944e-02)	(7.186589e-05 4.661410e-05 6.054057e-06)
4342          	(-1.846026e-02 2.600802e-02 -6.649442e-02)	(-1.853216e-02 2.596136e-02 -6.650047e-02)	(7.190342e-05 4.665808e-05 6.045610e-06)
4343          	(-1.844863e-02 2.600011e-02 -6.649712e-02)	(-1.852058e-02 2.595340e-02 -6.650316e-02)	(7.195315e-05 4.671413e-05 6.045926e-06)
4344          	(-1.841179e-02 2.594940e-02 -6.649532e-02)	(-1.848377e-02 2.590267e-02 -6.650136e-02)	(7.197877e-05 4.673788e-05 6.040102e-06)
4345          	(-1.840156e-02 2.594179e-02 -6.649513e-02)	(-1.847358e-02 2.589501e-02 -6.650119e-02)	(7.202055e-05 4.678125e-05 6.063282e-06)
4346          	(-1.839207e-02 2.593405e-02 -6.649483e-02)	(-1.846412e-02 2.588723e-02 -6.650090e-02)	(7.204857e-05 4.681496e-05 6.069226e-06)
4347          	(-1.838309e-02 2.592618e-02 -6.649494e-02)	(-1.845518e-02 2.587931e-02 -6.650103e-02)	(7.208938e-05 4.686455e-05 6.090452e-06)
4348          	(-1.837438e-02 2.591827e-02 -6.649590e-02)	(-1.844649e-02 2.587137e-02 -6.650201e-02)	(7.211298e-05 4.689807e-05 6.114606e-06)
4349          	(-1.836567e-02 2.591059e-02 -6.649798e-02)	(-1.843782e-02 2.586364e-02 -6.650413e-02)	(7.214802e-05 4.694509e-05 6.151251e-06)
4350          	(-1.835573e-02 2.590267e-02 -6.650089e-02)	(-1.842789e-02 2.585569e-02 -6.650708e-02)	(7.216568e-05 4.697453e-05 6.187721e-06)
4351          	(-1.834395e-02 2.589443e-02 -6.650394e-02)	(-1.841614e-02 2.584741e-02 -6.651018e-02)	(7.219480e-05 4.701634e-05 6.238109e-06)
4352          	(-1.833315e-02 2.588795e-02 -6.650589e-02)	(-1.840536e-02 2.584091e-02 -6.651217e-02)	(7.220959e-05 4.704294e-05 6.281366e-06)
4353          	(-1.832213e-02 2.588254e-02 -6.650693e-02)	(-1.839437e-02 2.583545e-02 -6.651326e-02)	(7.223936e-05 4.708556e-05 6.330420e-06)
4354          	(-1.831290e-02 2.587917e-02 -6.650784e-02)	(-1.838516e-02 2.583206e-02 -6.651421e-02)	(7.225514e-05 4.711410e-05 6.370940e-06)
4355          	(-1.830743e-02 2.587276e-02 -6.651778e-02)	(-1.837971e-02 2.582561e-02 -6.652419e-02)	(7.228023e-05 4.715164e-05 6.413834e-06)
4356          	(-1.830768e-02 2.587261e-02 -6.653549e-02)	(-1.837997e-02 2.582544e-02 -6.654193e-02)	(7.228667e-05 4.716987e-05 6.445691e-06)
4357          	(-1.831006e-02 2.587294e-02 -6.655435e-02)	(-1.838236e-02 2.582574e-02 -6.656084e-02)	(7.230154e-05 4.719753e-05 6.485771e-06)
4358          	(-1.831185e-02 2.587035e-02 -6.656984e-02)	(-1.838415e-02 2.582315e-02 -6.657636e-02)	(7.229699e-05 4.720399e-05 6.521553e-06)
4359          	(-1.831122e-02 2.586906e-02 -6.657021e-02)	(-1.838352e-02 2.582184e-02 -6.657679e-02)	(7.230304e-05 4.722190e-05 6.577428e-06)
4360          	(-1.831126e-02 2.586744e-02 -6.657182e-02)	(-1.838355e-02 2.582021e-02 -6.657846e-02)	(7.229380e-05 4.722517e-05 6.634094e-06)
4361          	(-1.831177e-02 2.586570e-02 -6.657502e-02)	(-1.838407e-02 2.581846e-02 -6.658172e-02)	(7.229578e-05 4.724105e-05 6.699585e-06)
4362          	(-1.831261e-02 2.586385e-02 -6.658025e-02)	(-1.838489e-02 2.581661e-02 -6.658701e-02)	(7.228185e-05 4.724135e-05 6.756810e-06)
4363          	(-1.831393e-02 2.586212e-02 -6.658698e-02)	(-1.838621e-02 2.581487e-02 -6.659381e-02)	(7.227898e-05 4.725341e-05 6.821581e-06)
4364          	(-1.831569e-02 2.586057e-02 -6.659474e-02)	(-1.838795e-02 2.581332e-02 -6.660162e-02)	(7.226058e-05 4.724950e-05 6.876220e-06)
4365          	(-1.831806e-02 2.585914e-02 -6.660352e-02)	(-1.839031e-02 2.581189e-02 -6.661046e-02)	(7.225460e-05 4.725836e-05 6.936382e-06)
4366          	(-1.832119e-02 2.585770e-02 -6.661336e-02)	(-1.839343e-02 2.581045e-02 -6.662035e-02)	(7.223276e-05 4.725057e-05 6.987458e-06)
4367          	(-1.832601e-02 2.585627e-02 -6.662458e-02)	(-1.839824e-02 2.580902e-02 -6.663162e-02)	(7.222127e-05 4.725313e-05 7.046597e-06)
4368          	(-1.833220e-02 2.585465e-02 -6.663718e-02)	(-1.840440e-02 2.580741e-02 -6.664428e-02)	(7.219404e-05 4.723899e-05 7.097519e-06)
4369          	(-1.834126e-02 2.585319e-02 -6.665153e-02)	(-1.841344e-02 2.580596e-02 -6.665869e-02)	(7.217728e-05 4.723520e-05 7.158137e-06)
4370          	(-1.835109e-02 2.585131e-02 -6.666699e-02)	(-1.842323e-02 2.580409e-02 -6.667420e-02)	(7.214413e-05 4.721400e-05 7.211468e-06)
4371          	(-1.836111e-02 2.584883e-02 -6.668327e-02)	(-1.843323e-02 2.580163e-02 -6.669054e-02)	(7.212007e-05 4.720146e-05 7.276439e-06)
4372          	(-1.836654e-02 2.584592e-02 -6.669909e-02)	(-1.843863e-02 2.579875e-02 -6.670642e-02)	(7.208145e-05 4.717329e-05 7.332701e-06)
4373          	(-1.837211e-02 2.584286e-02 -6.671381e-02)	(-1.844417e-02 2.579570e-02 -6.672121e-02)	(7.205697e-05 4.715942e-05 7.399777e-06)
4374          	(-1.837801e-02 2.583960e-02 -6.672692e-02)	(-1.845003e-02 2.579247e-02 -6.673438e-02)	(7.201632e-05 4.712885e-05 7.457376e-06)
4375          	(-1.838462e-02 2.583601e-02 -6.673855e-02)	(-1.845661e-02 2.578889e-02 -6.674608e-02)	(7.198995e-05 4.711273e-05 7.526856e-06)
4376          	(-1.839253e-02 2.583177e-02 -6.674911e-02)	(-1.846447e-02 2.578469e-02 -6.675669e-02)	(7.194638e-05 4.707925e-05 7.586899e-06)
4377          	(-1.840236e-02 2.582660e-02 -6.675900e-02)	(-1.847427e-02 2.577954e-02 -6.676665e-02)	(7.191667e-05 4.705960e-05 7.653855e-06)
4378          	(-1.841422e-02 2.582039e-02 -6.676831e-02)	(-1.848609e-02 2.577337e-02 -6.677603e-02)	(7.186797e-05 4.702171e-05 7.717796e-06)
4379          	(-1.844742e-02 2.581058e-02 -6.677296e-02)	(-1.851925e-02 2.576359e-02 -6.678076e-02)	(7.182490e-05 4.698752e-05 7.805270e-06)
4380          	(-1.846296e-02 2.583655e-02 -6.678649e-02)	(-1.853473e-02 2.578960e-02 -6.679438e-02)	(7.177626e-05 4.695306e-05 7.883474e-06)
4381          	(-1.847975e-02 2.582931e-02 -6.678952e-02)	(-1.855149e-02 2.578238e-02 -6.679748e-02)	(7.174293e-05 4.693423e-05 7.962921e-06)
4382          	(-1.848204e-02 2.582435e-02 -6.679673e-02)	(-1.855373e-02 2.577745e-02 -6.680477e-02)	(7.169209e-05 4.689504e-05 8.037267e-06)
4383          	(-1.848357e-02 2.582063e-02 -6.680264e-02)	(-1.855524e-02 2.577376e-02 -6.681075e-02)	(7.166047e-05 4.687397e-05 8.109074e-06)
4384          	(-1.848541e-02 2.581804e-02 -6.680711e-02)	(-1.855702e-02 2.577120e-02 -6.681527e-02)	(7.161470e-05 4.683874e-05 8.163232e-06)
4385          	(-1.849044e-02 2.582173e-02 -6.680613e-02)	(-1.856203e-02 2.577491e-02 -6.681435e-02)	(7.158706e-05 4.682305e-05 8.224567e-06)
4386          	(-1.852706e-02 2.587266e-02 -6.682868e-02)	(-1.859861e-02 2.582585e-02 -6.683695e-02)	(7.154992e-05 4.680622e-05 8.267080e-06)
4387          	(-1.856724e-02 2.591956e-02 -6.684888e-02)	(-1.863877e-02 2.587275e-02 -6.685718e-02)	(7.152996e-05 4.681076e-05 8.299096e-06)
4388          	(-1.860764e-02 2.596074e-02 -6.687135e-02)	(-1.867913e-02 2.591394e-02 -6.687967e-02)	(7.149039e-05 4.679423e-05 8.318019e-06)
4389          	(-1.864750e-02 2.599558e-02 -6.689554e-02)	(-1.871896e-02 2.594879e-02 -6.690389e-02)	(7.146314e-05 4.678622e-05 8.351560e-06)
4390          	(-1.866457e-02 2.599930e-02 -6.690911e-02)	(-1.873599e-02 2.595255e-02 -6.691748e-02)	(7.141497e-05 4.674877e-05 8.373966e-06)
4391          	(-1.868391e-02 2.600464e-02 -6.692618e-02)	(-1.875529e-02 2.595792e-02 -6.693460e-02)	(7.137853e-05 4.671808e-05 8.421273e-06)
4392          	(-1.873110e-02 2.604761e-02 -6.700077e-02)	(-1.880243e-02 2.600093e-02 -6.700922e-02)	(7.132629e-05 4.667407e-05 8.445466e-06)
4393          	(-1.878224e-02 2.608515e-02 -6.705658e-02)	(-1.885353e-02 2.603851e-02 -6.706505e-02)	(7.128420e-05 4.664085e-05 8.470119e-06)
4394          	(-1.882534e-02 2.609968e-02 -6.708294e-02)	(-1.889656e-02 2.605311e-02 -6.709144e-02)	(7.121490e-05 4.657475e-05 8.494647e-06)
4395          	(-1.885473e-02 2.607629e-02 -6.708378e-02)	(-1.892588e-02 2.602980e-02 -6.709234e-02)	(7.114527e-05 4.649776e-05 8.557884e-06)
4396          	(-1.887000e-02 2.607080e-02 -6.708928e-02)	(-1.894106e-02 2.602439e-02 -6.709791e-02)	(7.106176e-05 4.640549e-05 8.622596e-06)
4397          	(-1.888338e-02 2.606351e-02 -6.709074e-02)	(-1.895437e-02 2.601717e-02 -6.709943e-02)	(7.099495e-05 4.633454e-05 8.692574e-06)
4398          	(-1.889613e-02 2.605507e-02 -6.708779e-02)	(-1.896704e-02 2.600882e-02 -6.709654e-02)	(7.091334e-05 4.625164e-05 8.748501e-06)
4399          	(-1.890688e-02 2.604621e-02 -6.708363e-02)	(-1.897773e-02 2.600003e-02 -6.709244e-02)	(7.084829e-05 4.618718e-05 8.813903e-06)
4400          	(-1.891860e-02 2.603771e-02 -6.707574e-02)	(-1.898937e-02 2.599161e-02 -6.708460e-02)	(7.076818e-05 4.610974e-05 8.859710e-06)
