# Moment      
# CofR        : (0.000000e+00 0.000000e+00 0.000000e+00)
#
# Time        	(total_x total_y total_z)	(pressure_x pressure_y pressure_z)	(viscous_x viscous_y viscous_z)
1             	(-4.014803e-04 1.811030e+00 2.616645e-04)	(-4.000691e-04 1.808231e+00 2.619873e-04)	(-1.411165e-06 2.798875e-03 -3.227637e-07)
2             	(5.325336e-04 1.456340e+00 -3.259426e-03)	(5.402661e-04 1.457351e+00 -3.252783e-03)	(-7.732503e-06 -1.011329e-03 -6.642868e-06)
3             	(1.055020e-03 5.909948e-01 2.309513e-03)	(1.082926e-03 5.937174e-01 2.331936e-03)	(-2.790622e-05 -2.722559e-03 -2.242284e-05)
4             	(1.668151e-03 -8.700191e-01 -3.520059e-02)	(1.672544e-03 -8.667846e-01 -3.520422e-02)	(-4.393790e-06 -3.234496e-03 3.632629e-06)
5             	(4.442726e-03 -1.676846e+00 -2.888100e-02)	(4.426605e-03 -1.674636e+00 -2.885787e-02)	(1.612043e-05 -2.210062e-03 -2.313122e-05)
6             	(3.637782e-03 -1.706602e+00 -1.667196e-02)	(3.625233e-03 -1.706445e+00 -1.663628e-02)	(1.254815e-05 -1.570496e-04 -3.567735e-05)
7             	(3.627384e-03 -1.302340e+00 3.869543e-03)	(3.581645e-03 -1.304559e+00 4.052175e-03)	(4.573829e-05 2.219109e-03 -1.826329e-04)
8             	(2.913212e-03 -6.885267e-01 -5.835466e-03)	(2.962799e-03 -6.920038e-01 -5.708866e-03)	(-4.958725e-05 3.477054e-03 -1.266003e-04)
9             	(1.055246e-03 4.072688e-02 -2.264179e-02)	(1.169644e-03 3.696963e-02 -2.263134e-02)	(-1.143989e-04 3.757254e-03 -1.044636e-05)
10            	(-3.852140e-04 5.207959e-01 -1.509975e-02)	(-3.208402e-04 5.175928e-01 -1.511507e-02)	(-6.437382e-05 3.203100e-03 1.531480e-05)
11            	(-5.180745e-04 6.963895e-01 -1.447098e-02)	(-4.871359e-04 6.945385e-01 -1.438047e-02)	(-3.093857e-05 1.851015e-03 -9.050834e-05)
12            	(1.918177e-03 6.317240e-01 -1.105133e-02)	(1.893734e-03 6.316178e-01 -1.095170e-02)	(2.444289e-05 1.062198e-04 -9.962401e-05)
13            	(4.074525e-03 4.382255e-01 -9.329925e-03)	(4.035945e-03 4.394513e-01 -9.404328e-03)	(3.858041e-05 -1.225839e-03 7.440291e-05)
14            	(6.592425e-03 1.974566e-01 -1.634265e-03)	(6.589017e-03 1.993311e-01 -1.709038e-03)	(3.408637e-06 -1.874514e-03 7.477364e-05)
15            	(1.033899e-02 -2.954492e-02 9.112949e-03)	(1.028091e-02 -2.777629e-02 9.065011e-03)	(5.808317e-05 -1.768631e-03 4.793836e-05)
16            	(1.459088e-02 -1.609480e-01 1.439386e-02)	(1.449546e-02 -1.598074e-01 1.448901e-02)	(9.542525e-05 -1.140636e-03 -9.514215e-05)
17            	(1.813720e-02 -2.053506e-01 1.510018e-02)	(1.801628e-02 -2.050799e-01 1.533961e-02)	(1.209271e-04 -2.707519e-04 -2.394363e-04)
18            	(1.855169e-02 -1.770081e-01 1.154113e-02)	(1.842123e-02 -1.776313e-01 1.189577e-02)	(1.304593e-04 6.231435e-04 -3.546457e-04)
19            	(1.692517e-02 -1.114727e-01 5.975271e-03)	(1.680367e-02 -1.127177e-01 6.354816e-03)	(1.214972e-04 1.244997e-03 -3.795443e-04)
20            	(1.392902e-02 -3.896000e-02 5.104064e-04)	(1.380596e-02 -4.043674e-02 8.331234e-04)	(1.230567e-04 1.476738e-03 -3.227170e-04)
21            	(1.028254e-02 2.107381e-02 -3.124642e-03)	(1.015442e-02 1.971716e-02 -2.889520e-03)	(1.281175e-04 1.356649e-03 -2.351229e-04)
22            	(7.773250e-03 5.584355e-02 -4.257568e-03)	(7.638671e-03 5.481681e-02 -4.097355e-03)	(1.345789e-04 1.026737e-03 -1.602132e-04)
23            	(6.979827e-03 6.596812e-02 -3.157383e-03)	(6.855906e-03 6.532057e-02 -3.051981e-03)	(1.239204e-04 6.475513e-04 -1.054026e-04)
24            	(8.138861e-03 5.847032e-02 -9.733634e-04)	(8.021464e-03 5.814730e-02 -9.080292e-04)	(1.173974e-04 3.230177e-04 -6.533429e-05)
25            	(1.088966e-02 4.262341e-02 1.531015e-03)	(1.077435e-02 4.252143e-02 1.573279e-03)	(1.153159e-04 1.019846e-04 -4.226418e-05)
26            	(1.463595e-02 2.594916e-02 3.789157e-03)	(1.451833e-02 2.595415e-02 3.819302e-03)	(1.176163e-04 -4.988773e-06 -3.014484e-05)
27            	(1.792443e-02 1.452014e-02 4.897121e-03)	(1.780142e-02 1.452329e-02 4.925929e-03)	(1.230117e-04 -3.144523e-06 -2.880883e-05)
28            	(2.048498e-02 8.697885e-03 5.153463e-03)	(2.035447e-02 8.618115e-03 5.185028e-03)	(1.305091e-04 7.976962e-05 -3.156512e-05)
29            	(2.159630e-02 7.247007e-03 4.623818e-03)	(2.146088e-02 7.047813e-03 4.658720e-03)	(1.354194e-04 1.991936e-04 -3.490128e-05)
30            	(2.119739e-02 1.067057e-02 3.878855e-03)	(2.106551e-02 1.035240e-02 3.915611e-03)	(1.318836e-04 3.181691e-04 -3.675599e-05)
31            	(2.000139e-02 1.606965e-02 3.300198e-03)	(1.987781e-02 1.566241e-02 3.335884e-03)	(1.235815e-04 4.072389e-04 -3.568591e-05)
32            	(1.845558e-02 2.114668e-02 3.081032e-03)	(1.833873e-02 2.069350e-02 3.111211e-03)	(1.168512e-04 4.531795e-04 -3.017937e-05)
33            	(1.684911e-02 2.434353e-02 3.256340e-03)	(1.673587e-02 2.388629e-02 3.275098e-03)	(1.132370e-04 4.572377e-04 -1.875838e-05)
34            	(1.536780e-02 2.517101e-02 3.621193e-03)	(1.525454e-02 2.474066e-02 3.622560e-03)	(1.132610e-04 4.303538e-04 -1.367548e-06)
35            	(1.435827e-02 2.503346e-02 3.935450e-03)	(1.424383e-02 2.464342e-02 3.917208e-03)	(1.144445e-04 3.900359e-04 1.824152e-05)
36            	(1.351174e-02 2.308338e-02 4.218752e-03)	(1.339615e-02 2.273504e-02 4.183675e-03)	(1.155923e-04 3.483391e-04 3.507739e-05)
37            	(1.279831e-02 2.131777e-02 4.311408e-03)	(1.268068e-02 2.100237e-02 4.266693e-03)	(1.176288e-04 3.153947e-04 4.471559e-05)
38            	(1.206993e-02 2.066503e-02 4.256360e-03)	(1.195012e-02 2.036662e-02 4.209392e-03)	(1.198169e-04 2.984106e-04 4.696790e-05)
39            	(1.146620e-02 2.047384e-02 4.048427e-03)	(1.134428e-02 2.017753e-02 4.003732e-03)	(1.219173e-04 2.963080e-04 4.469503e-05)
40            	(1.099848e-02 2.056409e-02 3.729359e-03)	(1.087496e-02 2.025909e-02 3.689548e-03)	(1.235177e-04 3.050046e-04 3.981015e-05)
41            	(1.059540e-02 2.244899e-02 3.059240e-03)	(1.047113e-02 2.212581e-02 3.025040e-03)	(1.242735e-04 3.231796e-04 3.419987e-05)
42            	(1.018722e-02 2.330298e-02 2.767588e-03)	(1.006260e-02 2.296148e-02 2.736545e-03)	(1.246185e-04 3.415022e-04 3.104320e-05)
43            	(9.729897e-03 2.423941e-02 2.475490e-03)	(9.604799e-03 2.388188e-02 2.445873e-03)	(1.250977e-04 3.575244e-04 2.961689e-05)
44            	(9.175457e-03 2.504482e-02 2.176456e-03)	(9.050280e-03 2.467554e-02 2.146106e-03)	(1.251769e-04 3.692793e-04 3.034973e-05)
45            	(8.163892e-03 2.574203e-02 1.602247e-03)	(8.040377e-03 2.536463e-02 1.570208e-03)	(1.235150e-04 3.773918e-04 3.203965e-05)
46            	(7.509963e-03 2.584656e-02 1.335576e-03)	(7.389092e-03 2.546445e-02 1.301965e-03)	(1.208712e-04 3.821046e-04 3.361080e-05)
47            	(6.722597e-03 2.566146e-02 1.025795e-03)	(6.605394e-03 2.527687e-02 9.912066e-04)	(1.172038e-04 3.845937e-04 3.458871e-05)
48            	(5.943871e-03 2.536088e-02 7.100002e-04)	(5.830998e-03 2.497491e-02 6.747873e-04)	(1.128728e-04 3.859749e-04 3.521295e-05)
49            	(4.719414e-03 2.378416e-02 3.134469e-04)	(4.612316e-03 2.339971e-02 2.782839e-04)	(1.070981e-04 3.844474e-04 3.516301e-05)
50            	(4.007041e-03 2.343431e-02 -5.476745e-05)	(3.906736e-03 2.304982e-02 -8.957157e-05)	(1.003056e-04 3.844882e-04 3.480412e-05)
51            	(3.273051e-03 2.307025e-02 -4.394318e-04)	(3.179091e-03 2.268526e-02 -4.727620e-04)	(9.396021e-05 3.849970e-04 3.333018e-05)
52            	(2.516145e-03 2.270218e-02 -8.478491e-04)	(2.428194e-03 2.231605e-02 -8.784927e-04)	(8.795093e-05 3.861290e-04 3.064363e-05)
53            	(1.278129e-03 2.170109e-02 -1.520442e-03)	(1.196666e-03 2.131499e-02 -1.546725e-03)	(8.146285e-05 3.860987e-04 2.628309e-05)
54            	(7.422598e-04 2.146272e-02 -1.863650e-03)	(6.671925e-04 2.107624e-02 -1.885533e-03)	(7.506732e-05 3.864800e-04 2.188281e-05)
55            	(-1.747771e-04 2.082015e-02 -2.460977e-03)	(-2.427473e-04 2.043494e-02 -2.477671e-03)	(6.797027e-05 3.852072e-04 1.669339e-05)
56            	(-5.108004e-04 2.071048e-02 -2.745970e-03)	(-5.715249e-04 2.032641e-02 -2.757613e-03)	(6.072447e-05 3.840726e-04 1.164278e-05)
57            	(-8.602966e-04 2.061831e-02 -3.037675e-03)	(-9.137361e-04 2.023623e-02 -3.043969e-03)	(5.343944e-05 3.820771e-04 6.294237e-06)
58            	(-1.601475e-03 2.039424e-02 -3.583286e-03)	(-1.646695e-03 2.001450e-02 -3.583903e-03)	(4.522013e-05 3.797457e-04 6.167577e-07)
59            	(-1.954236e-03 2.040769e-02 -3.824571e-03)	(-1.991598e-03 2.003006e-02 -3.819318e-03)	(3.736247e-05 3.776290e-04 -5.253562e-06)
60            	(-2.363926e-03 2.049996e-02 -4.048261e-03)	(-2.393524e-03 2.012459e-02 -4.037539e-03)	(2.959825e-05 3.753731e-04 -1.072180e-05)
61            	(-2.843093e-03 2.066599e-02 -4.249992e-03)	(-2.864522e-03 2.029243e-02 -4.234228e-03)	(2.142903e-05 3.735643e-04 -1.576389e-05)
62            	(-3.624366e-03 2.140298e-02 -4.509771e-03)	(-3.636293e-03 2.102896e-02 -4.489379e-03)	(1.192720e-05 3.740242e-04 -2.039237e-05)
63            	(-4.092038e-03 2.160917e-02 -4.599934e-03)	(-4.094145e-03 2.123477e-02 -4.575216e-03)	(2.107719e-06 3.743969e-04 -2.471782e-05)
64            	(-4.819562e-03 2.234505e-02 -4.636511e-03)	(-4.811698e-03 2.196873e-02 -4.608572e-03)	(-7.863614e-06 3.763168e-04 -2.793940e-05)
65            	(-5.217122e-03 2.251426e-02 -4.608721e-03)	(-5.199884e-03 2.213646e-02 -4.577654e-03)	(-1.723770e-05 3.777972e-04 -3.106734e-05)
66            	(-5.625054e-03 2.267707e-02 -4.528520e-03)	(-5.598665e-03 2.229828e-02 -4.494605e-03)	(-2.638866e-05 3.787961e-04 -3.391516e-05)
67            	(-6.331943e-03 2.302650e-02 -4.341647e-03)	(-6.296402e-03 2.264614e-02 -4.305244e-03)	(-3.554045e-05 3.803565e-04 -3.640219e-05)
68            	(-6.734679e-03 2.313565e-02 -4.195924e-03)	(-6.691688e-03 2.275384e-02 -4.157204e-03)	(-4.299079e-05 3.818111e-04 -3.872036e-05)
69            	(-7.160007e-03 2.321489e-02 -4.025183e-03)	(-7.110607e-03 2.283191e-02 -3.984435e-03)	(-4.940007e-05 3.829760e-04 -4.074835e-05)
70            	(-7.605331e-03 2.326496e-02 -3.834024e-03)	(-7.550764e-03 2.288075e-02 -3.791486e-03)	(-5.456674e-05 3.842049e-04 -4.253865e-05)
71            	(-8.334151e-03 2.339208e-02 -3.474150e-03)	(-8.274554e-03 2.300658e-02 -3.430696e-03)	(-5.959629e-05 3.854951e-04 -4.345347e-05)
72            	(-8.684391e-03 2.335892e-02 -3.275925e-03)	(-8.620298e-03 2.297245e-02 -3.231699e-03)	(-6.409292e-05 3.864643e-04 -4.422569e-05)
73            	(-9.213170e-03 2.334191e-02 -2.924605e-03)	(-9.144078e-03 2.295506e-02 -2.880503e-03)	(-6.909204e-05 3.868509e-04 -4.410124e-05)
74            	(-9.617969e-03 2.314517e-02 -2.605742e-03)	(-9.543383e-03 2.275861e-02 -2.561828e-03)	(-7.458628e-05 3.865588e-04 -4.391407e-05)
75            	(-9.768272e-03 2.300988e-02 -2.475532e-03)	(-9.687881e-03 2.262426e-02 -2.432071e-03)	(-8.039071e-05 3.856172e-04 -4.346068e-05)
76            	(-9.883735e-03 2.285992e-02 -2.363799e-03)	(-9.797064e-03 2.247597e-02 -2.321357e-03)	(-8.667083e-05 3.839570e-04 -4.244175e-05)
77            	(-9.988805e-03 2.254263e-02 -2.242373e-03)	(-9.895607e-03 2.216111e-02 -2.200870e-03)	(-9.319826e-05 3.815201e-04 -4.150226e-05)
78            	(-1.005038e-02 2.230432e-02 -2.188074e-03)	(-9.951314e-03 2.192537e-02 -2.147406e-03)	(-9.906470e-05 3.789527e-04 -4.066808e-05)
79            	(-1.011819e-02 2.220025e-02 -2.164803e-03)	(-1.001397e-02 2.182366e-02 -2.125216e-03)	(-1.042198e-04 3.765862e-04 -3.958729e-05)
80            	(-1.015983e-02 2.210516e-02 -2.163785e-03)	(-1.005110e-02 2.173093e-02 -2.125316e-03)	(-1.087343e-04 3.742281e-04 -3.846945e-05)
81            	(-1.009184e-02 2.201851e-02 -2.217324e-03)	(-9.979733e-03 2.164646e-02 -2.179490e-03)	(-1.121055e-04 3.720460e-04 -3.783490e-05)
82            	(-1.009485e-02 2.195204e-02 -2.261737e-03)	(-9.980710e-03 2.158196e-02 -2.224419e-03)	(-1.141392e-04 3.700724e-04 -3.731737e-05)
83            	(-9.926308e-03 2.191189e-02 -2.326358e-03)	(-9.810472e-03 2.154384e-02 -2.290188e-03)	(-1.158369e-04 3.680450e-04 -3.616951e-05)
84            	(-9.874173e-03 2.188298e-02 -2.383364e-03)	(-9.757447e-03 2.151672e-02 -2.348384e-03)	(-1.167264e-04 3.662647e-04 -3.497966e-05)
85            	(-9.596394e-03 2.188879e-02 -2.385992e-03)	(-9.478992e-03 2.152435e-02 -2.352578e-03)	(-1.174017e-04 3.644408e-04 -3.341394e-05)
86            	(-9.287858e-03 2.190989e-02 -2.345287e-03)	(-9.171063e-03 2.154709e-02 -2.313170e-03)	(-1.167957e-04 3.627997e-04 -3.211675e-05)
87            	(-9.127632e-03 2.191919e-02 -2.346335e-03)	(-9.011227e-03 2.155791e-02 -2.315404e-03)	(-1.164053e-04 3.612835e-04 -3.093033e-05)
88            	(-8.702339e-03 2.194305e-02 -2.166698e-03)	(-8.585992e-03 2.158334e-02 -2.137432e-03)	(-1.163476e-04 3.597158e-04 -2.926643e-05)
89            	(-8.239912e-03 2.195384e-02 -1.944398e-03)	(-8.124562e-03 2.159518e-02 -1.916682e-03)	(-1.153497e-04 3.586594e-04 -2.771679e-05)
90            	(-7.941189e-03 2.194723e-02 -1.851123e-03)	(-7.826863e-03 2.158948e-02 -1.824584e-03)	(-1.143263e-04 3.577532e-04 -2.653857e-05)
91            	(-7.374923e-03 2.190039e-02 -1.545942e-03)	(-7.261983e-03 2.154405e-02 -1.521183e-03)	(-1.129395e-04 3.563383e-04 -2.475892e-05)
92            	(-6.777284e-03 2.182994e-02 -1.233417e-03)	(-6.666873e-03 2.147494e-02 -1.210216e-03)	(-1.104116e-04 3.550020e-04 -2.320101e-05)
93            	(-6.380908e-03 2.176847e-02 -1.125194e-03)	(-6.273452e-03 2.141498e-02 -1.103062e-03)	(-1.074555e-04 3.534912e-04 -2.213178e-05)
94            	(-5.721959e-03 2.160488e-02 -8.847697e-04)	(-5.618197e-03 2.125386e-02 -8.640704e-04)	(-1.037625e-04 3.510207e-04 -2.069929e-05)
95            	(-5.254086e-03 2.150255e-02 -8.120992e-04)	(-5.154324e-03 2.115371e-02 -7.920472e-04)	(-9.976186e-05 3.488350e-04 -2.005206e-05)
96            	(-4.500565e-03 2.128507e-02 -6.858764e-04)	(-4.405837e-03 2.093948e-02 -6.661549e-04)	(-9.472794e-05 3.455913e-04 -1.972153e-05)
97            	(-3.972827e-03 2.115226e-02 -6.840703e-04)	(-3.883658e-03 2.080955e-02 -6.633848e-04)	(-8.916887e-05 3.427127e-04 -2.068558e-05)
98            	(-3.171967e-03 2.088320e-02 -7.262149e-04)	(-3.089746e-03 2.054448e-02 -7.041295e-04)	(-8.222061e-05 3.387127e-04 -2.208535e-05)
99            	(-2.604994e-03 2.073734e-02 -7.912849e-04)	(-2.529591e-03 2.040223e-02 -7.673034e-04)	(-7.540370e-05 3.351069e-04 -2.398143e-05)
100           	(-1.993314e-03 2.058201e-02 -8.824725e-04)	(-1.925426e-03 2.025113e-02 -8.566360e-04)	(-6.788849e-05 3.308807e-04 -2.583650e-05)
101           	(-1.347372e-03 2.041869e-02 -9.898556e-04)	(-1.287198e-03 2.009214e-02 -9.618252e-04)	(-6.017363e-05 3.265500e-04 -2.803034e-05)
102           	(-4.714986e-04 2.011482e-02 -1.185592e-03)	(-4.194449e-04 1.979319e-02 -1.155214e-03)	(-5.205370e-05 3.216308e-04 -3.037752e-05)
103           	(9.422319e-05 1.998216e-02 -1.249572e-03)	(1.387607e-04 1.966494e-02 -1.217411e-03)	(-4.453755e-05 3.172207e-04 -3.216119e-05)
104           	(6.333423e-04 1.986523e-02 -1.278586e-03)	(6.699057e-04 1.955258e-02 -1.245247e-03)	(-3.656339e-05 3.126439e-04 -3.333866e-05)
105           	(1.149087e-03 1.976648e-02 -1.268364e-03)	(1.177590e-03 1.945818e-02 -1.234146e-03)	(-2.850289e-05 3.082966e-04 -3.421731e-05)
106           	(1.643348e-03 1.969022e-02 -1.218251e-03)	(1.663762e-03 1.938597e-02 -1.183513e-03)	(-2.041318e-05 3.042507e-04 -3.473797e-05)
107           	(2.113877e-03 1.964229e-02 -1.134336e-03)	(2.126280e-03 1.934173e-02 -1.099561e-03)	(-1.240289e-05 3.005645e-04 -3.477580e-05)
108           	(2.742013e-03 1.957850e-02 -9.939058e-04)	(2.745987e-03 1.928125e-02 -9.596059e-04)	(-3.974087e-06 2.972466e-04 -3.429990e-05)
109           	(3.092328e-03 1.961823e-02 -8.867225e-04)	(3.088685e-03 1.932357e-02 -8.533062e-04)	(3.642298e-06 2.946535e-04 -3.341624e-05)
110           	(3.402902e-03 1.970410e-02 -7.903368e-04)	(3.391683e-03 1.941187e-02 -7.588186e-04)	(1.121831e-05 2.922308e-04 -3.151813e-05)
111           	(3.683643e-03 1.983697e-02 -7.192709e-04)	(3.665282e-03 1.954665e-02 -6.900297e-04)	(1.836139e-05 2.903198e-04 -2.924119e-05)
112           	(4.069442e-03 2.009129e-02 -6.719316e-04)	(4.044155e-03 1.980199e-02 -6.450006e-04)	(2.528695e-05 2.893002e-04 -2.693099e-05)
113           	(4.266471e-03 2.028068e-02 -6.845267e-04)	(4.235248e-03 1.999186e-02 -6.595566e-04)	(3.122230e-05 2.888195e-04 -2.497007e-05)
114           	(4.433911e-03 2.048246e-02 -7.509352e-04)	(4.397276e-03 2.019397e-02 -7.278624e-04)	(3.663475e-05 2.884884e-04 -2.307280e-05)
115           	(4.580464e-03 2.070553e-02 -8.701894e-04)	(4.539040e-03 2.041713e-02 -8.487513e-04)	(4.142359e-05 2.883981e-04 -2.143808e-05)
116           	(4.790153e-03 2.109474e-02 -1.148982e-03)	(4.744070e-03 2.080576e-02 -1.128533e-03)	(4.608353e-05 2.889835e-04 -2.044941e-05)
117           	(4.882698e-03 2.128357e-02 -1.312597e-03)	(4.832596e-03 2.099406e-02 -1.292859e-03)	(5.010200e-05 2.895166e-04 -1.973853e-05)
118           	(4.960832e-03 2.145365e-02 -1.496013e-03)	(4.907074e-03 2.116384e-02 -1.476568e-03)	(5.375859e-05 2.898168e-04 -1.944550e-05)
119           	(5.065380e-03 2.173641e-02 -1.847250e-03)	(5.008192e-03 2.144593e-02 -1.827006e-03)	(5.718807e-05 2.904749e-04 -2.024384e-05)
120           	(5.115912e-03 2.184959e-02 -1.999709e-03)	(5.055894e-03 2.155862e-02 -1.978279e-03)	(6.001770e-05 2.909643e-04 -2.142938e-05)
121           	(5.161719e-03 2.193097e-02 -2.136543e-03)	(5.099026e-03 2.163987e-02 -2.113798e-03)	(6.269331e-05 2.910974e-04 -2.274542e-05)
122           	(5.210817e-03 2.206704e-02 -2.358778e-03)	(5.145515e-03 2.177568e-02 -2.334268e-03)	(6.530198e-05 2.913564e-04 -2.451039e-05)
123           	(5.244454e-03 2.210506e-02 -2.424855e-03)	(5.176760e-03 2.181358e-02 -2.398680e-03)	(6.769449e-05 2.914736e-04 -2.617430e-05)
124           	(5.258411e-03 2.215835e-02 -2.507927e-03)	(5.187914e-03 2.186701e-02 -2.480403e-03)	(7.049650e-05 2.913444e-04 -2.752452e-05)
125           	(5.267752e-03 2.217232e-02 -2.489907e-03)	(5.194640e-03 2.188120e-02 -2.461631e-03)	(7.311214e-05 2.911215e-04 -2.827529e-05)
126           	(5.218225e-03 2.219198e-02 -2.439689e-03)	(5.142312e-03 2.190120e-02 -2.411243e-03)	(7.591266e-05 2.907749e-04 -2.844609e-05)
127           	(5.176950e-03 2.220301e-02 -2.354791e-03)	(5.098744e-03 2.191247e-02 -2.326611e-03)	(7.820680e-05 2.905431e-04 -2.817980e-05)
128           	(5.025423e-03 2.222919e-02 -2.214414e-03)	(4.945313e-03 2.193880e-02 -2.187324e-03)	(8.010994e-05 2.903856e-04 -2.709067e-05)
129           	(4.825241e-03 2.226724e-02 -2.062694e-03)	(4.744005e-03 2.197669e-02 -2.037139e-03)	(8.123648e-05 2.905498e-04 -2.555494e-05)
130           	(4.680939e-03 2.230388e-02 -1.961131e-03)	(4.598843e-03 2.201312e-02 -1.937291e-03)	(8.209609e-05 2.907543e-04 -2.383922e-05)
131           	(4.329145e-03 2.238582e-02 -1.842908e-03)	(4.246814e-03 2.209459e-02 -1.821220e-03)	(8.233037e-05 2.912338e-04 -2.168802e-05)
132           	(3.919484e-03 2.249458e-02 -1.770188e-03)	(3.837488e-03 2.220250e-02 -1.750495e-03)	(8.199579e-05 2.920827e-04 -1.969363e-05)
133           	(3.466180e-03 2.261298e-02 -1.754750e-03)	(3.385012e-03 2.231984e-02 -1.736780e-03)	(8.116805e-05 2.931437e-04 -1.796986e-05)
134           	(2.977000e-03 2.273554e-02 -1.798012e-03)	(2.897030e-03 2.244122e-02 -1.781273e-03)	(7.996928e-05 2.943230e-04 -1.673917e-05)
135           	(2.458904e-03 2.284180e-02 -1.897761e-03)	(2.380584e-03 2.254631e-02 -1.881719e-03)	(7.832032e-05 2.954977e-04 -1.604130e-05)
136           	(1.907662e-03 2.294761e-02 -2.047734e-03)	(1.831578e-03 2.265098e-02 -2.031966e-03)	(7.608432e-05 2.966333e-04 -1.576829e-05)
137           	(1.328613e-03 2.304828e-02 -2.240068e-03)	(1.255467e-03 2.275055e-02 -2.224233e-03)	(7.314573e-05 2.977324e-04 -1.583585e-05)
138           	(7.304354e-04 2.314030e-02 -2.464901e-03)	(6.609514e-04 2.284151e-02 -2.448701e-03)	(6.948406e-05 2.987959e-04 -1.619963e-05)
139           	(1.237919e-04 2.322158e-02 -2.711872e-03)	(5.870486e-05 2.292175e-02 -2.695085e-03)	(6.508702e-05 2.998253e-04 -1.678738e-05)
140           	(-4.895209e-04 2.331539e-02 -2.978083e-03)	(-5.494981e-04 2.301449e-02 -2.960517e-03)	(5.997719e-05 3.009017e-04 -1.756626e-05)
141           	(-1.070452e-03 2.337153e-02 -3.234760e-03)	(-1.124690e-03 2.306958e-02 -3.216241e-03)	(5.423783e-05 3.019463e-04 -1.851909e-05)
142           	(-1.622820e-03 2.341645e-02 -3.482674e-03)	(-1.670870e-03 2.311347e-02 -3.462916e-03)	(4.804927e-05 3.029747e-04 -1.975740e-05)
143           	(-2.146103e-03 2.347337e-02 -3.721438e-03)	(-2.187676e-03 2.316929e-02 -3.700096e-03)	(4.157297e-05 3.040826e-04 -2.134155e-05)
144           	(-2.606591e-03 2.349672e-02 -3.926541e-03)	(-2.641631e-03 2.319158e-02 -3.903339e-03)	(3.503968e-05 3.051388e-04 -2.320197e-05)
145           	(-3.013878e-03 2.350952e-02 -4.105840e-03)	(-3.042502e-03 2.320340e-02 -4.080563e-03)	(2.862417e-05 3.061196e-04 -2.527736e-05)
146           	(-3.366081e-03 2.351134e-02 -4.259113e-03)	(-3.388583e-03 2.320431e-02 -4.231608e-03)	(2.250208e-05 3.070222e-04 -2.750482e-05)
147           	(-3.664240e-03 2.351353e-02 -4.387788e-03)	(-3.681065e-03 2.320568e-02 -4.357981e-03)	(1.682453e-05 3.078536e-04 -2.980707e-05)
148           	(-3.903993e-03 2.349543e-02 -4.490055e-03)	(-3.915640e-03 2.318688e-02 -4.457923e-03)	(1.164708e-05 3.085514e-04 -3.213176e-05)
149           	(-4.088619e-03 2.345717e-02 -4.568151e-03)	(-4.095567e-03 2.314810e-02 -4.533808e-03)	(6.948616e-06 3.090764e-04 -3.434363e-05)
150           	(-4.220335e-03 2.340147e-02 -4.622655e-03)	(-4.222982e-03 2.309203e-02 -4.586302e-03)	(2.646558e-06 3.094330e-04 -3.635323e-05)
151           	(-4.302367e-03 2.332625e-02 -4.654715e-03)	(-4.301031e-03 2.301664e-02 -4.616563e-03)	(-1.336514e-06 3.096080e-04 -3.815224e-05)
152           	(-4.337860e-03 2.322939e-02 -4.667141e-03)	(-4.332761e-03 2.291981e-02 -4.627440e-03)	(-5.098966e-06 3.095802e-04 -3.970067e-05)
153           	(-4.330687e-03 2.310998e-02 -4.663951e-03)	(-4.321986e-03 2.280064e-02 -4.622936e-03)	(-8.701170e-06 3.093341e-04 -4.101442e-05)
154           	(-4.288778e-03 2.296821e-02 -4.649749e-03)	(-4.276611e-03 2.265939e-02 -4.607694e-03)	(-1.216746e-05 3.088250e-04 -4.205516e-05)
155           	(-4.216952e-03 2.280634e-02 -4.631506e-03)	(-4.201481e-03 2.249830e-02 -4.588668e-03)	(-1.547133e-05 3.080391e-04 -4.283789e-05)
156           	(-4.122882e-03 2.262845e-02 -4.615992e-03)	(-4.104307e-03 2.232145e-02 -4.572541e-03)	(-1.857540e-05 3.069914e-04 -4.345083e-05)
157           	(-4.015544e-03 2.243985e-02 -4.607823e-03)	(-3.994065e-03 2.213415e-02 -4.563849e-03)	(-2.147894e-05 3.057048e-04 -4.397406e-05)
158           	(-3.900663e-03 2.224506e-02 -4.610422e-03)	(-3.876449e-03 2.194085e-02 -4.565970e-03)	(-2.421450e-05 3.042018e-04 -4.445196e-05)
159           	(-3.778296e-03 2.202874e-02 -4.626592e-03)	(-3.751511e-03 2.172631e-02 -4.581643e-03)	(-2.678503e-05 3.024306e-04 -4.494890e-05)
160           	(-3.654974e-03 2.181774e-02 -4.651426e-03)	(-3.625795e-03 2.151731e-02 -4.605951e-03)	(-2.917883e-05 3.004362e-04 -4.547478e-05)
161           	(-3.530399e-03 2.161909e-02 -4.679768e-03)	(-3.499031e-03 2.132082e-02 -4.633764e-03)	(-3.136792e-05 2.982708e-04 -4.600341e-05)
162           	(-3.404662e-03 2.144301e-02 -4.704891e-03)	(-3.371337e-03 2.114700e-02 -4.658433e-03)	(-3.332586e-05 2.960083e-04 -4.645782e-05)
163           	(-3.270268e-03 2.127229e-02 -4.725462e-03)	(-3.235259e-03 2.097865e-02 -4.678680e-03)	(-3.500868e-05 2.936406e-04 -4.678217e-05)
164           	(-3.125094e-03 2.110512e-02 -4.737730e-03)	(-3.088771e-03 2.081395e-02 -4.690649e-03)	(-3.632280e-05 2.911681e-04 -4.708065e-05)
165           	(-2.965756e-03 2.092429e-02 -4.739194e-03)	(-2.928538e-03 2.063575e-02 -4.691810e-03)	(-3.721847e-05 2.885393e-04 -4.738407e-05)
166           	(-2.801600e-03 2.076416e-02 -4.726855e-03)	(-2.763891e-03 2.047830e-02 -4.679202e-03)	(-3.770851e-05 2.858644e-04 -4.765280e-05)
167           	(-2.626858e-03 2.059192e-02 -4.700825e-03)	(-2.589086e-03 2.030883e-02 -4.652976e-03)	(-3.777241e-05 2.830969e-04 -4.784863e-05)
168           	(-2.450675e-03 2.044314e-02 -4.660790e-03)	(-2.413252e-03 2.016281e-02 -4.612824e-03)	(-3.742290e-05 2.803313e-04 -4.796556e-05)
169           	(-2.320002e-03 2.035958e-02 -4.624286e-03)	(-2.283123e-03 2.008168e-02 -4.576181e-03)	(-3.687983e-05 2.778928e-04 -4.810568e-05)
170           	(-2.118243e-03 2.020287e-02 -4.551563e-03)	(-2.082332e-03 1.992768e-02 -4.503497e-03)	(-3.591129e-05 2.751821e-04 -4.806656e-05)
171           	(-1.912902e-03 2.005479e-02 -4.467132e-03)	(-1.878137e-03 1.978227e-02 -4.419337e-03)	(-3.476448e-05 2.725182e-04 -4.779495e-05)
172           	(-1.706958e-03 1.990714e-02 -4.375609e-03)	(-1.673543e-03 1.963733e-02 -4.328255e-03)	(-3.341524e-05 2.698054e-04 -4.735429e-05)
173           	(-1.551734e-03 1.984208e-02 -4.310297e-03)	(-1.519655e-03 1.957465e-02 -4.263417e-03)	(-3.207924e-05 2.674332e-04 -4.687967e-05)
174           	(-1.342743e-03 1.973699e-02 -4.210140e-03)	(-1.312203e-03 1.947202e-02 -4.164002e-03)	(-3.054005e-05 2.649780e-04 -4.613771e-05)
175           	(-1.137098e-03 1.964042e-02 -4.115426e-03)	(-1.108146e-03 1.937772e-02 -4.070200e-03)	(-2.895202e-05 2.626966e-04 -4.522643e-05)
176           	(-9.817647e-04 1.959885e-02 -4.057703e-03)	(-9.543991e-04 1.933816e-02 -4.013418e-03)	(-2.736557e-05 2.606843e-04 -4.428511e-05)
177           	(-7.791263e-04 1.953819e-02 -3.981834e-03)	(-7.535131e-04 1.927949e-02 -3.938637e-03)	(-2.561314e-05 2.586988e-04 -4.319634e-05)
178           	(-5.848677e-04 1.949180e-02 -3.919834e-03)	(-5.610741e-04 1.923486e-02 -3.877804e-03)	(-2.379357e-05 2.569434e-04 -4.202950e-05)
179           	(-4.432990e-04 1.946908e-02 -3.889511e-03)	(-4.213529e-04 1.921369e-02 -3.848568e-03)	(-2.194612e-05 2.553850e-04 -4.094278e-05)
180           	(-2.586526e-04 1.943967e-02 -3.852509e-03)	(-2.387083e-04 1.918577e-02 -3.812634e-03)	(-1.994428e-05 2.538997e-04 -3.987497e-05)
181           	(-8.310547e-05 1.941625e-02 -3.826023e-03)	(-6.524537e-05 1.916364e-02 -3.787168e-03)	(-1.786009e-05 2.526053e-04 -3.885482e-05)
182           	(4.112352e-05 1.940405e-02 -3.816666e-03)	(5.690124e-05 1.915262e-02 -3.778698e-03)	(-1.577772e-05 2.514343e-04 -3.796849e-05)
183           	(2.101809e-04 1.938636e-02 -3.801186e-03)	(2.237434e-04 1.913602e-02 -3.764017e-03)	(-1.356245e-05 2.503331e-04 -3.716923e-05)
184           	(3.308131e-04 1.937578e-02 -3.795045e-03)	(3.422360e-04 1.912641e-02 -3.758603e-03)	(-1.142297e-05 2.493671e-04 -3.644177e-05)
185           	(4.964555e-04 1.935454e-02 -3.778950e-03)	(5.056498e-04 1.910610e-02 -3.743216e-03)	(-9.194370e-06 2.484446e-04 -3.573451e-05)
186           	(6.110407e-04 1.934302e-02 -3.768472e-03)	(6.181269e-04 1.909539e-02 -3.733427e-03)	(-7.086188e-06 2.476217e-04 -3.504483e-05)
187           	(7.699721e-04 1.930709e-02 -3.740317e-03)	(7.748612e-04 1.906030e-02 -3.705946e-03)	(-4.889048e-06 2.467926e-04 -3.437150e-05)
188           	(9.115031e-04 1.928429e-02 -3.703358e-03)	(9.142320e-04 1.903824e-02 -3.669707e-03)	(-2.728847e-06 2.460500e-04 -3.365134e-05)
189           	(9.983966e-04 1.927268e-02 -3.674519e-03)	(9.991586e-04 1.902733e-02 -3.641569e-03)	(-7.620594e-07 2.453513e-04 -3.295029e-05)
190           	(1.119980e-03 1.924849e-02 -3.611695e-03)	(1.118771e-03 1.900381e-02 -3.579519e-03)	(1.209534e-06 2.446729e-04 -3.217609e-05)
191           	(1.192422e-03 1.923588e-02 -3.564359e-03)	(1.189440e-03 1.899183e-02 -3.533009e-03)	(2.981265e-06 2.440445e-04 -3.134995e-05)
192           	(1.298515e-03 1.920188e-02 -3.471045e-03)	(1.293748e-03 1.895846e-02 -3.440679e-03)	(4.767355e-06 2.434145e-04 -3.036529e-05)
193           	(1.353781e-03 1.918701e-02 -3.407924e-03)	(1.347454e-03 1.894417e-02 -3.378633e-03)	(6.326874e-06 2.428362e-04 -2.929174e-05)
194           	(1.433943e-03 1.915583e-02 -3.295086e-03)	(1.426084e-03 1.891355e-02 -3.267046e-03)	(7.859404e-06 2.422791e-04 -2.803947e-05)
195           	(1.464949e-03 1.913901e-02 -3.225805e-03)	(1.455780e-03 1.889725e-02 -3.199031e-03)	(9.169159e-06 2.417612e-04 -2.677412e-05)
196           	(1.487032e-03 1.911952e-02 -3.150564e-03)	(1.476690e-03 1.887828e-02 -3.125086e-03)	(1.034194e-05 2.412435e-04 -2.547805e-05)
197           	(1.526056e-03 1.907938e-02 -3.020427e-03)	(1.514618e-03 1.883865e-02 -2.996402e-03)	(1.143759e-05 2.407309e-04 -2.402472e-05)
198           	(1.519484e-03 1.905952e-02 -2.948645e-03)	(1.507102e-03 1.881927e-02 -2.925925e-03)	(1.238176e-05 2.402532e-04 -2.272040e-05)
199           	(1.520523e-03 1.902038e-02 -2.828448e-03)	(1.507243e-03 1.878062e-02 -2.807078e-03)	(1.327946e-05 2.397587e-04 -2.137039e-05)
200           	(1.486662e-03 1.900234e-02 -2.768289e-03)	(1.472599e-03 1.876305e-02 -2.748067e-03)	(1.406331e-05 2.392904e-04 -2.022216e-05)
201           	(1.450323e-03 1.896674e-02 -2.668576e-03)	(1.435548e-03 1.872794e-02 -2.649530e-03)	(1.477444e-05 2.388074e-04 -1.904615e-05)
202           	(1.395680e-03 1.893525e-02 -2.587562e-03)	(1.380264e-03 1.869691e-02 -2.569589e-03)	(1.541543e-05 2.383488e-04 -1.797355e-05)
203           	(1.335540e-03 1.891984e-02 -2.551532e-03)	(1.319503e-03 1.868194e-02 -2.534450e-03)	(1.603668e-05 2.378924e-04 -1.708205e-05)
204           	(1.256793e-03 1.888642e-02 -2.490516e-03)	(1.240213e-03 1.864900e-02 -2.474321e-03)	(1.658022e-05 2.374193e-04 -1.619527e-05)
205           	(1.170822e-03 1.885274e-02 -2.439972e-03)	(1.153754e-03 1.861579e-02 -2.424599e-03)	(1.706824e-05 2.369559e-04 -1.537248e-05)
206           	(1.080916e-03 1.881901e-02 -2.398633e-03)	(1.063420e-03 1.858252e-02 -2.384036e-03)	(1.749537e-05 2.364915e-04 -1.459679e-05)
207           	(9.890493e-04 1.878521e-02 -2.364689e-03)	(9.711974e-04 1.854919e-02 -2.350832e-03)	(1.785181e-05 2.360240e-04 -1.385709e-05)
208           	(9.204116e-04 1.876459e-02 -2.349315e-03)	(9.022142e-04 1.852904e-02 -2.336116e-03)	(1.819737e-05 2.355581e-04 -1.319913e-05)
209           	(8.157036e-04 1.871529e-02 -2.317388e-03)	(7.972924e-04 1.848024e-02 -2.304777e-03)	(1.841124e-05 2.350425e-04 -1.261100e-05)
210           	(7.108070e-04 1.867264e-02 -2.289327e-03)	(6.922519e-04 1.843811e-02 -2.277212e-03)	(1.855508e-05 2.345325e-04 -1.211552e-05)
211           	(6.382654e-04 1.864547e-02 -2.272398e-03)	(6.195563e-04 1.841143e-02 -2.260644e-03)	(1.870907e-05 2.340446e-04 -1.175422e-05)
212           	(5.190925e-04 1.859743e-02 -2.242834e-03)	(5.004105e-04 1.836388e-02 -2.231324e-03)	(1.868199e-05 2.335454e-04 -1.150935e-05)
213           	(4.396696e-04 1.856701e-02 -2.222364e-03)	(4.210114e-04 1.833394e-02 -2.211020e-03)	(1.865821e-05 2.330737e-04 -1.134401e-05)
214           	(3.049591e-04 1.851776e-02 -2.188930e-03)	(2.865702e-04 1.828516e-02 -2.177697e-03)	(1.838896e-05 2.326043e-04 -1.123286e-05)
215           	(1.681495e-04 1.846272e-02 -2.156642e-03)	(1.501648e-04 1.823059e-02 -2.145487e-03)	(1.798466e-05 2.321327e-04 -1.115480e-05)
216           	(9.120003e-05 1.843911e-02 -2.134953e-03)	(7.354291e-05 1.820739e-02 -2.123839e-03)	(1.765713e-05 2.317182e-04 -1.111421e-05)
217           	(-4.424067e-05 1.840957e-02 -2.097867e-03)	(-6.133673e-05 1.817818e-02 -2.086801e-03)	(1.709606e-05 2.313869e-04 -1.106562e-05)
218           	(-1.242238e-04 1.838859e-02 -2.073755e-03)	(-1.408609e-04 1.815750e-02 -2.062703e-03)	(1.663701e-05 2.310952e-04 -1.105143e-05)
219           	(-2.640386e-04 1.835595e-02 -2.033562e-03)	(-2.799503e-04 1.812510e-02 -2.022516e-03)	(1.591175e-05 2.308587e-04 -1.104547e-05)
220           	(-3.480641e-04 1.833668e-02 -2.008088e-03)	(-3.633453e-04 1.810602e-02 -1.997000e-03)	(1.528120e-05 2.306605e-04 -1.108810e-05)
221           	(-4.408921e-04 1.831549e-02 -1.979893e-03)	(-4.554674e-04 1.808498e-02 -1.968761e-03)	(1.457538e-05 2.305105e-04 -1.113224e-05)
222           	(-5.986373e-04 1.828616e-02 -1.935345e-03)	(-6.122323e-04 1.805574e-02 -1.924162e-03)	(1.359502e-05 2.304207e-04 -1.118359e-05)
223           	(-6.896622e-04 1.826802e-02 -1.913977e-03)	(-7.023581e-04 1.803766e-02 -1.902697e-03)	(1.269583e-05 2.303625e-04 -1.128056e-05)
224           	(-7.854729e-04 1.824976e-02 -1.895280e-03)	(-7.971818e-04 1.801941e-02 -1.883906e-03)	(1.170890e-05 2.303465e-04 -1.137395e-05)
225           	(-9.529786e-04 1.822925e-02 -1.879107e-03)	(-9.633946e-04 1.799885e-02 -1.867597e-03)	(1.041604e-05 2.303925e-04 -1.151019e-05)
226           	(-1.038926e-03 1.821617e-02 -1.877567e-03)	(-1.048152e-03 1.798572e-02 -1.865882e-03)	(9.226402e-06 2.304532e-04 -1.168428e-05)
227           	(-1.127699e-03 1.820385e-02 -1.883388e-03)	(-1.135675e-03 1.797332e-02 -1.871546e-03)	(7.975728e-06 2.305385e-04 -1.184196e-05)
228           	(-1.221464e-03 1.819104e-02 -1.895877e-03)	(-1.228127e-03 1.796041e-02 -1.883877e-03)	(6.663067e-06 2.306309e-04 -1.199945e-05)
229           	(-1.402598e-03 1.817845e-02 -1.953852e-03)	(-1.407580e-03 1.794769e-02 -1.941547e-03)	(4.982403e-06 2.307648e-04 -1.230451e-05)
230           	(-1.482236e-03 1.816803e-02 -1.980685e-03)	(-1.485694e-03 1.793713e-02 -1.968056e-03)	(3.458541e-06 2.308940e-04 -1.262869e-05)
231           	(-1.562571e-03 1.815674e-02 -2.012542e-03)	(-1.564491e-03 1.792572e-02 -1.999613e-03)	(1.919509e-06 2.310231e-04 -1.292917e-05)
232           	(-1.647324e-03 1.814396e-02 -2.049190e-03)	(-1.647690e-03 1.791282e-02 -2.035922e-03)	(3.652473e-07 2.311404e-04 -1.326734e-05)
233           	(-1.738011e-03 1.812916e-02 -2.089257e-03)	(-1.736766e-03 1.789791e-02 -2.075607e-03)	(-1.245016e-06 2.312432e-04 -1.365020e-05)
234           	(-1.834871e-03 1.811313e-02 -2.133254e-03)	(-1.831921e-03 1.788180e-02 -2.119183e-03)	(-2.949393e-06 2.313324e-04 -1.407135e-05)
235           	(-2.009818e-03 1.809440e-02 -2.225459e-03)	(-2.004787e-03 1.786298e-02 -2.210791e-03)	(-5.031539e-06 2.314184e-04 -1.466773e-05)
236           	(-2.095534e-03 1.808221e-02 -2.271413e-03)	(-2.088516e-03 1.785070e-02 -2.256144e-03)	(-7.018186e-06 2.315135e-04 -1.526825e-05)
237           	(-2.177387e-03 1.807156e-02 -2.318542e-03)	(-2.168354e-03 1.783995e-02 -2.302692e-03)	(-9.033540e-06 2.316183e-04 -1.584986e-05)
238           	(-2.256003e-03 1.806233e-02 -2.367031e-03)	(-2.244975e-03 1.783060e-02 -2.350574e-03)	(-1.102779e-05 2.317280e-04 -1.645739e-05)
239           	(-2.330679e-03 1.805451e-02 -2.416156e-03)	(-2.317689e-03 1.782267e-02 -2.399063e-03)	(-1.299012e-05 2.318440e-04 -1.709239e-05)
240           	(-2.399694e-03 1.804829e-02 -2.464519e-03)	(-2.384787e-03 1.781632e-02 -2.446775e-03)	(-1.490645e-05 2.319682e-04 -1.774385e-05)
241           	(-2.460842e-03 1.804427e-02 -2.509714e-03)	(-2.444088e-03 1.781217e-02 -2.491308e-03)	(-1.675453e-05 2.321046e-04 -1.840540e-05)
242           	(-2.511982e-03 1.804206e-02 -2.550752e-03)	(-2.493473e-03 1.780981e-02 -2.531681e-03)	(-1.850849e-05 2.322544e-04 -1.907081e-05)
243           	(-2.551153e-03 1.804180e-02 -2.585937e-03)	(-2.531011e-03 1.780938e-02 -2.566205e-03)	(-2.014206e-05 2.324175e-04 -1.973184e-05)
244           	(-2.577116e-03 1.804298e-02 -2.615307e-03)	(-2.555487e-03 1.781039e-02 -2.594930e-03)	(-2.162915e-05 2.325913e-04 -2.037663e-05)
245           	(-2.589112e-03 1.804526e-02 -2.638825e-03)	(-2.566163e-03 1.781248e-02 -2.617828e-03)	(-2.294920e-05 2.327721e-04 -2.099647e-05)
246           	(-2.586990e-03 1.804802e-02 -2.657294e-03)	(-2.562907e-03 1.781506e-02 -2.635709e-03)	(-2.408310e-05 2.329544e-04 -2.158534e-05)
247           	(-2.570948e-03 1.805082e-02 -2.670663e-03)	(-2.545931e-03 1.781769e-02 -2.648528e-03)	(-2.501688e-05 2.331317e-04 -2.213521e-05)
248           	(-2.541874e-03 1.805294e-02 -2.679647e-03)	(-2.516133e-03 1.781964e-02 -2.657005e-03)	(-2.574159e-05 2.332964e-04 -2.264149e-05)
249           	(-2.501421e-03 1.805374e-02 -2.685183e-03)	(-2.475165e-03 1.782030e-02 -2.662071e-03)	(-2.625526e-05 2.334409e-04 -2.311207e-05)
250           	(-2.451659e-03 1.805267e-02 -2.688375e-03)	(-2.425093e-03 1.781911e-02 -2.664826e-03)	(-2.656560e-05 2.335572e-04 -2.354880e-05)
251           	(-2.394967e-03 1.804925e-02 -2.690349e-03)	(-2.368276e-03 1.781561e-02 -2.666392e-03)	(-2.669094e-05 2.336385e-04 -2.395732e-05)
252           	(-2.333739e-03 1.804313e-02 -2.692079e-03)	(-2.307087e-03 1.780946e-02 -2.667731e-03)	(-2.665202e-05 2.336794e-04 -2.434742e-05)
253           	(-2.270048e-03 1.803405e-02 -2.694222e-03)	(-2.243570e-03 1.780037e-02 -2.669500e-03)	(-2.647809e-05 2.336760e-04 -2.472161e-05)
254           	(-2.205542e-03 1.802220e-02 -2.697348e-03)	(-2.179344e-03 1.778857e-02 -2.672264e-03)	(-2.619772e-05 2.336271e-04 -2.508368e-05)
255           	(-2.141319e-03 1.800784e-02 -2.701581e-03)	(-2.115476e-03 1.777431e-02 -2.676151e-03)	(-2.584375e-05 2.335335e-04 -2.542956e-05)
256           	(-2.077896e-03 1.799142e-02 -2.706634e-03)	(-2.052444e-03 1.775803e-02 -2.680892e-03)	(-2.545195e-05 2.333978e-04 -2.574206e-05)
257           	(-2.015244e-03 1.797349e-02 -2.711820e-03)	(-1.990190e-03 1.774027e-02 -2.685811e-03)	(-2.505419e-05 2.332246e-04 -2.600805e-05)
258           	(-1.952849e-03 1.795467e-02 -2.715916e-03)	(-1.928175e-03 1.772165e-02 -2.689702e-03)	(-2.467391e-05 2.330202e-04 -2.621431e-05)
259           	(-1.890060e-03 1.793513e-02 -2.716510e-03)	(-1.865727e-03 1.770234e-02 -2.690173e-03)	(-2.433319e-05 2.327896e-04 -2.633750e-05)
260           	(-1.825928e-03 1.791605e-02 -2.713637e-03)	(-1.801882e-03 1.768351e-02 -2.687276e-03)	(-2.404634e-05 2.325414e-04 -2.636072e-05)
261           	(-1.759582e-03 1.789793e-02 -2.707279e-03)	(-1.735771e-03 1.766565e-02 -2.680993e-03)	(-2.381040e-05 2.322841e-04 -2.628571e-05)
262           	(-1.690331e-03 1.788124e-02 -2.695830e-03)	(-1.666710e-03 1.764922e-02 -2.669720e-03)	(-2.362082e-05 2.320255e-04 -2.610996e-05)
263           	(-1.617665e-03 1.786644e-02 -2.679003e-03)	(-1.594196e-03 1.763467e-02 -2.653169e-03)	(-2.346870e-05 2.317736e-04 -2.583432e-05)
264           	(-1.541313e-03 1.785382e-02 -2.656859e-03)	(-1.517972e-03 1.762229e-02 -2.631395e-03)	(-2.334073e-05 2.315357e-04 -2.546424e-05)
265           	(-1.461331e-03 1.784356e-02 -2.629879e-03)	(-1.438121e-03 1.761224e-02 -2.604867e-03)	(-2.320995e-05 2.313188e-04 -2.501187e-05)
266           	(-1.378130e-03 1.783567e-02 -2.598783e-03)	(-1.355087e-03 1.760454e-02 -2.574288e-03)	(-2.304352e-05 2.311292e-04 -2.449483e-05)
267           	(-1.292482e-03 1.783007e-02 -2.564535e-03)	(-1.269661e-03 1.759910e-02 -2.540603e-03)	(-2.282133e-05 2.309709e-04 -2.393146e-05)
268           	(-1.205427e-03 1.782656e-02 -2.528231e-03)	(-1.182894e-03 1.759571e-02 -2.504896e-03)	(-2.253337e-05 2.308460e-04 -2.333506e-05)
269           	(-1.118107e-03 1.782532e-02 -2.490397e-03)	(-1.095932e-03 1.759457e-02 -2.467679e-03)	(-2.217436e-05 2.307563e-04 -2.271743e-05)
270           	(-1.032429e-03 1.782535e-02 -2.453420e-03)	(-1.010681e-03 1.759465e-02 -2.431328e-03)	(-2.174784e-05 2.306996e-04 -2.209241e-05)
271           	(-9.502990e-04 1.782598e-02 -2.418604e-03)	(-9.290373e-04 1.759530e-02 -2.397131e-03)	(-2.126164e-05 2.306711e-04 -2.147300e-05)
272           	(-8.734703e-04 1.782651e-02 -2.386975e-03)	(-8.527417e-04 1.759584e-02 -2.366108e-03)	(-2.072856e-05 2.306650e-04 -2.086728e-05)
273           	(-8.031450e-04 1.782686e-02 -2.359296e-03)	(-7.829808e-04 1.759618e-02 -2.339013e-03)	(-2.016422e-05 2.306772e-04 -2.028394e-05)
274           	(-7.378254e-04 1.784326e-02 -2.335250e-03)	(-7.182472e-04 1.761250e-02 -2.315530e-03)	(-1.957818e-05 2.307637e-04 -1.972037e-05)
275           	(-6.816682e-04 1.784729e-02 -2.315641e-03)	(-6.626717e-04 1.761643e-02 -2.296452e-03)	(-1.899649e-05 2.308662e-04 -1.918966e-05)
276           	(-6.356514e-04 1.784106e-02 -2.298330e-03)	(-6.172016e-04 1.761013e-02 -2.279641e-03)	(-1.844985e-05 2.309337e-04 -1.868914e-05)
277           	(-5.967807e-04 1.783257e-02 -2.283250e-03)	(-5.788280e-04 1.760159e-02 -2.265037e-03)	(-1.795272e-05 2.309757e-04 -1.821224e-05)
278           	(-5.643856e-04 1.782190e-02 -2.269689e-03)	(-5.468721e-04 1.759090e-02 -2.251931e-03)	(-1.751353e-05 2.310000e-04 -1.775816e-05)
279           	(-5.377629e-04 1.780921e-02 -2.256915e-03)	(-5.206236e-04 1.757820e-02 -2.239593e-03)	(-1.713934e-05 2.310064e-04 -1.732242e-05)
280           	(-5.162318e-04 1.779480e-02 -2.244508e-03)	(-4.993999e-04 1.756381e-02 -2.227605e-03)	(-1.683195e-05 2.309948e-04 -1.690272e-05)
281           	(-4.989893e-04 1.777905e-02 -2.231530e-03)	(-4.824028e-04 1.754809e-02 -2.215032e-03)	(-1.658646e-05 2.309659e-04 -1.649778e-05)
282           	(-4.853228e-04 1.776244e-02 -2.217508e-03)	(-4.689290e-04 1.753152e-02 -2.201399e-03)	(-1.639373e-05 2.309217e-04 -1.610866e-05)
283           	(-4.746127e-04 1.774543e-02 -2.202176e-03)	(-4.583718e-04 1.751457e-02 -2.186437e-03)	(-1.624092e-05 2.308641e-04 -1.573918e-05)
284           	(-4.662809e-04 1.772858e-02 -2.185391e-03)	(-4.501712e-04 1.749779e-02 -2.169996e-03)	(-1.610973e-05 2.307958e-04 -1.539461e-05)
285           	(-4.599635e-04 1.771221e-02 -2.167518e-03)	(-4.439828e-04 1.748149e-02 -2.152435e-03)	(-1.598072e-05 2.307191e-04 -1.508238e-05)
286           	(-4.552813e-04 1.769667e-02 -2.148917e-03)	(-4.394438e-04 1.746603e-02 -2.134107e-03)	(-1.583750e-05 2.306367e-04 -1.480946e-05)
287           	(-4.521894e-04 1.768216e-02 -2.129955e-03)	(-4.365257e-04 1.745161e-02 -2.115368e-03)	(-1.566366e-05 2.305514e-04 -1.458632e-05)
288           	(-4.507292e-04 1.766892e-02 -2.111071e-03)	(-4.352828e-04 1.743845e-02 -2.096648e-03)	(-1.544639e-05 2.304665e-04 -1.442310e-05)
289           	(-4.510359e-04 1.765715e-02 -2.092727e-03)	(-4.358558e-04 1.742677e-02 -2.078399e-03)	(-1.518010e-05 2.303856e-04 -1.432749e-05)
290           	(-4.532944e-04 1.764724e-02 -2.075431e-03)	(-4.384276e-04 1.741692e-02 -2.061126e-03)	(-1.486670e-05 2.303132e-04 -1.430542e-05)
291           	(-4.575643e-04 1.763952e-02 -2.059666e-03)	(-4.430533e-04 1.740927e-02 -2.045308e-03)	(-1.451100e-05 2.302544e-04 -1.435800e-05)
292           	(-4.638249e-04 1.763427e-02 -2.045864e-03)	(-4.497041e-04 1.740405e-02 -2.031386e-03)	(-1.412079e-05 2.302137e-04 -1.447749e-05)
293           	(-4.719065e-04 1.763150e-02 -2.034318e-03)	(-4.582022e-04 1.740131e-02 -2.019667e-03)	(-1.370435e-05 2.301940e-04 -1.465169e-05)
294           	(-4.814749e-04 1.763096e-02 -2.025124e-03)	(-4.682068e-04 1.740076e-02 -2.010257e-03)	(-1.326805e-05 2.301961e-04 -1.486730e-05)
295           	(-4.920730e-04 1.763204e-02 -2.018158e-03)	(-4.792521e-04 1.740182e-02 -2.003046e-03)	(-1.282086e-05 2.302185e-04 -1.511149e-05)
296           	(-5.031817e-04 1.763396e-02 -2.013117e-03)	(-4.908089e-04 1.740370e-02 -1.997747e-03)	(-1.237277e-05 2.302581e-04 -1.537040e-05)
297           	(-5.143467e-04 1.763592e-02 -2.009604e-03)	(-5.024115e-04 1.740561e-02 -1.993973e-03)	(-1.193516e-05 2.303109e-04 -1.563136e-05)
298           	(-5.252679e-04 1.763727e-02 -2.007265e-03)	(-5.137484e-04 1.740690e-02 -1.991381e-03)	(-1.151950e-05 2.303719e-04 -1.588383e-05)
299           	(-5.358096e-04 1.763754e-02 -2.005811e-03)	(-5.246721e-04 1.740710e-02 -1.989690e-03)	(-1.113747e-05 2.304361e-04 -1.612097e-05)
300           	(-5.458135e-04 1.763586e-02 -2.003773e-03)	(-5.350147e-04 1.740536e-02 -1.987444e-03)	(-1.079874e-05 2.304971e-04 -1.632941e-05)
301           	(-5.552107e-04 1.763274e-02 -2.001743e-03)	(-5.446998e-04 1.740218e-02 -1.985238e-03)	(-1.051090e-05 2.305524e-04 -1.650487e-05)
302           	(-5.638780e-04 1.762844e-02 -2.000314e-03)	(-5.535990e-04 1.739784e-02 -1.983666e-03)	(-1.027894e-05 2.306014e-04 -1.664789e-05)
303           	(-5.713267e-04 1.762291e-02 -1.999112e-03)	(-5.612233e-04 1.739227e-02 -1.982351e-03)	(-1.010339e-05 2.306432e-04 -1.676144e-05)
304           	(-5.768508e-04 1.761615e-02 -1.997801e-03)	(-5.668705e-04 1.738547e-02 -1.980950e-03)	(-9.980227e-06 2.306771e-04 -1.685029e-05)
305           	(-5.796542e-04 1.760822e-02 -1.996080e-03)	(-5.697544e-04 1.737752e-02 -1.979159e-03)	(-9.899783e-06 2.307026e-04 -1.692097e-05)
306           	(-5.790424e-04 1.759935e-02 -1.993866e-03)	(-5.691931e-04 1.736863e-02 -1.976884e-03)	(-9.849383e-06 2.307206e-04 -1.698256e-05)
307           	(-5.743959e-04 1.758973e-02 -1.990763e-03)	(-5.645833e-04 1.735900e-02 -1.973723e-03)	(-9.812608e-06 2.307324e-04 -1.703939e-05)
308           	(-5.654732e-04 1.757977e-02 -1.986782e-03)	(-5.557005e-04 1.734903e-02 -1.969681e-03)	(-9.772695e-06 2.307402e-04 -1.710050e-05)
309           	(-5.524871e-04 1.757037e-02 -1.981676e-03)	(-5.427733e-04 1.733962e-02 -1.964506e-03)	(-9.713847e-06 2.307487e-04 -1.717008e-05)
310           	(-5.359832e-04 1.756180e-02 -1.975879e-03)	(-5.263577e-04 1.733104e-02 -1.958627e-03)	(-9.625508e-06 2.307614e-04 -1.725227e-05)
311           	(-5.167478e-04 1.755448e-02 -1.969557e-03)	(-5.072489e-04 1.732370e-02 -1.952207e-03)	(-9.498874e-06 2.307813e-04 -1.735028e-05)
312           	(-4.955886e-04 1.754862e-02 -1.962671e-03)	(-4.862604e-04 1.731781e-02 -1.945211e-03)	(-9.328232e-06 2.308107e-04 -1.746036e-05)
313           	(-4.732136e-04 1.754416e-02 -1.954995e-03)	(-4.641020e-04 1.731331e-02 -1.937417e-03)	(-9.111648e-06 2.308505e-04 -1.757803e-05)
314           	(-4.502251e-04 1.754085e-02 -1.946255e-03)	(-4.413731e-04 1.730995e-02 -1.928561e-03)	(-8.852040e-06 2.309001e-04 -1.769400e-05)
315           	(-4.271278e-04 1.753829e-02 -1.936244e-03)	(-4.185727e-04 1.730733e-02 -1.918445e-03)	(-8.555170e-06 2.309574e-04 -1.779870e-05)
316           	(-4.043251e-04 1.753606e-02 -1.924833e-03)	(-3.960971e-04 1.730504e-02 -1.906950e-03)	(-8.227973e-06 2.310193e-04 -1.788263e-05)
317           	(-3.821787e-04 1.753376e-02 -1.911991e-03)	(-3.743002e-04 1.730268e-02 -1.894050e-03)	(-7.878434e-06 2.310825e-04 -1.794014e-05)
318           	(-3.610406e-04 1.753113e-02 -1.897786e-03)	(-3.535223e-04 1.729998e-02 -1.879821e-03)	(-7.518300e-06 2.311434e-04 -1.796520e-05)
319           	(-3.412292e-04 1.752797e-02 -1.882374e-03)	(-3.340686e-04 1.729677e-02 -1.864421e-03)	(-7.160650e-06 2.311995e-04 -1.795279e-05)
320           	(-3.229747e-04 1.752419e-02 -1.865960e-03)	(-3.161558e-04 1.729295e-02 -1.848063e-03)	(-6.818889e-06 2.312484e-04 -1.789657e-05)
321           	(-2.952381e-04 1.750049e-02 -1.830951e-03)	(-2.887856e-04 1.726927e-02 -1.813180e-03)	(-6.452527e-06 2.312196e-04 -1.777194e-05)
322           	(-2.841786e-04 1.749544e-02 -1.819170e-03)	(-2.780220e-04 1.726425e-02 -1.801543e-03)	(-6.156609e-06 2.311967e-04 -1.762684e-05)
323           	(-2.747588e-04 1.748959e-02 -1.807800e-03)	(-2.688278e-04 1.725840e-02 -1.790379e-03)	(-5.931020e-06 2.311904e-04 -1.742153e-05)
324           	(-2.660259e-04 1.748242e-02 -1.796104e-03)	(-2.602643e-04 1.725125e-02 -1.778938e-03)	(-5.761600e-06 2.311753e-04 -1.716567e-05)
325           	(-2.571823e-04 1.747357e-02 -1.783519e-03)	(-2.515401e-04 1.724243e-02 -1.766659e-03)	(-5.642174e-06 2.311457e-04 -1.685951e-05)
326           	(-2.477503e-04 1.746287e-02 -1.769882e-03)	(-2.421838e-04 1.723178e-02 -1.753371e-03)	(-5.566471e-06 2.310976e-04 -1.651160e-05)
327           	(-2.376196e-04 1.745042e-02 -1.755496e-03)	(-2.320961e-04 1.721939e-02 -1.739359e-03)	(-5.523409e-06 2.310287e-04 -1.613615e-05)
328           	(-2.174635e-04 1.742430e-02 -1.726715e-03)	(-2.119703e-04 1.719341e-02 -1.710992e-03)	(-5.493168e-06 2.308906e-04 -1.572365e-05)
329           	(-2.107891e-04 1.741377e-02 -1.718985e-03)	(-2.052976e-04 1.718300e-02 -1.703640e-03)	(-5.491495e-06 2.307711e-04 -1.534495e-05)
330           	(-2.043190e-04 1.740396e-02 -1.713687e-03)	(-1.988005e-04 1.717330e-02 -1.698708e-03)	(-5.518461e-06 2.306610e-04 -1.497905e-05)
331           	(-1.970391e-04 1.739368e-02 -1.709085e-03)	(-1.914810e-04 1.716313e-02 -1.694445e-03)	(-5.558095e-06 2.305535e-04 -1.463974e-05)
332           	(-1.884968e-04 1.738228e-02 -1.704285e-03)	(-1.828969e-04 1.715183e-02 -1.689957e-03)	(-5.599931e-06 2.304435e-04 -1.432829e-05)
333           	(-1.788593e-04 1.736983e-02 -1.698892e-03)	(-1.732191e-04 1.713950e-02 -1.684844e-03)	(-5.640173e-06 2.303287e-04 -1.404792e-05)
334           	(-1.685838e-04 1.735629e-02 -1.692524e-03)	(-1.629093e-04 1.712608e-02 -1.678727e-03)	(-5.674529e-06 2.302072e-04 -1.379686e-05)
335           	(-1.584363e-04 1.734181e-02 -1.685192e-03)	(-1.527362e-04 1.711173e-02 -1.671620e-03)	(-5.700132e-06 2.300785e-04 -1.357150e-05)
336           	(-1.490600e-04 1.732647e-02 -1.676583e-03)	(-1.433411e-04 1.709652e-02 -1.663218e-03)	(-5.718899e-06 2.299425e-04 -1.336538e-05)
337           	(-1.410938e-04 1.731054e-02 -1.666732e-03)	(-1.353592e-04 1.708074e-02 -1.653561e-03)	(-5.734577e-06 2.297998e-04 -1.317100e-05)
338           	(-1.358769e-04 1.730368e-02 -1.653846e-03)	(-1.301186e-04 1.707400e-02 -1.640872e-03)	(-5.758332e-06 2.296838e-04 -1.297331e-05)
339           	(-1.325364e-04 1.729268e-02 -1.640369e-03)	(-1.267480e-04 1.706310e-02 -1.627598e-03)	(-5.788374e-06 2.295758e-04 -1.277089e-05)
340           	(-1.299732e-04 1.727821e-02 -1.628486e-03)	(-1.241481e-04 1.704876e-02 -1.615916e-03)	(-5.825084e-06 2.294559e-04 -1.257032e-05)
341           	(-1.309583e-04 1.726963e-02 -1.616565e-03)	(-1.250756e-04 1.704028e-02 -1.604193e-03)	(-5.882755e-06 2.293476e-04 -1.237225e-05)
342           	(-1.325877e-04 1.725778e-02 -1.604614e-03)	(-1.266287e-04 1.702854e-02 -1.592435e-03)	(-5.958985e-06 2.292425e-04 -1.217842e-05)
343           	(-1.358413e-04 1.724630e-02 -1.591601e-03)	(-1.297780e-04 1.701716e-02 -1.579617e-03)	(-6.063264e-06 2.291357e-04 -1.198350e-05)
344           	(-1.406456e-04 1.723549e-02 -1.578622e-03)	(-1.344461e-04 1.700646e-02 -1.566836e-03)	(-6.199540e-06 2.290329e-04 -1.178625e-05)
345           	(-1.464612e-04 1.722521e-02 -1.566037e-03)	(-1.400905e-04 1.699628e-02 -1.554453e-03)	(-6.370680e-06 2.289353e-04 -1.158440e-05)
346           	(-1.526909e-04 1.721533e-02 -1.554215e-03)	(-1.461132e-04 1.698649e-02 -1.542842e-03)	(-6.577701e-06 2.288429e-04 -1.137256e-05)
347           	(-1.588053e-04 1.720503e-02 -1.544216e-03)	(-1.519856e-04 1.697628e-02 -1.533068e-03)	(-6.819690e-06 2.287529e-04 -1.114770e-05)
348           	(-1.642265e-04 1.719472e-02 -1.535553e-03)	(-1.571357e-04 1.696606e-02 -1.524643e-03)	(-7.090754e-06 2.286656e-04 -1.091026e-05)
349           	(-1.686252e-04 1.718275e-02 -1.527630e-03)	(-1.612451e-04 1.695417e-02 -1.516963e-03)	(-7.380083e-06 2.285758e-04 -1.066647e-05)
350           	(-1.716453e-04 1.716801e-02 -1.519225e-03)	(-1.639721e-04 1.693953e-02 -1.508804e-03)	(-7.673138e-06 2.284768e-04 -1.042107e-05)
351           	(-1.730743e-04 1.716768e-02 -1.510829e-03)	(-1.651177e-04 1.693925e-02 -1.500654e-03)	(-7.956654e-06 2.284238e-04 -1.017507e-05)
352           	(-1.729873e-04 1.715698e-02 -1.505131e-03)	(-1.647643e-04 1.692860e-02 -1.495195e-03)	(-8.223021e-06 2.283737e-04 -9.936413e-06)
353           	(-1.714300e-04 1.715087e-02 -1.501633e-03)	(-1.629584e-04 1.692254e-02 -1.491923e-03)	(-8.471581e-06 2.283326e-04 -9.709838e-06)
354           	(-1.678215e-04 1.714534e-02 -1.498396e-03)	(-1.591274e-04 1.691703e-02 -1.488899e-03)	(-8.694132e-06 2.283082e-04 -9.496527e-06)
355           	(-1.622524e-04 1.714045e-02 -1.495041e-03)	(-1.533669e-04 1.691215e-02 -1.485739e-03)	(-8.885504e-06 2.282981e-04 -9.302351e-06)
356           	(-1.551279e-04 1.713698e-02 -1.491698e-03)	(-1.460857e-04 1.690867e-02 -1.482566e-03)	(-9.042262e-06 2.283048e-04 -9.132891e-06)
357           	(-1.469145e-04 1.714021e-02 -1.487061e-03)	(-1.377504e-04 1.691186e-02 -1.478076e-03)	(-9.164108e-06 2.283486e-04 -8.984838e-06)
358           	(-1.383872e-04 1.714258e-02 -1.482937e-03)	(-1.291348e-04 1.691416e-02 -1.474076e-03)	(-9.252422e-06 2.284178e-04 -8.860137e-06)
359           	(-1.300560e-04 1.714450e-02 -1.478189e-03)	(-1.207447e-04 1.691600e-02 -1.469432e-03)	(-9.311382e-06 2.285002e-04 -8.756986e-06)
360           	(-1.225841e-04 1.714679e-02 -1.472444e-03)	(-1.132407e-04 1.691819e-02 -1.463771e-03)	(-9.343377e-06 2.285938e-04 -8.673229e-06)
361           	(-1.166025e-04 1.714905e-02 -1.465817e-03)	(-1.072503e-04 1.692035e-02 -1.457210e-03)	(-9.352206e-06 2.286953e-04 -8.606179e-06)
362           	(-1.126969e-04 1.715139e-02 -1.458182e-03)	(-1.033550e-04 1.692259e-02 -1.449626e-03)	(-9.341880e-06 2.288024e-04 -8.555328e-06)
363           	(-1.113504e-04 1.715378e-02 -1.449892e-03)	(-1.020318e-04 1.692487e-02 -1.441369e-03)	(-9.318617e-06 2.289129e-04 -8.522612e-06)
364           	(-1.129405e-04 1.715635e-02 -1.441592e-03)	(-1.036504e-04 1.692732e-02 -1.433083e-03)	(-9.290110e-06 2.290257e-04 -8.508761e-06)
365           	(-1.173565e-04 1.715340e-02 -1.433975e-03)	(-1.080916e-04 1.692428e-02 -1.425460e-03)	(-9.264906e-06 2.291199e-04 -8.515703e-06)
366           	(-1.255359e-04 1.715777e-02 -1.427167e-03)	(-1.162829e-04 1.692854e-02 -1.418622e-03)	(-9.252954e-06 2.292245e-04 -8.545081e-06)
367           	(-1.373781e-04 1.714715e-02 -1.422144e-03)	(-1.281161e-04 1.691786e-02 -1.413543e-03)	(-9.262018e-06 2.292894e-04 -8.601513e-06)
368           	(-1.516465e-04 1.713604e-02 -1.418141e-03)	(-1.423525e-04 1.690672e-02 -1.409458e-03)	(-9.293957e-06 2.293161e-04 -8.683153e-06)
369           	(-1.677699e-04 1.712605e-02 -1.414958e-03)	(-1.584200e-04 1.689672e-02 -1.406177e-03)	(-9.349884e-06 2.293266e-04 -8.780548e-06)
370           	(-1.848111e-04 1.712333e-02 -1.410016e-03)	(-1.753843e-04 1.689398e-02 -1.401141e-03)	(-9.426773e-06 2.293491e-04 -8.875697e-06)
371           	(-2.036128e-04 1.712058e-02 -1.406074e-03)	(-1.940825e-04 1.689120e-02 -1.397111e-03)	(-9.530333e-06 2.293801e-04 -8.962911e-06)
372           	(-2.237752e-04 1.711791e-02 -1.403036e-03)	(-2.141075e-04 1.688850e-02 -1.393999e-03)	(-9.667645e-06 2.294127e-04 -9.036893e-06)
373           	(-2.447923e-04 1.711543e-02 -1.400663e-03)	(-2.349551e-04 1.688598e-02 -1.391555e-03)	(-9.837155e-06 2.294478e-04 -9.107070e-06)
374           	(-2.661393e-04 1.711332e-02 -1.398599e-03)	(-2.561067e-04 1.688383e-02 -1.389412e-03)	(-1.003255e-05 2.294874e-04 -9.186602e-06)
375           	(-2.873522e-04 1.711174e-02 -1.396399e-03)	(-2.771083e-04 1.688221e-02 -1.387116e-03)	(-1.024398e-05 2.295334e-04 -9.283077e-06)
376           	(-3.080702e-04 1.711079e-02 -1.393616e-03)	(-2.976081e-04 1.688121e-02 -1.384217e-03)	(-1.046207e-05 2.295869e-04 -9.398503e-06)
377           	(-3.280566e-04 1.711048e-02 -1.389844e-03)	(-3.173697e-04 1.688083e-02 -1.380323e-03)	(-1.068693e-05 2.296488e-04 -9.521760e-06)
378           	(-3.471830e-04 1.711072e-02 -1.384740e-03)	(-3.362650e-04 1.688100e-02 -1.375097e-03)	(-1.091797e-05 2.297192e-04 -9.643355e-06)
379           	(-3.654258e-04 1.711136e-02 -1.378053e-03)	(-3.542689e-04 1.688157e-02 -1.368299e-03)	(-1.115693e-05 2.297974e-04 -9.753982e-06)
380           	(-3.828423e-04 1.711222e-02 -1.369644e-03)	(-3.714349e-04 1.688234e-02 -1.359798e-03)	(-1.140747e-05 2.298824e-04 -9.846534e-06)
381           	(-3.995819e-04 1.711359e-02 -1.359568e-03)	(-3.879090e-04 1.688361e-02 -1.349651e-03)	(-1.167294e-05 2.299743e-04 -9.917027e-06)
382           	(-4.165779e-04 1.712957e-02 -1.348970e-03)	(-4.046227e-04 1.689945e-02 -1.339003e-03)	(-1.195518e-05 2.301234e-04 -9.966808e-06)
383           	(-4.329326e-04 1.714160e-02 -1.336342e-03)	(-4.206787e-04 1.691129e-02 -1.326345e-03)	(-1.225394e-05 2.303022e-04 -9.996377e-06)
384           	(-4.475637e-04 1.713946e-02 -1.321838e-03)	(-4.349986e-04 1.690902e-02 -1.311831e-03)	(-1.256503e-05 2.304426e-04 -1.000672e-05)
385           	(-4.625357e-04 1.713654e-02 -1.306535e-03)	(-4.496423e-04 1.690599e-02 -1.296535e-03)	(-1.289342e-05 2.305513e-04 -9.999909e-06)
386           	(-4.782399e-04 1.713292e-02 -1.290902e-03)	(-4.649960e-04 1.690228e-02 -1.280920e-03)	(-1.324387e-05 2.306419e-04 -9.982725e-06)
387           	(-4.948498e-04 1.712866e-02 -1.275420e-03)	(-4.812280e-04 1.689794e-02 -1.265459e-03)	(-1.362178e-05 2.307172e-04 -9.961145e-06)
388           	(-5.142162e-04 1.713288e-02 -1.258470e-03)	(-5.001780e-04 1.690207e-02 -1.248538e-03)	(-1.403823e-05 2.308114e-04 -9.931653e-06)
389           	(-5.315314e-04 1.712710e-02 -1.244942e-03)	(-5.170499e-04 1.689621e-02 -1.235031e-03)	(-1.448151e-05 2.308858e-04 -9.911229e-06)
390           	(-5.492761e-04 1.712069e-02 -1.232456e-03)	(-5.343241e-04 1.688976e-02 -1.222557e-03)	(-1.495204e-05 2.309356e-04 -9.899524e-06)
391           	(-5.684802e-04 1.711928e-02 -1.219529e-03)	(-5.530272e-04 1.688829e-02 -1.209642e-03)	(-1.545298e-05 2.309895e-04 -9.887006e-06)
392           	(-5.860512e-04 1.711198e-02 -1.209253e-03)	(-5.700770e-04 1.688096e-02 -1.199375e-03)	(-1.597421e-05 2.310266e-04 -9.878343e-06)
393           	(-6.032831e-04 1.710444e-02 -1.199710e-03)	(-5.867708e-04 1.687339e-02 -1.189841e-03)	(-1.651226e-05 2.310441e-04 -9.868266e-06)
394           	(-6.198530e-04 1.709677e-02 -1.190621e-03)	(-6.027938e-04 1.686573e-02 -1.180771e-03)	(-1.705919e-05 2.310484e-04 -9.849907e-06)
395           	(-6.353643e-04 1.708911e-02 -1.181734e-03)	(-6.177550e-04 1.685807e-02 -1.171919e-03)	(-1.760927e-05 2.310406e-04 -9.815752e-06)
396           	(-6.493786e-04 1.708154e-02 -1.172782e-03)	(-6.312259e-04 1.685052e-02 -1.163022e-03)	(-1.815264e-05 2.310216e-04 -9.759803e-06)
397           	(-6.614952e-04 1.707381e-02 -1.163707e-03)	(-6.428152e-04 1.684282e-02 -1.154030e-03)	(-1.868002e-05 2.309907e-04 -9.676374e-06)
398           	(-6.712268e-04 1.706653e-02 -1.153816e-03)	(-6.520472e-04 1.683558e-02 -1.144256e-03)	(-1.917961e-05 2.309496e-04 -9.559535e-06)
399           	(-6.780868e-04 1.706202e-02 -1.142503e-03)	(-6.584458e-04 1.683112e-02 -1.133101e-03)	(-1.964105e-05 2.309074e-04 -9.402291e-06)
400           	(-6.819574e-04 1.705891e-02 -1.130181e-03)	(-6.619044e-04 1.682804e-02 -1.120978e-03)	(-2.005300e-05 2.308662e-04 -9.203158e-06)
401           	(-6.828271e-04 1.705805e-02 -1.116811e-03)	(-6.624149e-04 1.682722e-02 -1.107849e-03)	(-2.041220e-05 2.308288e-04 -8.961726e-06)
402           	(-6.799082e-04 1.704879e-02 -1.100682e-03)	(-6.591986e-04 1.681803e-02 -1.092008e-03)	(-2.070956e-05 2.307588e-04 -8.674547e-06)
403           	(-6.736315e-04 1.703654e-02 -1.083098e-03)	(-6.526879e-04 1.680589e-02 -1.074755e-03)	(-2.094359e-05 2.306493e-04 -8.343907e-06)
404           	(-6.644601e-04 1.702313e-02 -1.064916e-03)	(-6.433450e-04 1.679262e-02 -1.056940e-03)	(-2.111508e-05 2.305090e-04 -7.976562e-06)
405           	(-6.531223e-04 1.701123e-02 -1.046831e-03)	(-6.318916e-04 1.678087e-02 -1.039254e-03)	(-2.123069e-05 2.303521e-04 -7.577636e-06)
406           	(-6.418762e-04 1.701416e-02 -1.030429e-03)	(-6.205741e-04 1.678392e-02 -1.023272e-03)	(-2.130204e-05 2.302387e-04 -7.157798e-06)
407           	(-6.269917e-04 1.700047e-02 -1.012677e-03)	(-6.056636e-04 1.677037e-02 -1.005962e-03)	(-2.132810e-05 2.300951e-04 -6.715307e-06)
408           	(-6.123801e-04 1.699908e-02 -9.953588e-04)	(-5.910579e-04 1.676911e-02 -9.891014e-04)	(-2.132224e-05 2.299659e-04 -6.257433e-06)
409           	(-5.949327e-04 1.698561e-02 -9.768424e-04)	(-5.736472e-04 1.675579e-02 -9.710591e-04)	(-2.128547e-05 2.298129e-04 -5.783330e-06)
410           	(-5.768258e-04 1.698097e-02 -9.573614e-04)	(-5.556001e-04 1.675130e-02 -9.520618e-04)	(-2.122577e-05 2.296675e-04 -5.299528e-06)
411           	(-5.563363e-04 1.696821e-02 -9.372819e-04)	(-5.351889e-04 1.673871e-02 -9.324707e-04)	(-2.114737e-05 2.295063e-04 -4.811186e-06)
412           	(-5.349577e-04 1.696078e-02 -9.170793e-04)	(-5.139019e-04 1.673143e-02 -9.127498e-04)	(-2.105578e-05 2.293487e-04 -4.329486e-06)
413           	(-5.118389e-04 1.695184e-02 -8.953091e-04)	(-4.908849e-04 1.672264e-02 -8.914525e-04)	(-2.095406e-05 2.291948e-04 -3.856611e-06)
414           	(-4.870284e-04 1.694351e-02 -8.724505e-04)	(-4.661844e-04 1.671446e-02 -8.690535e-04)	(-2.084391e-05 2.290444e-04 -3.396952e-06)
415           	(-4.608200e-04 1.693591e-02 -8.489751e-04)	(-4.400913e-04 1.670701e-02 -8.460180e-04)	(-2.072872e-05 2.289023e-04 -2.957090e-06)
416           	(-4.335149e-04 1.692929e-02 -8.253019e-04)	(-4.129055e-04 1.670051e-02 -8.227588e-04)	(-2.060941e-05 2.287715e-04 -2.543065e-06)
417           	(-4.053482e-04 1.692362e-02 -8.020043e-04)	(-3.848602e-04 1.669497e-02 -7.998451e-04)	(-2.048797e-05 2.286543e-04 -2.159260e-06)
418           	(-3.764842e-04 1.691886e-02 -7.795312e-04)	(-3.561206e-04 1.669031e-02 -7.777216e-04)	(-2.036357e-05 2.285517e-04 -1.809583e-06)
419           	(-3.469706e-04 1.691480e-02 -7.582161e-04)	(-3.267350e-04 1.668633e-02 -7.567206e-04)	(-2.023567e-05 2.284633e-04 -1.495515e-06)
420           	(-3.168046e-04 1.691130e-02 -7.381192e-04)	(-2.967024e-04 1.668291e-02 -7.369032e-04)	(-2.010224e-05 2.283885e-04 -1.215975e-06)
421           	(-2.859186e-04 1.690819e-02 -7.192201e-04)	(-2.659575e-04 1.667987e-02 -7.182514e-04)	(-1.996109e-05 2.283255e-04 -9.686457e-07)
422           	(-2.542479e-04 1.690531e-02 -7.014213e-04)	(-2.344402e-04 1.667703e-02 -7.006714e-04)	(-1.980779e-05 2.282729e-04 -7.498705e-07)
423           	(-2.208482e-04 1.690030e-02 -6.850038e-04)	(-2.012120e-04 1.667208e-02 -6.844480e-04)	(-1.963616e-05 2.282206e-04 -5.558686e-07)
424           	(-1.879236e-04 1.690054e-02 -6.693815e-04)	(-1.684760e-04 1.667235e-02 -6.690017e-04)	(-1.944762e-05 2.281878e-04 -3.797318e-07)
425           	(-1.542789e-04 1.690057e-02 -6.529308e-04)	(-1.350398e-04 1.667240e-02 -6.527217e-04)	(-1.923915e-05 2.281711e-04 -2.091292e-07)
426           	(-1.195549e-04 1.689392e-02 -6.369666e-04)	(-1.005482e-04 1.666578e-02 -6.369262e-04)	(-1.900672e-05 2.281406e-04 -4.040832e-08)
427           	(-8.617467e-05 1.689421e-02 -6.216324e-04)	(-6.741688e-05 1.666609e-02 -6.217631e-04)	(-1.875780e-05 2.281246e-04 1.306432e-07)
428           	(-5.285509e-05 1.689525e-02 -6.060211e-04)	(-3.436573e-05 1.666712e-02 -6.063295e-04)	(-1.848936e-05 2.281279e-04 3.083924e-07)
429           	(-1.839926e-05 1.688803e-02 -5.898781e-04)	(-2.006939e-07 1.665992e-02 -5.903752e-04)	(-1.819856e-05 2.281133e-04 4.970433e-07)
430           	(1.296203e-05 1.689158e-02 -5.744571e-04)	(3.086039e-05 1.666346e-02 -5.751543e-04)	(-1.789836e-05 2.281221e-04 6.971869e-07)
431           	(4.519944e-05 1.688557e-02 -5.581882e-04)	(6.278176e-05 1.665745e-02 -5.590982e-04)	(-1.758233e-05 2.281224e-04 9.100337e-07)
432           	(7.407643e-05 1.689015e-02 -5.423819e-04)	(9.133950e-05 1.666200e-02 -5.435183e-04)	(-1.726307e-05 2.281454e-04 1.136398e-06)
433           	(1.041877e-04 1.688548e-02 -5.259588e-04)	(1.211197e-04 1.665732e-02 -5.273344e-04)	(-1.693201e-05 2.281610e-04 1.375561e-06)
434           	(1.316836e-04 1.688964e-02 -5.091827e-04)	(1.482812e-04 1.666144e-02 -5.108100e-04)	(-1.659751e-05 2.281941e-04 1.627335e-06)
435           	(1.604483e-04 1.688607e-02 -4.931465e-04)	(1.767013e-04 1.665785e-02 -4.950323e-04)	(-1.625307e-05 2.282208e-04 1.885747e-06)
436           	(1.869675e-04 1.689059e-02 -4.765628e-04)	(2.028728e-04 1.666233e-02 -4.787136e-04)	(-1.590532e-05 2.282648e-04 2.150718e-06)
437           	(2.132375e-04 1.689285e-02 -4.583865e-04)	(2.287882e-04 1.666453e-02 -4.608115e-04)	(-1.555073e-05 2.283203e-04 2.424983e-06)
438           	(2.403241e-04 1.688902e-02 -4.416844e-04)	(2.555098e-04 1.666066e-02 -4.443816e-04)	(-1.518576e-05 2.283584e-04 2.697168e-06)
439           	(2.645676e-04 1.689248e-02 -4.254081e-04)	(2.793890e-04 1.666407e-02 -4.283723e-04)	(-1.482141e-05 2.284103e-04 2.964191e-06)
440           	(2.873842e-04 1.689522e-02 -4.094757e-04)	(3.018412e-04 1.666675e-02 -4.126996e-04)	(-1.445702e-05 2.284756e-04 3.223894e-06)
441           	(3.082795e-04 1.689496e-02 -3.939217e-04)	(3.223767e-04 1.666642e-02 -3.973964e-04)	(-1.409724e-05 2.285356e-04 3.474772e-06)
442           	(3.274247e-04 1.689509e-02 -3.787732e-04)	(3.411686e-04 1.666650e-02 -3.824883e-04)	(-1.374391e-05 2.285938e-04 3.715016e-06)
443           	(3.448242e-04 1.689592e-02 -3.633558e-04)	(3.582216e-04 1.666726e-02 -3.673003e-04)	(-1.339746e-05 2.286553e-04 3.944499e-06)
444           	(3.602987e-04 1.689687e-02 -3.486451e-04)	(3.733583e-04 1.666815e-02 -3.528058e-04)	(-1.305960e-05 2.287197e-04 4.160719e-06)
445           	(3.739043e-04 1.689782e-02 -3.345575e-04)	(3.866365e-04 1.666904e-02 -3.389189e-04)	(-1.273220e-05 2.287860e-04 4.361408e-06)
446           	(3.857239e-04 1.689861e-02 -3.210658e-04)	(3.981392e-04 1.666976e-02 -3.256101e-04)	(-1.241531e-05 2.288531e-04 4.544297e-06)
447           	(3.958666e-04 1.689910e-02 -3.081180e-04)	(4.079767e-04 1.667018e-02 -3.128275e-04)	(-1.211013e-05 2.289192e-04 4.709434e-06)
448           	(4.042953e-04 1.689906e-02 -2.963392e-04)	(4.161125e-04 1.667008e-02 -3.011930e-04)	(-1.181716e-05 2.289828e-04 4.853818e-06)
449           	(4.112199e-04 1.689864e-02 -2.849787e-04)	(4.227561e-04 1.666959e-02 -2.899563e-04)	(-1.153619e-05 2.290427e-04 4.977561e-06)
450           	(4.166956e-04 1.689779e-02 -2.740607e-04)	(4.279630e-04 1.666869e-02 -2.791427e-04)	(-1.126737e-05 2.290983e-04 5.082045e-06)
451           	(4.207686e-04 1.689653e-02 -2.636251e-04)	(4.317795e-04 1.666738e-02 -2.687925e-04)	(-1.101090e-05 2.291490e-04 5.167435e-06)
452           	(4.234225e-04 1.689486e-02 -2.539143e-04)	(4.341892e-04 1.666566e-02 -2.591468e-04)	(-1.076661e-05 2.291945e-04 5.232464e-06)
453           	(4.247496e-04 1.689285e-02 -2.446819e-04)	(4.352849e-04 1.666362e-02 -2.499604e-04)	(-1.053532e-05 2.292345e-04 5.278459e-06)
454           	(4.247734e-04 1.689059e-02 -2.359357e-04)	(4.350901e-04 1.666132e-02 -2.412412e-04)	(-1.031669e-05 2.292695e-04 5.305449e-06)
455           	(4.235790e-04 1.688826e-02 -2.274688e-04)	(4.336895e-04 1.665896e-02 -2.327830e-04)	(-1.011055e-05 2.293002e-04 5.314214e-06)
456           	(4.212920e-04 1.688678e-02 -2.187492e-04)	(4.312085e-04 1.665745e-02 -2.240569e-04)	(-9.916477e-06 2.293306e-04 5.307758e-06)
457           	(4.176827e-04 1.688565e-02 -2.110002e-04)	(4.274182e-04 1.665629e-02 -2.162844e-04)	(-9.735582e-06 2.293615e-04 5.284230e-06)
458           	(4.147454e-04 1.689712e-02 -1.969317e-04)	(4.243015e-04 1.666768e-02 -2.021837e-04)	(-9.556107e-06 2.294400e-04 5.251983e-06)
459           	(4.083959e-04 1.689538e-02 -1.940725e-04)	(4.177950e-04 1.666588e-02 -1.992642e-04)	(-9.399079e-06 2.295010e-04 5.191744e-06)
460           	(4.007794e-04 1.689360e-02 -1.920536e-04)	(4.100386e-04 1.666405e-02 -1.971568e-04)	(-9.259215e-06 2.295438e-04 5.103194e-06)
461           	(3.918646e-04 1.689170e-02 -1.904072e-04)	(4.010023e-04 1.666212e-02 -1.954076e-04)	(-9.137769e-06 2.295757e-04 5.000383e-06)
462           	(3.817047e-04 1.688953e-02 -1.886303e-04)	(3.907380e-04 1.665994e-02 -1.935165e-04)	(-9.033305e-06 2.295976e-04 4.886203e-06)
463           	(3.704408e-04 1.688704e-02 -1.863174e-04)	(3.793867e-04 1.665743e-02 -1.910828e-04)	(-8.945856e-06 2.296100e-04 4.765488e-06)
464           	(3.582580e-04 1.688420e-02 -1.831927e-04)	(3.671313e-04 1.665458e-02 -1.878342e-04)	(-8.873298e-06 2.296135e-04 4.641469e-06)
465           	(3.453578e-04 1.688108e-02 -1.790196e-04)	(3.541722e-04 1.665147e-02 -1.835381e-04)	(-8.814333e-06 2.296089e-04 4.518498e-06)
466           	(3.319211e-04 1.687779e-02 -1.735522e-04)	(3.406878e-04 1.664819e-02 -1.779523e-04)	(-8.766723e-06 2.295974e-04 4.400087e-06)
467           	(3.180916e-04 1.687450e-02 -1.665580e-04)	(3.268203e-04 1.664491e-02 -1.708478e-04)	(-8.728688e-06 2.295803e-04 4.289763e-06)
468           	(3.039586e-04 1.687150e-02 -1.578542e-04)	(3.126565e-04 1.664194e-02 -1.620444e-04)	(-8.697902e-06 2.295600e-04 4.190173e-06)
469           	(2.894087e-04 1.686977e-02 -1.489896e-04)	(2.980827e-04 1.664023e-02 -1.530885e-04)	(-8.673946e-06 2.295411e-04 4.098841e-06)
470           	(2.739662e-04 1.686366e-02 -1.415632e-04)	(2.826238e-04 1.663416e-02 -1.455702e-04)	(-8.657675e-06 2.295067e-04 4.006946e-06)
471           	(2.580544e-04 1.685722e-02 -1.345131e-04)	(2.667056e-04 1.662776e-02 -1.384289e-04)	(-8.651154e-06 2.294577e-04 3.915776e-06)
472           	(2.425211e-04 1.685505e-02 -1.280607e-04)	(2.511717e-04 1.662564e-02 -1.318868e-04)	(-8.650630e-06 2.294155e-04 3.826177e-06)
473           	(2.264749e-04 1.685153e-02 -1.222282e-04)	(2.351325e-04 1.662216e-02 -1.259669e-04)	(-8.657600e-06 2.293731e-04 3.738724e-06)
474           	(2.094609e-04 1.684903e-02 -1.177164e-04)	(2.181352e-04 1.661970e-02 -1.213666e-04)	(-8.674297e-06 2.293308e-04 3.650137e-06)
475           	(1.918358e-04 1.684633e-02 -1.139847e-04)	(2.005376e-04 1.661704e-02 -1.175455e-04)	(-8.701833e-06 2.292880e-04 3.560754e-06)
476           	(1.738028e-04 1.684349e-02 -1.108762e-04)	(1.825421e-04 1.661424e-02 -1.143470e-04)	(-8.739327e-06 2.292429e-04 3.470784e-06)
477           	(1.552833e-04 1.684152e-02 -1.095463e-04)	(1.640714e-04 1.661232e-02 -1.129241e-04)	(-8.788150e-06 2.291985e-04 3.377829e-06)
478           	(1.367800e-04 1.683315e-02 -1.081991e-04)	(1.456254e-04 1.660402e-02 -1.114824e-04)	(-8.845390e-06 2.291315e-04 3.283345e-06)
479           	(1.195979e-04 1.682897e-02 -1.051819e-04)	(1.285045e-04 1.659991e-02 -1.083806e-04)	(-8.906580e-06 2.290616e-04 3.198696e-06)
480           	(1.026741e-04 1.682514e-02 -1.020554e-04)	(1.116453e-04 1.659614e-02 -1.051786e-04)	(-8.971173e-06 2.289945e-04 3.123200e-06)
481           	(8.603694e-05 1.682161e-02 -9.879442e-05)	(9.507642e-05 1.659269e-02 -1.018509e-04)	(-9.039474e-06 2.289282e-04 3.056475e-06)
482           	(6.975113e-05 1.681836e-02 -9.538803e-05)	(7.886126e-05 1.658949e-02 -9.838563e-05)	(-9.110127e-06 2.288632e-04 2.997606e-06)
483           	(5.390999e-05 1.681530e-02 -9.184395e-05)	(6.309309e-05 1.658650e-02 -9.479106e-05)	(-9.183095e-06 2.287995e-04 2.947106e-06)
484           	(3.857928e-05 1.681158e-02 -8.913991e-05)	(4.783688e-05 1.658284e-02 -9.204100e-05)	(-9.257595e-06 2.287343e-04 2.901087e-06)
485           	(2.379035e-05 1.680809e-02 -8.609035e-05)	(3.312343e-05 1.657942e-02 -8.895152e-05)	(-9.333081e-06 2.286684e-04 2.861165e-06)
486           	(9.607304e-06 1.680491e-02 -8.265750e-05)	(1.901527e-05 1.657631e-02 -8.548598e-05)	(-9.407965e-06 2.286039e-04 2.828485e-06)
487           	(-3.846207e-06 1.680316e-02 -7.795021e-05)	(5.635193e-06 1.657461e-02 -8.075702e-05)	(-9.481400e-06 2.285455e-04 2.806809e-06)
488           	(-1.654583e-05 1.680166e-02 -7.328554e-05)	(-6.994079e-06 1.657316e-02 -7.607896e-05)	(-9.551753e-06 2.284927e-04 2.793420e-06)
489           	(-2.846942e-05 1.680036e-02 -6.879819e-05)	(-1.885037e-05 1.657192e-02 -7.158451e-05)	(-9.619042e-06 2.284439e-04 2.786316e-06)
490           	(-3.961529e-05 1.679925e-02 -6.455639e-05)	(-2.993293e-05 1.657085e-02 -6.733965e-05)	(-9.682364e-06 2.283990e-04 2.783253e-06)
491           	(-4.997388e-05 1.679829e-02 -6.057186e-05)	(-4.023210e-05 1.656993e-02 -6.335509e-05)	(-9.741787e-06 2.283575e-04 2.783234e-06)
492           	(-5.953188e-05 1.679745e-02 -5.681453e-05)	(-4.973533e-05 1.656913e-02 -5.959938e-05)	(-9.796553e-06 2.283192e-04 2.784850e-06)
493           	(-6.826059e-05 1.679670e-02 -5.322744e-05)	(-5.841375e-05 1.656842e-02 -5.601596e-05)	(-9.846848e-06 2.282837e-04 2.788528e-06)
494           	(-7.613209e-05 1.679599e-02 -4.973731e-05)	(-6.624058e-05 1.656774e-02 -5.253032e-05)	(-9.891512e-06 2.282506e-04 2.793007e-06)
495           	(-8.311123e-05 1.679531e-02 -4.626334e-05)	(-7.318041e-05 1.656709e-02 -4.906267e-05)	(-9.930815e-06 2.282197e-04 2.799330e-06)
496           	(-8.917703e-05 1.679465e-02 -4.273093e-05)	(-7.921307e-05 1.656646e-02 -4.553822e-05)	(-9.963959e-06 2.281909e-04 2.807291e-06)
497           	(-9.431587e-05 1.679403e-02 -3.907677e-05)	(-8.432490e-05 1.656586e-02 -4.189458e-05)	(-9.990976e-06 2.281639e-04 2.817804e-06)
498           	(-9.853657e-05 1.679348e-02 -3.525514e-05)	(-8.852558e-05 1.656534e-02 -3.808548e-05)	(-1.001099e-05 2.281392e-04 2.830335e-06)
499           	(-1.018534e-04 1.679301e-02 -3.122731e-05)	(-9.182882e-05 1.656490e-02 -3.407320e-05)	(-1.002457e-05 2.281167e-04 2.845892e-06)
500           	(-1.043099e-04 1.679295e-02 -2.712463e-05)	(-9.427873e-05 1.656485e-02 -2.998764e-05)	(-1.003114e-05 2.280979e-04 2.863009e-06)
501           	(-1.059201e-04 1.679296e-02 -2.284570e-05)	(-9.588881e-05 1.656487e-02 -2.572798e-05)	(-1.003127e-05 2.280823e-04 2.882275e-06)
502           	(-1.067293e-04 1.679305e-02 -1.841862e-05)	(-9.670514e-05 1.656498e-02 -2.132126e-05)	(-1.002420e-05 2.280698e-04 2.902636e-06)
