# Moment      
# CofR        : (0.000000e+00 0.000000e+00 0.000000e+00)
#
# Time        	(total_x total_y total_z)	(pressure_x pressure_y pressure_z)	(viscous_x viscous_y viscous_z)
3001          	(-2.112481e-02 6.224833e-02 -2.123007e-02)	(-2.121138e-02 6.226289e-02 -2.128474e-02)	(8.656290e-05 -1.455827e-05 5.466585e-05)
3002          	(-2.108021e-02 6.227665e-02 -2.133821e-02)	(-2.116747e-02 6.229062e-02 -2.139123e-02)	(8.725825e-05 -1.397000e-05 5.302095e-05)
3003          	(-2.103410e-02 6.231694e-02 -2.150962e-02)	(-2.112213e-02 6.233031e-02 -2.156092e-02)	(8.803223e-05 -1.337011e-05 5.130320e-05)
3004          	(-2.098612e-02 6.236898e-02 -2.173526e-02)	(-2.107500e-02 6.238176e-02 -2.178491e-02)	(8.888496e-05 -1.277959e-05 4.965526e-05)
3005          	(-2.094649e-02 6.253445e-02 -2.198346e-02)	(-2.103630e-02 6.254663e-02 -2.203160e-02)	(8.981353e-05 -1.218606e-05 4.814844e-05)
3006          	(-2.091633e-02 6.272538e-02 -2.229123e-02)	(-2.100709e-02 6.273700e-02 -2.233804e-02)	(9.075881e-05 -1.161814e-05 4.680965e-05)
3007          	(-2.089559e-02 6.291307e-02 -2.262934e-02)	(-2.098724e-02 6.292418e-02 -2.267501e-02)	(9.165395e-05 -1.110961e-05 4.567446e-05)
3008          	(-2.088323e-02 6.308020e-02 -2.296594e-02)	(-2.097567e-02 6.309089e-02 -2.301070e-02)	(9.243339e-05 -1.068968e-05 4.476198e-05)
3009          	(-2.086028e-02 6.315239e-02 -2.321744e-02)	(-2.095332e-02 6.316279e-02 -2.326155e-02)	(9.304083e-05 -1.039407e-05 4.410951e-05)
3010          	(-2.083752e-02 6.321651e-02 -2.341881e-02)	(-2.093100e-02 6.322672e-02 -2.346252e-02)	(9.347638e-05 -1.020851e-05 4.371107e-05)
3011          	(-2.082976e-02 6.335438e-02 -2.356716e-02)	(-2.092354e-02 6.336448e-02 -2.361073e-02)	(9.377556e-05 -1.010058e-05 4.356592e-05)
3012          	(-2.081610e-02 6.347242e-02 -2.364484e-02)	(-2.091007e-02 6.348248e-02 -2.368852e-02)	(9.397247e-05 -1.005831e-05 4.367889e-05)
3013          	(-2.079918e-02 6.356420e-02 -2.366547e-02)	(-2.089325e-02 6.357428e-02 -2.370950e-02)	(9.406802e-05 -1.007254e-05 4.402697e-05)
3014          	(-2.077980e-02 6.362028e-02 -2.363730e-02)	(-2.087388e-02 6.363041e-02 -2.368190e-02)	(9.407895e-05 -1.013507e-05 4.460038e-05)
3015          	(-2.076349e-02 6.362631e-02 -2.358186e-02)	(-2.085750e-02 6.363655e-02 -2.362724e-02)	(9.401373e-05 -1.024258e-05 4.538174e-05)
3016          	(-2.075397e-02 6.362084e-02 -2.348927e-02)	(-2.084791e-02 6.363120e-02 -2.353554e-02)	(9.393872e-05 -1.035203e-05 4.626522e-05)
3017          	(-2.074899e-02 6.360267e-02 -2.334750e-02)	(-2.084288e-02 6.361311e-02 -2.339465e-02)	(9.388914e-05 -1.043520e-05 4.715270e-05)
3018          	(-2.074234e-02 6.356535e-02 -2.315717e-02)	(-2.083621e-02 6.357585e-02 -2.320523e-02)	(9.386551e-05 -1.049558e-05 4.805053e-05)
3019          	(-2.072759e-02 6.337865e-02 -2.292220e-02)	(-2.082143e-02 6.338922e-02 -2.297117e-02)	(9.383153e-05 -1.057176e-05 4.897087e-05)
3020          	(-2.070261e-02 6.313214e-02 -2.264704e-02)	(-2.079639e-02 6.314280e-02 -2.269697e-02)	(9.377808e-05 -1.066020e-05 4.993594e-05)
3021          	(-2.067114e-02 6.284398e-02 -2.235981e-02)	(-2.076484e-02 6.285473e-02 -2.241076e-02)	(9.370011e-05 -1.075287e-05 5.095365e-05)
3022          	(-2.064025e-02 6.253874e-02 -2.208514e-02)	(-2.073382e-02 6.254958e-02 -2.213718e-02)	(9.357488e-05 -1.084688e-05 5.204092e-05)
3023          	(-2.065984e-02 6.275500e-02 -2.183975e-02)	(-2.075331e-02 6.276580e-02 -2.189292e-02)	(9.346619e-05 -1.080326e-05 5.316694e-05)
3024          	(-2.070658e-02 6.252628e-02 -2.172419e-02)	(-2.079985e-02 6.253710e-02 -2.177848e-02)	(9.326776e-05 -1.081927e-05 5.429206e-05)
3025          	(-2.076377e-02 6.234833e-02 -2.163626e-02)	(-2.085670e-02 6.235921e-02 -2.169167e-02)	(9.292969e-05 -1.088162e-05 5.540977e-05)
3026          	(-2.082024e-02 6.221937e-02 -2.155017e-02)	(-2.091277e-02 6.223032e-02 -2.160665e-02)	(9.252727e-05 -1.095069e-05 5.647880e-05)
3027          	(-2.086858e-02 6.220790e-02 -2.143927e-02)	(-2.096070e-02 6.221888e-02 -2.149670e-02)	(9.212075e-05 -1.098274e-05 5.743304e-05)
3028          	(-2.090494e-02 6.219418e-02 -2.129219e-02)	(-2.099666e-02 6.220515e-02 -2.135038e-02)	(9.172628e-05 -1.097194e-05 5.818558e-05)
3029          	(-2.093935e-02 6.218242e-02 -2.113974e-02)	(-2.103069e-02 6.219333e-02 -2.119840e-02)	(9.134351e-05 -1.091439e-05 5.865707e-05)
3030          	(-2.097100e-02 6.217400e-02 -2.099603e-02)	(-2.106198e-02 6.218481e-02 -2.105482e-02)	(9.098166e-05 -1.080771e-05 5.879315e-05)
3031          	(-2.099817e-02 6.217031e-02 -2.087537e-02)	(-2.108883e-02 6.218097e-02 -2.093398e-02)	(9.065751e-05 -1.065698e-05 5.860715e-05)
3032          	(-2.101920e-02 6.217283e-02 -2.079425e-02)	(-2.110958e-02 6.218330e-02 -2.085234e-02)	(9.037685e-05 -1.046615e-05 5.809007e-05)
3033          	(-2.103367e-02 6.218700e-02 -2.077137e-02)	(-2.112383e-02 6.219723e-02 -2.082857e-02)	(9.016153e-05 -1.022777e-05 5.720450e-05)
3034          	(-2.103952e-02 6.220921e-02 -2.080596e-02)	(-2.112956e-02 6.221915e-02 -2.086191e-02)	(9.003559e-05 -9.938845e-06 5.594653e-05)
3035          	(-2.113687e-02 6.281812e-02 -2.106856e-02)	(-2.122695e-02 6.282761e-02 -2.112292e-02)	(9.007589e-05 -9.483008e-06 5.435986e-05)
3036          	(-2.115622e-02 6.285670e-02 -2.120510e-02)	(-2.124640e-02 6.286578e-02 -2.125769e-02)	(9.017605e-05 -9.085000e-06 5.259546e-05)
3037          	(-2.117564e-02 6.289866e-02 -2.140505e-02)	(-2.126593e-02 6.290740e-02 -2.145579e-02)	(9.029671e-05 -8.743060e-06 5.074409e-05)
3038          	(-2.119128e-02 6.294134e-02 -2.166090e-02)	(-2.128173e-02 6.294980e-02 -2.170987e-02)	(9.044996e-05 -8.465183e-06 4.896709e-05)
3039          	(-2.120058e-02 6.298207e-02 -2.195592e-02)	(-2.129120e-02 6.299033e-02 -2.200328e-02)	(9.061664e-05 -8.254531e-06 4.736630e-05)
3040          	(-2.120298e-02 6.301956e-02 -2.226871e-02)	(-2.129374e-02 6.302768e-02 -2.231470e-02)	(9.075770e-05 -8.111460e-06 4.598452e-05)
3041          	(-2.120159e-02 6.305097e-02 -2.258351e-02)	(-2.129243e-02 6.305900e-02 -2.262837e-02)	(9.084032e-05 -8.037106e-06 4.486573e-05)
3042          	(-2.119849e-02 6.307654e-02 -2.288005e-02)	(-2.128930e-02 6.308458e-02 -2.292410e-02)	(9.081519e-05 -8.040171e-06 4.404694e-05)
3043          	(-2.119479e-02 6.309783e-02 -2.313822e-02)	(-2.128544e-02 6.310595e-02 -2.318177e-02)	(9.064895e-05 -8.125863e-06 4.354858e-05)
3044          	(-2.118852e-02 6.311810e-02 -2.333484e-02)	(-2.127887e-02 6.312639e-02 -2.337820e-02)	(9.035064e-05 -8.285065e-06 4.335327e-05)
3045          	(-2.117929e-02 6.313910e-02 -2.346186e-02)	(-2.126925e-02 6.314761e-02 -2.350532e-02)	(8.995721e-05 -8.504962e-06 4.345244e-05)
3046          	(-2.117065e-02 6.315798e-02 -2.352767e-02)	(-2.126013e-02 6.316675e-02 -2.357149e-02)	(8.948692e-05 -8.777613e-06 4.382216e-05)
3047          	(-2.116514e-02 6.317411e-02 -2.353959e-02)	(-2.125409e-02 6.318320e-02 -2.358402e-02)	(8.894939e-05 -9.096789e-06 4.443366e-05)
3048          	(-2.116542e-02 6.318692e-02 -2.350673e-02)	(-2.125377e-02 6.319638e-02 -2.355200e-02)	(8.835170e-05 -9.460377e-06 4.527119e-05)
3049          	(-2.117370e-02 6.319348e-02 -2.343985e-02)	(-2.126143e-02 6.320334e-02 -2.348613e-02)	(8.772200e-05 -9.854073e-06 4.628422e-05)
3050          	(-2.121366e-02 6.326307e-02 -2.342022e-02)	(-2.130080e-02 6.327329e-02 -2.346749e-02)	(8.713336e-05 -1.021972e-05 4.727393e-05)
3051          	(-2.125556e-02 6.336241e-02 -2.333513e-02)	(-2.134214e-02 6.337297e-02 -2.338337e-02)	(8.658113e-05 -1.055868e-05 4.824542e-05)
3052          	(-2.129452e-02 6.344212e-02 -2.316539e-02)	(-2.138059e-02 6.345299e-02 -2.321456e-02)	(8.606916e-05 -1.087218e-05 4.916820e-05)
3053          	(-2.133652e-02 6.343418e-02 -2.297207e-02)	(-2.142209e-02 6.344537e-02 -2.302210e-02)	(8.556805e-05 -1.118893e-05 5.003968e-05)
3054          	(-2.138843e-02 6.341591e-02 -2.279317e-02)	(-2.147349e-02 6.342742e-02 -2.284404e-02)	(8.506236e-05 -1.151044e-05 5.087261e-05)
3055          	(-2.144630e-02 6.338894e-02 -2.262366e-02)	(-2.153084e-02 6.340078e-02 -2.267536e-02)	(8.454219e-05 -1.183983e-05 5.169344e-05)
3056          	(-2.150782e-02 6.335303e-02 -2.246505e-02)	(-2.159182e-02 6.336520e-02 -2.251755e-02)	(8.400124e-05 -1.217445e-05 5.250431e-05)
3057          	(-2.157062e-02 6.330766e-02 -2.231677e-02)	(-2.165405e-02 6.332018e-02 -2.237009e-02)	(8.342530e-05 -1.251535e-05 5.331866e-05)
3058          	(-2.161856e-02 6.320979e-02 -2.213397e-02)	(-2.170137e-02 6.322265e-02 -2.218811e-02)	(8.281397e-05 -1.286151e-05 5.414260e-05)
3059          	(-2.163541e-02 6.292937e-02 -2.192108e-02)	(-2.171757e-02 6.294262e-02 -2.197605e-02)	(8.215910e-05 -1.324117e-05 5.497000e-05)
3060          	(-2.164457e-02 6.263022e-02 -2.179016e-02)	(-2.172606e-02 6.264384e-02 -2.184593e-02)	(8.148804e-05 -1.362052e-05 5.577294e-05)
3061          	(-2.167840e-02 6.257526e-02 -2.172925e-02)	(-2.175928e-02 6.258917e-02 -2.178576e-02)	(8.087872e-05 -1.391024e-05 5.650679e-05)
3062          	(-2.170223e-02 6.252172e-02 -2.165316e-02)	(-2.178259e-02 6.253583e-02 -2.171026e-02)	(8.035870e-05 -1.410912e-05 5.710523e-05)
3063          	(-2.168483e-02 6.218794e-02 -2.153051e-02)	(-2.176472e-02 6.220222e-02 -2.158802e-02)	(7.988950e-05 -1.428477e-05 5.751149e-05)
3064          	(-2.168307e-02 6.214179e-02 -2.143832e-02)	(-2.176260e-02 6.215614e-02 -2.149597e-02)	(7.953222e-05 -1.434272e-05 5.765815e-05)
3065          	(-2.167532e-02 6.210506e-02 -2.136070e-02)	(-2.175461e-02 6.211937e-02 -2.141823e-02)	(7.928834e-05 -1.430682e-05 5.752807e-05)
3066          	(-2.166358e-02 6.208155e-02 -2.131200e-02)	(-2.174271e-02 6.209575e-02 -2.136908e-02)	(7.912888e-05 -1.419909e-05 5.708228e-05)
3067          	(-2.165122e-02 6.207727e-02 -2.132083e-02)	(-2.173028e-02 6.209130e-02 -2.137711e-02)	(7.905736e-05 -1.402745e-05 5.627756e-05)
3068          	(-2.163824e-02 6.209236e-02 -2.138518e-02)	(-2.171733e-02 6.210617e-02 -2.144033e-02)	(7.909123e-05 -1.380730e-05 5.515797e-05)
3069          	(-2.162750e-02 6.212494e-02 -2.151680e-02)	(-2.170674e-02 6.213850e-02 -2.157062e-02)	(7.923598e-05 -1.356250e-05 5.382354e-05)
3070          	(-2.162021e-02 6.217270e-02 -2.171815e-02)	(-2.169968e-02 6.218602e-02 -2.177051e-02)	(7.946419e-05 -1.331665e-05 5.235473e-05)
3071          	(-2.161582e-02 6.223382e-02 -2.198188e-02)	(-2.169558e-02 6.224691e-02 -2.203277e-02)	(7.976502e-05 -1.309372e-05 5.088744e-05)
3072          	(-2.161335e-02 6.230615e-02 -2.229406e-02)	(-2.169346e-02 6.231907e-02 -2.234358e-02)	(8.011341e-05 -1.291252e-05 4.952207e-05)
3073          	(-2.164987e-02 6.250930e-02 -2.271829e-02)	(-2.173033e-02 6.252207e-02 -2.276658e-02)	(8.046099e-05 -1.277329e-05 4.828732e-05)
3074          	(-2.169317e-02 6.269429e-02 -2.314398e-02)	(-2.177393e-02 6.270700e-02 -2.319122e-02)	(8.076289e-05 -1.270084e-05 4.724175e-05)
3075          	(-2.168856e-02 6.275892e-02 -2.345605e-02)	(-2.176954e-02 6.277164e-02 -2.350246e-02)	(8.098004e-05 -1.272105e-05 4.640771e-05)
3076          	(-2.172670e-02 6.293349e-02 -2.383251e-02)	(-2.180776e-02 6.294631e-02 -2.387830e-02)	(8.105719e-05 -1.282256e-05 4.578968e-05)
3077          	(-2.174906e-02 6.308649e-02 -2.412138e-02)	(-2.183006e-02 6.309950e-02 -2.416681e-02)	(8.099518e-05 -1.301041e-05 4.542940e-05)
3078          	(-2.173191e-02 6.312623e-02 -2.426475e-02)	(-2.181273e-02 6.313952e-02 -2.431006e-02)	(8.082149e-05 -1.328658e-05 4.531194e-05)
3079          	(-2.173223e-02 6.324749e-02 -2.438503e-02)	(-2.181281e-02 6.326110e-02 -2.443047e-02)	(8.058258e-05 -1.361017e-05 4.543922e-05)
3080          	(-2.170891e-02 6.327329e-02 -2.439310e-02)	(-2.178920e-02 6.328728e-02 -2.443891e-02)	(8.029348e-05 -1.399139e-05 4.581069e-05)
3081          	(-2.170162e-02 6.339355e-02 -2.435993e-02)	(-2.178160e-02 6.340794e-02 -2.440633e-02)	(7.997365e-05 -1.439333e-05 4.640435e-05)
3082          	(-2.169510e-02 6.349695e-02 -2.426281e-02)	(-2.177475e-02 6.351176e-02 -2.431001e-02)	(7.965504e-05 -1.481061e-05 4.720084e-05)
3083          	(-2.168701e-02 6.354970e-02 -2.412789e-02)	(-2.176640e-02 6.356491e-02 -2.417597e-02)	(7.939107e-05 -1.521453e-05 4.808285e-05)
3084          	(-2.168269e-02 6.355087e-02 -2.397124e-02)	(-2.176190e-02 6.356645e-02 -2.402018e-02)	(7.921144e-05 -1.558790e-05 4.894305e-05)
3085          	(-2.168224e-02 6.354488e-02 -2.379417e-02)	(-2.176136e-02 6.356081e-02 -2.384396e-02)	(7.911274e-05 -1.592593e-05 4.978647e-05)
3086          	(-2.168797e-02 6.352943e-02 -2.361371e-02)	(-2.176705e-02 6.354566e-02 -2.366432e-02)	(7.907825e-05 -1.623045e-05 5.061012e-05)
3087          	(-2.169825e-02 6.350183e-02 -2.342365e-02)	(-2.177735e-02 6.351833e-02 -2.347508e-02)	(7.909381e-05 -1.650506e-05 5.143188e-05)
3088          	(-2.171458e-02 6.346225e-02 -2.323286e-02)	(-2.179371e-02 6.347901e-02 -2.328512e-02)	(7.913379e-05 -1.675814e-05 5.225892e-05)
3089          	(-2.168217e-02 6.309178e-02 -2.295367e-02)	(-2.176131e-02 6.310885e-02 -2.300683e-02)	(7.913926e-05 -1.707301e-05 5.315818e-05)
3090          	(-2.165243e-02 6.274228e-02 -2.273078e-02)	(-2.173153e-02 6.275968e-02 -2.278486e-02)	(7.910031e-05 -1.740280e-05 5.408017e-05)
3091          	(-2.166714e-02 6.267938e-02 -2.261518e-02)	(-2.174619e-02 6.269705e-02 -2.267019e-02)	(7.905044e-05 -1.766371e-05 5.501652e-05)
3092          	(-2.169758e-02 6.263090e-02 -2.256620e-02)	(-2.177656e-02 6.264877e-02 -2.262217e-02)	(7.898165e-05 -1.787588e-05 5.597218e-05)
3093          	(-2.172779e-02 6.258368e-02 -2.249660e-02)	(-2.180668e-02 6.260173e-02 -2.255349e-02)	(7.889125e-05 -1.804192e-05 5.689462e-05)
3094          	(-2.175545e-02 6.253868e-02 -2.239750e-02)	(-2.183425e-02 6.255684e-02 -2.245523e-02)	(7.880641e-05 -1.815955e-05 5.773319e-05)
3095          	(-2.177747e-02 6.249232e-02 -2.226422e-02)	(-2.185622e-02 6.251055e-02 -2.232263e-02)	(7.874597e-05 -1.822359e-05 5.840432e-05)
3096          	(-2.179158e-02 6.244953e-02 -2.210958e-02)	(-2.187031e-02 6.246775e-02 -2.216841e-02)	(7.873289e-05 -1.822743e-05 5.882996e-05)
3097          	(-2.179408e-02 6.241661e-02 -2.194358e-02)	(-2.187286e-02 6.243478e-02 -2.200252e-02)	(7.878091e-05 -1.816572e-05 5.894212e-05)
3098          	(-2.178495e-02 6.239065e-02 -2.178579e-02)	(-2.186385e-02 6.240870e-02 -2.184452e-02)	(7.889634e-05 -1.804348e-05 5.872574e-05)
3099          	(-2.176328e-02 6.237497e-02 -2.165378e-02)	(-2.184236e-02 6.239284e-02 -2.171194e-02)	(7.907558e-05 -1.786640e-05 5.816746e-05)
3100          	(-2.173394e-02 6.237112e-02 -2.158581e-02)	(-2.181327e-02 6.238875e-02 -2.164306e-02)	(7.932507e-05 -1.763281e-05 5.724602e-05)
3101          	(-2.169405e-02 6.237846e-02 -2.158402e-02)	(-2.177372e-02 6.239581e-02 -2.164001e-02)	(7.966902e-05 -1.734258e-05 5.599004e-05)
3102          	(-2.164933e-02 6.239770e-02 -2.166079e-02)	(-2.172946e-02 6.241471e-02 -2.171529e-02)	(8.012445e-05 -1.700938e-05 5.450222e-05)
3103          	(-2.160293e-02 6.242615e-02 -2.181489e-02)	(-2.168361e-02 6.244280e-02 -2.186774e-02)	(8.068091e-05 -1.664553e-05 5.285813e-05)
3104          	(-2.155638e-02 6.246188e-02 -2.203869e-02)	(-2.163770e-02 6.247816e-02 -2.208989e-02)	(8.131725e-05 -1.627749e-05 5.120182e-05)
3105          	(-2.150919e-02 6.250588e-02 -2.231050e-02)	(-2.159122e-02 6.252180e-02 -2.236014e-02)	(8.202533e-05 -1.591907e-05 4.964350e-05)
3106          	(-2.146174e-02 6.255478e-02 -2.261256e-02)	(-2.154451e-02 6.257037e-02 -2.266082e-02)	(8.277069e-05 -1.558704e-05 4.826027e-05)
3107          	(-2.141491e-02 6.260663e-02 -2.292702e-02)	(-2.149843e-02 6.262192e-02 -2.297411e-02)	(8.351498e-05 -1.529177e-05 4.708887e-05)
3108          	(-2.136998e-02 6.265951e-02 -2.323699e-02)	(-2.145420e-02 6.267455e-02 -2.328315e-02)	(8.422087e-05 -1.504270e-05 4.615682e-05)
3109          	(-2.132786e-02 6.271163e-02 -2.352452e-02)	(-2.141270e-02 6.272649e-02 -2.357001e-02)	(8.483575e-05 -1.485395e-05 4.548929e-05)
3110          	(-2.128836e-02 6.276201e-02 -2.377293e-02)	(-2.137370e-02 6.277674e-02 -2.381802e-02)	(8.533722e-05 -1.472902e-05 4.509423e-05)
3111          	(-2.128303e-02 6.295140e-02 -2.407350e-02)	(-2.136878e-02 6.296603e-02 -2.411846e-02)	(8.574119e-05 -1.463344e-05 4.495817e-05)
3112          	(-2.128688e-02 6.317913e-02 -2.425915e-02)	(-2.137296e-02 6.319370e-02 -2.430423e-02)	(8.608238e-05 -1.456682e-05 4.507869e-05)
3113          	(-2.128857e-02 6.340393e-02 -2.432835e-02)	(-2.137495e-02 6.341846e-02 -2.437374e-02)	(8.638026e-05 -1.452701e-05 4.539693e-05)
3114          	(-2.128124e-02 6.358829e-02 -2.429060e-02)	(-2.136788e-02 6.360281e-02 -2.433648e-02)	(8.664239e-05 -1.451853e-05 4.588658e-05)
3115          	(-2.125936e-02 6.370799e-02 -2.416505e-02)	(-2.134623e-02 6.372253e-02 -2.421158e-02)	(8.687135e-05 -1.454915e-05 4.652903e-05)
3116          	(-2.123610e-02 6.378639e-02 -2.399652e-02)	(-2.132318e-02 6.380101e-02 -2.404380e-02)	(8.707429e-05 -1.461228e-05 4.728216e-05)
3117          	(-2.120849e-02 6.380041e-02 -2.379435e-02)	(-2.129581e-02 6.381507e-02 -2.384234e-02)	(8.731555e-05 -1.466624e-05 4.799452e-05)
3118          	(-2.117695e-02 6.376625e-02 -2.361807e-02)	(-2.126453e-02 6.378096e-02 -2.366674e-02)	(8.758005e-05 -1.470723e-05 4.866889e-05)
3119          	(-2.114649e-02 6.371494e-02 -2.343471e-02)	(-2.123435e-02 6.372967e-02 -2.348404e-02)	(8.785839e-05 -1.472895e-05 4.933209e-05)
3120          	(-2.108979e-02 6.347239e-02 -2.319689e-02)	(-2.117793e-02 6.348715e-02 -2.324693e-02)	(8.813909e-05 -1.476478e-05 5.003755e-05)
3121          	(-2.104366e-02 6.325578e-02 -2.299025e-02)	(-2.113209e-02 6.327056e-02 -2.304104e-02)	(8.842553e-05 -1.478267e-05 5.078912e-05)
3122          	(-2.102299e-02 6.318029e-02 -2.282914e-02)	(-2.111171e-02 6.319504e-02 -2.288074e-02)	(8.872513e-05 -1.474498e-05 5.160139e-05)
3123          	(-2.100931e-02 6.309629e-02 -2.266320e-02)	(-2.109833e-02 6.311096e-02 -2.271569e-02)	(8.902196e-05 -1.466784e-05 5.249030e-05)
3124          	(-2.099808e-02 6.290783e-02 -2.247157e-02)	(-2.108736e-02 6.292242e-02 -2.252502e-02)	(8.927042e-05 -1.458765e-05 5.345433e-05)
3125          	(-2.099025e-02 6.271825e-02 -2.230520e-02)	(-2.107971e-02 6.273275e-02 -2.235964e-02)	(8.945712e-05 -1.449796e-05 5.444062e-05)
3126          	(-2.098718e-02 6.254128e-02 -2.217461e-02)	(-2.107678e-02 6.255567e-02 -2.223002e-02)	(8.959272e-05 -1.439181e-05 5.540564e-05)
3127          	(-2.100977e-02 6.249118e-02 -2.207008e-02)	(-2.109947e-02 6.250542e-02 -2.212639e-02)	(8.969858e-05 -1.423992e-05 5.630437e-05)
3128          	(-2.101802e-02 6.235280e-02 -2.196579e-02)	(-2.110780e-02 6.236686e-02 -2.202287e-02)	(8.978601e-05 -1.406452e-05 5.708180e-05)
3129          	(-2.102603e-02 6.228604e-02 -2.181630e-02)	(-2.111591e-02 6.229987e-02 -2.187394e-02)	(8.988264e-05 -1.383308e-05 5.764525e-05)
3130          	(-2.103559e-02 6.225716e-02 -2.167175e-02)	(-2.112560e-02 6.227069e-02 -2.172968e-02)	(9.000982e-05 -1.353586e-05 5.793645e-05)
3131          	(-2.103778e-02 6.223600e-02 -2.152685e-02)	(-2.112795e-02 6.224918e-02 -2.158478e-02)	(9.016779e-05 -1.317969e-05 5.792299e-05)
3132          	(-2.102630e-02 6.220753e-02 -2.136887e-02)	(-2.111665e-02 6.222031e-02 -2.142645e-02)	(9.034883e-05 -1.277862e-05 5.757808e-05)
3133          	(-2.099997e-02 6.212843e-02 -2.128687e-02)	(-2.109051e-02 6.214078e-02 -2.134374e-02)	(9.054485e-05 -1.235277e-05 5.686476e-05)
3134          	(-2.096667e-02 6.213100e-02 -2.123053e-02)	(-2.105746e-02 6.214287e-02 -2.128632e-02)	(9.079304e-05 -1.187477e-05 5.579333e-05)
3135          	(-2.089083e-02 6.206427e-02 -2.109084e-02)	(-2.098197e-02 6.207562e-02 -2.114527e-02)	(9.114323e-05 -1.135182e-05 5.442889e-05)
3136          	(-2.090044e-02 6.244182e-02 -2.126008e-02)	(-2.099206e-02 6.245254e-02 -2.131289e-02)	(9.161652e-05 -1.071893e-05 5.281294e-05)
3137          	(-2.088412e-02 6.250840e-02 -2.141580e-02)	(-2.097624e-02 6.251854e-02 -2.146692e-02)	(9.212014e-05 -1.013631e-05 5.111742e-05)
3138          	(-2.089495e-02 6.258331e-02 -2.170262e-02)	(-2.098755e-02 6.259295e-02 -2.175207e-02)	(9.259552e-05 -9.634359e-06 4.945030e-05)
3139          	(-2.090735e-02 6.266480e-02 -2.204785e-02)	(-2.100040e-02 6.267402e-02 -2.209576e-02)	(9.305359e-05 -9.213399e-06 4.791337e-05)
3140          	(-2.095388e-02 6.300431e-02 -2.251176e-02)	(-2.104739e-02 6.301313e-02 -2.255827e-02)	(9.350242e-05 -8.813447e-06 4.651335e-05)
3141          	(-2.095439e-02 6.306170e-02 -2.275407e-02)	(-2.104826e-02 6.307023e-02 -2.279941e-02)	(9.387234e-05 -8.528755e-06 4.534275e-05)
3142          	(-2.095329e-02 6.311787e-02 -2.299129e-02)	(-2.104740e-02 6.312622e-02 -2.303567e-02)	(9.410450e-05 -8.351293e-06 4.438146e-05)
3143          	(-2.095034e-02 6.317001e-02 -2.321616e-02)	(-2.104453e-02 6.317829e-02 -2.325984e-02)	(9.418162e-05 -8.279628e-06 4.368117e-05)
3144          	(-2.094750e-02 6.321618e-02 -2.342373e-02)	(-2.104161e-02 6.322448e-02 -2.346698e-02)	(9.410490e-05 -8.301974e-06 4.325537e-05)
3145          	(-2.094712e-02 6.325940e-02 -2.360893e-02)	(-2.104102e-02 6.326781e-02 -2.365206e-02)	(9.389698e-05 -8.403544e-06 4.312271e-05)
3146          	(-2.094549e-02 6.329344e-02 -2.373835e-02)	(-2.103908e-02 6.330201e-02 -2.378165e-02)	(9.359034e-05 -8.568613e-06 4.329566e-05)
3147          	(-2.094346e-02 6.332111e-02 -2.380250e-02)	(-2.103666e-02 6.332989e-02 -2.384626e-02)	(9.320037e-05 -8.782583e-06 4.375176e-05)
3148          	(-2.096662e-02 6.345002e-02 -2.380645e-02)	(-2.105936e-02 6.345904e-02 -2.385091e-02)	(9.274371e-05 -9.018225e-06 4.446248e-05)
3149          	(-2.099619e-02 6.368856e-02 -2.369053e-02)	(-2.108845e-02 6.369780e-02 -2.373593e-02)	(9.226449e-05 -9.244114e-06 4.539459e-05)
3150          	(-2.101544e-02 6.383012e-02 -2.349491e-02)	(-2.110725e-02 6.383958e-02 -2.354131e-02)	(9.181055e-05 -9.458006e-06 4.640324e-05)
3151          	(-2.103742e-02 6.389679e-02 -2.325857e-02)	(-2.112882e-02 6.390644e-02 -2.330593e-02)	(9.139642e-05 -9.656749e-06 4.736312e-05)
3152          	(-2.106231e-02 6.387464e-02 -2.304407e-02)	(-2.115329e-02 6.388452e-02 -2.309233e-02)	(9.098647e-05 -9.870711e-06 4.826190e-05)
3153          	(-2.109242e-02 6.384567e-02 -2.282056e-02)	(-2.118299e-02 6.385576e-02 -2.286968e-02)	(9.057367e-05 -1.009507e-05 4.911073e-05)
3154          	(-2.113925e-02 6.385066e-02 -2.260138e-02)	(-2.122941e-02 6.386098e-02 -2.265131e-02)	(9.016025e-05 -1.032280e-05 4.993390e-05)
3155          	(-2.116957e-02 6.372176e-02 -2.235608e-02)	(-2.125929e-02 6.373235e-02 -2.240685e-02)	(8.972098e-05 -1.058915e-05 5.076909e-05)
3156          	(-2.117409e-02 6.340324e-02 -2.207802e-02)	(-2.126331e-02 6.341416e-02 -2.212967e-02)	(8.922236e-05 -1.092077e-05 5.164800e-05)
3157          	(-2.117296e-02 6.305920e-02 -2.183813e-02)	(-2.126162e-02 6.307048e-02 -2.189072e-02)	(8.866369e-05 -1.128676e-05 5.258127e-05)
3158          	(-2.117349e-02 6.276207e-02 -2.165324e-02)	(-2.126154e-02 6.277372e-02 -2.170683e-02)	(8.805938e-05 -1.164896e-05 5.358876e-05)
3159          	(-2.119325e-02 6.266781e-02 -2.156190e-02)	(-2.128071e-02 6.267975e-02 -2.161652e-02)	(8.745595e-05 -1.193669e-05 5.462344e-05)
3160          	(-2.123078e-02 6.259566e-02 -2.151311e-02)	(-2.131763e-02 6.260783e-02 -2.156878e-02)	(8.684818e-05 -1.216418e-05 5.567032e-05)
3161          	(-2.127156e-02 6.253312e-02 -2.144789e-02)	(-2.135781e-02 6.254545e-02 -2.150454e-02)	(8.625231e-05 -1.232865e-05 5.665480e-05)
3162          	(-2.131079e-02 6.247008e-02 -2.135060e-02)	(-2.139648e-02 6.248251e-02 -2.140809e-02)	(8.568983e-05 -1.242990e-05 5.749533e-05)
3163          	(-2.131606e-02 6.223692e-02 -2.117457e-02)	(-2.140123e-02 6.224943e-02 -2.123269e-02)	(8.516873e-05 -1.250139e-05 5.812168e-05)
3164          	(-2.134269e-02 6.219341e-02 -2.104057e-02)	(-2.142742e-02 6.220590e-02 -2.109901e-02)	(8.472696e-05 -1.248677e-05 5.844451e-05)
3165          	(-2.136208e-02 6.216000e-02 -2.090787e-02)	(-2.144646e-02 6.217240e-02 -2.096633e-02)	(8.437720e-05 -1.240340e-05 5.846009e-05)
3166          	(-2.137268e-02 6.213897e-02 -2.079085e-02)	(-2.145678e-02 6.215123e-02 -2.084899e-02)	(8.410727e-05 -1.226616e-05 5.814050e-05)
3167          	(-2.137716e-02 6.213098e-02 -2.072119e-02)	(-2.146108e-02 6.214306e-02 -2.077864e-02)	(8.391397e-05 -1.208108e-05 5.744963e-05)
3168          	(-2.137473e-02 6.213603e-02 -2.070764e-02)	(-2.145854e-02 6.214788e-02 -2.076403e-02)	(8.381348e-05 -1.185129e-05 5.639369e-05)
3169          	(-2.136634e-02 6.215215e-02 -2.075466e-02)	(-2.145015e-02 6.216375e-02 -2.080972e-02)	(8.381812e-05 -1.159260e-05 5.506055e-05)
3170          	(-2.135522e-02 6.217718e-02 -2.087052e-02)	(-2.143915e-02 6.218850e-02 -2.092406e-02)	(8.392897e-05 -1.131906e-05 5.354109e-05)
3171          	(-2.134295e-02 6.221181e-02 -2.105499e-02)	(-2.142706e-02 6.222287e-02 -2.110694e-02)	(8.411706e-05 -1.105482e-05 5.194961e-05)
3172          	(-2.133012e-02 6.225455e-02 -2.129836e-02)	(-2.141449e-02 6.226537e-02 -2.134876e-02)	(8.437666e-05 -1.081471e-05 5.040156e-05)
3173          	(-2.131713e-02 6.230360e-02 -2.158596e-02)	(-2.140180e-02 6.231422e-02 -2.163493e-02)	(8.467056e-05 -1.061582e-05 4.897346e-05)
3174          	(-2.130667e-02 6.236244e-02 -2.192139e-02)	(-2.139163e-02 6.237291e-02 -2.196909e-02)	(8.495987e-05 -1.046629e-05 4.769101e-05)
3175          	(-2.134195e-02 6.268093e-02 -2.235987e-02)	(-2.142718e-02 6.269125e-02 -2.240644e-02)	(8.522866e-05 -1.032285e-05 4.657138e-05)
3176          	(-2.134450e-02 6.273831e-02 -2.266861e-02)	(-2.142990e-02 6.274860e-02 -2.271430e-02)	(8.539986e-05 -1.028500e-05 4.568845e-05)
3177          	(-2.136481e-02 6.280575e-02 -2.301955e-02)	(-2.145021e-02 6.281611e-02 -2.306458e-02)	(8.539627e-05 -1.035923e-05 4.503579e-05)
3178          	(-2.138060e-02 6.286398e-02 -2.330042e-02)	(-2.146584e-02 6.287451e-02 -2.334507e-02)	(8.524535e-05 -1.053197e-05 4.465035e-05)
3179          	(-2.138912e-02 6.291267e-02 -2.350276e-02)	(-2.147410e-02 6.292346e-02 -2.354730e-02)	(8.498198e-05 -1.078514e-05 4.453909e-05)
3180          	(-2.144052e-02 6.331778e-02 -2.368451e-02)	(-2.152520e-02 6.332880e-02 -2.372919e-02)	(8.468125e-05 -1.102116e-05 4.468525e-05)
3181          	(-2.144286e-02 6.334523e-02 -2.369276e-02)	(-2.152718e-02 6.335658e-02 -2.373783e-02)	(8.431992e-05 -1.134440e-05 4.507081e-05)
3182          	(-2.143924e-02 6.336128e-02 -2.361988e-02)	(-2.152312e-02 6.337302e-02 -2.366556e-02)	(8.387990e-05 -1.173821e-05 4.567393e-05)
3183          	(-2.146132e-02 6.360171e-02 -2.351275e-02)	(-2.154479e-02 6.361382e-02 -2.355919e-02)	(8.346660e-05 -1.211206e-05 4.644322e-05)
3184          	(-2.146361e-02 6.360164e-02 -2.336807e-02)	(-2.154674e-02 6.361413e-02 -2.341528e-02)	(8.312927e-05 -1.248616e-05 4.720657e-05)
3185          	(-2.146977e-02 6.359376e-02 -2.320623e-02)	(-2.155261e-02 6.360662e-02 -2.325419e-02)	(8.284212e-05 -1.285159e-05 4.795901e-05)
3186          	(-2.147973e-02 6.357511e-02 -2.303887e-02)	(-2.156234e-02 6.358831e-02 -2.308757e-02)	(8.260706e-05 -1.319977e-05 4.869229e-05)
3187          	(-2.149621e-02 6.354349e-02 -2.287988e-02)	(-2.157861e-02 6.355702e-02 -2.292930e-02)	(8.240536e-05 -1.353231e-05 4.942014e-05)
3188          	(-2.151182e-02 6.348911e-02 -2.271434e-02)	(-2.159404e-02 6.350296e-02 -2.276450e-02)	(8.221890e-05 -1.385238e-05 5.015790e-05)
3189          	(-2.152847e-02 6.340945e-02 -2.255277e-02)	(-2.161050e-02 6.342362e-02 -2.260369e-02)	(8.202613e-05 -1.416635e-05 5.091869e-05)
3190          	(-2.154380e-02 6.323614e-02 -2.237822e-02)	(-2.162559e-02 6.325064e-02 -2.242994e-02)	(8.179549e-05 -1.449849e-05 5.172421e-05)
3191          	(-2.154499e-02 6.297511e-02 -2.221542e-02)	(-2.162650e-02 6.298996e-02 -2.226799e-02)	(8.150710e-05 -1.485779e-05 5.256806e-05)
3192          	(-2.154529e-02 6.271100e-02 -2.208222e-02)	(-2.162645e-02 6.272623e-02 -2.213567e-02)	(8.116389e-05 -1.522488e-05 5.344274e-05)
3193          	(-2.154777e-02 6.248628e-02 -2.197908e-02)	(-2.162856e-02 6.250185e-02 -2.203342e-02)	(8.078909e-05 -1.556868e-05 5.433910e-05)
3194          	(-2.157662e-02 6.243657e-02 -2.192262e-02)	(-2.165704e-02 6.245241e-02 -2.197784e-02)	(8.042343e-05 -1.583798e-05 5.521872e-05)
3195          	(-2.160408e-02 6.239019e-02 -2.184733e-02)	(-2.168417e-02 6.240623e-02 -2.190336e-02)	(8.008961e-05 -1.603884e-05 5.603808e-05)
3196          	(-2.160614e-02 6.217609e-02 -2.171915e-02)	(-2.168592e-02 6.219231e-02 -2.177588e-02)	(7.977320e-05 -1.621364e-05 5.672770e-05)
3197          	(-2.162240e-02 6.213829e-02 -2.160538e-02)	(-2.170192e-02 6.215459e-02 -2.166258e-02)	(7.952236e-05 -1.630046e-05 5.719554e-05)
3198          	(-2.163444e-02 6.210764e-02 -2.148632e-02)	(-2.171378e-02 6.212396e-02 -2.154372e-02)	(7.934217e-05 -1.631392e-05 5.740050e-05)
3199          	(-2.164061e-02 6.208692e-02 -2.137195e-02)	(-2.171983e-02 6.210319e-02 -2.142927e-02)	(7.921688e-05 -1.627126e-05 5.731679e-05)
3200          	(-2.164170e-02 6.207623e-02 -2.128372e-02)	(-2.172084e-02 6.209242e-02 -2.134066e-02)	(7.913940e-05 -1.618907e-05 5.694374e-05)
3201          	(-2.163736e-02 6.207726e-02 -2.124016e-02)	(-2.171648e-02 6.209333e-02 -2.129640e-02)	(7.911802e-05 -1.606802e-05 5.624377e-05)
3202          	(-2.162927e-02 6.209260e-02 -2.126249e-02)	(-2.170844e-02 6.210852e-02 -2.131773e-02)	(7.917482e-05 -1.591242e-05 5.524270e-05)
3203          	(-2.161725e-02 6.211964e-02 -2.135265e-02)	(-2.169658e-02 6.213537e-02 -2.140669e-02)	(7.932922e-05 -1.573560e-05 5.403721e-05)
3204          	(-2.160318e-02 6.215573e-02 -2.151198e-02)	(-2.168275e-02 6.217129e-02 -2.156469e-02)	(7.957131e-05 -1.555109e-05 5.270173e-05)
3205          	(-2.158695e-02 6.219939e-02 -2.173127e-02)	(-2.166685e-02 6.221477e-02 -2.178263e-02)	(7.989458e-05 -1.537679e-05 5.135739e-05)
3206          	(-2.157091e-02 6.225294e-02 -2.201127e-02)	(-2.165120e-02 6.226816e-02 -2.206138e-02)	(8.029340e-05 -1.522460e-05 5.010450e-05)
3207          	(-2.155394e-02 6.231016e-02 -2.232894e-02)	(-2.163467e-02 6.232527e-02 -2.237792e-02)	(8.073016e-05 -1.510540e-05 4.898509e-05)
3208          	(-2.157637e-02 6.262370e-02 -2.274679e-02)	(-2.165756e-02 6.263867e-02 -2.279479e-02)	(8.119448e-05 -1.496946e-05 4.799938e-05)
3209          	(-2.160515e-02 6.292620e-02 -2.313110e-02)	(-2.168679e-02 6.294106e-02 -2.317830e-02)	(8.163510e-05 -1.486098e-05 4.719232e-05)
3210          	(-2.160792e-02 6.298082e-02 -2.340887e-02)	(-2.168987e-02 6.299569e-02 -2.345544e-02)	(8.194549e-05 -1.486559e-05 4.656886e-05)
3211          	(-2.160811e-02 6.302699e-02 -2.364461e-02)	(-2.169023e-02 6.304195e-02 -2.369076e-02)	(8.211969e-05 -1.496736e-05 4.615186e-05)
3212          	(-2.161312e-02 6.312558e-02 -2.382861e-02)	(-2.169532e-02 6.314071e-02 -2.387457e-02)	(8.220140e-05 -1.513411e-05 4.596398e-05)
3213          	(-2.161154e-02 6.322315e-02 -2.395770e-02)	(-2.169377e-02 6.323850e-02 -2.400372e-02)	(8.223251e-05 -1.534855e-05 4.602031e-05)
3214          	(-2.160113e-02 6.331508e-02 -2.402313e-02)	(-2.168337e-02 6.333068e-02 -2.406945e-02)	(8.223824e-05 -1.559469e-05 4.631801e-05)
3215          	(-2.158438e-02 6.339153e-02 -2.403100e-02)	(-2.166661e-02 6.340740e-02 -2.407786e-02)	(8.222555e-05 -1.586599e-05 4.685261e-05)
3216          	(-2.154729e-02 6.338980e-02 -2.397363e-02)	(-2.162948e-02 6.340597e-02 -2.402126e-02)	(8.219036e-05 -1.616864e-05 4.762386e-05)
3217          	(-2.151513e-02 6.337871e-02 -2.388385e-02)	(-2.159730e-02 6.339518e-02 -2.393241e-02)	(8.217240e-05 -1.647062e-05 4.855403e-05)
3218          	(-2.148831e-02 6.336206e-02 -2.376676e-02)	(-2.157054e-02 6.337879e-02 -2.381624e-02)	(8.222621e-05 -1.672657e-05 4.947986e-05)
3219          	(-2.146818e-02 6.334050e-02 -2.362884e-02)	(-2.155049e-02 6.335744e-02 -2.367923e-02)	(8.231329e-05 -1.694659e-05 5.039376e-05)
3220          	(-2.145277e-02 6.331141e-02 -2.346002e-02)	(-2.153519e-02 6.332854e-02 -2.351129e-02)	(8.242273e-05 -1.713168e-05 5.127269e-05)
3221          	(-2.144562e-02 6.327635e-02 -2.328333e-02)	(-2.152816e-02 6.329363e-02 -2.333545e-02)	(8.254583e-05 -1.728705e-05 5.212342e-05)
3222          	(-2.141258e-02 6.313900e-02 -2.301361e-02)	(-2.149526e-02 6.315644e-02 -2.306658e-02)	(8.267552e-05 -1.743154e-05 5.296838e-05)
3223          	(-2.142083e-02 6.309787e-02 -2.284977e-02)	(-2.150364e-02 6.311541e-02 -2.290355e-02)	(8.280398e-05 -1.754319e-05 5.377418e-05)
3224          	(-2.141190e-02 6.299061e-02 -2.262692e-02)	(-2.149483e-02 6.300825e-02 -2.268151e-02)	(8.292549e-05 -1.763984e-05 5.458870e-05)
3225          	(-2.139955e-02 6.285813e-02 -2.241536e-02)	(-2.148259e-02 6.287585e-02 -2.247076e-02)	(8.303274e-05 -1.772029e-05 5.540275e-05)
3226          	(-2.140087e-02 6.274010e-02 -2.223077e-02)	(-2.148399e-02 6.275788e-02 -2.228697e-02)	(8.312131e-05 -1.777708e-05 5.619132e-05)
3227          	(-2.141511e-02 6.262999e-02 -2.211090e-02)	(-2.149831e-02 6.264779e-02 -2.216783e-02)	(8.319485e-05 -1.780334e-05 5.692575e-05)
3228          	(-2.144700e-02 6.259156e-02 -2.204391e-02)	(-2.153028e-02 6.260933e-02 -2.210148e-02)	(8.328156e-05 -1.777349e-05 5.756313e-05)
3229          	(-2.146640e-02 6.248569e-02 -2.199379e-02)	(-2.154980e-02 6.250338e-02 -2.205186e-02)	(8.340554e-05 -1.769381e-05 5.807534e-05)
3230          	(-2.148239e-02 6.246250e-02 -2.192985e-02)	(-2.156599e-02 6.248002e-02 -2.198823e-02)	(8.359787e-05 -1.752645e-05 5.837735e-05)
3231          	(-2.148987e-02 6.244297e-02 -2.185846e-02)	(-2.157373e-02 6.246024e-02 -2.191687e-02)	(8.386874e-05 -1.727123e-05 5.840852e-05)
3232          	(-2.148574e-02 6.242957e-02 -2.177936e-02)	(-2.156995e-02 6.244651e-02 -2.183750e-02)	(8.421260e-05 -1.693415e-05 5.813985e-05)
3233          	(-2.146942e-02 6.238967e-02 -2.170755e-02)	(-2.155403e-02 6.240621e-02 -2.176512e-02)	(8.460757e-05 -1.653700e-05 5.757242e-05)
3234          	(-2.143186e-02 6.226556e-02 -2.165995e-02)	(-2.151690e-02 6.228167e-02 -2.171665e-02)	(8.504713e-05 -1.610881e-05 5.670940e-05)
3235          	(-2.139321e-02 6.235529e-02 -2.167002e-02)	(-2.147879e-02 6.237087e-02 -2.172554e-02)	(8.557957e-05 -1.558351e-05 5.552360e-05)
3236          	(-2.135800e-02 6.246588e-02 -2.174945e-02)	(-2.144422e-02 6.248088e-02 -2.180360e-02)	(8.622172e-05 -1.499976e-05 5.414447e-05)
3237          	(-2.132968e-02 6.258586e-02 -2.190266e-02)	(-2.141664e-02 6.260025e-02 -2.195533e-02)	(8.696461e-05 -1.438867e-05 5.266783e-05)
3238          	(-2.130995e-02 6.270568e-02 -2.211081e-02)	(-2.139774e-02 6.271946e-02 -2.216201e-02)	(8.778829e-05 -1.378186e-05 5.120176e-05)
3239          	(-2.130143e-02 6.282406e-02 -2.235775e-02)	(-2.139009e-02 6.283726e-02 -2.240755e-02)	(8.866392e-05 -1.320105e-05 4.980654e-05)
3240          	(-2.127432e-02 6.287328e-02 -2.261938e-02)	(-2.136386e-02 6.288595e-02 -2.266788e-02)	(8.953674e-05 -1.267686e-05 4.850704e-05)
3241          	(-2.124361e-02 6.292622e-02 -2.289757e-02)	(-2.133398e-02 6.293843e-02 -2.294491e-02)	(9.036525e-05 -1.221377e-05 4.734206e-05)
3242          	(-2.121083e-02 6.298028e-02 -2.318085e-02)	(-2.130195e-02 6.299210e-02 -2.322721e-02)	(9.111708e-05 -1.181780e-05 4.636191e-05)
3243          	(-2.118002e-02 6.303759e-02 -2.346454e-02)	(-2.127177e-02 6.304909e-02 -2.351016e-02)	(9.174658e-05 -1.150050e-05 4.561827e-05)
3244          	(-2.115360e-02 6.309715e-02 -2.371975e-02)	(-2.124582e-02 6.310842e-02 -2.376490e-02)	(9.221788e-05 -1.127133e-05 4.514870e-05)
3245          	(-2.113211e-02 6.315984e-02 -2.392847e-02)	(-2.122466e-02 6.317096e-02 -2.397342e-02)	(9.254116e-05 -1.112255e-05 4.495134e-05)
3246          	(-2.111104e-02 6.321691e-02 -2.407351e-02)	(-2.120379e-02 6.322795e-02 -2.411853e-02)	(9.274283e-05 -1.104380e-05 4.501734e-05)
3247          	(-2.108923e-02 6.326507e-02 -2.415421e-02)	(-2.118209e-02 6.327610e-02 -2.419956e-02)	(9.285752e-05 -1.102308e-05 4.534393e-05)
3248          	(-2.106579e-02 6.329887e-02 -2.417107e-02)	(-2.115869e-02 6.330992e-02 -2.421698e-02)	(9.289352e-05 -1.105317e-05 4.590780e-05)
3249          	(-2.104460e-02 6.332151e-02 -2.413389e-02)	(-2.113746e-02 6.333264e-02 -2.418058e-02)	(9.285599e-05 -1.112913e-05 4.669318e-05)
3250          	(-2.102632e-02 6.332791e-02 -2.406309e-02)	(-2.111909e-02 6.333914e-02 -2.411073e-02)	(9.277134e-05 -1.123474e-05 4.764228e-05)
3251          	(-2.101548e-02 6.332705e-02 -2.396494e-02)	(-2.110819e-02 6.333837e-02 -2.401352e-02)	(9.270762e-05 -1.132077e-05 4.858449e-05)
3252          	(-2.101004e-02 6.346069e-02 -2.375664e-02)	(-2.110272e-02 6.347204e-02 -2.380616e-02)	(9.267785e-05 -1.135192e-05 4.952024e-05)
3253          	(-2.100463e-02 6.339305e-02 -2.356263e-02)	(-2.109726e-02 6.340445e-02 -2.361302e-02)	(9.262900e-05 -1.139876e-05 5.039356e-05)
3254          	(-2.100421e-02 6.331914e-02 -2.335896e-02)	(-2.109674e-02 6.333060e-02 -2.341017e-02)	(9.253107e-05 -1.145851e-05 5.120800e-05)
3255          	(-2.103625e-02 6.330164e-02 -2.324390e-02)	(-2.112864e-02 6.331316e-02 -2.329586e-02)	(9.239007e-05 -1.151719e-05 5.196022e-05)
3256          	(-2.107534e-02 6.327774e-02 -2.312154e-02)	(-2.116753e-02 6.328933e-02 -2.317424e-02)	(9.218942e-05 -1.158558e-05 5.270231e-05)
3257          	(-2.109042e-02 6.316282e-02 -2.288166e-02)	(-2.118235e-02 6.317450e-02 -2.293513e-02)	(9.192835e-05 -1.167409e-05 5.347352e-05)
3258          	(-2.114028e-02 6.313005e-02 -2.276500e-02)	(-2.123188e-02 6.314181e-02 -2.281923e-02)	(9.160256e-05 -1.176365e-05 5.422487e-05)
3259          	(-2.119144e-02 6.309003e-02 -2.263471e-02)	(-2.128265e-02 6.310189e-02 -2.268973e-02)	(9.120391e-05 -1.186724e-05 5.502132e-05)
3260          	(-2.121209e-02 6.294357e-02 -2.245526e-02)	(-2.130284e-02 6.295556e-02 -2.251108e-02)	(9.074819e-05 -1.198925e-05 5.582666e-05)
3261          	(-2.127039e-02 6.290118e-02 -2.235641e-02)	(-2.136065e-02 6.291327e-02 -2.241300e-02)	(9.025741e-05 -1.209179e-05 5.659715e-05)
3262          	(-2.132602e-02 6.285672e-02 -2.225345e-02)	(-2.141579e-02 6.286888e-02 -2.231076e-02)	(8.976493e-05 -1.216506e-05 5.730740e-05)
3263          	(-2.137564e-02 6.279896e-02 -2.213574e-02)	(-2.146493e-02 6.281116e-02 -2.219362e-02)	(8.929601e-05 -1.219627e-05 5.788256e-05)
3264          	(-2.141457e-02 6.274048e-02 -2.200233e-02)	(-2.150345e-02 6.275265e-02 -2.206059e-02)	(8.887530e-05 -1.217255e-05 5.825487e-05)
3265          	(-2.144190e-02 6.268351e-02 -2.186245e-02)	(-2.153041e-02 6.269559e-02 -2.192082e-02)	(8.851317e-05 -1.208750e-05 5.836981e-05)
3266          	(-2.145643e-02 6.264052e-02 -2.172571e-02)	(-2.154464e-02 6.265246e-02 -2.178394e-02)	(8.821365e-05 -1.194469e-05 5.822661e-05)
3267          	(-2.145984e-02 6.260675e-02 -2.160801e-02)	(-2.154781e-02 6.261850e-02 -2.166582e-02)	(8.797115e-05 -1.175259e-05 5.780843e-05)
3268          	(-2.145545e-02 6.258395e-02 -2.153671e-02)	(-2.154325e-02 6.259546e-02 -2.159380e-02)	(8.779944e-05 -1.151086e-05 5.708946e-05)
3269          	(-2.144410e-02 6.257409e-02 -2.152049e-02)	(-2.153181e-02 6.258531e-02 -2.157653e-02)	(8.771549e-05 -1.121525e-05 5.603874e-05)
3270          	(-2.142816e-02 6.257687e-02 -2.156304e-02)	(-2.151589e-02 6.258776e-02 -2.161780e-02)	(8.773374e-05 -1.088427e-05 5.475498e-05)
3271          	(-2.141093e-02 6.259176e-02 -2.166689e-02)	(-2.149878e-02 6.260229e-02 -2.172023e-02)	(8.785159e-05 -1.053862e-05 5.334203e-05)
3272          	(-2.139389e-02 6.261850e-02 -2.183463e-02)	(-2.148194e-02 6.262870e-02 -2.188655e-02)	(8.804925e-05 -1.020196e-05 5.191483e-05)
3273          	(-2.137938e-02 6.265610e-02 -2.205405e-02)	(-2.146770e-02 6.266599e-02 -2.210463e-02)	(8.831564e-05 -9.891665e-06 5.057734e-05)
3274          	(-2.136783e-02 6.270364e-02 -2.231301e-02)	(-2.145643e-02 6.271326e-02 -2.236235e-02)	(8.860135e-05 -9.620705e-06 4.934511e-05)
3275          	(-2.136014e-02 6.276071e-02 -2.259876e-02)	(-2.144899e-02 6.277011e-02 -2.264700e-02)	(8.885536e-05 -9.402652e-06 4.824034e-05)
3276          	(-2.140216e-02 6.297325e-02 -2.296032e-02)	(-2.149119e-02 6.298248e-02 -2.300762e-02)	(8.903122e-05 -9.230447e-06 4.729702e-05)
3277          	(-2.140073e-02 6.301693e-02 -2.319283e-02)	(-2.148981e-02 6.302609e-02 -2.323941e-02)	(8.907623e-05 -9.165015e-06 4.658335e-05)
3278          	(-2.144847e-02 6.321555e-02 -2.354050e-02)	(-2.153741e-02 6.322474e-02 -2.358657e-02)	(8.894270e-05 -9.186951e-06 4.607145e-05)
3279          	(-2.150452e-02 6.340431e-02 -2.386372e-02)	(-2.159316e-02 6.341362e-02 -2.390951e-02)	(8.863721e-05 -9.310071e-06 4.579511e-05)
3280          	(-2.152253e-02 6.349961e-02 -2.395843e-02)	(-2.161073e-02 6.350914e-02 -2.400420e-02)	(8.820089e-05 -9.529530e-06 4.577347e-05)
3281          	(-2.153250e-02 6.358228e-02 -2.398453e-02)	(-2.162018e-02 6.359210e-02 -2.403052e-02)	(8.768030e-05 -9.822389e-06 4.598382e-05)
3282          	(-2.152490e-02 6.359394e-02 -2.395889e-02)	(-2.161199e-02 6.360413e-02 -2.400531e-02)	(8.709063e-05 -1.018769e-05 4.642031e-05)
3283          	(-2.151584e-02 6.359699e-02 -2.389260e-02)	(-2.160226e-02 6.360761e-02 -2.393970e-02)	(8.642820e-05 -1.061758e-05 4.709965e-05)
3284          	(-2.150891e-02 6.358893e-02 -2.379387e-02)	(-2.159466e-02 6.360001e-02 -2.384184e-02)	(8.575195e-05 -1.107908e-05 4.796844e-05)
3285          	(-2.150409e-02 6.357260e-02 -2.366610e-02)	(-2.158925e-02 6.358411e-02 -2.371494e-02)	(8.515865e-05 -1.150505e-05 4.883639e-05)
3286          	(-2.150231e-02 6.354850e-02 -2.351476e-02)	(-2.158692e-02 6.356040e-02 -2.356446e-02)	(8.460505e-05 -1.190502e-05 4.969813e-05)
3287          	(-2.150279e-02 6.351339e-02 -2.333129e-02)	(-2.158687e-02 6.352567e-02 -2.338181e-02)	(8.407922e-05 -1.227514e-05 5.051215e-05)
3288          	(-2.151110e-02 6.347164e-02 -2.314873e-02)	(-2.159467e-02 6.348425e-02 -2.320000e-02)	(8.357269e-05 -1.261706e-05 5.126801e-05)
3289          	(-2.152371e-02 6.341557e-02 -2.294898e-02)	(-2.160678e-02 6.342851e-02 -2.300095e-02)	(8.306950e-05 -1.293642e-05 5.196671e-05)
3290          	(-2.153293e-02 6.330414e-02 -2.274022e-02)	(-2.161548e-02 6.331739e-02 -2.279285e-02)	(8.255093e-05 -1.325002e-05 5.262516e-05)
3291          	(-2.151551e-02 6.296128e-02 -2.248487e-02)	(-2.159751e-02 6.297489e-02 -2.253819e-02)	(8.199291e-05 -1.361183e-05 5.331727e-05)
3292          	(-2.153642e-02 6.284264e-02 -2.235376e-02)	(-2.161784e-02 6.285658e-02 -2.240776e-02)	(8.141955e-05 -1.394224e-05 5.400182e-05)
3293          	(-2.158558e-02 6.278421e-02 -2.230629e-02)	(-2.166642e-02 6.279846e-02 -2.236102e-02)	(8.083666e-05 -1.424825e-05 5.473896e-05)
3294          	(-2.157747e-02 6.247864e-02 -2.216156e-02)	(-2.165770e-02 6.249321e-02 -2.221710e-02)	(8.023597e-05 -1.457806e-05 5.553267e-05)
3295          	(-2.162705e-02 6.243491e-02 -2.213737e-02)	(-2.170672e-02 6.244975e-02 -2.219367e-02)	(7.966557e-05 -1.484118e-05 5.630011e-05)
3296          	(-2.167302e-02 6.238427e-02 -2.209055e-02)	(-2.175217e-02 6.239931e-02 -2.214760e-02)	(7.915758e-05 -1.504477e-05 5.704360e-05)
3297          	(-2.171171e-02 6.233661e-02 -2.201366e-02)	(-2.179044e-02 6.235179e-02 -2.207134e-02)	(7.873142e-05 -1.518075e-05 5.767344e-05)
3298          	(-2.173759e-02 6.216188e-02 -2.193662e-02)	(-2.181596e-02 6.217716e-02 -2.199473e-02)	(7.837025e-05 -1.528232e-05 5.810659e-05)
3299          	(-2.174601e-02 6.212147e-02 -2.179362e-02)	(-2.182412e-02 6.213677e-02 -2.185191e-02)	(7.811607e-05 -1.529439e-05 5.828448e-05)
3300          	(-2.174480e-02 6.208746e-02 -2.165291e-02)	(-2.182276e-02 6.210269e-02 -2.171109e-02)	(7.795912e-05 -1.523459e-05 5.817575e-05)
3301          	(-2.173724e-02 6.206368e-02 -2.154304e-02)	(-2.181511e-02 6.207881e-02 -2.160081e-02)	(7.786920e-05 -1.512359e-05 5.777489e-05)
3302          	(-2.172261e-02 6.205111e-02 -2.147875e-02)	(-2.180046e-02 6.206608e-02 -2.153580e-02)	(7.785048e-05 -1.496623e-05 5.705771e-05)
3303          	(-2.170110e-02 6.205442e-02 -2.146870e-02)	(-2.177902e-02 6.206918e-02 -2.152472e-02)	(7.792012e-05 -1.476345e-05 5.602249e-05)
3304          	(-2.167508e-02 6.207515e-02 -2.152505e-02)	(-2.175318e-02 6.208969e-02 -2.157986e-02)	(7.809922e-05 -1.453832e-05 5.480837e-05)
3305          	(-2.164898e-02 6.211133e-02 -2.165305e-02)	(-2.172737e-02 6.212564e-02 -2.170655e-02)	(7.838841e-05 -1.430554e-05 5.350241e-05)
3306          	(-2.162544e-02 6.216073e-02 -2.185145e-02)	(-2.170422e-02 6.217481e-02 -2.190365e-02)	(7.877312e-05 -1.408437e-05 5.220371e-05)
3307          	(-2.160612e-02 6.222025e-02 -2.211044e-02)	(-2.168533e-02 6.223414e-02 -2.216140e-02)	(7.921416e-05 -1.388879e-05 5.095444e-05)
3308          	(-2.159105e-02 6.228716e-02 -2.241170e-02)	(-2.167071e-02 6.230089e-02 -2.246149e-02)	(7.966050e-05 -1.373436e-05 4.979053e-05)
3309          	(-2.158552e-02 6.237343e-02 -2.275418e-02)	(-2.166559e-02 6.238707e-02 -2.280294e-02)	(8.006622e-05 -1.363301e-05 4.875278e-05)
3310          	(-2.159695e-02 6.249183e-02 -2.311110e-02)	(-2.167734e-02 6.250543e-02 -2.315899e-02)	(8.039088e-05 -1.359703e-05 4.789797e-05)
3311          	(-2.166916e-02 6.295511e-02 -2.355712e-02)	(-2.174978e-02 6.296868e-02 -2.360437e-02)	(8.062338e-05 -1.356652e-05 4.725593e-05)
3312          	(-2.167059e-02 6.300701e-02 -2.373750e-02)	(-2.175131e-02 6.302067e-02 -2.378439e-02)	(8.072292e-05 -1.366747e-05 4.688706e-05)
3313          	(-2.166910e-02 6.305053e-02 -2.386457e-02)	(-2.174979e-02 6.306440e-02 -2.391130e-02)	(8.068292e-05 -1.387084e-05 4.672887e-05)
3314          	(-2.166115e-02 6.308716e-02 -2.393997e-02)	(-2.174172e-02 6.310131e-02 -2.398679e-02)	(8.056766e-05 -1.415356e-05 4.682038e-05)
3315          	(-2.164497e-02 6.311667e-02 -2.395977e-02)	(-2.172538e-02 6.313117e-02 -2.400692e-02)	(8.040560e-05 -1.449563e-05 4.715867e-05)
3316          	(-2.163859e-02 6.318998e-02 -2.391201e-02)	(-2.171880e-02 6.320486e-02 -2.395974e-02)	(8.020414e-05 -1.488139e-05 4.773087e-05)
3317          	(-2.162917e-02 6.332215e-02 -2.383414e-02)	(-2.170916e-02 6.333743e-02 -2.388264e-02)	(7.998225e-05 -1.528034e-05 4.850734e-05)
3318          	(-2.159772e-02 6.331268e-02 -2.370312e-02)	(-2.167751e-02 6.332838e-02 -2.375256e-02)	(7.978188e-05 -1.569472e-05 4.943799e-05)
3319          	(-2.157917e-02 6.351488e-02 -2.346802e-02)	(-2.165888e-02 6.353089e-02 -2.351837e-02)	(7.971301e-05 -1.600545e-05 5.034723e-05)
3320          	(-2.154745e-02 6.345059e-02 -2.321305e-02)	(-2.162714e-02 6.346690e-02 -2.326424e-02)	(7.969076e-05 -1.631238e-05 5.118913e-05)
3321          	(-2.154728e-02 6.343268e-02 -2.305510e-02)	(-2.162695e-02 6.344928e-02 -2.310701e-02)	(7.967430e-05 -1.659707e-05 5.191051e-05)
3322          	(-2.155979e-02 6.341097e-02 -2.292354e-02)	(-2.163945e-02 6.342784e-02 -2.297612e-02)	(7.965942e-05 -1.686946e-05 5.257242e-05)
3323          	(-2.158003e-02 6.337974e-02 -2.279305e-02)	(-2.165966e-02 6.339688e-02 -2.284624e-02)	(7.963543e-05 -1.713123e-05 5.318706e-05)
3324          	(-2.160079e-02 6.333331e-02 -2.263766e-02)	(-2.168038e-02 6.335070e-02 -2.269145e-02)	(7.959075e-05 -1.738668e-05 5.378125e-05)
3325          	(-2.162525e-02 6.327493e-02 -2.248281e-02)	(-2.170477e-02 6.329256e-02 -2.253720e-02)	(7.952333e-05 -1.763882e-05 5.439159e-05)
3326          	(-2.162813e-02 6.310651e-02 -2.231356e-02)	(-2.170755e-02 6.312442e-02 -2.236861e-02)	(7.942042e-05 -1.790521e-05 5.505896e-05)
3327          	(-2.160275e-02 6.276214e-02 -2.205013e-02)	(-2.168203e-02 6.278035e-02 -2.210595e-02)	(7.927308e-05 -1.821045e-05 5.581509e-05)
3328          	(-2.156949e-02 6.236032e-02 -2.188384e-02)	(-2.164858e-02 6.237885e-02 -2.194043e-02)	(7.909104e-05 -1.853037e-05 5.659483e-05)
3329          	(-2.158854e-02 6.231063e-02 -2.185069e-02)	(-2.166749e-02 6.232938e-02 -2.190807e-02)	(7.895363e-05 -1.874320e-05 5.737220e-05)
3330          	(-2.160357e-02 6.226995e-02 -2.180725e-02)	(-2.168247e-02 6.228880e-02 -2.186536e-02)	(7.890032e-05 -1.885139e-05 5.810694e-05)
3331          	(-2.161053e-02 6.224094e-02 -2.172606e-02)	(-2.168947e-02 6.225979e-02 -2.178475e-02)	(7.894256e-05 -1.885314e-05 5.868976e-05)
3332          	(-2.161366e-02 6.222011e-02 -2.162079e-02)	(-2.169274e-02 6.223886e-02 -2.167982e-02)	(7.908193e-05 -1.875337e-05 5.902538e-05)
3333          	(-2.160979e-02 6.221010e-02 -2.149288e-02)	(-2.168910e-02 6.222867e-02 -2.155195e-02)	(7.930956e-05 -1.856578e-05 5.906590e-05)
3334          	(-2.154696e-02 6.175701e-02 -2.143931e-02)	(-2.162648e-02 6.177544e-02 -2.149810e-02)	(7.952304e-05 -1.843222e-05 5.878714e-05)
3335          	(-2.150997e-02 6.197174e-02 -2.124748e-02)	(-2.158986e-02 6.198987e-02 -2.130570e-02)	(7.989167e-05 -1.812859e-05 5.822726e-05)
3336          	(-2.150297e-02 6.222393e-02 -2.125382e-02)	(-2.158338e-02 6.224163e-02 -2.131108e-02)	(8.040889e-05 -1.769764e-05 5.725603e-05)
3337          	(-2.148264e-02 6.243775e-02 -2.123417e-02)	(-2.156367e-02 6.245495e-02 -2.129013e-02)	(8.103184e-05 -1.720314e-05 5.595550e-05)
3338          	(-2.146720e-02 6.247071e-02 -2.131669e-02)	(-2.154892e-02 6.248744e-02 -2.137116e-02)	(8.171871e-05 -1.673206e-05 5.446574e-05)
3339          	(-2.145283e-02 6.251513e-02 -2.151674e-02)	(-2.153529e-02 6.253142e-02 -2.156961e-02)	(8.246045e-05 -1.628620e-05 5.287799e-05)
3340          	(-2.142813e-02 6.255570e-02 -2.173980e-02)	(-2.151140e-02 6.257157e-02 -2.179113e-02)	(8.326417e-05 -1.587117e-05 5.132716e-05)
3341          	(-2.139757e-02 6.259980e-02 -2.201833e-02)	(-2.148167e-02 6.261529e-02 -2.206819e-02)	(8.410227e-05 -1.548965e-05 4.986777e-05)
3342          	(-2.136059e-02 6.264619e-02 -2.232894e-02)	(-2.144552e-02 6.266134e-02 -2.237750e-02)	(8.493564e-05 -1.514736e-05 4.855590e-05)
3343          	(-2.131851e-02 6.269390e-02 -2.264780e-02)	(-2.140424e-02 6.270875e-02 -2.269524e-02)	(8.572799e-05 -1.484960e-05 4.743598e-05)
3344          	(-2.127344e-02 6.274235e-02 -2.295494e-02)	(-2.135988e-02 6.275696e-02 -2.300149e-02)	(8.643886e-05 -1.460686e-05 4.655568e-05)
3345          	(-2.122748e-02 6.279117e-02 -2.323296e-02)	(-2.131451e-02 6.280560e-02 -2.327891e-02)	(8.702641e-05 -1.442984e-05 4.594612e-05)
3346          	(-2.118386e-02 6.284566e-02 -2.348272e-02)	(-2.127136e-02 6.285997e-02 -2.352833e-02)	(8.749719e-05 -1.431316e-05 4.561658e-05)
3347          	(-2.116923e-02 6.303013e-02 -2.368390e-02)	(-2.125711e-02 6.304436e-02 -2.372944e-02)	(8.788127e-05 -1.422697e-05 4.554615e-05)
3348          	(-2.115344e-02 6.321817e-02 -2.380227e-02)	(-2.124167e-02 6.323233e-02 -2.384800e-02)	(8.823104e-05 -1.416408e-05 4.572230e-05)
3349          	(-2.113357e-02 6.338991e-02 -2.383887e-02)	(-2.122212e-02 6.340403e-02 -2.388498e-02)	(8.854908e-05 -1.412459e-05 4.611045e-05)
3350          	(-2.111079e-02 6.352857e-02 -2.381019e-02)	(-2.119962e-02 6.354268e-02 -2.385689e-02)	(8.883391e-05 -1.411381e-05 4.669109e-05)
3351          	(-2.107508e-02 6.355649e-02 -2.372766e-02)	(-2.116415e-02 6.357064e-02 -2.377513e-02)	(8.907316e-05 -1.414817e-05 4.746969e-05)
3352          	(-2.105182e-02 6.366644e-02 -2.363457e-02)	(-2.114116e-02 6.368060e-02 -2.368287e-02)	(8.933539e-05 -1.416081e-05 4.829705e-05)
3353          	(-2.102756e-02 6.373044e-02 -2.344474e-02)	(-2.111720e-02 6.374458e-02 -2.349381e-02)	(8.964065e-05 -1.414145e-05 4.907280e-05)
3354          	(-2.099651e-02 6.371960e-02 -2.319751e-02)	(-2.108645e-02 6.373371e-02 -2.324730e-02)	(8.993970e-05 -1.411400e-05 4.978421e-05)
3355          	(-2.097667e-02 6.369365e-02 -2.296549e-02)	(-2.106689e-02 6.370773e-02 -2.301593e-02)	(9.021728e-05 -1.407955e-05 5.043351e-05)
3356          	(-2.096351e-02 6.364378e-02 -2.274204e-02)	(-2.105398e-02 6.365782e-02 -2.279310e-02)	(9.046866e-05 -1.404105e-05 5.105234e-05)
3357          	(-2.094293e-02 6.348542e-02 -2.254304e-02)	(-2.103361e-02 6.349944e-02 -2.259471e-02)	(9.068004e-05 -1.401621e-05 5.167465e-05)
3358          	(-2.092455e-02 6.329871e-02 -2.235158e-02)	(-2.101541e-02 6.331271e-02 -2.240392e-02)	(9.085164e-05 -1.399707e-05 5.233971e-05)
3359          	(-2.089111e-02 6.299979e-02 -2.214610e-02)	(-2.098209e-02 6.301379e-02 -2.219919e-02)	(9.097619e-05 -1.399829e-05 5.309219e-05)
3360          	(-2.085868e-02 6.270631e-02 -2.196711e-02)	(-2.094973e-02 6.272031e-02 -2.202104e-02)	(9.105037e-05 -1.400183e-05 5.393275e-05)
3361          	(-2.084894e-02 6.247639e-02 -2.181784e-02)	(-2.094001e-02 6.249038e-02 -2.187267e-02)	(9.107637e-05 -1.398459e-05 5.482958e-05)
3362          	(-2.084319e-02 6.228202e-02 -2.170982e-02)	(-2.093426e-02 6.229596e-02 -2.176556e-02)	(9.107084e-05 -1.393183e-05 5.573440e-05)
3363          	(-2.085418e-02 6.212593e-02 -2.164722e-02)	(-2.094524e-02 6.213975e-02 -2.170381e-02)	(9.105568e-05 -1.382846e-05 5.659762e-05)
3364          	(-2.087152e-02 6.200892e-02 -2.158589e-02)	(-2.096258e-02 6.202258e-02 -2.164325e-02)	(9.105628e-05 -1.366163e-05 5.736298e-05)
3365          	(-2.088689e-02 6.196963e-02 -2.148401e-02)	(-2.097800e-02 6.198303e-02 -2.154195e-02)	(9.111197e-05 -1.340512e-05 5.794471e-05)
3366          	(-2.089408e-02 6.193879e-02 -2.135493e-02)	(-2.098530e-02 6.195186e-02 -2.141317e-02)	(9.122370e-05 -1.306504e-05 5.824002e-05)
3367          	(-2.089659e-02 6.191798e-02 -2.122672e-02)	(-2.098796e-02 6.193064e-02 -2.128494e-02)	(9.137774e-05 -1.266036e-05 5.821582e-05)
3368          	(-2.088992e-02 6.190908e-02 -2.110021e-02)	(-2.098148e-02 6.192129e-02 -2.115806e-02)	(9.155555e-05 -1.221126e-05 5.785020e-05)
3369          	(-2.087626e-02 6.191321e-02 -2.100442e-02)	(-2.096802e-02 6.192494e-02 -2.106153e-02)	(9.176060e-05 -1.172734e-05 5.711296e-05)
3370          	(-2.087381e-02 6.207300e-02 -2.104855e-02)	(-2.096585e-02 6.208416e-02 -2.110452e-02)	(9.203842e-05 -1.115656e-05 5.597322e-05)
3371          	(-2.088926e-02 6.254058e-02 -2.112320e-02)	(-2.098173e-02 6.255105e-02 -2.117770e-02)	(9.246968e-05 -1.047292e-05 5.450034e-05)
3372          	(-2.090970e-02 6.264320e-02 -2.121815e-02)	(-2.100264e-02 6.265308e-02 -2.127101e-02)	(9.293141e-05 -9.876397e-06 5.285748e-05)
3373          	(-2.093214e-02 6.274260e-02 -2.139490e-02)	(-2.102552e-02 6.275197e-02 -2.144606e-02)	(9.338329e-05 -9.373311e-06 5.115956e-05)
3374          	(-2.095182e-02 6.283414e-02 -2.165110e-02)	(-2.104566e-02 6.284310e-02 -2.170060e-02)	(9.384231e-05 -8.956051e-06 4.950477e-05)
3375          	(-2.096905e-02 6.292112e-02 -2.198145e-02)	(-2.106332e-02 6.292974e-02 -2.202938e-02)	(9.426865e-05 -8.620975e-06 4.793104e-05)
3376          	(-2.096876e-02 6.296431e-02 -2.226331e-02)	(-2.106338e-02 6.297268e-02 -2.230983e-02)	(9.462460e-05 -8.369841e-06 4.652171e-05)
3377          	(-2.096450e-02 6.300062e-02 -2.257254e-02)	(-2.105937e-02 6.300882e-02 -2.261786e-02)	(9.487813e-05 -8.198655e-06 4.531884e-05)
3378          	(-2.095834e-02 6.302926e-02 -2.288932e-02)	(-2.105333e-02 6.303738e-02 -2.293371e-02)	(9.498969e-05 -8.112337e-06 4.439051e-05)
3379          	(-2.095254e-02 6.305015e-02 -2.319066e-02)	(-2.104748e-02 6.305826e-02 -2.323444e-02)	(9.493502e-05 -8.111935e-06 4.377299e-05)
3380          	(-2.097665e-02 6.306622e-02 -2.354527e-02)	(-2.107134e-02 6.307441e-02 -2.358880e-02)	(9.469761e-05 -8.192088e-06 4.352699e-05)
3381          	(-2.096478e-02 6.308149e-02 -2.369092e-02)	(-2.105913e-02 6.308982e-02 -2.373455e-02)	(9.435102e-05 -8.333008e-06 4.363518e-05)
3382          	(-2.095194e-02 6.309487e-02 -2.375951e-02)	(-2.104589e-02 6.310338e-02 -2.380351e-02)	(9.395185e-05 -8.513146e-06 4.399927e-05)
3383          	(-2.094073e-02 6.311480e-02 -2.376859e-02)	(-2.103424e-02 6.312353e-02 -2.381320e-02)	(9.350035e-05 -8.731083e-06 4.460568e-05)
3384          	(-2.093503e-02 6.312339e-02 -2.371421e-02)	(-2.102802e-02 6.313238e-02 -2.375967e-02)	(9.299205e-05 -8.992961e-06 4.546063e-05)
3385          	(-2.093604e-02 6.312787e-02 -2.360927e-02)	(-2.102849e-02 6.313716e-02 -2.365579e-02)	(9.244311e-05 -9.290002e-06 4.652074e-05)
3386          	(-2.094477e-02 6.312720e-02 -2.346340e-02)	(-2.103670e-02 6.313677e-02 -2.351101e-02)	(9.192603e-05 -9.574316e-06 4.760719e-05)
3387          	(-2.096092e-02 6.312088e-02 -2.328830e-02)	(-2.105235e-02 6.313073e-02 -2.333697e-02)	(9.143240e-05 -9.842796e-06 4.866883e-05)
3388          	(-2.107983e-02 6.381090e-02 -2.309620e-02)	(-2.117086e-02 6.382083e-02 -2.314582e-02)	(9.102708e-05 -9.930098e-06 4.962027e-05)
3389          	(-2.114283e-02 6.380892e-02 -2.292662e-02)	(-2.123342e-02 6.381901e-02 -2.297704e-02)	(9.059328e-05 -1.008825e-05 5.041857e-05)
3390          	(-2.121870e-02 6.379870e-02 -2.274934e-02)	(-2.130878e-02 6.380901e-02 -2.280045e-02)	(9.007494e-05 -1.030668e-05 5.111224e-05)
3391          	(-2.130251e-02 6.375775e-02 -2.259192e-02)	(-2.139201e-02 6.376833e-02 -2.264368e-02)	(8.949704e-05 -1.057630e-05 5.176385e-05)
3392          	(-2.133772e-02 6.354095e-02 -2.230214e-02)	(-2.142660e-02 6.355186e-02 -2.235461e-02)	(8.887081e-05 -1.090939e-05 5.247289e-05)
3393          	(-2.137917e-02 6.335147e-02 -2.206984e-02)	(-2.146737e-02 6.336273e-02 -2.212305e-02)	(8.820047e-05 -1.126832e-05 5.320999e-05)
3394          	(-2.141246e-02 6.315522e-02 -2.189548e-02)	(-2.149995e-02 6.316686e-02 -2.194948e-02)	(8.749062e-05 -1.164112e-05 5.400688e-05)
3395          	(-2.144368e-02 6.295233e-02 -2.181149e-02)	(-2.153044e-02 6.296433e-02 -2.186632e-02)	(8.675511e-05 -1.200506e-05 5.483385e-05)
3396          	(-2.147135e-02 6.272575e-02 -2.175514e-02)	(-2.155737e-02 6.273809e-02 -2.181084e-02)	(8.601554e-05 -1.234352e-05 5.569120e-05)
3397          	(-2.149115e-02 6.249797e-02 -2.171325e-02)	(-2.157647e-02 6.251060e-02 -2.176979e-02)	(8.531221e-05 -1.263043e-05 5.653524e-05)
3398          	(-2.149874e-02 6.226920e-02 -2.165356e-02)	(-2.158342e-02 6.228205e-02 -2.171086e-02)	(8.468091e-05 -1.284712e-05 5.730413e-05)
3399          	(-2.151536e-02 6.220770e-02 -2.158094e-02)	(-2.159952e-02 6.222064e-02 -2.163883e-02)	(8.416448e-05 -1.293857e-05 5.788617e-05)
3400          	(-2.152607e-02 6.215997e-02 -2.148321e-02)	(-2.160983e-02 6.217289e-02 -2.154141e-02)	(8.376363e-05 -1.292080e-05 5.820631e-05)
3401          	(-2.153004e-02 6.212969e-02 -2.136229e-02)	(-2.161350e-02 6.214251e-02 -2.142052e-02)	(8.346606e-05 -1.281577e-05 5.823203e-05)
3402          	(-2.153250e-02 6.211694e-02 -2.126244e-02)	(-2.161576e-02 6.212959e-02 -2.132038e-02)	(8.325373e-05 -1.264920e-05 5.793995e-05)
3403          	(-2.153150e-02 6.212391e-02 -2.119910e-02)	(-2.161463e-02 6.213634e-02 -2.125637e-02)	(8.312729e-05 -1.242707e-05 5.726119e-05)
3404          	(-2.152861e-02 6.215128e-02 -2.119843e-02)	(-2.161172e-02 6.216344e-02 -2.125463e-02)	(8.310202e-05 -1.215877e-05 5.620037e-05)
3405          	(-2.152793e-02 6.220168e-02 -2.128481e-02)	(-2.161111e-02 6.221355e-02 -2.133968e-02)	(8.318617e-05 -1.186824e-05 5.487009e-05)
3406          	(-2.155661e-02 6.235999e-02 -2.150657e-02)	(-2.163998e-02 6.237155e-02 -2.155992e-02)	(8.336198e-05 -1.156226e-05 5.335060e-05)
3407          	(-2.156189e-02 6.242759e-02 -2.174737e-02)	(-2.164549e-02 6.243888e-02 -2.179917e-02)	(8.360179e-05 -1.129250e-05 5.180273e-05)
3408          	(-2.160331e-02 6.259957e-02 -2.208719e-02)	(-2.168718e-02 6.261062e-02 -2.213751e-02)	(8.387301e-05 -1.105761e-05 5.031335e-05)
3409          	(-2.160392e-02 6.265529e-02 -2.240161e-02)	(-2.168805e-02 6.266619e-02 -2.245057e-02)	(8.413929e-05 -1.089662e-05 4.896273e-05)
3410          	(-2.160826e-02 6.271802e-02 -2.276707e-02)	(-2.169262e-02 6.272883e-02 -2.281482e-02)	(8.435711e-05 -1.080652e-05 4.775257e-05)
3411          	(-2.161476e-02 6.278216e-02 -2.314695e-02)	(-2.169925e-02 6.279296e-02 -2.319370e-02)	(8.448947e-05 -1.079491e-05 4.674139e-05)
3412          	(-2.162424e-02 6.284933e-02 -2.350626e-02)	(-2.170873e-02 6.286020e-02 -2.355223e-02)	(8.448587e-05 -1.087328e-05 4.597419e-05)
3413          	(-2.164816e-02 6.298781e-02 -2.382094e-02)	(-2.173249e-02 6.299884e-02 -2.386639e-02)	(8.433559e-05 -1.102843e-05 4.545518e-05)
3414          	(-2.167204e-02 6.313833e-02 -2.408102e-02)	(-2.175610e-02 6.314958e-02 -2.412620e-02)	(8.405706e-05 -1.125425e-05 4.517431e-05)
3415          	(-2.169341e-02 6.328230e-02 -2.427412e-02)	(-2.177710e-02 6.329384e-02 -2.431927e-02)	(8.369089e-05 -1.154047e-05 4.514818e-05)
3416          	(-2.168291e-02 6.331133e-02 -2.436667e-02)	(-2.176617e-02 6.332323e-02 -2.441205e-02)	(8.325853e-05 -1.189439e-05 4.537824e-05)
3417          	(-2.167197e-02 6.333077e-02 -2.439207e-02)	(-2.175475e-02 6.334307e-02 -2.443793e-02)	(8.277773e-05 -1.230064e-05 4.586050e-05)
3418          	(-2.166283e-02 6.333649e-02 -2.435617e-02)	(-2.174509e-02 6.334924e-02 -2.440277e-02)	(8.226254e-05 -1.275087e-05 4.659362e-05)
3419          	(-2.165652e-02 6.333447e-02 -2.427051e-02)	(-2.173830e-02 6.334768e-02 -2.431799e-02)	(8.177763e-05 -1.320566e-05 4.748039e-05)
3420          	(-2.165413e-02 6.332638e-02 -2.414548e-02)	(-2.173552e-02 6.334000e-02 -2.419386e-02)	(8.138386e-05 -1.362027e-05 4.837561e-05)
3421          	(-2.165769e-02 6.331059e-02 -2.399545e-02)	(-2.173874e-02 6.332459e-02 -2.404473e-02)	(8.105606e-05 -1.400031e-05 4.927792e-05)
3422          	(-2.166868e-02 6.328825e-02 -2.383311e-02)	(-2.174946e-02 6.330259e-02 -2.388328e-02)	(8.077968e-05 -1.434757e-05 5.017139e-05)
3423          	(-2.168825e-02 6.326025e-02 -2.366810e-02)	(-2.176878e-02 6.327492e-02 -2.371915e-02)	(8.053855e-05 -1.466646e-05 5.104657e-05)
3424          	(-2.171622e-02 6.322742e-02 -2.350477e-02)	(-2.179653e-02 6.324239e-02 -2.355667e-02)	(8.031244e-05 -1.496492e-05 5.190155e-05)
3425          	(-2.175181e-02 6.319068e-02 -2.334652e-02)	(-2.183189e-02 6.320594e-02 -2.339927e-02)	(8.008123e-05 -1.525186e-05 5.274404e-05)
3426          	(-2.179040e-02 6.314884e-02 -2.317762e-02)	(-2.187024e-02 6.316438e-02 -2.323120e-02)	(7.983210e-05 -1.553353e-05 5.357799e-05)
3427          	(-2.182662e-02 6.309656e-02 -2.298894e-02)	(-2.190617e-02 6.311238e-02 -2.304334e-02)	(7.955322e-05 -1.581481e-05 5.440829e-05)
3428          	(-2.186097e-02 6.301823e-02 -2.282055e-02)	(-2.194021e-02 6.303433e-02 -2.287578e-02)	(7.924091e-05 -1.609696e-05 5.522398e-05)
3429          	(-2.185326e-02 6.260269e-02 -2.261177e-02)	(-2.193210e-02 6.261915e-02 -2.266781e-02)	(7.884722e-05 -1.646024e-05 5.604209e-05)
3430          	(-2.187175e-02 6.235478e-02 -2.255471e-02)	(-2.195017e-02 6.237158e-02 -2.261151e-02)	(7.842371e-05 -1.680821e-05 5.679592e-05)
3431          	(-2.185301e-02 6.207138e-02 -2.242483e-02)	(-2.193107e-02 6.208849e-02 -2.248235e-02)	(7.805563e-05 -1.711217e-05 5.751471e-05)
3432          	(-2.183112e-02 6.189773e-02 -2.229469e-02)	(-2.190890e-02 6.191504e-02 -2.235278e-02)	(7.778658e-05 -1.731536e-05 5.809483e-05)
3433          	(-2.181322e-02 6.193465e-02 -2.214951e-02)	(-2.189087e-02 6.195201e-02 -2.220798e-02)	(7.765562e-05 -1.736741e-05 5.846374e-05)
3434          	(-2.180080e-02 6.198680e-02 -2.202452e-02)	(-2.187843e-02 6.200410e-02 -2.208306e-02)	(7.763335e-05 -1.730051e-05 5.853586e-05)
3435          	(-2.179715e-02 6.204379e-02 -2.192043e-02)	(-2.187482e-02 6.206095e-02 -2.197872e-02)	(7.766857e-05 -1.715852e-05 5.829164e-05)
3436          	(-2.178976e-02 6.204718e-02 -2.185827e-02)	(-2.186750e-02 6.206416e-02 -2.191596e-02)	(7.773595e-05 -1.698274e-05 5.769608e-05)
3437          	(-2.178241e-02 6.206719e-02 -2.184909e-02)	(-2.186027e-02 6.208396e-02 -2.190583e-02)	(7.785429e-05 -1.677380e-05 5.673836e-05)
3438          	(-2.180835e-02 6.221757e-02 -2.198050e-02)	(-2.188640e-02 6.223410e-02 -2.203599e-02)	(7.805289e-05 -1.652718e-05 5.549192e-05)
3439          	(-2.179770e-02 6.227925e-02 -2.211911e-02)	(-2.187605e-02 6.229553e-02 -2.217317e-02)	(7.834729e-05 -1.628186e-05 5.406565e-05)
3440          	(-2.178742e-02 6.236316e-02 -2.233985e-02)	(-2.186614e-02 6.237921e-02 -2.239240e-02)	(7.872375e-05 -1.604878e-05 5.255133e-05)
3441          	(-2.177624e-02 6.245641e-02 -2.262149e-02)	(-2.185542e-02 6.247226e-02 -2.267257e-02)	(7.917608e-05 -1.584149e-05 5.108330e-05)
3442          	(-2.176411e-02 6.255334e-02 -2.294273e-02)	(-2.184378e-02 6.256901e-02 -2.299247e-02)	(7.966491e-05 -1.567470e-05 4.974586e-05)
3443          	(-2.175023e-02 6.264667e-02 -2.327358e-02)	(-2.183038e-02 6.266223e-02 -2.332216e-02)	(8.015005e-05 -1.555508e-05 4.857944e-05)
3444          	(-2.173376e-02 6.273045e-02 -2.358641e-02)	(-2.181436e-02 6.274594e-02 -2.363402e-02)	(8.059300e-05 -1.548998e-05 4.761831e-05)
3445          	(-2.171418e-02 6.280066e-02 -2.386117e-02)	(-2.179513e-02 6.281615e-02 -2.390807e-02)	(8.095600e-05 -1.548885e-05 4.689820e-05)
3446          	(-2.169176e-02 6.285713e-02 -2.408944e-02)	(-2.177296e-02 6.287269e-02 -2.413588e-02)	(8.120678e-05 -1.555834e-05 4.644127e-05)
3447          	(-2.166649e-02 6.290286e-02 -2.426965e-02)	(-2.174785e-02 6.291854e-02 -2.431590e-02)	(8.135998e-05 -1.568930e-05 4.624939e-05)
3448          	(-2.162945e-02 6.293268e-02 -2.436459e-02)	(-2.171091e-02 6.294855e-02 -2.441091e-02)	(8.145396e-05 -1.586533e-05 4.631736e-05)
3449          	(-2.158860e-02 6.295580e-02 -2.440556e-02)	(-2.167013e-02 6.297187e-02 -2.445219e-02)	(8.152915e-05 -1.607029e-05 4.663467e-05)
3450          	(-2.156112e-02 6.308611e-02 -2.438258e-02)	(-2.164273e-02 6.310238e-02 -2.442979e-02)	(8.160793e-05 -1.626994e-05 4.720930e-05)
3451          	(-2.154047e-02 6.324953e-02 -2.428300e-02)	(-2.162217e-02 6.326599e-02 -2.433100e-02)	(8.169096e-05 -1.646337e-05 4.799581e-05)
3452          	(-2.150575e-02 6.326021e-02 -2.416728e-02)	(-2.158751e-02 6.327690e-02 -2.421618e-02)	(8.176223e-05 -1.668472e-05 4.890188e-05)
3453          	(-2.147480e-02 6.326684e-02 -2.402758e-02)	(-2.155668e-02 6.328373e-02 -2.407737e-02)	(8.187925e-05 -1.688680e-05 4.979157e-05)
3454          	(-2.144803e-02 6.326801e-02 -2.387357e-02)	(-2.153008e-02 6.328507e-02 -2.392419e-02)	(8.205219e-05 -1.705635e-05 5.062067e-05)
3455          	(-2.142612e-02 6.326265e-02 -2.370995e-02)	(-2.150838e-02 6.327985e-02 -2.376134e-02)	(8.225809e-05 -1.719717e-05 5.139284e-05)
3456          	(-2.140519e-02 6.324850e-02 -2.351917e-02)	(-2.148768e-02 6.326581e-02 -2.357129e-02)	(8.248919e-05 -1.730927e-05 5.212025e-05)
3457          	(-2.139163e-02 6.322644e-02 -2.332896e-02)	(-2.147437e-02 6.324383e-02 -2.338179e-02)	(8.274108e-05 -1.739372e-05 5.282108e-05)
3458          	(-2.138581e-02 6.319640e-02 -2.314093e-02)	(-2.146881e-02 6.321386e-02 -2.319444e-02)	(8.299987e-05 -1.745510e-05 5.351658e-05)
3459          	(-2.138764e-02 6.315884e-02 -2.295824e-02)	(-2.147090e-02 6.317634e-02 -2.301247e-02)	(8.325694e-05 -1.749600e-05 5.422342e-05)
3460          	(-2.139749e-02 6.311499e-02 -2.278779e-02)	(-2.148099e-02 6.313251e-02 -2.284274e-02)	(8.349778e-05 -1.751942e-05 5.494887e-05)
3461          	(-2.140860e-02 6.305943e-02 -2.260947e-02)	(-2.149231e-02 6.307696e-02 -2.266516e-02)	(8.371269e-05 -1.752600e-05 5.569317e-05)
3462          	(-2.142041e-02 6.299074e-02 -2.243803e-02)	(-2.150431e-02 6.300825e-02 -2.249445e-02)	(8.390467e-05 -1.750943e-05 5.642246e-05)
3463          	(-2.143249e-02 6.291208e-02 -2.228818e-02)	(-2.151658e-02 6.292954e-02 -2.234528e-02)	(8.408592e-05 -1.746136e-05 5.709896e-05)
3464          	(-2.144066e-02 6.282393e-02 -2.215253e-02)	(-2.152494e-02 6.284130e-02 -2.221021e-02)	(8.428463e-05 -1.736773e-05 5.767935e-05)
3465          	(-2.142014e-02 6.258612e-02 -2.201428e-02)	(-2.150464e-02 6.260337e-02 -2.207239e-02)	(8.450752e-05 -1.724694e-05 5.811214e-05)
3466          	(-2.137432e-02 6.227917e-02 -2.186409e-02)	(-2.145909e-02 6.229625e-02 -2.192242e-02)	(8.476862e-05 -1.708264e-05 5.833597e-05)
3467          	(-2.134589e-02 6.216421e-02 -2.181776e-02)	(-2.143098e-02 6.218102e-02 -2.187605e-02)	(8.509254e-05 -1.681127e-05 5.829651e-05)
3468          	(-2.127969e-02 6.197474e-02 -2.162646e-02)	(-2.136518e-02 6.199120e-02 -2.168448e-02)	(8.549211e-05 -1.645906e-05 5.802249e-05)
3469          	(-2.122759e-02 6.208168e-02 -2.151393e-02)	(-2.131359e-02 6.209764e-02 -2.157137e-02)	(8.600295e-05 -1.596203e-05 5.743953e-05)
3470          	(-2.118127e-02 6.221955e-02 -2.145131e-02)	(-2.126789e-02 6.223490e-02 -2.150780e-02)	(8.661459e-05 -1.535198e-05 5.649560e-05)
3471          	(-2.114377e-02 6.236050e-02 -2.145163e-02)	(-2.123108e-02 6.237518e-02 -2.150684e-02)	(8.730850e-05 -1.467380e-05 5.520679e-05)
3472          	(-2.112062e-02 6.249869e-02 -2.153865e-02)	(-2.120871e-02 6.251266e-02 -2.159233e-02)	(8.808274e-05 -1.397296e-05 5.367989e-05)
3473          	(-2.111349e-02 6.263244e-02 -2.172423e-02)	(-2.120241e-02 6.264572e-02 -2.177624e-02)	(8.891168e-05 -1.328425e-05 5.200842e-05)
3474          	(-2.111752e-02 6.276694e-02 -2.200206e-02)	(-2.120730e-02 6.277958e-02 -2.205240e-02)	(8.978321e-05 -1.263863e-05 5.034795e-05)
3475          	(-2.110915e-02 6.282998e-02 -2.232592e-02)	(-2.119982e-02 6.284204e-02 -2.237471e-02)	(9.067354e-05 -1.206366e-05 4.878739e-05)
3476          	(-2.109573e-02 6.289800e-02 -2.268002e-02)	(-2.118727e-02 6.290957e-02 -2.272740e-02)	(9.153458e-05 -1.156217e-05 4.738205e-05)
3477          	(-2.107724e-02 6.296626e-02 -2.304148e-02)	(-2.116957e-02 6.297740e-02 -2.308767e-02)	(9.232931e-05 -1.113621e-05 4.619250e-05)
3478          	(-2.104619e-02 6.301748e-02 -2.333083e-02)	(-2.113921e-02 6.302827e-02 -2.337609e-02)	(9.301927e-05 -1.078929e-05 4.526188e-05)
3479          	(-2.101469e-02 6.306560e-02 -2.360057e-02)	(-2.110824e-02 6.307613e-02 -2.364519e-02)	(9.355411e-05 -1.053057e-05 4.462189e-05)
3480          	(-2.098409e-02 6.311275e-02 -2.383833e-02)	(-2.107801e-02 6.312311e-02 -2.388261e-02)	(9.392453e-05 -1.035666e-05 4.428036e-05)
3481          	(-2.096399e-02 6.318985e-02 -2.405182e-02)	(-2.105814e-02 6.320010e-02 -2.409604e-02)	(9.415336e-05 -1.025276e-05 4.422242e-05)
3482          	(-2.093837e-02 6.324245e-02 -2.418963e-02)	(-2.103266e-02 6.325266e-02 -2.423408e-02)	(9.428426e-05 -1.020830e-05 4.445097e-05)
3483          	(-2.091667e-02 6.328293e-02 -2.426357e-02)	(-2.101099e-02 6.329314e-02 -2.430852e-02)	(9.432218e-05 -1.021813e-05 4.494593e-05)
3484          	(-2.089781e-02 6.331002e-02 -2.426107e-02)	(-2.099210e-02 6.332029e-02 -2.430676e-02)	(9.428504e-05 -1.027321e-05 4.568041e-05)
3485          	(-2.088179e-02 6.332460e-02 -2.418422e-02)	(-2.097598e-02 6.333497e-02 -2.423085e-02)	(9.418246e-05 -1.036772e-05 4.662436e-05)
3486          	(-2.086964e-02 6.332840e-02 -2.404810e-02)	(-2.096370e-02 6.333887e-02 -2.409576e-02)	(9.406487e-05 -1.046986e-05 4.765870e-05)
3487          	(-2.085945e-02 6.332307e-02 -2.385220e-02)	(-2.095343e-02 6.333361e-02 -2.390085e-02)	(9.397797e-05 -1.054543e-05 4.865270e-05)
3488          	(-2.085635e-02 6.330779e-02 -2.363892e-02)	(-2.095025e-02 6.331840e-02 -2.368853e-02)	(9.389752e-05 -1.060725e-05 4.960870e-05)
3489          	(-2.086013e-02 6.328274e-02 -2.341082e-02)	(-2.095393e-02 6.329341e-02 -2.346134e-02)	(9.380049e-05 -1.066289e-05 5.051824e-05)
3490          	(-2.087246e-02 6.324853e-02 -2.318127e-02)	(-2.096614e-02 6.325924e-02 -2.323266e-02)	(9.367906e-05 -1.071659e-05 5.138863e-05)
3491          	(-2.089296e-02 6.320483e-02 -2.295172e-02)	(-2.098649e-02 6.321560e-02 -2.300395e-02)	(9.352489e-05 -1.077264e-05 5.223674e-05)
3492          	(-2.088925e-02 6.308707e-02 -2.261200e-02)	(-2.098258e-02 6.309791e-02 -2.266512e-02)	(9.332934e-05 -1.084409e-05 5.312497e-05)
3493          	(-2.094113e-02 6.304472e-02 -2.248828e-02)	(-2.103420e-02 6.305564e-02 -2.254223e-02)	(9.307012e-05 -1.091791e-05 5.395896e-05)
3494          	(-2.099749e-02 6.299806e-02 -2.236679e-02)	(-2.109021e-02 6.300907e-02 -2.242162e-02)	(9.272088e-05 -1.101544e-05 5.483417e-05)
3495          	(-2.101674e-02 6.279204e-02 -2.210907e-02)	(-2.110904e-02 6.280319e-02 -2.216482e-02)	(9.229540e-05 -1.114724e-05 5.575511e-05)
3496          	(-2.103686e-02 6.260636e-02 -2.191270e-02)	(-2.112868e-02 6.261764e-02 -2.196934e-02)	(9.181686e-05 -1.128019e-05 5.664131e-05)
3497          	(-2.108363e-02 6.256252e-02 -2.180567e-02)	(-2.117496e-02 6.257389e-02 -2.186310e-02)	(9.132664e-05 -1.137083e-05 5.743544e-05)
3498          	(-2.112556e-02 6.251786e-02 -2.168970e-02)	(-2.121641e-02 6.252927e-02 -2.174780e-02)	(9.084919e-05 -1.141646e-05 5.810321e-05)
3499          	(-2.116101e-02 6.247691e-02 -2.156163e-02)	(-2.125141e-02 6.248832e-02 -2.162018e-02)	(9.040681e-05 -1.140361e-05 5.854869e-05)
3500          	(-2.119105e-02 6.244070e-02 -2.143311e-02)	(-2.128106e-02 6.245203e-02 -2.149182e-02)	(9.001058e-05 -1.132977e-05 5.871295e-05)
