# Force       
# CofR        : (0.000000e+00 0.000000e+00 0.000000e+00)
#
# Time        	(total_x total_y total_z)	(pressure_x pressure_y pressure_z)	(viscous_x viscous_y viscous_z)
4001          	(8.836583e-02 1.955472e-01 -4.700076e+02)	(8.660205e-02 1.956343e-01 -4.700075e+02)	(1.763782e-03 -8.710400e-05 -8.085379e-05)
4002          	(8.836467e-02 1.955467e-01 -4.700076e+02)	(8.660077e-02 1.956338e-01 -4.700075e+02)	(1.763898e-03 -8.708346e-05 -8.090214e-05)
4003          	(8.836341e-02 1.955448e-01 -4.700076e+02)	(8.659936e-02 1.956319e-01 -4.700075e+02)	(1.764054e-03 -8.706933e-05 -8.096500e-05)
4004          	(8.836229e-02 1.955428e-01 -4.700076e+02)	(8.659804e-02 1.956298e-01 -4.700075e+02)	(1.764246e-03 -8.706038e-05 -8.104087e-05)
4005          	(8.836103e-02 1.955393e-01 -4.700076e+02)	(8.659658e-02 1.956264e-01 -4.700075e+02)	(1.764444e-03 -8.705035e-05 -8.112493e-05)
4006          	(8.835947e-02 1.955333e-01 -4.700076e+02)	(8.659482e-02 1.956204e-01 -4.700075e+02)	(1.764646e-03 -8.704013e-05 -8.121395e-05)
4007          	(8.836587e-02 1.955122e-01 -4.700075e+02)	(8.660095e-02 1.955993e-01 -4.700075e+02)	(1.764922e-03 -8.704636e-05 -8.130659e-05)
4008          	(8.836432e-02 1.955059e-01 -4.700075e+02)	(8.659916e-02 1.955930e-01 -4.700075e+02)	(1.765162e-03 -8.704771e-05 -8.139437e-05)
4009          	(8.836262e-02 1.954992e-01 -4.700075e+02)	(8.659727e-02 1.955863e-01 -4.700075e+02)	(1.765348e-03 -8.704406e-05 -8.146857e-05)
4010          	(8.836068e-02 1.954925e-01 -4.700075e+02)	(8.659520e-02 1.955795e-01 -4.700075e+02)	(1.765481e-03 -8.703885e-05 -8.152465e-05)
4011          	(8.835851e-02 1.954860e-01 -4.700075e+02)	(8.659296e-02 1.955731e-01 -4.700074e+02)	(1.765549e-03 -8.703184e-05 -8.156158e-05)
4012          	(8.835633e-02 1.954810e-01 -4.700075e+02)	(8.659076e-02 1.955680e-01 -4.700074e+02)	(1.765564e-03 -8.702753e-05 -8.157638e-05)
4013          	(8.835435e-02 1.954785e-01 -4.700075e+02)	(8.658883e-02 1.955656e-01 -4.700074e+02)	(1.765520e-03 -8.702394e-05 -8.157056e-05)
4014          	(8.835581e-02 1.954790e-01 -4.700075e+02)	(8.659037e-02 1.955660e-01 -4.700074e+02)	(1.765441e-03 -8.702703e-05 -8.155164e-05)
4015          	(8.835670e-02 1.954851e-01 -4.700075e+02)	(8.659137e-02 1.955721e-01 -4.700074e+02)	(1.765325e-03 -8.703253e-05 -8.152258e-05)
4016          	(8.835709e-02 1.955074e-01 -4.700075e+02)	(8.659193e-02 1.955944e-01 -4.700074e+02)	(1.765163e-03 -8.703368e-05 -8.148307e-05)
4017          	(8.835645e-02 1.955133e-01 -4.700075e+02)	(8.659148e-02 1.956003e-01 -4.700074e+02)	(1.764972e-03 -8.703086e-05 -8.143661e-05)
4018          	(8.835619e-02 1.955205e-01 -4.700075e+02)	(8.659142e-02 1.956075e-01 -4.700074e+02)	(1.764772e-03 -8.702459e-05 -8.138034e-05)
4019          	(8.835625e-02 1.955274e-01 -4.700075e+02)	(8.659167e-02 1.956145e-01 -4.700074e+02)	(1.764577e-03 -8.701368e-05 -8.131855e-05)
4020          	(8.835663e-02 1.955350e-01 -4.700075e+02)	(8.659224e-02 1.956220e-01 -4.700074e+02)	(1.764396e-03 -8.699774e-05 -8.125575e-05)
4021          	(8.835727e-02 1.955430e-01 -4.700075e+02)	(8.659304e-02 1.956300e-01 -4.700074e+02)	(1.764238e-03 -8.697399e-05 -8.119700e-05)
4022          	(8.835808e-02 1.955507e-01 -4.700075e+02)	(8.659397e-02 1.956376e-01 -4.700074e+02)	(1.764115e-03 -8.694659e-05 -8.114239e-05)
4023          	(8.835893e-02 1.955574e-01 -4.700075e+02)	(8.659490e-02 1.956443e-01 -4.700074e+02)	(1.764029e-03 -8.691683e-05 -8.109949e-05)
4024          	(8.835970e-02 1.955625e-01 -4.700075e+02)	(8.659571e-02 1.956494e-01 -4.700074e+02)	(1.763994e-03 -8.688951e-05 -8.107187e-05)
4025          	(8.836023e-02 1.955651e-01 -4.700075e+02)	(8.659622e-02 1.956520e-01 -4.700074e+02)	(1.764006e-03 -8.686482e-05 -8.105831e-05)
4026          	(8.836044e-02 1.955654e-01 -4.700075e+02)	(8.659638e-02 1.956523e-01 -4.700074e+02)	(1.764059e-03 -8.684814e-05 -8.106319e-05)
4027          	(8.835995e-02 1.955620e-01 -4.700075e+02)	(8.659580e-02 1.956488e-01 -4.700074e+02)	(1.764158e-03 -8.683956e-05 -8.108813e-05)
4028          	(8.835887e-02 1.955549e-01 -4.700075e+02)	(8.659457e-02 1.956418e-01 -4.700074e+02)	(1.764298e-03 -8.683997e-05 -8.112849e-05)
4029          	(8.835638e-02 1.955407e-01 -4.700075e+02)	(8.659192e-02 1.956276e-01 -4.700074e+02)	(1.764460e-03 -8.684651e-05 -8.118228e-05)
4030          	(8.834901e-02 1.955014e-01 -4.700075e+02)	(8.658437e-02 1.955882e-01 -4.700074e+02)	(1.764640e-03 -8.685931e-05 -8.124647e-05)
4031          	(8.834133e-02 1.954599e-01 -4.700075e+02)	(8.657650e-02 1.955468e-01 -4.700074e+02)	(1.764829e-03 -8.687525e-05 -8.131864e-05)
4032          	(8.833481e-02 1.954242e-01 -4.700075e+02)	(8.656979e-02 1.955111e-01 -4.700074e+02)	(1.765018e-03 -8.689120e-05 -8.139655e-05)
4033          	(8.833162e-02 1.954063e-01 -4.700075e+02)	(8.656642e-02 1.954932e-01 -4.700074e+02)	(1.765199e-03 -8.690205e-05 -8.147398e-05)
4034          	(8.832884e-02 1.953905e-01 -4.700075e+02)	(8.656348e-02 1.954774e-01 -4.700074e+02)	(1.765359e-03 -8.691019e-05 -8.154304e-05)
4035          	(8.832575e-02 1.953736e-01 -4.700075e+02)	(8.656026e-02 1.954605e-01 -4.700074e+02)	(1.765484e-03 -8.691808e-05 -8.160165e-05)
4036          	(8.832179e-02 1.953535e-01 -4.700074e+02)	(8.655622e-02 1.954404e-01 -4.700074e+02)	(1.765569e-03 -8.692669e-05 -8.164385e-05)
4037          	(8.831767e-02 1.953339e-01 -4.700074e+02)	(8.655206e-02 1.954209e-01 -4.700074e+02)	(1.765601e-03 -8.693626e-05 -8.166656e-05)
4038          	(8.831349e-02 1.953158e-01 -4.700074e+02)	(8.654792e-02 1.954027e-01 -4.700074e+02)	(1.765571e-03 -8.694737e-05 -8.167028e-05)
4039          	(8.830941e-02 1.952998e-01 -4.700074e+02)	(8.654393e-02 1.953868e-01 -4.700074e+02)	(1.765483e-03 -8.696101e-05 -8.165849e-05)
4040          	(8.830549e-02 1.952870e-01 -4.700074e+02)	(8.654014e-02 1.953740e-01 -4.700074e+02)	(1.765348e-03 -8.697795e-05 -8.163242e-05)
4041          	(8.829916e-02 1.952753e-01 -4.700074e+02)	(8.653403e-02 1.953623e-01 -4.700074e+02)	(1.765134e-03 -8.699026e-05 -8.163316e-05)
4042          	(8.829711e-02 1.952706e-01 -4.700074e+02)	(8.653218e-02 1.953577e-01 -4.700074e+02)	(1.764934e-03 -8.701459e-05 -8.162107e-05)
4043          	(8.829613e-02 1.952712e-01 -4.700074e+02)	(8.653145e-02 1.953583e-01 -4.700074e+02)	(1.764689e-03 -8.702355e-05 -8.156613e-05)
4044          	(8.829800e-02 1.952859e-01 -4.700074e+02)	(8.653355e-02 1.953730e-01 -4.700074e+02)	(1.764446e-03 -8.702744e-05 -8.149227e-05)
4045          	(8.830250e-02 1.953129e-01 -4.700074e+02)	(8.653829e-02 1.953999e-01 -4.700073e+02)	(1.764210e-03 -8.702283e-05 -8.140813e-05)
4046          	(8.830904e-02 1.953481e-01 -4.700074e+02)	(8.654504e-02 1.954351e-01 -4.700073e+02)	(1.763996e-03 -8.701040e-05 -8.131725e-05)
4047          	(8.831708e-02 1.953881e-01 -4.700074e+02)	(8.655327e-02 1.954750e-01 -4.700073e+02)	(1.763812e-03 -8.699065e-05 -8.123380e-05)
4048          	(8.834756e-02 1.955357e-01 -4.700074e+02)	(8.658388e-02 1.956227e-01 -4.700073e+02)	(1.763680e-03 -8.697137e-05 -8.118236e-05)
4049          	(8.835236e-02 1.955537e-01 -4.700074e+02)	(8.658875e-02 1.956407e-01 -4.700073e+02)	(1.763610e-03 -8.695713e-05 -8.114385e-05)
4050          	(8.835414e-02 1.955548e-01 -4.700074e+02)	(8.659057e-02 1.956418e-01 -4.700073e+02)	(1.763563e-03 -8.693310e-05 -8.109884e-05)
4051          	(8.835587e-02 1.955546e-01 -4.700074e+02)	(8.659230e-02 1.956415e-01 -4.700073e+02)	(1.763568e-03 -8.691462e-05 -8.106990e-05)
4052          	(8.835761e-02 1.955535e-01 -4.700074e+02)	(8.659398e-02 1.956404e-01 -4.700073e+02)	(1.763626e-03 -8.690583e-05 -8.105873e-05)
4053          	(8.835954e-02 1.955530e-01 -4.700074e+02)	(8.659582e-02 1.956399e-01 -4.700073e+02)	(1.763726e-03 -8.690534e-05 -8.107138e-05)
4054          	(8.837024e-02 1.955974e-01 -4.700074e+02)	(8.660638e-02 1.956843e-01 -4.700073e+02)	(1.763865e-03 -8.691396e-05 -8.109775e-05)
4055          	(8.837154e-02 1.955972e-01 -4.700074e+02)	(8.660746e-02 1.956842e-01 -4.700073e+02)	(1.764074e-03 -8.693840e-05 -8.115011e-05)
4056          	(8.837262e-02 1.955970e-01 -4.700074e+02)	(8.660837e-02 1.956839e-01 -4.700074e+02)	(1.764255e-03 -8.694853e-05 -8.120960e-05)
4057          	(8.837365e-02 1.955965e-01 -4.700074e+02)	(8.660920e-02 1.956835e-01 -4.700074e+02)	(1.764450e-03 -8.695739e-05 -8.127994e-05)
4058          	(8.837470e-02 1.955961e-01 -4.700074e+02)	(8.661006e-02 1.956831e-01 -4.700074e+02)	(1.764646e-03 -8.696620e-05 -8.135494e-05)
4059          	(8.837577e-02 1.955955e-01 -4.700074e+02)	(8.661094e-02 1.956825e-01 -4.700074e+02)	(1.764832e-03 -8.697524e-05 -8.143104e-05)
4060          	(8.838406e-02 1.956471e-01 -4.700074e+02)	(8.661908e-02 1.957341e-01 -4.700074e+02)	(1.764984e-03 -8.696710e-05 -8.149579e-05)
4061          	(8.838488e-02 1.956470e-01 -4.700074e+02)	(8.661972e-02 1.957340e-01 -4.700074e+02)	(1.765158e-03 -8.698295e-05 -8.156457e-05)
4062          	(8.838570e-02 1.956476e-01 -4.700074e+02)	(8.662048e-02 1.957346e-01 -4.700073e+02)	(1.765220e-03 -8.698922e-05 -8.160838e-05)
4063          	(8.838678e-02 1.956497e-01 -4.700074e+02)	(8.662154e-02 1.957367e-01 -4.700073e+02)	(1.765237e-03 -8.700119e-05 -8.163036e-05)
4064          	(8.840207e-02 1.957454e-01 -4.700074e+02)	(8.663689e-02 1.958324e-01 -4.700073e+02)	(1.765180e-03 -8.700464e-05 -8.165049e-05)
4065          	(8.840305e-02 1.957468e-01 -4.700074e+02)	(8.663794e-02 1.958338e-01 -4.700073e+02)	(1.765111e-03 -8.702886e-05 -8.165605e-05)
4066          	(8.840471e-02 1.957521e-01 -4.700074e+02)	(8.663975e-02 1.958392e-01 -4.700073e+02)	(1.764961e-03 -8.704711e-05 -8.161961e-05)
4067          	(8.840712e-02 1.957605e-01 -4.700074e+02)	(8.664234e-02 1.958476e-01 -4.700073e+02)	(1.764784e-03 -8.706946e-05 -8.156830e-05)
4068          	(8.842910e-02 1.958742e-01 -4.700074e+02)	(8.666452e-02 1.959613e-01 -4.700073e+02)	(1.764574e-03 -8.708538e-05 -8.153898e-05)
4069          	(8.843140e-02 1.958789e-01 -4.700074e+02)	(8.666702e-02 1.959660e-01 -4.700073e+02)	(1.764381e-03 -8.711105e-05 -8.149740e-05)
4070          	(8.843371e-02 1.958820e-01 -4.700074e+02)	(8.666955e-02 1.959691e-01 -4.700073e+02)	(1.764162e-03 -8.712669e-05 -8.141805e-05)
4071          	(8.843653e-02 1.958857e-01 -4.700074e+02)	(8.667257e-02 1.959729e-01 -4.700073e+02)	(1.763955e-03 -8.713724e-05 -8.132809e-05)
4072          	(8.845849e-02 1.959727e-01 -4.700074e+02)	(8.669471e-02 1.960599e-01 -4.700073e+02)	(1.763788e-03 -8.714409e-05 -8.125978e-05)
4073          	(8.846073e-02 1.959723e-01 -4.700074e+02)	(8.669706e-02 1.960595e-01 -4.700073e+02)	(1.763668e-03 -8.715318e-05 -8.119235e-05)
4074          	(8.846301e-02 1.959714e-01 -4.700074e+02)	(8.669946e-02 1.960586e-01 -4.700073e+02)	(1.763557e-03 -8.714701e-05 -8.110380e-05)
4075          	(8.846551e-02 1.959703e-01 -4.700074e+02)	(8.670202e-02 1.960574e-01 -4.700073e+02)	(1.763494e-03 -8.713885e-05 -8.102871e-05)
4076          	(8.848158e-02 1.960150e-01 -4.700074e+02)	(8.671807e-02 1.961021e-01 -4.700073e+02)	(1.763509e-03 -8.714236e-05 -8.097957e-05)
4077          	(8.848349e-02 1.960123e-01 -4.700074e+02)	(8.671990e-02 1.960994e-01 -4.700073e+02)	(1.763583e-03 -8.715299e-05 -8.095827e-05)
4078          	(8.848531e-02 1.960092e-01 -4.700074e+02)	(8.672164e-02 1.960963e-01 -4.700073e+02)	(1.763670e-03 -8.715212e-05 -8.094151e-05)
4079          	(8.848721e-02 1.960058e-01 -4.700074e+02)	(8.672340e-02 1.960929e-01 -4.700073e+02)	(1.763807e-03 -8.715870e-05 -8.094957e-05)
4080          	(8.849157e-02 1.959988e-01 -4.700074e+02)	(8.672758e-02 1.960860e-01 -4.700073e+02)	(1.763991e-03 -8.718141e-05 -8.097608e-05)
4081          	(8.849328e-02 1.959974e-01 -4.700074e+02)	(8.672904e-02 1.960846e-01 -4.700073e+02)	(1.764238e-03 -8.721560e-05 -8.102734e-05)
4082          	(8.849499e-02 1.959962e-01 -4.700074e+02)	(8.673054e-02 1.960834e-01 -4.700073e+02)	(1.764457e-03 -8.723253e-05 -8.108729e-05)
4083          	(8.849680e-02 1.959951e-01 -4.700074e+02)	(8.673212e-02 1.960823e-01 -4.700073e+02)	(1.764683e-03 -8.724826e-05 -8.115802e-05)
4084          	(8.850028e-02 1.959874e-01 -4.700074e+02)	(8.673535e-02 1.960746e-01 -4.700073e+02)	(1.764931e-03 -8.726541e-05 -8.122442e-05)
4085          	(8.850182e-02 1.959871e-01 -4.700074e+02)	(8.673661e-02 1.960744e-01 -4.700073e+02)	(1.765214e-03 -8.729584e-05 -8.130470e-05)
4086          	(8.850328e-02 1.959867e-01 -4.700074e+02)	(8.673788e-02 1.960740e-01 -4.700073e+02)	(1.765404e-03 -8.730944e-05 -8.137355e-05)
4087          	(8.850477e-02 1.959862e-01 -4.700074e+02)	(8.673920e-02 1.960736e-01 -4.700073e+02)	(1.765565e-03 -8.732343e-05 -8.143046e-05)
4088          	(8.850959e-02 1.959844e-01 -4.700074e+02)	(8.674388e-02 1.960717e-01 -4.700074e+02)	(1.765709e-03 -8.734669e-05 -8.147358e-05)
4089          	(8.851074e-02 1.959840e-01 -4.700074e+02)	(8.674490e-02 1.960713e-01 -4.700074e+02)	(1.765832e-03 -8.738256e-05 -8.150905e-05)
4090          	(8.851183e-02 1.959843e-01 -4.700074e+02)	(8.674598e-02 1.960717e-01 -4.700074e+02)	(1.765846e-03 -8.740546e-05 -8.150572e-05)
4091          	(8.851320e-02 1.959855e-01 -4.700074e+02)	(8.674739e-02 1.960730e-01 -4.700074e+02)	(1.765814e-03 -8.743201e-05 -8.147999e-05)
4092          	(8.850785e-02 1.959698e-01 -4.700075e+02)	(8.674216e-02 1.960573e-01 -4.700074e+02)	(1.765693e-03 -8.746428e-05 -8.146472e-05)
4093          	(8.850865e-02 1.959706e-01 -4.700075e+02)	(8.674308e-02 1.960582e-01 -4.700074e+02)	(1.765568e-03 -8.750697e-05 -8.143810e-05)
4094          	(8.850935e-02 1.959719e-01 -4.700075e+02)	(8.674396e-02 1.960595e-01 -4.700074e+02)	(1.765392e-03 -8.753655e-05 -8.137415e-05)
4095          	(8.851001e-02 1.959735e-01 -4.700075e+02)	(8.674481e-02 1.960611e-01 -4.700074e+02)	(1.765197e-03 -8.756087e-05 -8.129842e-05)
4096          	(8.851062e-02 1.959747e-01 -4.700075e+02)	(8.674562e-02 1.960623e-01 -4.700074e+02)	(1.765002e-03 -8.758020e-05 -8.121318e-05)
4097          	(8.849828e-02 1.959173e-01 -4.700075e+02)	(8.673350e-02 1.960049e-01 -4.700075e+02)	(1.764781e-03 -8.760131e-05 -8.115446e-05)
4098          	(8.849831e-02 1.959155e-01 -4.700075e+02)	(8.673371e-02 1.960031e-01 -4.700075e+02)	(1.764593e-03 -8.761736e-05 -8.109099e-05)
4099          	(8.849814e-02 1.959128e-01 -4.700075e+02)	(8.673372e-02 1.960004e-01 -4.700075e+02)	(1.764420e-03 -8.761184e-05 -8.100326e-05)
4100          	(8.849779e-02 1.959089e-01 -4.700075e+02)	(8.673350e-02 1.959965e-01 -4.700075e+02)	(1.764293e-03 -8.760070e-05 -8.091802e-05)
4101          	(8.849722e-02 1.959035e-01 -4.700075e+02)	(8.673302e-02 1.959911e-01 -4.700075e+02)	(1.764201e-03 -8.758441e-05 -8.084735e-05)
4102          	(8.848747e-02 1.958085e-01 -4.700075e+02)	(8.672327e-02 1.958961e-01 -4.700075e+02)	(1.764196e-03 -8.759603e-05 -8.080426e-05)
4103          	(8.848689e-02 1.958041e-01 -4.700076e+02)	(8.672264e-02 1.958917e-01 -4.700075e+02)	(1.764249e-03 -8.760655e-05 -8.078650e-05)
4104          	(8.848612e-02 1.957995e-01 -4.700076e+02)	(8.672180e-02 1.958871e-01 -4.700075e+02)	(1.764319e-03 -8.759928e-05 -8.077683e-05)
4105          	(8.848512e-02 1.957945e-01 -4.700076e+02)	(8.672069e-02 1.958821e-01 -4.700075e+02)	(1.764429e-03 -8.759338e-05 -8.078825e-05)
4106          	(8.848380e-02 1.957886e-01 -4.700076e+02)	(8.671922e-02 1.958762e-01 -4.700075e+02)	(1.764577e-03 -8.759189e-05 -8.082243e-05)
4107          	(8.848214e-02 1.957816e-01 -4.700076e+02)	(8.671739e-02 1.958692e-01 -4.700075e+02)	(1.764751e-03 -8.759384e-05 -8.087461e-05)
4108          	(8.845099e-02 1.956562e-01 -4.700076e+02)	(8.668610e-02 1.957438e-01 -4.700075e+02)	(1.764890e-03 -8.759804e-05 -8.092750e-05)
4109          	(8.845018e-02 1.956544e-01 -4.700076e+02)	(8.668508e-02 1.957420e-01 -4.700075e+02)	(1.765098e-03 -8.761158e-05 -8.100291e-05)
4110          	(8.844944e-02 1.956534e-01 -4.700076e+02)	(8.668417e-02 1.957410e-01 -4.700075e+02)	(1.765264e-03 -8.760470e-05 -8.108371e-05)
4111          	(8.844865e-02 1.956524e-01 -4.700076e+02)	(8.668322e-02 1.957400e-01 -4.700075e+02)	(1.765434e-03 -8.759468e-05 -8.116506e-05)
4112          	(8.844775e-02 1.956513e-01 -4.700076e+02)	(8.668215e-02 1.957389e-01 -4.700075e+02)	(1.765594e-03 -8.758498e-05 -8.123786e-05)
4113          	(8.844664e-02 1.956502e-01 -4.700076e+02)	(8.668092e-02 1.957378e-01 -4.700075e+02)	(1.765723e-03 -8.757474e-05 -8.129998e-05)
4114          	(8.844532e-02 1.956493e-01 -4.700076e+02)	(8.667951e-02 1.957368e-01 -4.700075e+02)	(1.765815e-03 -8.756575e-05 -8.134543e-05)
4115          	(8.844376e-02 1.956485e-01 -4.700076e+02)	(8.667790e-02 1.957361e-01 -4.700075e+02)	(1.765860e-03 -8.755913e-05 -8.137220e-05)
4116          	(8.843762e-02 1.956214e-01 -4.700076e+02)	(8.667177e-02 1.957089e-01 -4.700075e+02)	(1.765851e-03 -8.755749e-05 -8.140155e-05)
4117          	(8.843623e-02 1.956205e-01 -4.700076e+02)	(8.667040e-02 1.957081e-01 -4.700075e+02)	(1.765823e-03 -8.756827e-05 -8.141640e-05)
4118          	(8.843480e-02 1.956204e-01 -4.700076e+02)	(8.666909e-02 1.957080e-01 -4.700075e+02)	(1.765711e-03 -8.756870e-05 -8.138835e-05)
4119          	(8.843332e-02 1.956214e-01 -4.700076e+02)	(8.666777e-02 1.957090e-01 -4.700075e+02)	(1.765557e-03 -8.756963e-05 -8.134173e-05)
4120          	(8.843176e-02 1.956236e-01 -4.700076e+02)	(8.666638e-02 1.957112e-01 -4.700075e+02)	(1.765376e-03 -8.757096e-05 -8.128116e-05)
4121          	(8.843002e-02 1.956266e-01 -4.700076e+02)	(8.666485e-02 1.957142e-01 -4.700075e+02)	(1.765171e-03 -8.756917e-05 -8.121114e-05)
4122          	(8.842807e-02 1.956298e-01 -4.700076e+02)	(8.666312e-02 1.957173e-01 -4.700075e+02)	(1.764948e-03 -8.756197e-05 -8.113606e-05)
4123          	(8.842571e-02 1.956315e-01 -4.700076e+02)	(8.666099e-02 1.957191e-01 -4.700075e+02)	(1.764726e-03 -8.754801e-05 -8.106305e-05)
4124          	(8.840730e-02 1.955773e-01 -4.700076e+02)	(8.664283e-02 1.956648e-01 -4.700075e+02)	(1.764472e-03 -8.752940e-05 -8.102596e-05)
4125          	(8.840573e-02 1.955783e-01 -4.700076e+02)	(8.664146e-02 1.956659e-01 -4.700075e+02)	(1.764266e-03 -8.750827e-05 -8.098888e-05)
4126          	(8.840435e-02 1.955793e-01 -4.700076e+02)	(8.664026e-02 1.956668e-01 -4.700075e+02)	(1.764093e-03 -8.746895e-05 -8.092746e-05)
4127          	(8.840306e-02 1.955804e-01 -4.700076e+02)	(8.663909e-02 1.956678e-01 -4.700075e+02)	(1.763969e-03 -8.742616e-05 -8.087081e-05)
4128          	(8.840173e-02 1.955813e-01 -4.700076e+02)	(8.663784e-02 1.956687e-01 -4.700075e+02)	(1.763893e-03 -8.738225e-05 -8.082476e-05)
4129          	(8.840009e-02 1.955813e-01 -4.700076e+02)	(8.663623e-02 1.956686e-01 -4.700075e+02)	(1.763864e-03 -8.733969e-05 -8.079791e-05)
4130          	(8.839816e-02 1.955807e-01 -4.700076e+02)	(8.663428e-02 1.956680e-01 -4.700075e+02)	(1.763883e-03 -8.730216e-05 -8.078939e-05)
4131          	(8.839588e-02 1.955796e-01 -4.700076e+02)	(8.663193e-02 1.956669e-01 -4.700075e+02)	(1.763947e-03 -8.727080e-05 -8.080578e-05)
4132          	(8.839325e-02 1.955778e-01 -4.700076e+02)	(8.662919e-02 1.956650e-01 -4.700075e+02)	(1.764058e-03 -8.724522e-05 -8.084519e-05)
4133          	(8.839032e-02 1.955753e-01 -4.700076e+02)	(8.662612e-02 1.956625e-01 -4.700075e+02)	(1.764197e-03 -8.722163e-05 -8.090202e-05)
4134          	(8.838719e-02 1.955721e-01 -4.700076e+02)	(8.662283e-02 1.956593e-01 -4.700075e+02)	(1.764354e-03 -8.719942e-05 -8.097391e-05)
4135          	(8.838392e-02 1.955678e-01 -4.700076e+02)	(8.661939e-02 1.956550e-01 -4.700075e+02)	(1.764526e-03 -8.717517e-05 -8.105630e-05)
4136          	(8.838058e-02 1.955625e-01 -4.700076e+02)	(8.661587e-02 1.956497e-01 -4.700075e+02)	(1.764705e-03 -8.715098e-05 -8.114364e-05)
4137          	(8.837726e-02 1.955564e-01 -4.700076e+02)	(8.661239e-02 1.956435e-01 -4.700075e+02)	(1.764872e-03 -8.712496e-05 -8.123291e-05)
4138          	(8.837395e-02 1.955494e-01 -4.700076e+02)	(8.660893e-02 1.956365e-01 -4.700075e+02)	(1.765023e-03 -8.709828e-05 -8.131674e-05)
4139          	(8.837064e-02 1.955420e-01 -4.700076e+02)	(8.660549e-02 1.956291e-01 -4.700075e+02)	(1.765147e-03 -8.707342e-05 -8.138967e-05)
4140          	(8.836733e-02 1.955346e-01 -4.700076e+02)	(8.660210e-02 1.956217e-01 -4.700075e+02)	(1.765233e-03 -8.705231e-05 -8.144751e-05)
4141          	(8.836274e-02 1.954759e-01 -4.700075e+02)	(8.659742e-02 1.955629e-01 -4.700074e+02)	(1.765324e-03 -8.704279e-05 -8.150493e-05)
4142          	(8.836121e-02 1.954737e-01 -4.700075e+02)	(8.659582e-02 1.955608e-01 -4.700074e+02)	(1.765395e-03 -8.704683e-05 -8.154404e-05)
4143          	(8.836000e-02 1.954737e-01 -4.700075e+02)	(8.659465e-02 1.955607e-01 -4.700074e+02)	(1.765353e-03 -8.703915e-05 -8.154341e-05)
4144          	(8.835911e-02 1.954763e-01 -4.700075e+02)	(8.659384e-02 1.955633e-01 -4.700074e+02)	(1.765266e-03 -8.703682e-05 -8.152128e-05)
4145          	(8.835844e-02 1.954818e-01 -4.700075e+02)	(8.659330e-02 1.955689e-01 -4.700074e+02)	(1.765135e-03 -8.703754e-05 -8.148327e-05)
4146          	(8.835792e-02 1.954900e-01 -4.700075e+02)	(8.659295e-02 1.955770e-01 -4.700074e+02)	(1.764967e-03 -8.703972e-05 -8.143834e-05)
4147          	(8.836006e-02 1.955500e-01 -4.700075e+02)	(8.659533e-02 1.956370e-01 -4.700074e+02)	(1.764728e-03 -8.702630e-05 -8.143263e-05)
4148          	(8.835945e-02 1.955549e-01 -4.700075e+02)	(8.659493e-02 1.956420e-01 -4.700074e+02)	(1.764519e-03 -8.702168e-05 -8.140734e-05)
4149          	(8.835895e-02 1.955599e-01 -4.700075e+02)	(8.659465e-02 1.956469e-01 -4.700074e+02)	(1.764300e-03 -8.700651e-05 -8.134468e-05)
4150          	(8.835865e-02 1.955652e-01 -4.700075e+02)	(8.659455e-02 1.956522e-01 -4.700074e+02)	(1.764102e-03 -8.698353e-05 -8.127092e-05)
4151          	(8.835857e-02 1.955711e-01 -4.700075e+02)	(8.659463e-02 1.956581e-01 -4.700074e+02)	(1.763933e-03 -8.695341e-05 -8.119248e-05)
4152          	(8.835871e-02 1.955776e-01 -4.700075e+02)	(8.659491e-02 1.956646e-01 -4.700074e+02)	(1.763798e-03 -8.691742e-05 -8.111807e-05)
4153          	(8.836986e-02 1.956675e-01 -4.700075e+02)	(8.660619e-02 1.957543e-01 -4.700074e+02)	(1.763671e-03 -8.687252e-05 -8.107935e-05)
4154          	(8.836977e-02 1.956688e-01 -4.700075e+02)	(8.660615e-02 1.957556e-01 -4.700074e+02)	(1.763620e-03 -8.683801e-05 -8.105679e-05)
4155          	(8.836967e-02 1.956688e-01 -4.700075e+02)	(8.660606e-02 1.957556e-01 -4.700074e+02)	(1.763605e-03 -8.679398e-05 -8.103242e-05)
4156          	(8.836952e-02 1.956677e-01 -4.700075e+02)	(8.660587e-02 1.957545e-01 -4.700074e+02)	(1.763650e-03 -8.675902e-05 -8.103128e-05)
4157          	(8.836937e-02 1.956653e-01 -4.700075e+02)	(8.660563e-02 1.957521e-01 -4.700074e+02)	(1.763742e-03 -8.673208e-05 -8.105248e-05)
4158          	(8.836917e-02 1.956617e-01 -4.700075e+02)	(8.660530e-02 1.957485e-01 -4.700074e+02)	(1.763873e-03 -8.671467e-05 -8.109747e-05)
4159          	(8.836889e-02 1.956569e-01 -4.700075e+02)	(8.660485e-02 1.957436e-01 -4.700074e+02)	(1.764043e-03 -8.670394e-05 -8.116334e-05)
4160          	(8.836828e-02 1.956497e-01 -4.700075e+02)	(8.660403e-02 1.957364e-01 -4.700074e+02)	(1.764244e-03 -8.669972e-05 -8.124221e-05)
4161          	(8.836742e-02 1.956411e-01 -4.700075e+02)	(8.660296e-02 1.957278e-01 -4.700074e+02)	(1.764457e-03 -8.669603e-05 -8.133172e-05)
4162          	(8.836599e-02 1.956287e-01 -4.700075e+02)	(8.660131e-02 1.957154e-01 -4.700074e+02)	(1.764679e-03 -8.669221e-05 -8.142477e-05)
4163          	(8.836337e-02 1.956074e-01 -4.700075e+02)	(8.659847e-02 1.956941e-01 -4.700074e+02)	(1.764899e-03 -8.668953e-05 -8.151475e-05)
4164          	(8.836044e-02 1.955846e-01 -4.700075e+02)	(8.659533e-02 1.956713e-01 -4.700074e+02)	(1.765108e-03 -8.668960e-05 -8.159642e-05)
4165          	(8.835767e-02 1.955644e-01 -4.700075e+02)	(8.659238e-02 1.956511e-01 -4.700074e+02)	(1.765286e-03 -8.668959e-05 -8.166338e-05)
4166          	(8.835466e-02 1.955437e-01 -4.700075e+02)	(8.658923e-02 1.956304e-01 -4.700074e+02)	(1.765425e-03 -8.669243e-05 -8.170924e-05)
4167          	(8.835147e-02 1.955232e-01 -4.700075e+02)	(8.658596e-02 1.956099e-01 -4.700074e+02)	(1.765511e-03 -8.669853e-05 -8.173506e-05)
4168          	(8.834819e-02 1.955035e-01 -4.700075e+02)	(8.658264e-02 1.955902e-01 -4.700074e+02)	(1.765551e-03 -8.671042e-05 -8.173999e-05)
4169          	(8.834508e-02 1.954862e-01 -4.700075e+02)	(8.657954e-02 1.955730e-01 -4.700074e+02)	(1.765534e-03 -8.672677e-05 -8.172925e-05)
4170          	(8.834250e-02 1.954742e-01 -4.700075e+02)	(8.657704e-02 1.955609e-01 -4.700074e+02)	(1.765462e-03 -8.674672e-05 -8.170473e-05)
4171          	(8.834039e-02 1.954659e-01 -4.700075e+02)	(8.657505e-02 1.955527e-01 -4.700074e+02)	(1.765347e-03 -8.676884e-05 -8.167068e-05)
4172          	(8.833870e-02 1.954602e-01 -4.700075e+02)	(8.657350e-02 1.955470e-01 -4.700074e+02)	(1.765201e-03 -8.679288e-05 -8.163135e-05)
4173          	(8.833714e-02 1.954554e-01 -4.700075e+02)	(8.657212e-02 1.955422e-01 -4.700074e+02)	(1.765023e-03 -8.681364e-05 -8.158595e-05)
4174          	(8.833595e-02 1.954518e-01 -4.700075e+02)	(8.657112e-02 1.955387e-01 -4.700074e+02)	(1.764830e-03 -8.682983e-05 -8.153126e-05)
4175          	(8.833483e-02 1.954486e-01 -4.700075e+02)	(8.657020e-02 1.955355e-01 -4.700074e+02)	(1.764637e-03 -8.683933e-05 -8.147190e-05)
4176          	(8.833375e-02 1.954455e-01 -4.700075e+02)	(8.656930e-02 1.955324e-01 -4.700074e+02)	(1.764451e-03 -8.684171e-05 -8.140697e-05)
4177          	(8.833267e-02 1.954424e-01 -4.700075e+02)	(8.656839e-02 1.955293e-01 -4.700074e+02)	(1.764283e-03 -8.683633e-05 -8.134095e-05)
4178          	(8.833152e-02 1.954391e-01 -4.700075e+02)	(8.656738e-02 1.955259e-01 -4.700074e+02)	(1.764141e-03 -8.682438e-05 -8.128035e-05)
4179          	(8.833028e-02 1.954355e-01 -4.700075e+02)	(8.656625e-02 1.955223e-01 -4.700074e+02)	(1.764031e-03 -8.680821e-05 -8.122872e-05)
4180          	(8.832854e-02 1.954310e-01 -4.700075e+02)	(8.656458e-02 1.955178e-01 -4.700074e+02)	(1.763963e-03 -8.679038e-05 -8.118737e-05)
4181          	(8.832643e-02 1.954262e-01 -4.700075e+02)	(8.656249e-02 1.955130e-01 -4.700074e+02)	(1.763934e-03 -8.677276e-05 -8.116515e-05)
4182          	(8.832445e-02 1.954218e-01 -4.700075e+02)	(8.656050e-02 1.955086e-01 -4.700074e+02)	(1.763942e-03 -8.675766e-05 -8.116064e-05)
4183          	(8.832275e-02 1.954182e-01 -4.700075e+02)	(8.655876e-02 1.955049e-01 -4.700074e+02)	(1.763993e-03 -8.674768e-05 -8.117509e-05)
4184          	(8.832148e-02 1.954157e-01 -4.700075e+02)	(8.655739e-02 1.955024e-01 -4.700074e+02)	(1.764088e-03 -8.674438e-05 -8.120845e-05)
4185          	(8.833211e-02 1.954572e-01 -4.700074e+02)	(8.656788e-02 1.955439e-01 -4.700073e+02)	(1.764234e-03 -8.674519e-05 -8.124995e-05)
4186          	(8.833186e-02 1.954573e-01 -4.700074e+02)	(8.656741e-02 1.955440e-01 -4.700073e+02)	(1.764447e-03 -8.675866e-05 -8.131177e-05)
4187          	(8.833191e-02 1.954573e-01 -4.700074e+02)	(8.656730e-02 1.955441e-01 -4.700073e+02)	(1.764616e-03 -8.675600e-05 -8.138065e-05)
4188          	(8.833236e-02 1.954573e-01 -4.700074e+02)	(8.656757e-02 1.955440e-01 -4.700073e+02)	(1.764794e-03 -8.675481e-05 -8.145788e-05)
4189          	(8.833325e-02 1.954573e-01 -4.700074e+02)	(8.656828e-02 1.955441e-01 -4.700073e+02)	(1.764971e-03 -8.675230e-05 -8.153659e-05)
4190          	(8.833489e-02 1.954602e-01 -4.700074e+02)	(8.656975e-02 1.955470e-01 -4.700073e+02)	(1.765137e-03 -8.675177e-05 -8.160892e-05)
4191          	(8.834894e-02 1.955353e-01 -4.700074e+02)	(8.658367e-02 1.956220e-01 -4.700073e+02)	(1.765267e-03 -8.673812e-05 -8.167112e-05)
4192          	(8.835006e-02 1.955352e-01 -4.700074e+02)	(8.658464e-02 1.956220e-01 -4.700073e+02)	(1.765420e-03 -8.675213e-05 -8.173356e-05)
4193          	(8.835112e-02 1.955357e-01 -4.700074e+02)	(8.658565e-02 1.956225e-01 -4.700073e+02)	(1.765462e-03 -8.675876e-05 -8.176491e-05)
4194          	(8.835258e-02 1.955397e-01 -4.700074e+02)	(8.658713e-02 1.956265e-01 -4.700073e+02)	(1.765447e-03 -8.676973e-05 -8.177254e-05)
4195          	(8.835435e-02 1.955464e-01 -4.700074e+02)	(8.658897e-02 1.956331e-01 -4.700073e+02)	(1.765381e-03 -8.678647e-05 -8.175794e-05)
4196          	(8.837085e-02 1.956442e-01 -4.700074e+02)	(8.660560e-02 1.957310e-01 -4.700073e+02)	(1.765249e-03 -8.679804e-05 -8.175377e-05)
4197          	(8.837203e-02 1.956488e-01 -4.700074e+02)	(8.660692e-02 1.957356e-01 -4.700073e+02)	(1.765111e-03 -8.682528e-05 -8.173650e-05)
4198          	(8.837337e-02 1.956547e-01 -4.700074e+02)	(8.660845e-02 1.957415e-01 -4.700073e+02)	(1.764914e-03 -8.684510e-05 -8.168125e-05)
4199          	(8.837510e-02 1.956625e-01 -4.700074e+02)	(8.661039e-02 1.957493e-01 -4.700073e+02)	(1.764704e-03 -8.686428e-05 -8.161388e-05)
4200          	(8.837736e-02 1.956723e-01 -4.700074e+02)	(8.661288e-02 1.957592e-01 -4.700073e+02)	(1.764488e-03 -8.687951e-05 -8.153409e-05)
4201          	(8.838026e-02 1.956841e-01 -4.700074e+02)	(8.661598e-02 1.957710e-01 -4.700073e+02)	(1.764275e-03 -8.688824e-05 -8.144817e-05)
4202          	(8.840282e-02 1.958028e-01 -4.700074e+02)	(8.663875e-02 1.958897e-01 -4.700073e+02)	(1.764069e-03 -8.688568e-05 -8.139341e-05)
4203          	(8.840453e-02 1.958049e-01 -4.700074e+02)	(8.664062e-02 1.958918e-01 -4.700073e+02)	(1.763906e-03 -8.688622e-05 -8.133669e-05)
4204          	(8.840631e-02 1.958062e-01 -4.700074e+02)	(8.664254e-02 1.958931e-01 -4.700073e+02)	(1.763766e-03 -8.687512e-05 -8.125924e-05)
4205          	(8.840834e-02 1.958074e-01 -4.700074e+02)	(8.664467e-02 1.958943e-01 -4.700073e+02)	(1.763671e-03 -8.686137e-05 -8.118766e-05)
4206          	(8.841109e-02 1.958109e-01 -4.700074e+02)	(8.664747e-02 1.958978e-01 -4.700073e+02)	(1.763622e-03 -8.684751e-05 -8.113078e-05)
4207          	(8.843353e-02 1.959062e-01 -4.700074e+02)	(8.666990e-02 1.959930e-01 -4.700073e+02)	(1.763635e-03 -8.684177e-05 -8.110066e-05)
4208          	(8.843543e-02 1.959050e-01 -4.700074e+02)	(8.667171e-02 1.959919e-01 -4.700073e+02)	(1.763721e-03 -8.685151e-05 -8.109597e-05)
4209          	(8.843738e-02 1.959035e-01 -4.700074e+02)	(8.667356e-02 1.959904e-01 -4.700073e+02)	(1.763817e-03 -8.685108e-05 -8.110097e-05)
4210          	(8.843957e-02 1.959022e-01 -4.700074e+02)	(8.667561e-02 1.959890e-01 -4.700073e+02)	(1.763957e-03 -8.685690e-05 -8.112492e-05)
4211          	(8.845593e-02 1.959592e-01 -4.700074e+02)	(8.669178e-02 1.960461e-01 -4.700073e+02)	(1.764153e-03 -8.686882e-05 -8.116414e-05)
4212          	(8.845796e-02 1.959586e-01 -4.700074e+02)	(8.669355e-02 1.960455e-01 -4.700073e+02)	(1.764410e-03 -8.689631e-05 -8.122536e-05)
4213          	(8.846006e-02 1.959582e-01 -4.700074e+02)	(8.669544e-02 1.960451e-01 -4.700073e+02)	(1.764622e-03 -8.690911e-05 -8.129447e-05)
4214          	(8.846238e-02 1.959579e-01 -4.700074e+02)	(8.669753e-02 1.960448e-01 -4.700073e+02)	(1.764842e-03 -8.692343e-05 -8.137179e-05)
4215          	(8.847369e-02 1.959912e-01 -4.700074e+02)	(8.670862e-02 1.960781e-01 -4.700073e+02)	(1.765070e-03 -8.692981e-05 -8.144103e-05)
4216          	(8.847575e-02 1.959915e-01 -4.700074e+02)	(8.671041e-02 1.960784e-01 -4.700073e+02)	(1.765335e-03 -8.695673e-05 -8.151955e-05)
4217          	(8.847776e-02 1.959917e-01 -4.700074e+02)	(8.671226e-02 1.960786e-01 -4.700073e+02)	(1.765498e-03 -8.697067e-05 -8.158256e-05)
4218          	(8.848802e-02 1.960281e-01 -4.700074e+02)	(8.672240e-02 1.961151e-01 -4.700073e+02)	(1.765623e-03 -8.698219e-05 -8.162986e-05)
4219          	(8.848955e-02 1.960277e-01 -4.700074e+02)	(8.672380e-02 1.961147e-01 -4.700073e+02)	(1.765744e-03 -8.701419e-05 -8.167088e-05)
4220          	(8.849105e-02 1.960279e-01 -4.700074e+02)	(8.672529e-02 1.961150e-01 -4.700073e+02)	(1.765761e-03 -8.703683e-05 -8.167193e-05)
4221          	(8.849278e-02 1.960297e-01 -4.700074e+02)	(8.672706e-02 1.961168e-01 -4.700073e+02)	(1.765721e-03 -8.706257e-05 -8.165088e-05)
4222          	(8.850442e-02 1.960847e-01 -4.700074e+02)	(8.673880e-02 1.961718e-01 -4.700073e+02)	(1.765625e-03 -8.709039e-05 -8.163738e-05)
4223          	(8.850578e-02 1.960855e-01 -4.700074e+02)	(8.674026e-02 1.961727e-01 -4.700073e+02)	(1.765527e-03 -8.713302e-05 -8.161361e-05)
4224          	(8.850728e-02 1.960876e-01 -4.700074e+02)	(8.674191e-02 1.961747e-01 -4.700073e+02)	(1.765368e-03 -8.716487e-05 -8.155442e-05)
4225          	(8.850885e-02 1.960899e-01 -4.700074e+02)	(8.674366e-02 1.961771e-01 -4.700073e+02)	(1.765191e-03 -8.719377e-05 -8.148094e-05)
4226          	(8.851278e-02 1.961253e-01 -4.700075e+02)	(8.674782e-02 1.962125e-01 -4.700074e+02)	(1.764964e-03 -8.721080e-05 -8.142171e-05)
4227          	(8.851388e-02 1.961246e-01 -4.700075e+02)	(8.674911e-02 1.962118e-01 -4.700074e+02)	(1.764770e-03 -8.723313e-05 -8.135592e-05)
4228          	(8.851500e-02 1.961234e-01 -4.700075e+02)	(8.675042e-02 1.962106e-01 -4.700074e+02)	(1.764577e-03 -8.724023e-05 -8.125554e-05)
4229          	(8.851612e-02 1.961220e-01 -4.700075e+02)	(8.675170e-02 1.962092e-01 -4.700074e+02)	(1.764411e-03 -8.723937e-05 -8.115520e-05)
4230          	(8.852044e-02 1.961253e-01 -4.700075e+02)	(8.675617e-02 1.962125e-01 -4.700074e+02)	(1.764277e-03 -8.724056e-05 -8.107745e-05)
4231          	(8.852124e-02 1.961218e-01 -4.700075e+02)	(8.675703e-02 1.962091e-01 -4.700074e+02)	(1.764207e-03 -8.724455e-05 -8.101824e-05)
4232          	(8.852207e-02 1.961172e-01 -4.700075e+02)	(8.675790e-02 1.962044e-01 -4.700074e+02)	(1.764167e-03 -8.723388e-05 -8.095259e-05)
4233          	(8.852290e-02 1.961116e-01 -4.700075e+02)	(8.675873e-02 1.961989e-01 -4.700074e+02)	(1.764172e-03 -8.722434e-05 -8.091081e-05)
4234          	(8.852187e-02 1.960536e-01 -4.700075e+02)	(8.675760e-02 1.961408e-01 -4.700074e+02)	(1.764270e-03 -8.724552e-05 -8.089786e-05)
4235          	(8.852255e-02 1.960477e-01 -4.700075e+02)	(8.675811e-02 1.961350e-01 -4.700074e+02)	(1.764434e-03 -8.727373e-05 -8.091195e-05)
4236          	(8.852308e-02 1.960417e-01 -4.700075e+02)	(8.675848e-02 1.961290e-01 -4.700074e+02)	(1.764599e-03 -8.728618e-05 -8.094008e-05)
4237          	(8.852348e-02 1.960353e-01 -4.700075e+02)	(8.675869e-02 1.961226e-01 -4.700074e+02)	(1.764796e-03 -8.730075e-05 -8.098652e-05)
4238          	(8.851711e-02 1.959570e-01 -4.700075e+02)	(8.675205e-02 1.960443e-01 -4.700074e+02)	(1.765056e-03 -8.733540e-05 -8.103992e-05)
4239          	(8.851745e-02 1.959546e-01 -4.700075e+02)	(8.675209e-02 1.960420e-01 -4.700074e+02)	(1.765354e-03 -8.737376e-05 -8.111251e-05)
4240          	(8.851757e-02 1.959526e-01 -4.700075e+02)	(8.675197e-02 1.960400e-01 -4.700074e+02)	(1.765598e-03 -8.739147e-05 -8.118949e-05)
4241          	(8.851744e-02 1.959503e-01 -4.700075e+02)	(8.675161e-02 1.960377e-01 -4.700074e+02)	(1.765830e-03 -8.740367e-05 -8.126767e-05)
4242          	(8.849171e-02 1.958501e-01 -4.700076e+02)	(8.672574e-02 1.959375e-01 -4.700075e+02)	(1.765974e-03 -8.740628e-05 -8.132806e-05)
4243          	(8.849158e-02 1.958506e-01 -4.700076e+02)	(8.672543e-02 1.959380e-01 -4.700075e+02)	(1.766147e-03 -8.742549e-05 -8.139368e-05)
4244          	(8.849123e-02 1.958509e-01 -4.700076e+02)	(8.672499e-02 1.959384e-01 -4.700075e+02)	(1.766237e-03 -8.743034e-05 -8.143594e-05)
4245          	(8.849072e-02 1.958517e-01 -4.700076e+02)	(8.672444e-02 1.959391e-01 -4.700075e+02)	(1.766279e-03 -8.743572e-05 -8.145985e-05)
4246          	(8.849008e-02 1.958530e-01 -4.700076e+02)	(8.672380e-02 1.959404e-01 -4.700075e+02)	(1.766271e-03 -8.744379e-05 -8.146282e-05)
4247          	(8.848506e-02 1.958090e-01 -4.700076e+02)	(8.671882e-02 1.958965e-01 -4.700075e+02)	(1.766239e-03 -8.746805e-05 -8.147286e-05)
4248          	(8.848466e-02 1.958121e-01 -4.700076e+02)	(8.671848e-02 1.958996e-01 -4.700075e+02)	(1.766184e-03 -8.749969e-05 -8.146875e-05)
4249          	(8.848426e-02 1.958162e-01 -4.700076e+02)	(8.671821e-02 1.959037e-01 -4.700075e+02)	(1.766049e-03 -8.751651e-05 -8.142833e-05)
4250          	(8.848385e-02 1.958210e-01 -4.700076e+02)	(8.671797e-02 1.959086e-01 -4.700075e+02)	(1.765883e-03 -8.753196e-05 -8.137084e-05)
4251          	(8.848336e-02 1.958262e-01 -4.700076e+02)	(8.671767e-02 1.959138e-01 -4.700075e+02)	(1.765688e-03 -8.754304e-05 -8.130353e-05)
4252          	(8.848271e-02 1.958309e-01 -4.700076e+02)	(8.671723e-02 1.959185e-01 -4.700075e+02)	(1.765482e-03 -8.754831e-05 -8.122545e-05)
4253          	(8.848188e-02 1.958344e-01 -4.700076e+02)	(8.671661e-02 1.959219e-01 -4.700075e+02)	(1.765275e-03 -8.754612e-05 -8.114260e-05)
4254          	(8.848081e-02 1.958360e-01 -4.700076e+02)	(8.671573e-02 1.959235e-01 -4.700075e+02)	(1.765074e-03 -8.753497e-05 -8.106160e-05)
4255          	(8.845229e-02 1.957570e-01 -4.700076e+02)	(8.668750e-02 1.958445e-01 -4.700075e+02)	(1.764795e-03 -8.751224e-05 -8.101050e-05)
4256          	(8.845149e-02 1.957548e-01 -4.700076e+02)	(8.668689e-02 1.958423e-01 -4.700075e+02)	(1.764596e-03 -8.749381e-05 -8.096629e-05)
4257          	(8.845071e-02 1.957518e-01 -4.700076e+02)	(8.668627e-02 1.958393e-01 -4.700075e+02)	(1.764442e-03 -8.745852e-05 -8.090360e-05)
4258          	(8.844986e-02 1.957480e-01 -4.700076e+02)	(8.668551e-02 1.958354e-01 -4.700075e+02)	(1.764351e-03 -8.742324e-05 -8.084887e-05)
4259          	(8.844880e-02 1.957433e-01 -4.700076e+02)	(8.668448e-02 1.958307e-01 -4.700075e+02)	(1.764319e-03 -8.739134e-05 -8.081213e-05)
4260          	(8.844743e-02 1.957377e-01 -4.700076e+02)	(8.668309e-02 1.958250e-01 -4.700075e+02)	(1.764340e-03 -8.736439e-05 -8.079459e-05)
4261          	(8.844570e-02 1.957312e-01 -4.700076e+02)	(8.668129e-02 1.958185e-01 -4.700075e+02)	(1.764409e-03 -8.734149e-05 -8.079840e-05)
4262          	(8.843431e-02 1.956601e-01 -4.700076e+02)	(8.666976e-02 1.957474e-01 -4.700075e+02)	(1.764545e-03 -8.733729e-05 -8.082264e-05)
4263          	(8.843303e-02 1.956571e-01 -4.700076e+02)	(8.666828e-02 1.957444e-01 -4.700075e+02)	(1.764750e-03 -8.734015e-05 -8.087411e-05)
4264          	(8.843175e-02 1.956549e-01 -4.700076e+02)	(8.666681e-02 1.957422e-01 -4.700075e+02)	(1.764939e-03 -8.732530e-05 -8.093262e-05)
4265          	(8.843031e-02 1.956527e-01 -4.700076e+02)	(8.666517e-02 1.957400e-01 -4.700075e+02)	(1.765141e-03 -8.730602e-05 -8.100337e-05)
4266          	(8.842881e-02 1.956519e-01 -4.700076e+02)	(8.666347e-02 1.957391e-01 -4.700075e+02)	(1.765340e-03 -8.728441e-05 -8.108230e-05)
4267          	(8.842704e-02 1.956507e-01 -4.700076e+02)	(8.666151e-02 1.957380e-01 -4.700075e+02)	(1.765533e-03 -8.726161e-05 -8.116308e-05)
4268          	(8.842496e-02 1.956491e-01 -4.700076e+02)	(8.665924e-02 1.957364e-01 -4.700075e+02)	(1.765714e-03 -8.723938e-05 -8.124270e-05)
4269          	(8.842253e-02 1.956471e-01 -4.700076e+02)	(8.665667e-02 1.957344e-01 -4.700075e+02)	(1.765859e-03 -8.721746e-05 -8.131515e-05)
4270          	(8.840357e-02 1.955829e-01 -4.700076e+02)	(8.663765e-02 1.956701e-01 -4.700075e+02)	(1.765926e-03 -8.718943e-05 -8.137744e-05)
4271          	(8.840180e-02 1.955825e-01 -4.700076e+02)	(8.663580e-02 1.956697e-01 -4.700075e+02)	(1.766002e-03 -8.718310e-05 -8.143464e-05)
4272          	(8.840012e-02 1.955830e-01 -4.700076e+02)	(8.663415e-02 1.956702e-01 -4.700075e+02)	(1.765976e-03 -8.716620e-05 -8.145398e-05)
4273          	(8.839853e-02 1.955851e-01 -4.700076e+02)	(8.663263e-02 1.956722e-01 -4.700075e+02)	(1.765901e-03 -8.715159e-05 -8.144638e-05)
4274          	(8.839705e-02 1.955894e-01 -4.700076e+02)	(8.663127e-02 1.956766e-01 -4.700075e+02)	(1.765782e-03 -8.714198e-05 -8.141897e-05)
4275          	(8.839566e-02 1.955964e-01 -4.700076e+02)	(8.663004e-02 1.956835e-01 -4.700075e+02)	(1.765620e-03 -8.713493e-05 -8.137854e-05)
4276          	(8.839436e-02 1.956056e-01 -4.700076e+02)	(8.662893e-02 1.956927e-01 -4.700075e+02)	(1.765431e-03 -8.713026e-05 -8.133134e-05)
4277          	(8.839308e-02 1.956164e-01 -4.700076e+02)	(8.662786e-02 1.957035e-01 -4.700075e+02)	(1.765218e-03 -8.712304e-05 -8.128387e-05)
4278          	(8.839179e-02 1.956278e-01 -4.700076e+02)	(8.662681e-02 1.957149e-01 -4.700075e+02)	(1.764988e-03 -8.711174e-05 -8.123505e-05)
4279          	(8.839050e-02 1.956388e-01 -4.700076e+02)	(8.662574e-02 1.957259e-01 -4.700075e+02)	(1.764756e-03 -8.709308e-05 -8.118510e-05)
4280          	(8.838927e-02 1.956488e-01 -4.700076e+02)	(8.662473e-02 1.957359e-01 -4.700075e+02)	(1.764539e-03 -8.706727e-05 -8.113131e-05)
4281          	(8.838802e-02 1.956573e-01 -4.700076e+02)	(8.662368e-02 1.957443e-01 -4.700075e+02)	(1.764335e-03 -8.703072e-05 -8.107634e-05)
4282          	(8.840115e-02 1.956758e-01 -4.700075e+02)	(8.663690e-02 1.957628e-01 -4.700074e+02)	(1.764255e-03 -8.701544e-05 -8.105820e-05)
4283          	(8.839748e-02 1.956732e-01 -4.700075e+02)	(8.663328e-02 1.957602e-01 -4.700074e+02)	(1.764199e-03 -8.699181e-05 -8.104115e-05)
4284          	(8.839446e-02 1.956688e-01 -4.700075e+02)	(8.663030e-02 1.957557e-01 -4.700074e+02)	(1.764155e-03 -8.695091e-05 -8.100298e-05)
4285          	(8.839408e-02 1.956671e-01 -4.700075e+02)	(8.662992e-02 1.957540e-01 -4.700074e+02)	(1.764159e-03 -8.690962e-05 -8.097162e-05)
4286          	(8.839358e-02 1.956642e-01 -4.700075e+02)	(8.662937e-02 1.957511e-01 -4.700074e+02)	(1.764217e-03 -8.687520e-05 -8.095615e-05)
4287          	(8.839079e-02 1.956554e-01 -4.700075e+02)	(8.662648e-02 1.957423e-01 -4.700074e+02)	(1.764312e-03 -8.684609e-05 -8.096206e-05)
4288          	(8.838258e-02 1.956423e-01 -4.700075e+02)	(8.661816e-02 1.957291e-01 -4.700074e+02)	(1.764417e-03 -8.682359e-05 -8.097908e-05)
4289          	(8.838167e-02 1.956399e-01 -4.700075e+02)	(8.661707e-02 1.957267e-01 -4.700074e+02)	(1.764597e-03 -8.681474e-05 -8.102712e-05)
4290          	(8.838058e-02 1.956380e-01 -4.700075e+02)	(8.661582e-02 1.957248e-01 -4.700074e+02)	(1.764766e-03 -8.679335e-05 -8.108912e-05)
4291          	(8.837940e-02 1.956365e-01 -4.700075e+02)	(8.661445e-02 1.957233e-01 -4.700074e+02)	(1.764954e-03 -8.677289e-05 -8.116841e-05)
4292          	(8.837816e-02 1.956354e-01 -4.700075e+02)	(8.661301e-02 1.957222e-01 -4.700074e+02)	(1.765158e-03 -8.675323e-05 -8.126140e-05)
4293          	(8.837691e-02 1.956347e-01 -4.700075e+02)	(8.661156e-02 1.957214e-01 -4.700074e+02)	(1.765351e-03 -8.673197e-05 -8.136092e-05)
4294          	(8.837289e-02 1.956273e-01 -4.700075e+02)	(8.660737e-02 1.957140e-01 -4.700074e+02)	(1.765520e-03 -8.669927e-05 -8.145536e-05)
4295          	(8.837216e-02 1.956279e-01 -4.700075e+02)	(8.660643e-02 1.957146e-01 -4.700074e+02)	(1.765724e-03 -8.669079e-05 -8.155564e-05)
4296          	(8.837153e-02 1.956285e-01 -4.700075e+02)	(8.660570e-02 1.957152e-01 -4.700074e+02)	(1.765827e-03 -8.667311e-05 -8.163170e-05)
4297          	(8.837108e-02 1.956296e-01 -4.700075e+02)	(8.660519e-02 1.957163e-01 -4.700074e+02)	(1.765888e-03 -8.665889e-05 -8.168306e-05)
4298          	(8.837081e-02 1.956313e-01 -4.700075e+02)	(8.660490e-02 1.957179e-01 -4.700074e+02)	(1.765905e-03 -8.664973e-05 -8.170635e-05)
4299          	(8.837072e-02 1.956339e-01 -4.700075e+02)	(8.660484e-02 1.957206e-01 -4.700074e+02)	(1.765871e-03 -8.664509e-05 -8.170317e-05)
4300          	(8.837081e-02 1.956377e-01 -4.700075e+02)	(8.660502e-02 1.957244e-01 -4.700074e+02)	(1.765796e-03 -8.664707e-05 -8.168208e-05)
4301          	(8.837114e-02 1.956434e-01 -4.700075e+02)	(8.660546e-02 1.957301e-01 -4.700074e+02)	(1.765680e-03 -8.665250e-05 -8.164837e-05)
4302          	(8.837148e-02 1.956495e-01 -4.700075e+02)	(8.660595e-02 1.957361e-01 -4.700074e+02)	(1.765527e-03 -8.666068e-05 -8.160834e-05)
4303          	(8.837190e-02 1.956559e-01 -4.700075e+02)	(8.660655e-02 1.957425e-01 -4.700074e+02)	(1.765352e-03 -8.666881e-05 -8.156572e-05)
4304          	(8.837234e-02 1.956621e-01 -4.700075e+02)	(8.660717e-02 1.957487e-01 -4.700074e+02)	(1.765169e-03 -8.667629e-05 -8.151806e-05)
4305          	(8.837278e-02 1.956676e-01 -4.700075e+02)	(8.660780e-02 1.957543e-01 -4.700074e+02)	(1.764978e-03 -8.667736e-05 -8.146363e-05)
4306          	(8.837318e-02 1.956721e-01 -4.700075e+02)	(8.660839e-02 1.957588e-01 -4.700074e+02)	(1.764796e-03 -8.667269e-05 -8.140709e-05)
4307          	(8.837351e-02 1.956751e-01 -4.700075e+02)	(8.660888e-02 1.957617e-01 -4.700074e+02)	(1.764636e-03 -8.666195e-05 -8.134905e-05)
4308          	(8.837374e-02 1.956759e-01 -4.700075e+02)	(8.660923e-02 1.957626e-01 -4.700074e+02)	(1.764508e-03 -8.664656e-05 -8.129355e-05)
4309          	(8.837377e-02 1.956742e-01 -4.700075e+02)	(8.660935e-02 1.957609e-01 -4.700074e+02)	(1.764419e-03 -8.662715e-05 -8.124861e-05)
4310          	(8.837331e-02 1.956678e-01 -4.700075e+02)	(8.660893e-02 1.957544e-01 -4.700074e+02)	(1.764378e-03 -8.660834e-05 -8.121420e-05)
4311          	(8.837205e-02 1.956543e-01 -4.700075e+02)	(8.660766e-02 1.957408e-01 -4.700074e+02)	(1.764383e-03 -8.659244e-05 -8.119401e-05)
4312          	(8.837021e-02 1.956362e-01 -4.700075e+02)	(8.660577e-02 1.957228e-01 -4.700074e+02)	(1.764444e-03 -8.658484e-05 -8.119114e-05)
4313          	(8.836735e-02 1.956098e-01 -4.700075e+02)	(8.660279e-02 1.956964e-01 -4.700074e+02)	(1.764557e-03 -8.658585e-05 -8.120798e-05)
4314          	(8.836404e-02 1.955809e-01 -4.700075e+02)	(8.659933e-02 1.956675e-01 -4.700074e+02)	(1.764709e-03 -8.659545e-05 -8.124165e-05)
4315          	(8.836101e-02 1.955557e-01 -4.700075e+02)	(8.659612e-02 1.956424e-01 -4.700074e+02)	(1.764897e-03 -8.660999e-05 -8.129087e-05)
4316          	(8.835976e-02 1.955437e-01 -4.700075e+02)	(8.659465e-02 1.956303e-01 -4.700074e+02)	(1.765109e-03 -8.662816e-05 -8.135143e-05)
4317          	(8.835855e-02 1.955325e-01 -4.700075e+02)	(8.659323e-02 1.956191e-01 -4.700074e+02)	(1.765327e-03 -8.664548e-05 -8.142091e-05)
4318          	(8.835703e-02 1.955203e-01 -4.700075e+02)	(8.659149e-02 1.956070e-01 -4.700074e+02)	(1.765546e-03 -8.666076e-05 -8.149739e-05)
4319          	(8.835518e-02 1.955072e-01 -4.700075e+02)	(8.658942e-02 1.955939e-01 -4.700074e+02)	(1.765758e-03 -8.667373e-05 -8.157572e-05)
4320          	(8.835300e-02 1.954932e-01 -4.700075e+02)	(8.658705e-02 1.955799e-01 -4.700074e+02)	(1.765953e-03 -8.668594e-05 -8.165016e-05)
4321          	(8.835049e-02 1.954784e-01 -4.700075e+02)	(8.658437e-02 1.955651e-01 -4.700074e+02)	(1.766115e-03 -8.669579e-05 -8.171489e-05)
4322          	(8.834768e-02 1.954634e-01 -4.700075e+02)	(8.658144e-02 1.955501e-01 -4.700074e+02)	(1.766235e-03 -8.670680e-05 -8.176443e-05)
4323          	(8.834434e-02 1.954482e-01 -4.700075e+02)	(8.657805e-02 1.955349e-01 -4.700074e+02)	(1.766298e-03 -8.671715e-05 -8.179476e-05)
4324          	(8.834067e-02 1.954342e-01 -4.700075e+02)	(8.657437e-02 1.955209e-01 -4.700074e+02)	(1.766306e-03 -8.672889e-05 -8.180579e-05)
4325          	(8.833163e-02 1.954123e-01 -4.700075e+02)	(8.656541e-02 1.954990e-01 -4.700074e+02)	(1.766215e-03 -8.673139e-05 -8.181964e-05)
4326          	(8.832906e-02 1.954056e-01 -4.700075e+02)	(8.656294e-02 1.954924e-01 -4.700074e+02)	(1.766119e-03 -8.675195e-05 -8.181830e-05)
4327          	(8.832722e-02 1.954050e-01 -4.700075e+02)	(8.656128e-02 1.954918e-01 -4.700074e+02)	(1.765939e-03 -8.676024e-05 -8.177993e-05)
4328          	(8.832790e-02 1.954230e-01 -4.700075e+02)	(8.656217e-02 1.955098e-01 -4.700074e+02)	(1.765731e-03 -8.676875e-05 -8.172427e-05)
4329          	(8.833019e-02 1.954496e-01 -4.700075e+02)	(8.656471e-02 1.955363e-01 -4.700074e+02)	(1.765489e-03 -8.677307e-05 -8.165796e-05)
4330          	(8.833453e-02 1.954861e-01 -4.700075e+02)	(8.656929e-02 1.955729e-01 -4.700074e+02)	(1.765235e-03 -8.677449e-05 -8.158243e-05)
4331          	(8.835116e-02 1.956045e-01 -4.700074e+02)	(8.658622e-02 1.956913e-01 -4.700074e+02)	(1.764946e-03 -8.676378e-05 -8.153571e-05)
4332          	(8.835501e-02 1.956266e-01 -4.700074e+02)	(8.659031e-02 1.957134e-01 -4.700074e+02)	(1.764706e-03 -8.676049e-05 -8.148615e-05)
4333          	(8.835609e-02 1.956277e-01 -4.700074e+02)	(8.659161e-02 1.957145e-01 -4.700074e+02)	(1.764483e-03 -8.674626e-05 -8.140532e-05)
4334          	(8.835753e-02 1.956281e-01 -4.700074e+02)	(8.659322e-02 1.957148e-01 -4.700074e+02)	(1.764308e-03 -8.673200e-05 -8.132602e-05)
4335          	(8.835935e-02 1.956281e-01 -4.700074e+02)	(8.659518e-02 1.957148e-01 -4.700074e+02)	(1.764179e-03 -8.671646e-05 -8.125213e-05)
4336          	(8.839404e-02 1.957124e-01 -4.700074e+02)	(8.662982e-02 1.957991e-01 -4.700073e+02)	(1.764221e-03 -8.672943e-05 -8.120493e-05)
4337          	(8.839504e-02 1.957100e-01 -4.700074e+02)	(8.663074e-02 1.957967e-01 -4.700073e+02)	(1.764304e-03 -8.674174e-05 -8.117877e-05)
4338          	(8.839578e-02 1.957071e-01 -4.700074e+02)	(8.663140e-02 1.957939e-01 -4.700073e+02)	(1.764381e-03 -8.673931e-05 -8.115219e-05)
4339          	(8.839640e-02 1.957041e-01 -4.700074e+02)	(8.663190e-02 1.957908e-01 -4.700073e+02)	(1.764495e-03 -8.674019e-05 -8.114637e-05)
4340          	(8.839700e-02 1.957013e-01 -4.700074e+02)	(8.663236e-02 1.957881e-01 -4.700073e+02)	(1.764645e-03 -8.674737e-05 -8.116029e-05)
4341          	(8.840227e-02 1.957389e-01 -4.700074e+02)	(8.663748e-02 1.958256e-01 -4.700073e+02)	(1.764788e-03 -8.675066e-05 -8.118827e-05)
4342          	(8.840290e-02 1.957384e-01 -4.700074e+02)	(8.663791e-02 1.958252e-01 -4.700073e+02)	(1.764997e-03 -8.677109e-05 -8.123883e-05)
4343          	(8.840362e-02 1.957382e-01 -4.700074e+02)	(8.663844e-02 1.958250e-01 -4.700073e+02)	(1.765173e-03 -8.677678e-05 -8.130008e-05)
4344          	(8.840456e-02 1.957384e-01 -4.700074e+02)	(8.663920e-02 1.958252e-01 -4.700073e+02)	(1.765358e-03 -8.678402e-05 -8.137104e-05)
4345          	(8.840582e-02 1.957391e-01 -4.700074e+02)	(8.664028e-02 1.958259e-01 -4.700073e+02)	(1.765542e-03 -8.679252e-05 -8.144633e-05)
4346          	(8.841568e-02 1.957954e-01 -4.700074e+02)	(8.664998e-02 1.958822e-01 -4.700073e+02)	(1.765698e-03 -8.678445e-05 -8.151224e-05)
4347          	(8.841690e-02 1.957960e-01 -4.700074e+02)	(8.665102e-02 1.958828e-01 -4.700073e+02)	(1.765882e-03 -8.680019e-05 -8.158284e-05)
4348          	(8.841827e-02 1.957973e-01 -4.700074e+02)	(8.665230e-02 1.958841e-01 -4.700073e+02)	(1.765973e-03 -8.680847e-05 -8.163095e-05)
4349          	(8.842034e-02 1.958019e-01 -4.700074e+02)	(8.665432e-02 1.958887e-01 -4.700073e+02)	(1.766021e-03 -8.682091e-05 -8.165768e-05)
4350          	(8.843967e-02 1.959011e-01 -4.700074e+02)	(8.667366e-02 1.959879e-01 -4.700073e+02)	(1.766007e-03 -8.682630e-05 -8.167949e-05)
4351          	(8.844158e-02 1.959045e-01 -4.700074e+02)	(8.667559e-02 1.959913e-01 -4.700073e+02)	(1.765990e-03 -8.685279e-05 -8.168383e-05)
4352          	(8.844386e-02 1.959095e-01 -4.700074e+02)	(8.667797e-02 1.959964e-01 -4.700073e+02)	(1.765888e-03 -8.687545e-05 -8.164939e-05)
4353          	(8.844681e-02 1.959172e-01 -4.700074e+02)	(8.668106e-02 1.960041e-01 -4.700073e+02)	(1.765749e-03 -8.690105e-05 -8.159667e-05)
4354          	(8.847021e-02 1.960247e-01 -4.700074e+02)	(8.670462e-02 1.961116e-01 -4.700073e+02)	(1.765585e-03 -8.692276e-05 -8.156083e-05)
4355          	(8.847277e-02 1.960290e-01 -4.700074e+02)	(8.670734e-02 1.961160e-01 -4.700073e+02)	(1.765436e-03 -8.695610e-05 -8.151702e-05)
4356          	(8.847555e-02 1.960335e-01 -4.700074e+02)	(8.671030e-02 1.961205e-01 -4.700073e+02)	(1.765252e-03 -8.698042e-05 -8.143607e-05)
4357          	(8.847872e-02 1.960385e-01 -4.700074e+02)	(8.671364e-02 1.961255e-01 -4.700073e+02)	(1.765073e-03 -8.699761e-05 -8.134078e-05)
4358          	(8.849778e-02 1.961101e-01 -4.700074e+02)	(8.673286e-02 1.961971e-01 -4.700073e+02)	(1.764921e-03 -8.701063e-05 -8.126323e-05)
4359          	(8.849992e-02 1.961095e-01 -4.700074e+02)	(8.673512e-02 1.961965e-01 -4.700073e+02)	(1.764807e-03 -8.702525e-05 -8.119060e-05)
4360          	(8.850206e-02 1.961084e-01 -4.700074e+02)	(8.673736e-02 1.961955e-01 -4.700073e+02)	(1.764704e-03 -8.702451e-05 -8.109525e-05)
4361          	(8.850430e-02 1.961070e-01 -4.700074e+02)	(8.673966e-02 1.961940e-01 -4.700073e+02)	(1.764641e-03 -8.701979e-05 -8.101179e-05)
4362          	(8.852034e-02 1.961554e-01 -4.700074e+02)	(8.675571e-02 1.962425e-01 -4.700073e+02)	(1.764635e-03 -8.702379e-05 -8.095683e-05)
4363          	(8.852171e-02 1.961515e-01 -4.700074e+02)	(8.675702e-02 1.962385e-01 -4.700073e+02)	(1.764692e-03 -8.703499e-05 -8.092811e-05)
4364          	(8.852288e-02 1.961466e-01 -4.700074e+02)	(8.675811e-02 1.962337e-01 -4.700073e+02)	(1.764767e-03 -8.703587e-05 -8.090390e-05)
4365          	(8.852395e-02 1.961409e-01 -4.700074e+02)	(8.675907e-02 1.962279e-01 -4.700073e+02)	(1.764879e-03 -8.704125e-05 -8.090569e-05)
4366          	(8.851526e-02 1.961109e-01 -4.700075e+02)	(8.675028e-02 1.961980e-01 -4.700074e+02)	(1.764979e-03 -8.705215e-05 -8.092816e-05)
4367          	(8.851617e-02 1.961072e-01 -4.700075e+02)	(8.675100e-02 1.961942e-01 -4.700074e+02)	(1.765162e-03 -8.707914e-05 -8.097578e-05)
4368          	(8.851695e-02 1.961029e-01 -4.700075e+02)	(8.675161e-02 1.961900e-01 -4.700074e+02)	(1.765334e-03 -8.709105e-05 -8.103557e-05)
4369          	(8.851785e-02 1.960987e-01 -4.700075e+02)	(8.675232e-02 1.961858e-01 -4.700074e+02)	(1.765527e-03 -8.710287e-05 -8.110682e-05)
4370          	(8.851930e-02 1.960841e-01 -4.700075e+02)	(8.675355e-02 1.961712e-01 -4.700074e+02)	(1.765745e-03 -8.711622e-05 -8.117536e-05)
4371          	(8.852012e-02 1.960812e-01 -4.700075e+02)	(8.675412e-02 1.961684e-01 -4.700074e+02)	(1.766004e-03 -8.714264e-05 -8.125819e-05)
4372          	(8.852088e-02 1.960781e-01 -4.700075e+02)	(8.675469e-02 1.961653e-01 -4.700074e+02)	(1.766192e-03 -8.715363e-05 -8.133381e-05)
4373          	(8.852167e-02 1.960747e-01 -4.700075e+02)	(8.675531e-02 1.961619e-01 -4.700074e+02)	(1.766356e-03 -8.716510e-05 -8.139876e-05)
4374          	(8.852188e-02 1.960352e-01 -4.700075e+02)	(8.675537e-02 1.961223e-01 -4.700074e+02)	(1.766515e-03 -8.718968e-05 -8.144989e-05)
4375          	(8.852262e-02 1.960331e-01 -4.700075e+02)	(8.675596e-02 1.961204e-01 -4.700074e+02)	(1.766665e-03 -8.722641e-05 -8.149580e-05)
4376          	(8.852335e-02 1.960320e-01 -4.700075e+02)	(8.675664e-02 1.961193e-01 -4.700074e+02)	(1.766712e-03 -8.725063e-05 -8.150557e-05)
4377          	(8.852428e-02 1.960315e-01 -4.700075e+02)	(8.675758e-02 1.961188e-01 -4.700074e+02)	(1.766700e-03 -8.727590e-05 -8.149143e-05)
4378          	(8.852464e-02 1.960008e-01 -4.700075e+02)	(8.675798e-02 1.960882e-01 -4.700074e+02)	(1.766660e-03 -8.731919e-05 -8.148357e-05)
4379          	(8.852533e-02 1.960017e-01 -4.700075e+02)	(8.675873e-02 1.960891e-01 -4.700074e+02)	(1.766602e-03 -8.736952e-05 -8.146417e-05)
4380          	(8.852595e-02 1.960036e-01 -4.700075e+02)	(8.675948e-02 1.960911e-01 -4.700074e+02)	(1.766472e-03 -8.740648e-05 -8.141078e-05)
4381          	(8.852653e-02 1.960063e-01 -4.700075e+02)	(8.676021e-02 1.960937e-01 -4.700074e+02)	(1.766312e-03 -8.743710e-05 -8.134262e-05)
4382          	(8.851127e-02 1.959545e-01 -4.700075e+02)	(8.674519e-02 1.960420e-01 -4.700075e+02)	(1.766080e-03 -8.746396e-05 -8.129219e-05)
4383          	(8.851146e-02 1.959556e-01 -4.700075e+02)	(8.674558e-02 1.960431e-01 -4.700075e+02)	(1.765878e-03 -8.749013e-05 -8.123394e-05)
4384          	(8.851150e-02 1.959561e-01 -4.700075e+02)	(8.674582e-02 1.960436e-01 -4.700075e+02)	(1.765679e-03 -8.749643e-05 -8.114506e-05)
4385          	(8.851139e-02 1.959562e-01 -4.700075e+02)	(8.674588e-02 1.960437e-01 -4.700075e+02)	(1.765506e-03 -8.749274e-05 -8.105247e-05)
4386          	(8.851107e-02 1.959555e-01 -4.700075e+02)	(8.674571e-02 1.960429e-01 -4.700075e+02)	(1.765360e-03 -8.748138e-05 -8.096625e-05)
4387          	(8.850640e-02 1.959076e-01 -4.700076e+02)	(8.674112e-02 1.959950e-01 -4.700075e+02)	(1.765274e-03 -8.748409e-05 -8.090784e-05)
4388          	(8.850573e-02 1.959047e-01 -4.700076e+02)	(8.674048e-02 1.959922e-01 -4.700075e+02)	(1.765251e-03 -8.748553e-05 -8.087092e-05)
4389          	(8.850483e-02 1.959009e-01 -4.700076e+02)	(8.673959e-02 1.959884e-01 -4.700075e+02)	(1.765246e-03 -8.746776e-05 -8.083113e-05)
4390          	(8.850368e-02 1.958962e-01 -4.700076e+02)	(8.673840e-02 1.959836e-01 -4.700075e+02)	(1.765287e-03 -8.745173e-05 -8.081084e-05)
4391          	(8.850227e-02 1.958903e-01 -4.700076e+02)	(8.673689e-02 1.959777e-01 -4.700075e+02)	(1.765373e-03 -8.744043e-05 -8.081546e-05)
4392          	(8.850048e-02 1.958828e-01 -4.700076e+02)	(8.673498e-02 1.959702e-01 -4.700075e+02)	(1.765498e-03 -8.743581e-05 -8.084343e-05)
4393          	(8.847935e-02 1.957613e-01 -4.700076e+02)	(8.671369e-02 1.958487e-01 -4.700075e+02)	(1.765663e-03 -8.745057e-05 -8.088729e-05)
4394          	(8.847829e-02 1.957584e-01 -4.700076e+02)	(8.671240e-02 1.958459e-01 -4.700075e+02)	(1.765888e-03 -8.747193e-05 -8.095116e-05)
4395          	(8.847723e-02 1.957563e-01 -4.700076e+02)	(8.671115e-02 1.958437e-01 -4.700075e+02)	(1.766081e-03 -8.747322e-05 -8.102466e-05)
4396          	(8.847608e-02 1.957542e-01 -4.700076e+02)	(8.670980e-02 1.958417e-01 -4.700075e+02)	(1.766287e-03 -8.747099e-05 -8.110557e-05)
4397          	(8.847473e-02 1.957519e-01 -4.700076e+02)	(8.670825e-02 1.958394e-01 -4.700075e+02)	(1.766483e-03 -8.746406e-05 -8.118691e-05)
4398          	(8.847308e-02 1.957491e-01 -4.700076e+02)	(8.670641e-02 1.958366e-01 -4.700075e+02)	(1.766661e-03 -8.745411e-05 -8.126325e-05)
4399          	(8.847107e-02 1.957458e-01 -4.700076e+02)	(8.670426e-02 1.958333e-01 -4.700075e+02)	(1.766813e-03 -8.744419e-05 -8.132980e-05)
4400          	(8.843719e-02 1.956599e-01 -4.700076e+02)	(8.667038e-02 1.957473e-01 -4.700075e+02)	(1.766810e-03 -8.741380e-05 -8.138123e-05)
4401          	(8.843568e-02 1.956579e-01 -4.700076e+02)	(8.666885e-02 1.957453e-01 -4.700075e+02)	(1.766828e-03 -8.740638e-05 -8.142989e-05)
4402          	(8.843423e-02 1.956573e-01 -4.700076e+02)	(8.666747e-02 1.957447e-01 -4.700075e+02)	(1.766767e-03 -8.738945e-05 -8.144301e-05)
4403          	(8.843282e-02 1.956577e-01 -4.700076e+02)	(8.666615e-02 1.957451e-01 -4.700075e+02)	(1.766673e-03 -8.737828e-05 -8.143404e-05)
4404          	(8.843149e-02 1.956588e-01 -4.700076e+02)	(8.666494e-02 1.957462e-01 -4.700075e+02)	(1.766543e-03 -8.737346e-05 -8.140485e-05)
4405          	(8.843010e-02 1.956601e-01 -4.700076e+02)	(8.666372e-02 1.957475e-01 -4.700075e+02)	(1.766379e-03 -8.737177e-05 -8.136371e-05)
4406          	(8.842643e-02 1.956429e-01 -4.700076e+02)	(8.666023e-02 1.957303e-01 -4.700075e+02)	(1.766197e-03 -8.737856e-05 -8.135315e-05)
4407          	(8.842546e-02 1.956451e-01 -4.700076e+02)	(8.665943e-02 1.957325e-01 -4.700075e+02)	(1.766024e-03 -8.739209e-05 -8.133358e-05)
4408          	(8.842467e-02 1.956480e-01 -4.700076e+02)	(8.665884e-02 1.957354e-01 -4.700075e+02)	(1.765824e-03 -8.739167e-05 -8.127441e-05)
4409          	(8.842399e-02 1.956518e-01 -4.700076e+02)	(8.665837e-02 1.957392e-01 -4.700075e+02)	(1.765622e-03 -8.738272e-05 -8.120247e-05)
4410          	(8.842337e-02 1.956564e-01 -4.700076e+02)	(8.665795e-02 1.957438e-01 -4.700075e+02)	(1.765423e-03 -8.736430e-05 -8.111875e-05)
4411          	(8.842270e-02 1.956614e-01 -4.700076e+02)	(8.665745e-02 1.957487e-01 -4.700075e+02)	(1.765245e-03 -8.733771e-05 -8.103582e-05)
4412          	(8.842189e-02 1.956664e-01 -4.700076e+02)	(8.665680e-02 1.957537e-01 -4.700075e+02)	(1.765098e-03 -8.730577e-05 -8.095748e-05)
4413          	(8.842090e-02 1.956711e-01 -4.700076e+02)	(8.665592e-02 1.957583e-01 -4.700075e+02)	(1.764981e-03 -8.726684e-05 -8.089142e-05)
4414          	(8.841959e-02 1.956744e-01 -4.700076e+02)	(8.665468e-02 1.957616e-01 -4.700075e+02)	(1.764906e-03 -8.722550e-05 -8.084516e-05)
4415          	(8.841801e-02 1.956766e-01 -4.700076e+02)	(8.665313e-02 1.957638e-01 -4.700075e+02)	(1.764879e-03 -8.718526e-05 -8.082028e-05)
4416          	(8.841621e-02 1.956777e-01 -4.700076e+02)	(8.665131e-02 1.957649e-01 -4.700075e+02)	(1.764897e-03 -8.714978e-05 -8.081852e-05)
4417          	(8.841419e-02 1.956774e-01 -4.700076e+02)	(8.664923e-02 1.957646e-01 -4.700075e+02)	(1.764958e-03 -8.711870e-05 -8.084135e-05)
4418          	(8.841199e-02 1.956756e-01 -4.700076e+02)	(8.664693e-02 1.957627e-01 -4.700075e+02)	(1.765060e-03 -8.709407e-05 -8.088372e-05)
4419          	(8.840960e-02 1.956722e-01 -4.700076e+02)	(8.664440e-02 1.957593e-01 -4.700075e+02)	(1.765195e-03 -8.707525e-05 -8.094364e-05)
4420          	(8.840701e-02 1.956671e-01 -4.700076e+02)	(8.664165e-02 1.957541e-01 -4.700075e+02)	(1.765361e-03 -8.706024e-05 -8.101678e-05)
4421          	(8.839801e-02 1.956302e-01 -4.700076e+02)	(8.663247e-02 1.957172e-01 -4.700075e+02)	(1.765536e-03 -8.704737e-05 -8.109761e-05)
4422          	(8.839543e-02 1.956238e-01 -4.700076e+02)	(8.662971e-02 1.957108e-01 -4.700075e+02)	(1.765718e-03 -8.703155e-05 -8.118331e-05)
4423          	(8.839282e-02 1.956168e-01 -4.700076e+02)	(8.662692e-02 1.957038e-01 -4.700075e+02)	(1.765900e-03 -8.701322e-05 -8.126847e-05)
4424          	(8.838756e-02 1.955407e-01 -4.700075e+02)	(8.662141e-02 1.956277e-01 -4.700074e+02)	(1.766150e-03 -8.700394e-05 -8.134043e-05)
4425          	(8.838623e-02 1.955384e-01 -4.700075e+02)	(8.661982e-02 1.956254e-01 -4.700074e+02)	(1.766408e-03 -8.700609e-05 -8.142005e-05)
4426          	(8.838519e-02 1.955378e-01 -4.700075e+02)	(8.661864e-02 1.956248e-01 -4.700074e+02)	(1.766550e-03 -8.699233e-05 -8.147798e-05)
4427          	(8.838422e-02 1.955387e-01 -4.700075e+02)	(8.661758e-02 1.956257e-01 -4.700074e+02)	(1.766642e-03 -8.698086e-05 -8.151796e-05)
4428          	(8.838327e-02 1.955418e-01 -4.700075e+02)	(8.661659e-02 1.956288e-01 -4.700074e+02)	(1.766679e-03 -8.697305e-05 -8.153896e-05)
4429          	(8.837609e-02 1.955712e-01 -4.700075e+02)	(8.660951e-02 1.956581e-01 -4.700074e+02)	(1.766576e-03 -8.694669e-05 -8.156934e-05)
4430          	(8.837521e-02 1.955756e-01 -4.700075e+02)	(8.660874e-02 1.956625e-01 -4.700074e+02)	(1.766479e-03 -8.694394e-05 -8.158201e-05)
4431          	(8.837441e-02 1.955817e-01 -4.700075e+02)	(8.660810e-02 1.956687e-01 -4.700074e+02)	(1.766316e-03 -8.693742e-05 -8.156130e-05)
4432          	(8.837376e-02 1.955897e-01 -4.700075e+02)	(8.660763e-02 1.956766e-01 -4.700074e+02)	(1.766131e-03 -8.693505e-05 -8.152312e-05)
4433          	(8.837326e-02 1.955991e-01 -4.700075e+02)	(8.660734e-02 1.956860e-01 -4.700074e+02)	(1.765924e-03 -8.693135e-05 -8.147541e-05)
4434          	(8.838069e-02 1.956861e-01 -4.700075e+02)	(8.661504e-02 1.957730e-01 -4.700074e+02)	(1.765654e-03 -8.690767e-05 -8.145521e-05)
4435          	(8.837997e-02 1.956874e-01 -4.700075e+02)	(8.661454e-02 1.957743e-01 -4.700074e+02)	(1.765426e-03 -8.689240e-05 -8.141779e-05)
4436          	(8.837943e-02 1.956879e-01 -4.700075e+02)	(8.661422e-02 1.957748e-01 -4.700074e+02)	(1.765208e-03 -8.686879e-05 -8.134395e-05)
4437          	(8.837912e-02 1.956882e-01 -4.700075e+02)	(8.661411e-02 1.957750e-01 -4.700074e+02)	(1.765018e-03 -8.683946e-05 -8.126240e-05)
4438          	(8.837899e-02 1.956888e-01 -4.700075e+02)	(8.661413e-02 1.957756e-01 -4.700074e+02)	(1.764865e-03 -8.680601e-05 -8.118018e-05)
4439          	(8.837902e-02 1.956892e-01 -4.700075e+02)	(8.661426e-02 1.957759e-01 -4.700074e+02)	(1.764758e-03 -8.677066e-05 -8.111168e-05)
4440          	(8.837913e-02 1.956893e-01 -4.700075e+02)	(8.661443e-02 1.957760e-01 -4.700074e+02)	(1.764698e-03 -8.673660e-05 -8.106118e-05)
4441          	(8.837925e-02 1.956890e-01 -4.700075e+02)	(8.661456e-02 1.957757e-01 -4.700074e+02)	(1.764688e-03 -8.670436e-05 -8.103504e-05)
4442          	(8.837925e-02 1.956878e-01 -4.700075e+02)	(8.661453e-02 1.957745e-01 -4.700074e+02)	(1.764726e-03 -8.667837e-05 -8.103136e-05)
4443          	(8.837900e-02 1.956834e-01 -4.700075e+02)	(8.661419e-02 1.957700e-01 -4.700074e+02)	(1.764811e-03 -8.666136e-05 -8.105356e-05)
4444          	(8.837808e-02 1.956675e-01 -4.700075e+02)	(8.661312e-02 1.957542e-01 -4.700074e+02)	(1.764954e-03 -8.665607e-05 -8.110020e-05)
4445          	(8.838345e-02 1.956586e-01 -4.700075e+02)	(8.661827e-02 1.957453e-01 -4.700074e+02)	(1.765175e-03 -8.666327e-05 -8.116468e-05)
4446          	(8.838188e-02 1.956408e-01 -4.700075e+02)	(8.661647e-02 1.957275e-01 -4.700074e+02)	(1.765417e-03 -8.667327e-05 -8.124267e-05)
4447          	(8.838015e-02 1.956227e-01 -4.700075e+02)	(8.661447e-02 1.957093e-01 -4.700074e+02)	(1.765672e-03 -8.668339e-05 -8.132926e-05)
4448          	(8.837977e-02 1.956179e-01 -4.700075e+02)	(8.661384e-02 1.957046e-01 -4.700074e+02)	(1.765929e-03 -8.669063e-05 -8.141816e-05)
4449          	(8.837925e-02 1.956119e-01 -4.700075e+02)	(8.661308e-02 1.956986e-01 -4.700074e+02)	(1.766175e-03 -8.669404e-05 -8.150668e-05)
4450          	(8.837857e-02 1.956047e-01 -4.700075e+02)	(8.661216e-02 1.956914e-01 -4.700074e+02)	(1.766405e-03 -8.669618e-05 -8.158809e-05)
4451          	(8.837761e-02 1.955961e-01 -4.700075e+02)	(8.661100e-02 1.956828e-01 -4.700074e+02)	(1.766610e-03 -8.669952e-05 -8.165666e-05)
4452          	(8.837653e-02 1.955874e-01 -4.700075e+02)	(8.660975e-02 1.956741e-01 -4.700074e+02)	(1.766775e-03 -8.670589e-05 -8.170847e-05)
4453          	(8.837503e-02 1.955776e-01 -4.700075e+02)	(8.660815e-02 1.956644e-01 -4.700074e+02)	(1.766887e-03 -8.671454e-05 -8.174125e-05)
4454          	(8.837309e-02 1.955670e-01 -4.700075e+02)	(8.660615e-02 1.956537e-01 -4.700074e+02)	(1.766941e-03 -8.672723e-05 -8.175088e-05)
4455          	(8.837068e-02 1.955558e-01 -4.700075e+02)	(8.660375e-02 1.956425e-01 -4.700074e+02)	(1.766929e-03 -8.674393e-05 -8.174374e-05)
4456          	(8.836785e-02 1.955443e-01 -4.700075e+02)	(8.660098e-02 1.956310e-01 -4.700074e+02)	(1.766862e-03 -8.676558e-05 -8.172049e-05)
4457          	(8.836467e-02 1.955328e-01 -4.700075e+02)	(8.659793e-02 1.956196e-01 -4.700074e+02)	(1.766742e-03 -8.678944e-05 -8.168674e-05)
4458          	(8.836124e-02 1.955216e-01 -4.700075e+02)	(8.659466e-02 1.956084e-01 -4.700074e+02)	(1.766575e-03 -8.681398e-05 -8.164734e-05)
4459          	(8.835769e-02 1.955107e-01 -4.700075e+02)	(8.659131e-02 1.955975e-01 -4.700074e+02)	(1.766378e-03 -8.683686e-05 -8.160268e-05)
4460          	(8.835413e-02 1.955001e-01 -4.700075e+02)	(8.658796e-02 1.955870e-01 -4.700074e+02)	(1.766167e-03 -8.685628e-05 -8.155005e-05)
4461          	(8.835066e-02 1.954901e-01 -4.700075e+02)	(8.658472e-02 1.955769e-01 -4.700074e+02)	(1.765942e-03 -8.686780e-05 -8.149263e-05)
4462          	(8.834669e-02 1.954789e-01 -4.700075e+02)	(8.658098e-02 1.955658e-01 -4.700074e+02)	(1.765716e-03 -8.687038e-05 -8.142803e-05)
4463          	(8.834310e-02 1.954686e-01 -4.700075e+02)	(8.657759e-02 1.955555e-01 -4.700074e+02)	(1.765505e-03 -8.686366e-05 -8.136013e-05)
4464          	(8.833991e-02 1.954592e-01 -4.700075e+02)	(8.657459e-02 1.955460e-01 -4.700074e+02)	(1.765320e-03 -8.684934e-05 -8.129635e-05)
4465          	(8.833715e-02 1.954506e-01 -4.700075e+02)	(8.657198e-02 1.955374e-01 -4.700074e+02)	(1.765170e-03 -8.682936e-05 -8.123875e-05)
4466          	(8.833481e-02 1.954429e-01 -4.700075e+02)	(8.656975e-02 1.955297e-01 -4.700074e+02)	(1.765063e-03 -8.680706e-05 -8.119321e-05)
4467          	(8.833290e-02 1.954363e-01 -4.700075e+02)	(8.656790e-02 1.955231e-01 -4.700074e+02)	(1.764998e-03 -8.678525e-05 -8.116105e-05)
4468          	(8.832906e-02 1.954436e-01 -4.700074e+02)	(8.656411e-02 1.955304e-01 -4.700074e+02)	(1.764945e-03 -8.677012e-05 -8.115035e-05)
4469          	(8.832811e-02 1.954394e-01 -4.700074e+02)	(8.656313e-02 1.955261e-01 -4.700074e+02)	(1.764981e-03 -8.676959e-05 -8.116416e-05)
4470          	(8.832754e-02 1.954361e-01 -4.700074e+02)	(8.656251e-02 1.955228e-01 -4.700074e+02)	(1.765032e-03 -8.675569e-05 -8.118247e-05)
4471          	(8.832762e-02 1.954349e-01 -4.700074e+02)	(8.656249e-02 1.955216e-01 -4.700074e+02)	(1.765133e-03 -8.674816e-05 -8.121855e-05)
4472          	(8.832839e-02 1.954355e-01 -4.700074e+02)	(8.656312e-02 1.955223e-01 -4.700074e+02)	(1.765275e-03 -8.674774e-05 -8.126789e-05)
4473          	(8.833055e-02 1.954422e-01 -4.700074e+02)	(8.656511e-02 1.955289e-01 -4.700074e+02)	(1.765438e-03 -8.674800e-05 -8.132994e-05)
4474          	(8.835067e-02 1.955380e-01 -4.700074e+02)	(8.658504e-02 1.956247e-01 -4.700074e+02)	(1.765625e-03 -8.673702e-05 -8.138815e-05)
4475          	(8.835305e-02 1.955448e-01 -4.700074e+02)	(8.658718e-02 1.956316e-01 -4.700074e+02)	(1.765871e-03 -8.674725e-05 -8.146574e-05)
4476          	(8.835544e-02 1.955510e-01 -4.700074e+02)	(8.658941e-02 1.956377e-01 -4.700074e+02)	(1.766039e-03 -8.674749e-05 -8.154281e-05)
4477          	(8.836228e-02 1.955772e-01 -4.700074e+02)	(8.659608e-02 1.956640e-01 -4.700074e+02)	(1.766192e-03 -8.674928e-05 -8.161098e-05)
4478          	(8.836465e-02 1.955817e-01 -4.700074e+02)	(8.659834e-02 1.956684e-01 -4.700074e+02)	(1.766309e-03 -8.675520e-05 -8.166325e-05)
4479          	(8.839216e-02 1.956999e-01 -4.700074e+02)	(8.662576e-02 1.957867e-01 -4.700074e+02)	(1.766403e-03 -8.675852e-05 -8.170760e-05)
4480          	(8.839277e-02 1.956972e-01 -4.700074e+02)	(8.662629e-02 1.957840e-01 -4.700074e+02)	(1.766483e-03 -8.678434e-05 -8.174023e-05)
4481          	(8.839304e-02 1.956944e-01 -4.700074e+02)	(8.662659e-02 1.957812e-01 -4.700074e+02)	(1.766449e-03 -8.680349e-05 -8.173267e-05)
4482          	(8.839323e-02 1.956922e-01 -4.700074e+02)	(8.662687e-02 1.957791e-01 -4.700074e+02)	(1.766361e-03 -8.682703e-05 -8.170412e-05)
4483          	(8.839353e-02 1.956916e-01 -4.700074e+02)	(8.662730e-02 1.957784e-01 -4.700074e+02)	(1.766229e-03 -8.685496e-05 -8.166144e-05)
4484          	(8.841864e-02 1.957706e-01 -4.700074e+02)	(8.665251e-02 1.958575e-01 -4.700073e+02)	(1.766128e-03 -8.689374e-05 -8.164280e-05)
4485          	(8.841849e-02 1.957686e-01 -4.700074e+02)	(8.665248e-02 1.958555e-01 -4.700073e+02)	(1.766010e-03 -8.693691e-05 -8.161313e-05)
4486          	(8.841846e-02 1.957674e-01 -4.700074e+02)	(8.665263e-02 1.958544e-01 -4.700073e+02)	(1.765836e-03 -8.696622e-05 -8.154351e-05)
4487          	(8.841876e-02 1.957675e-01 -4.700074e+02)	(8.665311e-02 1.958545e-01 -4.700073e+02)	(1.765653e-03 -8.698785e-05 -8.146005e-05)
4488          	(8.841951e-02 1.957692e-01 -4.700074e+02)	(8.665404e-02 1.958562e-01 -4.700073e+02)	(1.765468e-03 -8.700069e-05 -8.136680e-05)
4489          	(8.842838e-02 1.958447e-01 -4.700074e+02)	(8.666313e-02 1.959317e-01 -4.700073e+02)	(1.765244e-03 -8.699303e-05 -8.129822e-05)
4490          	(8.842905e-02 1.958433e-01 -4.700074e+02)	(8.666397e-02 1.959303e-01 -4.700073e+02)	(1.765082e-03 -8.699219e-05 -8.123274e-05)
4491          	(8.842999e-02 1.958420e-01 -4.700074e+02)	(8.666505e-02 1.959290e-01 -4.700073e+02)	(1.764945e-03 -8.697839e-05 -8.115549e-05)
4492          	(8.843137e-02 1.958415e-01 -4.700074e+02)	(8.666651e-02 1.959284e-01 -4.700073e+02)	(1.764865e-03 -8.696546e-05 -8.108959e-05)
4493          	(8.844364e-02 1.959099e-01 -4.700074e+02)	(8.667883e-02 1.959969e-01 -4.700073e+02)	(1.764812e-03 -8.695235e-05 -8.105394e-05)
4494          	(8.844505e-02 1.959086e-01 -4.700074e+02)	(8.668021e-02 1.959956e-01 -4.700073e+02)	(1.764836e-03 -8.695258e-05 -8.104127e-05)
4495          	(8.844675e-02 1.959077e-01 -4.700074e+02)	(8.668186e-02 1.959946e-01 -4.700073e+02)	(1.764887e-03 -8.694475e-05 -8.103545e-05)
4496          	(8.845922e-02 1.959583e-01 -4.700074e+02)	(8.669422e-02 1.960453e-01 -4.700073e+02)	(1.764997e-03 -8.694655e-05 -8.105220e-05)
4497          	(8.846111e-02 1.959583e-01 -4.700074e+02)	(8.669593e-02 1.960452e-01 -4.700073e+02)	(1.765178e-03 -8.696253e-05 -8.109342e-05)
4498          	(8.846328e-02 1.959585e-01 -4.700074e+02)	(8.669793e-02 1.960454e-01 -4.700073e+02)	(1.765348e-03 -8.696648e-05 -8.114326e-05)
4499          	(8.847688e-02 1.960015e-01 -4.700074e+02)	(8.671132e-02 1.960885e-01 -4.700073e+02)	(1.765561e-03 -8.697336e-05 -8.119741e-05)
4500          	(8.847914e-02 1.960023e-01 -4.700074e+02)	(8.671331e-02 1.960893e-01 -4.700073e+02)	(1.765830e-03 -8.699548e-05 -8.127157e-05)
