# Moment      
# CofR        : (0.000000e+00 0.000000e+00 0.000000e+00)
#
# Time        	(total_x total_y total_z)	(pressure_x pressure_y pressure_z)	(viscous_x viscous_y viscous_z)
4001          	(-4.448492e-03 2.071308e-03 -1.011910e-02)	(-4.441393e-03 2.056436e-03 -1.013031e-02)	(-7.098806e-06 1.487184e-05 1.121039e-05)
4002          	(-4.448502e-03 2.071152e-03 -1.011868e-02)	(-4.441403e-03 2.056283e-03 -1.012989e-02)	(-7.099396e-06 1.486938e-05 1.121233e-05)
4003          	(-4.448476e-03 2.071011e-03 -1.011836e-02)	(-4.441376e-03 2.056146e-03 -1.012957e-02)	(-7.099942e-06 1.486495e-05 1.121461e-05)
4004          	(-4.448440e-03 2.070896e-03 -1.011816e-02)	(-4.441339e-03 2.056037e-03 -1.012938e-02)	(-7.100508e-06 1.485899e-05 1.121690e-05)
4005          	(-4.448366e-03 2.070806e-03 -1.011798e-02)	(-4.441264e-03 2.055954e-03 -1.012920e-02)	(-7.101167e-06 1.485189e-05 1.121887e-05)
4006          	(-4.448224e-03 2.070747e-03 -1.011775e-02)	(-4.441122e-03 2.055904e-03 -1.012897e-02)	(-7.101954e-06 1.484373e-05 1.122072e-05)
4007          	(-4.447551e-03 2.071847e-03 -1.011725e-02)	(-4.440449e-03 2.057010e-03 -1.012848e-02)	(-7.102457e-06 1.483709e-05 1.122169e-05)
4008          	(-4.447396e-03 2.071823e-03 -1.011682e-02)	(-4.440293e-03 2.056993e-03 -1.012804e-02)	(-7.103092e-06 1.483051e-05 1.122318e-05)
4009          	(-4.447228e-03 2.071814e-03 -1.011625e-02)	(-4.440125e-03 2.056989e-03 -1.012747e-02)	(-7.103721e-06 1.482500e-05 1.122555e-05)
4010          	(-4.447059e-03 2.071810e-03 -1.011562e-02)	(-4.439955e-03 2.056988e-03 -1.012685e-02)	(-7.104161e-06 1.482168e-05 1.122920e-05)
4011          	(-4.446899e-03 2.071781e-03 -1.011490e-02)	(-4.439795e-03 2.056960e-03 -1.012613e-02)	(-7.104355e-06 1.482101e-05 1.123418e-05)
4012          	(-4.446777e-03 2.071738e-03 -1.011420e-02)	(-4.439673e-03 2.056914e-03 -1.012544e-02)	(-7.104237e-06 1.482337e-05 1.124089e-05)
4013          	(-4.446720e-03 2.071683e-03 -1.011366e-02)	(-4.439616e-03 2.056855e-03 -1.012491e-02)	(-7.103755e-06 1.482878e-05 1.124923e-05)
4014          	(-4.446695e-03 2.071921e-03 -1.011374e-02)	(-4.439592e-03 2.057084e-03 -1.012500e-02)	(-7.102889e-06 1.483644e-05 1.125870e-05)
4015          	(-4.446836e-03 2.071976e-03 -1.011396e-02)	(-4.439735e-03 2.057130e-03 -1.012523e-02)	(-7.101735e-06 1.484581e-05 1.126924e-05)
4016          	(-4.447420e-03 2.071697e-03 -1.011429e-02)	(-4.440319e-03 2.056841e-03 -1.012557e-02)	(-7.100574e-06 1.485622e-05 1.128051e-05)
4017          	(-4.447578e-03 2.071601e-03 -1.011410e-02)	(-4.440478e-03 2.056733e-03 -1.012539e-02)	(-7.099424e-06 1.486753e-05 1.129127e-05)
4018          	(-4.447763e-03 2.071529e-03 -1.011404e-02)	(-4.440665e-03 2.056648e-03 -1.012534e-02)	(-7.098295e-06 1.488040e-05 1.130099e-05)
4019          	(-4.447938e-03 2.071491e-03 -1.011405e-02)	(-4.440841e-03 2.056597e-03 -1.012536e-02)	(-7.097232e-06 1.489459e-05 1.130904e-05)
4020          	(-4.448127e-03 2.071472e-03 -1.011415e-02)	(-4.441031e-03 2.056563e-03 -1.012547e-02)	(-7.096391e-06 1.490930e-05 1.131475e-05)
4021          	(-4.448327e-03 2.071450e-03 -1.011432e-02)	(-4.441231e-03 2.056527e-03 -1.012564e-02)	(-7.095859e-06 1.492329e-05 1.131800e-05)
4022          	(-4.448521e-03 2.071418e-03 -1.011452e-02)	(-4.441425e-03 2.056481e-03 -1.012584e-02)	(-7.095566e-06 1.493667e-05 1.131913e-05)
4023          	(-4.448694e-03 2.071371e-03 -1.011473e-02)	(-4.441599e-03 2.056423e-03 -1.012604e-02)	(-7.095502e-06 1.494850e-05 1.131822e-05)
4024          	(-4.448834e-03 2.071299e-03 -1.011492e-02)	(-4.441739e-03 2.056341e-03 -1.012624e-02)	(-7.095654e-06 1.495772e-05 1.131596e-05)
4025          	(-4.448918e-03 2.071197e-03 -1.011506e-02)	(-4.441822e-03 2.056233e-03 -1.012637e-02)	(-7.095881e-06 1.496465e-05 1.131290e-05)
4026          	(-4.448949e-03 2.071069e-03 -1.011525e-02)	(-4.441853e-03 2.056100e-03 -1.012656e-02)	(-7.096112e-06 1.496856e-05 1.130980e-05)
4027          	(-4.448893e-03 2.070897e-03 -1.011555e-02)	(-4.441797e-03 2.055928e-03 -1.012685e-02)	(-7.096309e-06 1.496923e-05 1.130685e-05)
4028          	(-4.448754e-03 2.070709e-03 -1.011596e-02)	(-4.441657e-03 2.055741e-03 -1.012726e-02)	(-7.096432e-06 1.496746e-05 1.130420e-05)
4029          	(-4.448441e-03 2.070485e-03 -1.011655e-02)	(-4.441345e-03 2.055521e-03 -1.012785e-02)	(-7.096528e-06 1.496343e-05 1.130158e-05)
4030          	(-4.447535e-03 2.070115e-03 -1.011745e-02)	(-4.440438e-03 2.055157e-03 -1.012874e-02)	(-7.096645e-06 1.495728e-05 1.129875e-05)
4031          	(-4.446567e-03 2.069791e-03 -1.011816e-02)	(-4.439470e-03 2.054842e-03 -1.012946e-02)	(-7.096804e-06 1.494979e-05 1.129559e-05)
4032          	(-4.445726e-03 2.069567e-03 -1.011860e-02)	(-4.438629e-03 2.054626e-03 -1.012990e-02)	(-7.097146e-06 1.494089e-05 1.129252e-05)
4033          	(-4.445294e-03 2.069499e-03 -1.011882e-02)	(-4.438197e-03 2.054567e-03 -1.013011e-02)	(-7.097669e-06 1.493186e-05 1.128964e-05)
4034          	(-4.444905e-03 2.069484e-03 -1.011884e-02)	(-4.437807e-03 2.054561e-03 -1.013013e-02)	(-7.098225e-06 1.492377e-05 1.128764e-05)
4035          	(-4.444486e-03 2.069489e-03 -1.011868e-02)	(-4.437387e-03 2.054572e-03 -1.012997e-02)	(-7.098665e-06 1.491721e-05 1.128684e-05)
4036          	(-4.443992e-03 2.069466e-03 -1.011833e-02)	(-4.436893e-03 2.054553e-03 -1.012961e-02)	(-7.098936e-06 1.491264e-05 1.128782e-05)
4037          	(-4.443515e-03 2.069422e-03 -1.011786e-02)	(-4.436416e-03 2.054511e-03 -1.012915e-02)	(-7.098877e-06 1.491097e-05 1.129066e-05)
4038          	(-4.443076e-03 2.069345e-03 -1.011735e-02)	(-4.435978e-03 2.054434e-03 -1.012864e-02)	(-7.098497e-06 1.491172e-05 1.129557e-05)
4039          	(-4.442703e-03 2.069214e-03 -1.011683e-02)	(-4.435605e-03 2.054300e-03 -1.012813e-02)	(-7.097769e-06 1.491454e-05 1.130235e-05)
4040          	(-4.442415e-03 2.069020e-03 -1.011620e-02)	(-4.435319e-03 2.054101e-03 -1.012751e-02)	(-7.096723e-06 1.491920e-05 1.131091e-05)
4041          	(-4.442341e-03 2.067766e-03 -1.011424e-02)	(-4.435246e-03 2.052848e-03 -1.012556e-02)	(-7.095730e-06 1.491778e-05 1.132024e-05)
4042          	(-4.442215e-03 2.067797e-03 -1.011369e-02)	(-4.435121e-03 2.052878e-03 -1.012502e-02)	(-7.094279e-06 1.491915e-05 1.133201e-05)
4043          	(-4.442205e-03 2.067911e-03 -1.011330e-02)	(-4.435112e-03 2.052984e-03 -1.012465e-02)	(-7.092916e-06 1.492777e-05 1.134103e-05)
4044          	(-4.442527e-03 2.068116e-03 -1.011283e-02)	(-4.435435e-03 2.053176e-03 -1.012418e-02)	(-7.091600e-06 1.493996e-05 1.134898e-05)
4045          	(-4.443142e-03 2.068386e-03 -1.011240e-02)	(-4.436051e-03 2.053432e-03 -1.012375e-02)	(-7.090458e-06 1.495440e-05 1.135493e-05)
4046          	(-4.443959e-03 2.068680e-03 -1.011202e-02)	(-4.436869e-03 2.053710e-03 -1.012338e-02)	(-7.089538e-06 1.497035e-05 1.135882e-05)
4047          	(-4.444899e-03 2.068960e-03 -1.011166e-02)	(-4.437810e-03 2.053974e-03 -1.012302e-02)	(-7.088935e-06 1.498561e-05 1.136017e-05)
4048          	(-4.448441e-03 2.069610e-03 -1.011308e-02)	(-4.441352e-03 2.054614e-03 -1.012444e-02)	(-7.088620e-06 1.499544e-05 1.136095e-05)
4049          	(-4.448852e-03 2.069829e-03 -1.011275e-02)	(-4.441764e-03 2.054826e-03 -1.012411e-02)	(-7.088359e-06 1.500380e-05 1.135964e-05)
4050          	(-4.448869e-03 2.069932e-03 -1.011292e-02)	(-4.441780e-03 2.054919e-03 -1.012428e-02)	(-7.088596e-06 1.501248e-05 1.135401e-05)
4051          	(-4.448862e-03 2.069979e-03 -1.011310e-02)	(-4.441773e-03 2.054961e-03 -1.012444e-02)	(-7.088892e-06 1.501885e-05 1.134680e-05)
4052          	(-4.448845e-03 2.069976e-03 -1.011326e-02)	(-4.441755e-03 2.054954e-03 -1.012460e-02)	(-7.089146e-06 1.502211e-05 1.133943e-05)
4053          	(-4.448848e-03 2.069940e-03 -1.011341e-02)	(-4.441759e-03 2.054919e-03 -1.012475e-02)	(-7.089347e-06 1.502151e-05 1.133230e-05)
4054          	(-4.449893e-03 2.070256e-03 -1.011249e-02)	(-4.442804e-03 2.055238e-03 -1.012382e-02)	(-7.089553e-06 1.501763e-05 1.132795e-05)
4055          	(-4.449912e-03 2.070160e-03 -1.011288e-02)	(-4.442822e-03 2.055148e-03 -1.012420e-02)	(-7.089338e-06 1.501176e-05 1.132425e-05)
4056          	(-4.449930e-03 2.070047e-03 -1.011323e-02)	(-4.442840e-03 2.055044e-03 -1.012454e-02)	(-7.089718e-06 1.500333e-05 1.131765e-05)
4057          	(-4.449941e-03 2.069942e-03 -1.011349e-02)	(-4.442851e-03 2.054949e-03 -1.012480e-02)	(-7.090228e-06 1.499342e-05 1.131023e-05)
4058          	(-4.449945e-03 2.069876e-03 -1.011364e-02)	(-4.442854e-03 2.054894e-03 -1.012495e-02)	(-7.090837e-06 1.498249e-05 1.130291e-05)
4059          	(-4.449936e-03 2.069867e-03 -1.011372e-02)	(-4.442844e-03 2.054895e-03 -1.012502e-02)	(-7.091443e-06 1.497149e-05 1.129591e-05)
4060          	(-4.451242e-03 2.069619e-03 -1.010997e-02)	(-4.444150e-03 2.054658e-03 -1.012126e-02)	(-7.092673e-06 1.496044e-05 1.129013e-05)
4061          	(-4.451224e-03 2.069719e-03 -1.011031e-02)	(-4.444131e-03 2.054769e-03 -1.012160e-02)	(-7.093088e-06 1.495024e-05 1.128747e-05)
4062          	(-4.451214e-03 2.069858e-03 -1.011067e-02)	(-4.444120e-03 2.054916e-03 -1.012196e-02)	(-7.093551e-06 1.494204e-05 1.128395e-05)
4063          	(-4.451236e-03 2.070033e-03 -1.011109e-02)	(-4.444143e-03 2.055095e-03 -1.012237e-02)	(-7.093541e-06 1.493760e-05 1.128176e-05)
4064          	(-4.453636e-03 2.069745e-03 -1.010977e-02)	(-4.446543e-03 2.054813e-03 -1.012106e-02)	(-7.093694e-06 1.493119e-05 1.128259e-05)
4065          	(-4.453623e-03 2.070023e-03 -1.011023e-02)	(-4.446530e-03 2.055094e-03 -1.012152e-02)	(-7.092971e-06 1.492839e-05 1.128626e-05)
4066          	(-4.453701e-03 2.070331e-03 -1.011083e-02)	(-4.446609e-03 2.055400e-03 -1.012211e-02)	(-7.092048e-06 1.493169e-05 1.128905e-05)
4067          	(-4.453857e-03 2.070632e-03 -1.011158e-02)	(-4.446766e-03 2.055694e-03 -1.012287e-02)	(-7.090841e-06 1.493763e-05 1.129237e-05)
4068          	(-4.456657e-03 2.070701e-03 -1.011209e-02)	(-4.449567e-03 2.055763e-03 -1.012339e-02)	(-7.089887e-06 1.493874e-05 1.129604e-05)
4069          	(-4.456709e-03 2.071090e-03 -1.011258e-02)	(-4.449621e-03 2.056147e-03 -1.012388e-02)	(-7.088572e-06 1.494283e-05 1.130007e-05)
4070          	(-4.456722e-03 2.071481e-03 -1.011309e-02)	(-4.449635e-03 2.056528e-03 -1.012439e-02)	(-7.087404e-06 1.495261e-05 1.130128e-05)
4071          	(-4.456755e-03 2.071871e-03 -1.011359e-02)	(-4.449668e-03 2.056906e-03 -1.012489e-02)	(-7.086341e-06 1.496475e-05 1.130009e-05)
4072          	(-4.458810e-03 2.072553e-03 -1.011408e-02)	(-4.451724e-03 2.057580e-03 -1.012538e-02)	(-7.085629e-06 1.497296e-05 1.129674e-05)
4073          	(-4.458743e-03 2.072925e-03 -1.011426e-02)	(-4.451658e-03 2.057943e-03 -1.012555e-02)	(-7.084933e-06 1.498182e-05 1.129232e-05)
4074          	(-4.458675e-03 2.073250e-03 -1.011444e-02)	(-4.451590e-03 2.058256e-03 -1.012572e-02)	(-7.084671e-06 1.499388e-05 1.128411e-05)
4075          	(-4.458614e-03 2.073506e-03 -1.011464e-02)	(-4.451529e-03 2.058502e-03 -1.012591e-02)	(-7.084652e-06 1.500411e-05 1.127384e-05)
4076          	(-4.459616e-03 2.074271e-03 -1.011486e-02)	(-4.452532e-03 2.059261e-03 -1.012612e-02)	(-7.084611e-06 1.501000e-05 1.126354e-05)
4077          	(-4.459538e-03 2.074394e-03 -1.011511e-02)	(-4.452453e-03 2.059382e-03 -1.012637e-02)	(-7.084535e-06 1.501221e-05 1.125357e-05)
4078          	(-4.459465e-03 2.074437e-03 -1.011545e-02)	(-4.452380e-03 2.059424e-03 -1.012669e-02)	(-7.084929e-06 1.501305e-05 1.124089e-05)
4079          	(-4.459397e-03 2.074413e-03 -1.011587e-02)	(-4.452312e-03 2.059403e-03 -1.012710e-02)	(-7.085268e-06 1.501031e-05 1.122867e-05)
4080          	(-4.459215e-03 2.074612e-03 -1.011715e-02)	(-4.452129e-03 2.059608e-03 -1.012837e-02)	(-7.085400e-06 1.500405e-05 1.121767e-05)
4081          	(-4.459200e-03 2.074537e-03 -1.011776e-02)	(-4.452115e-03 2.059542e-03 -1.012896e-02)	(-7.085218e-06 1.499551e-05 1.120855e-05)
4082          	(-4.459192e-03 2.074463e-03 -1.011839e-02)	(-4.452106e-03 2.059479e-03 -1.012959e-02)	(-7.085724e-06 1.498410e-05 1.119698e-05)
4083          	(-4.459178e-03 2.074430e-03 -1.011907e-02)	(-4.452092e-03 2.059458e-03 -1.013025e-02)	(-7.086302e-06 1.497137e-05 1.118550e-05)
4084          	(-4.458972e-03 2.074624e-03 -1.011983e-02)	(-4.451885e-03 2.059666e-03 -1.013100e-02)	(-7.087176e-06 1.495813e-05 1.117342e-05)
4085          	(-4.458959e-03 2.074681e-03 -1.012045e-02)	(-4.451871e-03 2.059737e-03 -1.013161e-02)	(-7.087625e-06 1.494415e-05 1.116457e-05)
4086          	(-4.458930e-03 2.074812e-03 -1.012100e-02)	(-4.451842e-03 2.059882e-03 -1.013216e-02)	(-7.088510e-06 1.492989e-05 1.115484e-05)
4087          	(-4.458888e-03 2.075011e-03 -1.012152e-02)	(-4.451799e-03 2.060093e-03 -1.013267e-02)	(-7.089240e-06 1.491762e-05 1.114637e-05)
4088          	(-4.458807e-03 2.075330e-03 -1.012292e-02)	(-4.451717e-03 2.060424e-03 -1.013405e-02)	(-7.089804e-06 1.490616e-05 1.113898e-05)
4089          	(-4.458746e-03 2.075628e-03 -1.012318e-02)	(-4.451657e-03 2.060731e-03 -1.013432e-02)	(-7.089670e-06 1.489692e-05 1.113625e-05)
4090          	(-4.458700e-03 2.075946e-03 -1.012351e-02)	(-4.451611e-03 2.061053e-03 -1.013464e-02)	(-7.089534e-06 1.489261e-05 1.113370e-05)
4091          	(-4.458673e-03 2.076290e-03 -1.012413e-02)	(-4.451584e-03 2.061398e-03 -1.013526e-02)	(-7.089002e-06 1.489203e-05 1.113314e-05)
4092          	(-4.458405e-03 2.075588e-03 -1.012663e-02)	(-4.451316e-03 2.060702e-03 -1.013777e-02)	(-7.088334e-06 1.488684e-05 1.113357e-05)
4093          	(-4.458365e-03 2.075932e-03 -1.012693e-02)	(-4.451278e-03 2.061047e-03 -1.013806e-02)	(-7.087126e-06 1.488464e-05 1.113756e-05)
4094          	(-4.458341e-03 2.076256e-03 -1.012726e-02)	(-4.451255e-03 2.061368e-03 -1.013840e-02)	(-7.086022e-06 1.488834e-05 1.114069e-05)
4095          	(-4.458328e-03 2.076554e-03 -1.012767e-02)	(-4.451243e-03 2.061660e-03 -1.013881e-02)	(-7.084896e-06 1.489462e-05 1.114354e-05)
4096          	(-4.458314e-03 2.076816e-03 -1.012813e-02)	(-4.451230e-03 2.061913e-03 -1.013927e-02)	(-7.083874e-06 1.490272e-05 1.114544e-05)
4097          	(-4.457031e-03 2.076081e-03 -1.013109e-02)	(-4.449948e-03 2.061175e-03 -1.014223e-02)	(-7.082912e-06 1.490533e-05 1.114426e-05)
4098          	(-4.456942e-03 2.076344e-03 -1.013086e-02)	(-4.449860e-03 2.061434e-03 -1.014201e-02)	(-7.082080e-06 1.490956e-05 1.114374e-05)
4099          	(-4.456838e-03 2.076561e-03 -1.013055e-02)	(-4.449756e-03 2.061643e-03 -1.014169e-02)	(-7.081780e-06 1.491850e-05 1.113998e-05)
4100          	(-4.456720e-03 2.076708e-03 -1.013021e-02)	(-4.449638e-03 2.061780e-03 -1.014134e-02)	(-7.081792e-06 1.492749e-05 1.113513e-05)
4101          	(-4.456578e-03 2.076773e-03 -1.012996e-02)	(-4.449496e-03 2.061838e-03 -1.014109e-02)	(-7.082101e-06 1.493446e-05 1.112908e-05)
4102          	(-4.454214e-03 2.077114e-03 -1.013260e-02)	(-4.447132e-03 2.062177e-03 -1.014372e-02)	(-7.081966e-06 1.493761e-05 1.112218e-05)
4103          	(-4.454114e-03 2.077073e-03 -1.013209e-02)	(-4.447032e-03 2.062136e-03 -1.014321e-02)	(-7.082014e-06 1.493740e-05 1.111682e-05)
4104          	(-4.454025e-03 2.076949e-03 -1.013159e-02)	(-4.446942e-03 2.062013e-03 -1.014270e-02)	(-7.082745e-06 1.493551e-05 1.110922e-05)
4105          	(-4.453935e-03 2.076759e-03 -1.013115e-02)	(-4.446851e-03 2.061829e-03 -1.014225e-02)	(-7.083523e-06 1.493062e-05 1.110242e-05)
4106          	(-4.453829e-03 2.076525e-03 -1.013084e-02)	(-4.446745e-03 2.061603e-03 -1.014194e-02)	(-7.084342e-06 1.492214e-05 1.109679e-05)
4107          	(-4.453697e-03 2.076289e-03 -1.013075e-02)	(-4.446612e-03 2.061377e-03 -1.014184e-02)	(-7.085144e-06 1.491125e-05 1.109212e-05)
4108          	(-4.450818e-03 2.074882e-03 -1.013174e-02)	(-4.443732e-03 2.059983e-03 -1.014283e-02)	(-7.086016e-06 1.489813e-05 1.108864e-05)
4109          	(-4.450798e-03 2.074737e-03 -1.013181e-02)	(-4.443711e-03 2.059853e-03 -1.014290e-02)	(-7.086598e-06 1.488394e-05 1.108722e-05)
4110          	(-4.450784e-03 2.074648e-03 -1.013184e-02)	(-4.443696e-03 2.059780e-03 -1.014292e-02)	(-7.087923e-06 1.486776e-05 1.108321e-05)
4111          	(-4.450759e-03 2.074625e-03 -1.013176e-02)	(-4.443670e-03 2.059773e-03 -1.014284e-02)	(-7.089337e-06 1.485210e-05 1.107964e-05)
4112          	(-4.450720e-03 2.074668e-03 -1.013159e-02)	(-4.443629e-03 2.059830e-03 -1.014266e-02)	(-7.090687e-06 1.483808e-05 1.107728e-05)
4113          	(-4.450670e-03 2.074765e-03 -1.013135e-02)	(-4.443578e-03 2.059939e-03 -1.014242e-02)	(-7.091885e-06 1.482600e-05 1.107671e-05)
4114          	(-4.450619e-03 2.074883e-03 -1.013108e-02)	(-4.443526e-03 2.060066e-03 -1.014215e-02)	(-7.092886e-06 1.481625e-05 1.107836e-05)
4115          	(-4.450571e-03 2.075000e-03 -1.013079e-02)	(-4.443477e-03 2.060190e-03 -1.014187e-02)	(-7.093543e-06 1.480958e-05 1.108237e-05)
4116          	(-4.449963e-03 2.074648e-03 -1.013162e-02)	(-4.442869e-03 2.059846e-03 -1.014271e-02)	(-7.094034e-06 1.480147e-05 1.108885e-05)
4117          	(-4.449899e-03 2.074845e-03 -1.013096e-02)	(-4.442805e-03 2.060048e-03 -1.014206e-02)	(-7.093856e-06 1.479677e-05 1.109909e-05)
4118          	(-4.449852e-03 2.075050e-03 -1.013032e-02)	(-4.442759e-03 2.060251e-03 -1.014143e-02)	(-7.093560e-06 1.479848e-05 1.110865e-05)
4119          	(-4.449836e-03 2.075240e-03 -1.012978e-02)	(-4.442743e-03 2.060436e-03 -1.014090e-02)	(-7.092953e-06 1.480389e-05 1.111913e-05)
4120          	(-4.449857e-03 2.075379e-03 -1.012937e-02)	(-4.442765e-03 2.060568e-03 -1.014050e-02)	(-7.092195e-06 1.481151e-05 1.113018e-05)
4121          	(-4.449909e-03 2.075449e-03 -1.012903e-02)	(-4.442818e-03 2.060628e-03 -1.014018e-02)	(-7.091320e-06 1.482132e-05 1.114082e-05)
4122          	(-4.449982e-03 2.075435e-03 -1.012865e-02)	(-4.442891e-03 2.060603e-03 -1.013980e-02)	(-7.090537e-06 1.483200e-05 1.115073e-05)
4123          	(-4.450034e-03 2.075337e-03 -1.012837e-02)	(-4.442944e-03 2.060494e-03 -1.013953e-02)	(-7.089936e-06 1.484268e-05 1.115902e-05)
4124          	(-4.448916e-03 2.073960e-03 -1.013029e-02)	(-4.441827e-03 2.059113e-03 -1.014146e-02)	(-7.089541e-06 1.484661e-05 1.116629e-05)
4125          	(-4.448927e-03 2.074002e-03 -1.012934e-02)	(-4.441838e-03 2.059151e-03 -1.014052e-02)	(-7.089276e-06 1.485169e-05 1.117291e-05)
4126          	(-4.448937e-03 2.074050e-03 -1.012834e-02)	(-4.441847e-03 2.059189e-03 -1.013951e-02)	(-7.089572e-06 1.486097e-05 1.117550e-05)
4127          	(-4.448953e-03 2.074068e-03 -1.012730e-02)	(-4.441863e-03 2.059197e-03 -1.013847e-02)	(-7.090071e-06 1.487061e-05 1.117650e-05)
4128          	(-4.448977e-03 2.074034e-03 -1.012624e-02)	(-4.441886e-03 2.059156e-03 -1.013741e-02)	(-7.090798e-06 1.487892e-05 1.117656e-05)
4129          	(-4.448990e-03 2.073914e-03 -1.012517e-02)	(-4.441898e-03 2.059030e-03 -1.013635e-02)	(-7.091654e-06 1.488467e-05 1.117614e-05)
4130          	(-4.449005e-03 2.073711e-03 -1.012416e-02)	(-4.441912e-03 2.058823e-03 -1.013533e-02)	(-7.092507e-06 1.488787e-05 1.117592e-05)
4131          	(-4.449017e-03 2.073437e-03 -1.012326e-02)	(-4.441924e-03 2.058549e-03 -1.013444e-02)	(-7.093335e-06 1.488771e-05 1.117652e-05)
4132          	(-4.449020e-03 2.073112e-03 -1.012254e-02)	(-4.441926e-03 2.058228e-03 -1.013372e-02)	(-7.094213e-06 1.488403e-05 1.117776e-05)
4133          	(-4.449008e-03 2.072769e-03 -1.012205e-02)	(-4.441913e-03 2.057890e-03 -1.013323e-02)	(-7.095096e-06 1.487832e-05 1.117905e-05)
4134          	(-4.448974e-03 2.072440e-03 -1.012177e-02)	(-4.441878e-03 2.057570e-03 -1.013295e-02)	(-7.096078e-06 1.487027e-05 1.118076e-05)
4135          	(-4.448910e-03 2.072143e-03 -1.012164e-02)	(-4.441813e-03 2.057282e-03 -1.013282e-02)	(-7.097210e-06 1.486096e-05 1.118215e-05)
4136          	(-4.448811e-03 2.071897e-03 -1.012158e-02)	(-4.441712e-03 2.057046e-03 -1.013276e-02)	(-7.098472e-06 1.485086e-05 1.118343e-05)
4137          	(-4.448679e-03 2.071717e-03 -1.012149e-02)	(-4.441580e-03 2.056876e-03 -1.013268e-02)	(-7.099793e-06 1.484070e-05 1.118486e-05)
4138          	(-4.448519e-03 2.071593e-03 -1.012136e-02)	(-4.441417e-03 2.056762e-03 -1.013255e-02)	(-7.101134e-06 1.483117e-05 1.118690e-05)
4139          	(-4.448339e-03 2.071511e-03 -1.012117e-02)	(-4.441237e-03 2.056688e-03 -1.013236e-02)	(-7.102280e-06 1.482362e-05 1.119003e-05)
4140          	(-4.448157e-03 2.071459e-03 -1.012091e-02)	(-4.441053e-03 2.056641e-03 -1.013210e-02)	(-7.103195e-06 1.481812e-05 1.119487e-05)
4141          	(-4.446720e-03 2.071564e-03 -1.012030e-02)	(-4.439616e-03 2.056751e-03 -1.013150e-02)	(-7.103794e-06 1.481356e-05 1.119985e-05)
4142          	(-4.446632e-03 2.071719e-03 -1.011967e-02)	(-4.439528e-03 2.056907e-03 -1.013088e-02)	(-7.103679e-06 1.481234e-05 1.120920e-05)
4143          	(-4.446589e-03 2.071912e-03 -1.011913e-02)	(-4.439486e-03 2.057096e-03 -1.013035e-02)	(-7.103431e-06 1.481631e-05 1.121831e-05)
4144          	(-4.446616e-03 2.072091e-03 -1.011874e-02)	(-4.439513e-03 2.057268e-03 -1.012997e-02)	(-7.102813e-06 1.482335e-05 1.122926e-05)
4145          	(-4.446722e-03 2.072219e-03 -1.011847e-02)	(-4.439620e-03 2.057386e-03 -1.012971e-02)	(-7.101833e-06 1.483300e-05 1.124136e-05)
4146          	(-4.446907e-03 2.072267e-03 -1.011823e-02)	(-4.439807e-03 2.057424e-03 -1.012949e-02)	(-7.100702e-06 1.484322e-05 1.125436e-05)
4147          	(-4.448569e-03 2.071076e-03 -1.011752e-02)	(-4.441469e-03 2.056231e-03 -1.012879e-02)	(-7.100008e-06 1.484491e-05 1.126872e-05)
4148          	(-4.448651e-03 2.071254e-03 -1.011683e-02)	(-4.441552e-03 2.056403e-03 -1.012811e-02)	(-7.099049e-06 1.485098e-05 1.128241e-05)
4149          	(-4.448730e-03 2.071452e-03 -1.011612e-02)	(-4.441632e-03 2.056588e-03 -1.012742e-02)	(-7.098177e-06 1.486384e-05 1.129304e-05)
4150          	(-4.448824e-03 2.071630e-03 -1.011543e-02)	(-4.441727e-03 2.056752e-03 -1.012674e-02)	(-7.097567e-06 1.487893e-05 1.130118e-05)
4151          	(-4.448943e-03 2.071759e-03 -1.011479e-02)	(-4.441845e-03 2.056863e-03 -1.012609e-02)	(-7.097140e-06 1.489593e-05 1.130670e-05)
4152          	(-4.449090e-03 2.071817e-03 -1.011419e-02)	(-4.441993e-03 2.056904e-03 -1.012550e-02)	(-7.097005e-06 1.491277e-05 1.131000e-05)
4153          	(-4.451324e-03 2.071590e-03 -1.011502e-02)	(-4.444226e-03 2.056667e-03 -1.012633e-02)	(-7.097219e-06 1.492364e-05 1.131467e-05)
4154          	(-4.451351e-03 2.071610e-03 -1.011438e-02)	(-4.444254e-03 2.056677e-03 -1.012569e-02)	(-7.097355e-06 1.493297e-05 1.131797e-05)
4155          	(-4.451361e-03 2.071565e-03 -1.011382e-02)	(-4.444263e-03 2.056622e-03 -1.012513e-02)	(-7.097920e-06 1.494286e-05 1.131717e-05)
4156          	(-4.451358e-03 2.071430e-03 -1.011331e-02)	(-4.444260e-03 2.056481e-03 -1.012463e-02)	(-7.098514e-06 1.494923e-05 1.131593e-05)
4157          	(-4.451337e-03 2.071229e-03 -1.011292e-02)	(-4.444238e-03 2.056277e-03 -1.012424e-02)	(-7.098985e-06 1.495260e-05 1.131451e-05)
4158          	(-4.451292e-03 2.070993e-03 -1.011268e-02)	(-4.444193e-03 2.056041e-03 -1.012399e-02)	(-7.099398e-06 1.495201e-05 1.131352e-05)
4159          	(-4.451218e-03 2.070750e-03 -1.011261e-02)	(-4.444118e-03 2.055801e-03 -1.012392e-02)	(-7.099785e-06 1.494828e-05 1.131251e-05)
4160          	(-4.451084e-03 2.070527e-03 -1.011273e-02)	(-4.443984e-03 2.055585e-03 -1.012404e-02)	(-7.100176e-06 1.494227e-05 1.131134e-05)
4161          	(-4.450902e-03 2.070365e-03 -1.011302e-02)	(-4.443801e-03 2.055430e-03 -1.012433e-02)	(-7.100681e-06 1.493439e-05 1.130970e-05)
4162          	(-4.450614e-03 2.070274e-03 -1.011347e-02)	(-4.443512e-03 2.055349e-03 -1.012478e-02)	(-7.101409e-06 1.492523e-05 1.130729e-05)
4163          	(-4.450092e-03 2.070271e-03 -1.011414e-02)	(-4.442990e-03 2.055354e-03 -1.012544e-02)	(-7.102179e-06 1.491635e-05 1.130429e-05)
4164          	(-4.449520e-03 2.070348e-03 -1.011474e-02)	(-4.442417e-03 2.055440e-03 -1.012604e-02)	(-7.102951e-06 1.490824e-05 1.130167e-05)
4165          	(-4.449003e-03 2.070473e-03 -1.011514e-02)	(-4.441899e-03 2.055571e-03 -1.012644e-02)	(-7.103603e-06 1.490225e-05 1.129985e-05)
4166          	(-4.448466e-03 2.070630e-03 -1.011546e-02)	(-4.441362e-03 2.055730e-03 -1.012676e-02)	(-7.103998e-06 1.489916e-05 1.129960e-05)
4167          	(-4.447931e-03 2.070794e-03 -1.011574e-02)	(-4.440827e-03 2.055894e-03 -1.012704e-02)	(-7.104006e-06 1.489924e-05 1.130137e-05)
4168          	(-4.447420e-03 2.070939e-03 -1.011602e-02)	(-4.440316e-03 2.056037e-03 -1.012732e-02)	(-7.103622e-06 1.490217e-05 1.130540e-05)
4169          	(-4.446978e-03 2.071036e-03 -1.011637e-02)	(-4.439875e-03 2.056129e-03 -1.012768e-02)	(-7.102846e-06 1.490742e-05 1.131156e-05)
4170          	(-4.446672e-03 2.071074e-03 -1.011660e-02)	(-4.439571e-03 2.056160e-03 -1.012792e-02)	(-7.101743e-06 1.491435e-05 1.131980e-05)
4171          	(-4.446470e-03 2.071056e-03 -1.011674e-02)	(-4.439370e-03 2.056133e-03 -1.012807e-02)	(-7.100334e-06 1.492278e-05 1.132943e-05)
4172          	(-4.446343e-03 2.070983e-03 -1.011680e-02)	(-4.439244e-03 2.056051e-03 -1.012814e-02)	(-7.098815e-06 1.493144e-05 1.133975e-05)
4173          	(-4.446242e-03 2.070874e-03 -1.011683e-02)	(-4.439144e-03 2.055933e-03 -1.012818e-02)	(-7.097239e-06 1.494101e-05 1.134958e-05)
4174          	(-4.446175e-03 2.070765e-03 -1.011678e-02)	(-4.439079e-03 2.055813e-03 -1.012814e-02)	(-7.095708e-06 1.495181e-05 1.135815e-05)
4175          	(-4.446116e-03 2.070651e-03 -1.011672e-02)	(-4.439022e-03 2.055687e-03 -1.012809e-02)	(-7.094357e-06 1.496335e-05 1.136462e-05)
4176          	(-4.446060e-03 2.070543e-03 -1.011667e-02)	(-4.438967e-03 2.055567e-03 -1.012804e-02)	(-7.093255e-06 1.497561e-05 1.136895e-05)
4177          	(-4.446003e-03 2.070438e-03 -1.011663e-02)	(-4.438910e-03 2.055450e-03 -1.012800e-02)	(-7.092400e-06 1.498822e-05 1.137072e-05)
4178          	(-4.445942e-03 2.070319e-03 -1.011661e-02)	(-4.438850e-03 2.055319e-03 -1.012798e-02)	(-7.091916e-06 1.499951e-05 1.137025e-05)
4179          	(-4.445876e-03 2.070181e-03 -1.011658e-02)	(-4.438785e-03 2.055171e-03 -1.012795e-02)	(-7.091684e-06 1.500957e-05 1.136800e-05)
4180          	(-4.445798e-03 2.069991e-03 -1.011644e-02)	(-4.438706e-03 2.054973e-03 -1.012780e-02)	(-7.091697e-06 1.501777e-05 1.136466e-05)
4181          	(-4.445721e-03 2.069738e-03 -1.011609e-02)	(-4.438629e-03 2.054715e-03 -1.012745e-02)	(-7.091906e-06 1.502299e-05 1.136083e-05)
4182          	(-4.445656e-03 2.069465e-03 -1.011570e-02)	(-4.438564e-03 2.054440e-03 -1.012705e-02)	(-7.092216e-06 1.502515e-05 1.135745e-05)
4183          	(-4.445611e-03 2.069188e-03 -1.011528e-02)	(-4.438518e-03 2.054164e-03 -1.012663e-02)	(-7.092495e-06 1.502469e-05 1.135463e-05)
4184          	(-4.445592e-03 2.068918e-03 -1.011485e-02)	(-4.438499e-03 2.053896e-03 -1.012621e-02)	(-7.092803e-06 1.502120e-05 1.135264e-05)
4185          	(-4.446532e-03 2.069427e-03 -1.011243e-02)	(-4.439439e-03 2.054410e-03 -1.012378e-02)	(-7.093127e-06 1.501714e-05 1.135292e-05)
4186          	(-4.446569e-03 2.069215e-03 -1.011260e-02)	(-4.439476e-03 2.054204e-03 -1.012395e-02)	(-7.093146e-06 1.501135e-05 1.135366e-05)
4187          	(-4.446604e-03 2.069023e-03 -1.011278e-02)	(-4.439510e-03 2.054020e-03 -1.012413e-02)	(-7.093826e-06 1.500285e-05 1.135058e-05)
4188          	(-4.446629e-03 2.068881e-03 -1.011291e-02)	(-4.439534e-03 2.053888e-03 -1.012426e-02)	(-7.094614e-06 1.499283e-05 1.134704e-05)
4189          	(-4.446645e-03 2.068809e-03 -1.011298e-02)	(-4.439549e-03 2.053827e-03 -1.012432e-02)	(-7.095437e-06 1.498258e-05 1.134288e-05)
4190          	(-4.446718e-03 2.068821e-03 -1.011286e-02)	(-4.439621e-03 2.053848e-03 -1.012419e-02)	(-7.096171e-06 1.497302e-05 1.133927e-05)
4191          	(-4.448570e-03 2.068795e-03 -1.011069e-02)	(-4.441473e-03 2.053831e-03 -1.012203e-02)	(-7.097304e-06 1.496362e-05 1.133667e-05)
4192          	(-4.448546e-03 2.068941e-03 -1.011088e-02)	(-4.441448e-03 2.053986e-03 -1.012222e-02)	(-7.097566e-06 1.495531e-05 1.133746e-05)
4193          	(-4.448525e-03 2.069137e-03 -1.011111e-02)	(-4.441427e-03 2.054187e-03 -1.012244e-02)	(-7.097702e-06 1.495038e-05 1.133757e-05)
4194          	(-4.448586e-03 2.069358e-03 -1.011131e-02)	(-4.441489e-03 2.054409e-03 -1.012265e-02)	(-7.097435e-06 1.494877e-05 1.133923e-05)
4195          	(-4.448712e-03 2.069581e-03 -1.011157e-02)	(-4.441615e-03 2.054631e-03 -1.012292e-02)	(-7.096729e-06 1.495059e-05 1.134249e-05)
4196          	(-4.451171e-03 2.069307e-03 -1.011087e-02)	(-4.444074e-03 2.054359e-03 -1.012222e-02)	(-7.096171e-06 1.494844e-05 1.134793e-05)
4197          	(-4.451230e-03 2.069600e-03 -1.011103e-02)	(-4.444135e-03 2.054650e-03 -1.012238e-02)	(-7.094951e-06 1.494951e-05 1.135539e-05)
4198          	(-4.451322e-03 2.069899e-03 -1.011126e-02)	(-4.444229e-03 2.054943e-03 -1.012262e-02)	(-7.093683e-06 1.495605e-05 1.136158e-05)
4199          	(-4.451466e-03 2.070180e-03 -1.011155e-02)	(-4.444374e-03 2.055215e-03 -1.012291e-02)	(-7.092351e-06 1.496488e-05 1.136695e-05)
4200          	(-4.451667e-03 2.070432e-03 -1.011180e-02)	(-4.444576e-03 2.055456e-03 -1.012317e-02)	(-7.091043e-06 1.497597e-05 1.137097e-05)
4201          	(-4.451924e-03 2.070646e-03 -1.011194e-02)	(-4.444834e-03 2.055658e-03 -1.012332e-02)	(-7.089867e-06 1.498845e-05 1.137284e-05)
4202          	(-4.454846e-03 2.070724e-03 -1.011172e-02)	(-4.447756e-03 2.055728e-03 -1.012310e-02)	(-7.089189e-06 1.499513e-05 1.137365e-05)
4203          	(-4.454860e-03 2.070965e-03 -1.011161e-02)	(-4.447772e-03 2.055962e-03 -1.012298e-02)	(-7.088487e-06 1.500324e-05 1.137243e-05)
4204          	(-4.454863e-03 2.071178e-03 -1.011147e-02)	(-4.447774e-03 2.056164e-03 -1.012284e-02)	(-7.088204e-06 1.501452e-05 1.136733e-05)
4205          	(-4.454872e-03 2.071345e-03 -1.011136e-02)	(-4.447784e-03 2.056320e-03 -1.012272e-02)	(-7.088121e-06 1.502544e-05 1.135998e-05)
4206          	(-4.454946e-03 2.071469e-03 -1.011110e-02)	(-4.447857e-03 2.056435e-03 -1.012245e-02)	(-7.088266e-06 1.503381e-05 1.135141e-05)
4207          	(-4.457195e-03 2.072139e-03 -1.011018e-02)	(-4.450106e-03 2.057101e-03 -1.012153e-02)	(-7.088424e-06 1.503807e-05 1.134474e-05)
4208          	(-4.457171e-03 2.072166e-03 -1.011035e-02)	(-4.450083e-03 2.057126e-03 -1.012169e-02)	(-7.088373e-06 1.503905e-05 1.133816e-05)
4209          	(-4.457149e-03 2.072136e-03 -1.011064e-02)	(-4.450061e-03 2.057098e-03 -1.012197e-02)	(-7.088762e-06 1.503799e-05 1.132829e-05)
4210          	(-4.457137e-03 2.072079e-03 -1.011105e-02)	(-4.450048e-03 2.057045e-03 -1.012237e-02)	(-7.089124e-06 1.503401e-05 1.131808e-05)
4211          	(-4.458464e-03 2.072647e-03 -1.011023e-02)	(-4.451374e-03 2.057619e-03 -1.012154e-02)	(-7.089557e-06 1.502743e-05 1.130951e-05)
4212          	(-4.458471e-03 2.072575e-03 -1.011111e-02)	(-4.451382e-03 2.057557e-03 -1.012241e-02)	(-7.089615e-06 1.501889e-05 1.130191e-05)
4213          	(-4.458476e-03 2.072537e-03 -1.011207e-02)	(-4.451386e-03 2.057530e-03 -1.012336e-02)	(-7.090237e-06 1.500748e-05 1.129126e-05)
4214          	(-4.458472e-03 2.072571e-03 -1.011305e-02)	(-4.451381e-03 2.057577e-03 -1.012433e-02)	(-7.090966e-06 1.499434e-05 1.128053e-05)
4215          	(-4.459227e-03 2.073048e-03 -1.011234e-02)	(-4.452135e-03 2.058066e-03 -1.012361e-02)	(-7.092041e-06 1.498175e-05 1.126930e-05)
4216          	(-4.459214e-03 2.073195e-03 -1.011328e-02)	(-4.452122e-03 2.058226e-03 -1.012455e-02)	(-7.092501e-06 1.496902e-05 1.126122e-05)
4217          	(-4.459190e-03 2.073399e-03 -1.011410e-02)	(-4.452096e-03 2.058442e-03 -1.012535e-02)	(-7.093218e-06 1.495676e-05 1.125220e-05)
4218          	(-4.460044e-03 2.073725e-03 -1.011396e-02)	(-4.452950e-03 2.058780e-03 -1.012520e-02)	(-7.093947e-06 1.494536e-05 1.124461e-05)
4219          	(-4.459988e-03 2.074003e-03 -1.011443e-02)	(-4.452894e-03 2.059066e-03 -1.012568e-02)	(-7.093852e-06 1.493627e-05 1.124101e-05)
4220          	(-4.459944e-03 2.074310e-03 -1.011490e-02)	(-4.452851e-03 2.059378e-03 -1.012614e-02)	(-7.093646e-06 1.493225e-05 1.123753e-05)
4221          	(-4.459938e-03 2.074614e-03 -1.011546e-02)	(-4.452845e-03 2.059683e-03 -1.012669e-02)	(-7.093040e-06 1.493170e-05 1.123574e-05)
4222          	(-4.461314e-03 2.074565e-03 -1.011650e-02)	(-4.454222e-03 2.059637e-03 -1.012774e-02)	(-7.092370e-06 1.492785e-05 1.123574e-05)
4223          	(-4.461277e-03 2.074902e-03 -1.011683e-02)	(-4.454186e-03 2.059975e-03 -1.012807e-02)	(-7.091109e-06 1.492680e-05 1.123863e-05)
4224          	(-4.461270e-03 2.075244e-03 -1.011729e-02)	(-4.454180e-03 2.060313e-03 -1.012853e-02)	(-7.089894e-06 1.493099e-05 1.124057e-05)
4225          	(-4.461274e-03 2.075570e-03 -1.011781e-02)	(-4.454186e-03 2.060632e-03 -1.012906e-02)	(-7.088619e-06 1.493787e-05 1.124168e-05)
4226          	(-4.462230e-03 2.075071e-03 -1.012024e-02)	(-4.455143e-03 2.060131e-03 -1.013148e-02)	(-7.087704e-06 1.494069e-05 1.124078e-05)
4227          	(-4.462152e-03 2.075438e-03 -1.012031e-02)	(-4.455065e-03 2.060492e-03 -1.013155e-02)	(-7.086605e-06 1.494601e-05 1.124039e-05)
4228          	(-4.462067e-03 2.075791e-03 -1.012038e-02)	(-4.454981e-03 2.060833e-03 -1.013162e-02)	(-7.085778e-06 1.495741e-05 1.123693e-05)
4229          	(-4.461988e-03 2.076075e-03 -1.012048e-02)	(-4.454903e-03 2.061105e-03 -1.013171e-02)	(-7.085259e-06 1.496925e-05 1.123126e-05)
4230          	(-4.462059e-03 2.076251e-03 -1.012234e-02)	(-4.454974e-03 2.061274e-03 -1.013357e-02)	(-7.084902e-06 1.497703e-05 1.122356e-05)
4231          	(-4.461947e-03 2.076442e-03 -1.012226e-02)	(-4.454862e-03 2.061460e-03 -1.013348e-02)	(-7.084703e-06 1.498261e-05 1.121596e-05)
4232          	(-4.461819e-03 2.076560e-03 -1.012224e-02)	(-4.454734e-03 2.061571e-03 -1.013344e-02)	(-7.085036e-06 1.498914e-05 1.120540e-05)
4233          	(-4.461687e-03 2.076589e-03 -1.012231e-02)	(-4.454602e-03 2.061597e-03 -1.013350e-02)	(-7.085543e-06 1.499207e-05 1.119454e-05)
4234          	(-4.460211e-03 2.077090e-03 -1.012489e-02)	(-4.453125e-03 2.062100e-03 -1.013607e-02)	(-7.085591e-06 1.499026e-05 1.118414e-05)
4235          	(-4.460084e-03 2.077035e-03 -1.012500e-02)	(-4.452999e-03 2.062050e-03 -1.013618e-02)	(-7.085523e-06 1.498526e-05 1.117575e-05)
4236          	(-4.459962e-03 2.076933e-03 -1.012517e-02)	(-4.452876e-03 2.061956e-03 -1.013634e-02)	(-7.086099e-06 1.497722e-05 1.116554e-05)
4237          	(-4.459831e-03 2.076819e-03 -1.012546e-02)	(-4.452744e-03 2.061853e-03 -1.013662e-02)	(-7.086719e-06 1.496653e-05 1.115597e-05)
4238          	(-4.457871e-03 2.077171e-03 -1.012746e-02)	(-4.450784e-03 2.062217e-03 -1.013861e-02)	(-7.087088e-06 1.495440e-05 1.114655e-05)
4239          	(-4.457832e-03 2.077073e-03 -1.012782e-02)	(-4.450745e-03 2.062132e-03 -1.013896e-02)	(-7.087266e-06 1.494094e-05 1.113950e-05)
4240          	(-4.457795e-03 2.077016e-03 -1.012815e-02)	(-4.450706e-03 2.062091e-03 -1.013928e-02)	(-7.088221e-06 1.492485e-05 1.113089e-05)
4241          	(-4.457734e-03 2.077021e-03 -1.012848e-02)	(-4.450645e-03 2.062112e-03 -1.013960e-02)	(-7.089321e-06 1.490862e-05 1.112281e-05)
4242          	(-4.455452e-03 2.075787e-03 -1.012861e-02)	(-4.448361e-03 2.060895e-03 -1.013972e-02)	(-7.090686e-06 1.489227e-05 1.111476e-05)
4243          	(-4.455440e-03 2.075898e-03 -1.012867e-02)	(-4.448348e-03 2.061021e-03 -1.013978e-02)	(-7.091394e-06 1.487713e-05 1.111138e-05)
4244          	(-4.455418e-03 2.076046e-03 -1.012863e-02)	(-4.448326e-03 2.061182e-03 -1.013973e-02)	(-7.092327e-06 1.486466e-05 1.110800e-05)
4245          	(-4.455400e-03 2.076224e-03 -1.012856e-02)	(-4.448307e-03 2.061368e-03 -1.013966e-02)	(-7.092890e-06 1.485570e-05 1.110715e-05)
4246          	(-4.455397e-03 2.076395e-03 -1.012854e-02)	(-4.448304e-03 2.061545e-03 -1.013965e-02)	(-7.093111e-06 1.484994e-05 1.110898e-05)
4247          	(-4.454341e-03 2.076341e-03 -1.013016e-02)	(-4.447248e-03 2.061498e-03 -1.014127e-02)	(-7.092869e-06 1.484276e-05 1.111262e-05)
4248          	(-4.454369e-03 2.076574e-03 -1.012983e-02)	(-4.447277e-03 2.061735e-03 -1.014095e-02)	(-7.092140e-06 1.483873e-05 1.112049e-05)
4249          	(-4.454424e-03 2.076794e-03 -1.012954e-02)	(-4.447333e-03 2.061954e-03 -1.014067e-02)	(-7.091451e-06 1.484022e-05 1.112786e-05)
4250          	(-4.454504e-03 2.076987e-03 -1.012931e-02)	(-4.447413e-03 2.062143e-03 -1.014044e-02)	(-7.090648e-06 1.484451e-05 1.113606e-05)
4251          	(-4.454600e-03 2.077133e-03 -1.012913e-02)	(-4.447510e-03 2.062282e-03 -1.014027e-02)	(-7.089839e-06 1.485058e-05 1.114420e-05)
4252          	(-4.454694e-03 2.077225e-03 -1.012896e-02)	(-4.447605e-03 2.062366e-03 -1.014011e-02)	(-7.089059e-06 1.485877e-05 1.115160e-05)
4253          	(-4.454768e-03 2.077263e-03 -1.012879e-02)	(-4.447680e-03 2.062395e-03 -1.013995e-02)	(-7.088419e-06 1.486818e-05 1.115751e-05)
4254          	(-4.454807e-03 2.077249e-03 -1.012861e-02)	(-4.447719e-03 2.062372e-03 -1.013977e-02)	(-7.088076e-06 1.487735e-05 1.116152e-05)
4255          	(-4.453197e-03 2.075074e-03 -1.013056e-02)	(-4.446109e-03 2.060195e-03 -1.014172e-02)	(-7.088016e-06 1.487963e-05 1.116423e-05)
4256          	(-4.453119e-03 2.075203e-03 -1.012984e-02)	(-4.446031e-03 2.060321e-03 -1.014101e-02)	(-7.088032e-06 1.488218e-05 1.116692e-05)
4257          	(-4.453020e-03 2.075337e-03 -1.012910e-02)	(-4.445931e-03 2.060448e-03 -1.014027e-02)	(-7.088504e-06 1.488904e-05 1.116569e-05)
4258          	(-4.452907e-03 2.075443e-03 -1.012837e-02)	(-4.445818e-03 2.060548e-03 -1.013953e-02)	(-7.089143e-06 1.489543e-05 1.116353e-05)
4259          	(-4.452783e-03 2.075489e-03 -1.012765e-02)	(-4.445693e-03 2.060590e-03 -1.013881e-02)	(-7.089926e-06 1.489962e-05 1.116096e-05)
4260          	(-4.452647e-03 2.075470e-03 -1.012699e-02)	(-4.445556e-03 2.060569e-03 -1.013814e-02)	(-7.090748e-06 1.490138e-05 1.115871e-05)
4261          	(-4.452498e-03 2.075393e-03 -1.012645e-02)	(-4.445407e-03 2.060493e-03 -1.013760e-02)	(-7.091557e-06 1.490016e-05 1.115723e-05)
4262          	(-4.450718e-03 2.075581e-03 -1.012776e-02)	(-4.443626e-03 2.060684e-03 -1.013892e-02)	(-7.092115e-06 1.489642e-05 1.115818e-05)
4263          	(-4.450669e-03 2.075424e-03 -1.012734e-02)	(-4.443576e-03 2.060534e-03 -1.013850e-02)	(-7.092506e-06 1.489018e-05 1.115998e-05)
4264          	(-4.450644e-03 2.075239e-03 -1.012697e-02)	(-4.443550e-03 2.060357e-03 -1.013813e-02)	(-7.093552e-06 1.488202e-05 1.115851e-05)
4265          	(-4.450623e-03 2.075031e-03 -1.012652e-02)	(-4.443528e-03 2.060159e-03 -1.013768e-02)	(-7.094779e-06 1.487217e-05 1.115681e-05)
4266          	(-4.450630e-03 2.074836e-03 -1.012598e-02)	(-4.443534e-03 2.059975e-03 -1.013713e-02)	(-7.096138e-06 1.486111e-05 1.115528e-05)
4267          	(-4.450622e-03 2.074675e-03 -1.012537e-02)	(-4.443524e-03 2.059825e-03 -1.013652e-02)	(-7.097550e-06 1.484969e-05 1.115432e-05)
4268          	(-4.450595e-03 2.074549e-03 -1.012470e-02)	(-4.443496e-03 2.059711e-03 -1.013586e-02)	(-7.098974e-06 1.483849e-05 1.115445e-05)
4269          	(-4.450551e-03 2.074458e-03 -1.012399e-02)	(-4.443451e-03 2.059630e-03 -1.013515e-02)	(-7.100287e-06 1.482815e-05 1.115635e-05)
4270          	(-4.449139e-03 2.073319e-03 -1.012355e-02)	(-4.442037e-03 2.058501e-03 -1.013471e-02)	(-7.101728e-06 1.481776e-05 1.116031e-05)
4271          	(-4.449105e-03 2.073392e-03 -1.012264e-02)	(-4.442003e-03 2.058582e-03 -1.013381e-02)	(-7.102326e-06 1.480961e-05 1.116845e-05)
4272          	(-4.449087e-03 2.073518e-03 -1.012172e-02)	(-4.441984e-03 2.058711e-03 -1.013289e-02)	(-7.102819e-06 1.480684e-05 1.117570e-05)
4273          	(-4.449100e-03 2.073669e-03 -1.012092e-02)	(-4.441997e-03 2.058860e-03 -1.013211e-02)	(-7.102841e-06 1.480874e-05 1.118455e-05)
4274          	(-4.449175e-03 2.073795e-03 -1.012030e-02)	(-4.442072e-03 2.058981e-03 -1.013149e-02)	(-7.102466e-06 1.481413e-05 1.119502e-05)
4275          	(-4.449321e-03 2.073868e-03 -1.011986e-02)	(-4.442219e-03 2.059046e-03 -1.013107e-02)	(-7.101782e-06 1.482187e-05 1.120678e-05)
4276          	(-4.449538e-03 2.073864e-03 -1.011957e-02)	(-4.442437e-03 2.059033e-03 -1.013079e-02)	(-7.100902e-06 1.483077e-05 1.121942e-05)
4277          	(-4.449809e-03 2.073771e-03 -1.011937e-02)	(-4.442709e-03 2.058932e-03 -1.013060e-02)	(-7.100063e-06 1.483936e-05 1.123237e-05)
4278          	(-4.450105e-03 2.073615e-03 -1.011913e-02)	(-4.443006e-03 2.058767e-03 -1.013038e-02)	(-7.099320e-06 1.484828e-05 1.124453e-05)
4279          	(-4.450401e-03 2.073418e-03 -1.011882e-02)	(-4.443302e-03 2.058560e-03 -1.013008e-02)	(-7.098784e-06 1.485735e-05 1.125526e-05)
4280          	(-4.450672e-03 2.073223e-03 -1.011839e-02)	(-4.443574e-03 2.058355e-03 -1.012966e-02)	(-7.098429e-06 1.486762e-05 1.126403e-05)
4281          	(-4.450904e-03 2.073039e-03 -1.011788e-02)	(-4.443806e-03 2.058161e-03 -1.012915e-02)	(-7.098338e-06 1.487855e-05 1.127050e-05)
4282          	(-4.451218e-03 2.074108e-03 -1.011859e-02)	(-4.444120e-03 2.059222e-03 -1.012987e-02)	(-7.097919e-06 1.488671e-05 1.127623e-05)
4283          	(-4.451187e-03 2.073846e-03 -1.011806e-02)	(-4.444090e-03 2.058951e-03 -1.012934e-02)	(-7.097819e-06 1.489443e-05 1.128082e-05)
4284          	(-4.451098e-03 2.073671e-03 -1.011727e-02)	(-4.444000e-03 2.058766e-03 -1.012855e-02)	(-7.098280e-06 1.490530e-05 1.128110e-05)
4285          	(-4.451046e-03 2.073725e-03 -1.011639e-02)	(-4.443947e-03 2.058810e-03 -1.012767e-02)	(-7.098857e-06 1.491541e-05 1.128021e-05)
4286          	(-4.450976e-03 2.073715e-03 -1.011555e-02)	(-4.443876e-03 2.058792e-03 -1.012683e-02)	(-7.099453e-06 1.492336e-05 1.127907e-05)
4287          	(-4.450802e-03 2.073446e-03 -1.011436e-02)	(-4.443702e-03 2.058518e-03 -1.012564e-02)	(-7.100060e-06 1.492791e-05 1.127814e-05)
4288          	(-4.450521e-03 2.073037e-03 -1.011456e-02)	(-4.443420e-03 2.058108e-03 -1.012584e-02)	(-7.100673e-06 1.492937e-05 1.128107e-05)
4289          	(-4.450501e-03 2.072808e-03 -1.011430e-02)	(-4.443400e-03 2.057880e-03 -1.012558e-02)	(-7.100948e-06 1.492782e-05 1.128394e-05)
4290          	(-4.450501e-03 2.072525e-03 -1.011415e-02)	(-4.443399e-03 2.057601e-03 -1.012543e-02)	(-7.101807e-06 1.492327e-05 1.128313e-05)
4291          	(-4.450513e-03 2.072232e-03 -1.011408e-02)	(-4.443410e-03 2.057316e-03 -1.012536e-02)	(-7.102725e-06 1.491625e-05 1.128213e-05)
4292          	(-4.450529e-03 2.071964e-03 -1.011403e-02)	(-4.443425e-03 2.057057e-03 -1.012531e-02)	(-7.103788e-06 1.490715e-05 1.128108e-05)
4293          	(-4.450541e-03 2.071757e-03 -1.011395e-02)	(-4.443436e-03 2.056860e-03 -1.012523e-02)	(-7.104913e-06 1.489685e-05 1.128049e-05)
4294          	(-4.450428e-03 2.071292e-03 -1.011235e-02)	(-4.443322e-03 2.056406e-03 -1.012363e-02)	(-7.106441e-06 1.488638e-05 1.128113e-05)
4295          	(-4.450440e-03 2.071287e-03 -1.011220e-02)	(-4.443333e-03 2.056410e-03 -1.012348e-02)	(-7.107186e-06 1.487653e-05 1.128548e-05)
4296          	(-4.450434e-03 2.071373e-03 -1.011190e-02)	(-4.443326e-03 2.056504e-03 -1.012319e-02)	(-7.107982e-06 1.486897e-05 1.128876e-05)
4297          	(-4.450427e-03 2.071538e-03 -1.011153e-02)	(-4.443319e-03 2.056672e-03 -1.012282e-02)	(-7.108356e-06 1.486549e-05 1.129352e-05)
4298          	(-4.450428e-03 2.071737e-03 -1.011115e-02)	(-4.443320e-03 2.056870e-03 -1.012245e-02)	(-7.108279e-06 1.486666e-05 1.129994e-05)
4299          	(-4.450454e-03 2.071935e-03 -1.011085e-02)	(-4.443346e-03 2.057062e-03 -1.012215e-02)	(-7.107737e-06 1.487225e-05 1.130793e-05)
4300          	(-4.450519e-03 2.072075e-03 -1.011066e-02)	(-4.443412e-03 2.057195e-03 -1.012198e-02)	(-7.106881e-06 1.488033e-05 1.131755e-05)
4301          	(-4.450644e-03 2.072140e-03 -1.011068e-02)	(-4.443538e-03 2.057250e-03 -1.012201e-02)	(-7.105797e-06 1.488989e-05 1.132818e-05)
4302          	(-4.450792e-03 2.072134e-03 -1.011078e-02)	(-4.443687e-03 2.057234e-03 -1.012212e-02)	(-7.104588e-06 1.489988e-05 1.133918e-05)
4303          	(-4.450957e-03 2.072081e-03 -1.011099e-02)	(-4.443854e-03 2.057171e-03 -1.012234e-02)	(-7.103412e-06 1.490961e-05 1.134976e-05)
4304          	(-4.451121e-03 2.072011e-03 -1.011127e-02)	(-4.444019e-03 2.057091e-03 -1.012263e-02)	(-7.102273e-06 1.492005e-05 1.135936e-05)
4305          	(-4.451269e-03 2.071951e-03 -1.011160e-02)	(-4.444168e-03 2.057020e-03 -1.012297e-02)	(-7.101220e-06 1.493160e-05 1.136705e-05)
4306          	(-4.451389e-03 2.071905e-03 -1.011196e-02)	(-4.444289e-03 2.056961e-03 -1.012333e-02)	(-7.100376e-06 1.494355e-05 1.137236e-05)
4307          	(-4.451470e-03 2.071871e-03 -1.011233e-02)	(-4.444370e-03 2.056915e-03 -1.012371e-02)	(-7.099701e-06 1.495618e-05 1.137539e-05)
4308          	(-4.451499e-03 2.071848e-03 -1.011266e-02)	(-4.444399e-03 2.056879e-03 -1.012404e-02)	(-7.099213e-06 1.496895e-05 1.137615e-05)
4309          	(-4.451466e-03 2.071818e-03 -1.011295e-02)	(-4.444367e-03 2.056838e-03 -1.012432e-02)	(-7.098989e-06 1.498017e-05 1.137479e-05)
4310          	(-4.451319e-03 2.071777e-03 -1.011323e-02)	(-4.444220e-03 2.056787e-03 -1.012460e-02)	(-7.098905e-06 1.499012e-05 1.137176e-05)
4311          	(-4.451001e-03 2.071729e-03 -1.011353e-02)	(-4.443902e-03 2.056731e-03 -1.012490e-02)	(-7.098882e-06 1.499806e-05 1.136765e-05)
4312          	(-4.450573e-03 2.071673e-03 -1.011382e-02)	(-4.443474e-03 2.056670e-03 -1.012519e-02)	(-7.098865e-06 1.500335e-05 1.136336e-05)
4313          	(-4.449943e-03 2.071608e-03 -1.011416e-02)	(-4.442844e-03 2.056603e-03 -1.012552e-02)	(-7.098826e-06 1.500545e-05 1.135914e-05)
4314          	(-4.449250e-03 2.071536e-03 -1.011450e-02)	(-4.442152e-03 2.056531e-03 -1.012586e-02)	(-7.098726e-06 1.500492e-05 1.135521e-05)
4315          	(-4.448652e-03 2.071444e-03 -1.011484e-02)	(-4.441554e-03 2.056442e-03 -1.012620e-02)	(-7.098680e-06 1.500160e-05 1.135172e-05)
4316          	(-4.448372e-03 2.071358e-03 -1.011537e-02)	(-4.441274e-03 2.056362e-03 -1.012672e-02)	(-7.098712e-06 1.499622e-05 1.134903e-05)
4317          	(-4.448111e-03 2.071283e-03 -1.011591e-02)	(-4.441012e-03 2.056294e-03 -1.012726e-02)	(-7.098892e-06 1.498883e-05 1.134662e-05)
4318          	(-4.447824e-03 2.071216e-03 -1.011635e-02)	(-4.440725e-03 2.056236e-03 -1.012769e-02)	(-7.099313e-06 1.497977e-05 1.134389e-05)
4319          	(-4.447510e-03 2.071164e-03 -1.011662e-02)	(-4.440410e-03 2.056194e-03 -1.012796e-02)	(-7.099912e-06 1.496975e-05 1.134136e-05)
4320          	(-4.447169e-03 2.071133e-03 -1.011668e-02)	(-4.440068e-03 2.056173e-03 -1.012802e-02)	(-7.100530e-06 1.496005e-05 1.133940e-05)
4321          	(-4.446808e-03 2.071109e-03 -1.011652e-02)	(-4.439707e-03 2.056157e-03 -1.012785e-02)	(-7.101110e-06 1.495138e-05 1.133822e-05)
4322          	(-4.446440e-03 2.071084e-03 -1.011615e-02)	(-4.439339e-03 2.056139e-03 -1.012749e-02)	(-7.101497e-06 1.494480e-05 1.133844e-05)
4323          	(-4.446071e-03 2.071030e-03 -1.011559e-02)	(-4.438970e-03 2.056089e-03 -1.012693e-02)	(-7.101577e-06 1.494101e-05 1.134036e-05)
4324          	(-4.445741e-03 2.070917e-03 -1.011486e-02)	(-4.438640e-03 2.055977e-03 -1.012620e-02)	(-7.101346e-06 1.494002e-05 1.134427e-05)
4325          	(-4.445393e-03 2.069747e-03 -1.011266e-02)	(-4.438292e-03 2.054811e-03 -1.012401e-02)	(-7.101184e-06 1.493643e-05 1.134992e-05)
4326          	(-4.445222e-03 2.069746e-03 -1.011190e-02)	(-4.438122e-03 2.054809e-03 -1.012326e-02)	(-7.100199e-06 1.493665e-05 1.135926e-05)
4327          	(-4.445199e-03 2.069750e-03 -1.011124e-02)	(-4.438100e-03 2.054808e-03 -1.012260e-02)	(-7.099191e-06 1.494219e-05 1.136762e-05)
4328          	(-4.445636e-03 2.069724e-03 -1.011036e-02)	(-4.438538e-03 2.054773e-03 -1.012174e-02)	(-7.097944e-06 1.495107e-05 1.137695e-05)
4329          	(-4.446283e-03 2.069702e-03 -1.010971e-02)	(-4.439186e-03 2.054740e-03 -1.012109e-02)	(-7.096626e-06 1.496164e-05 1.138634e-05)
4330          	(-4.447178e-03 2.069682e-03 -1.010916e-02)	(-4.440083e-03 2.054708e-03 -1.012056e-02)	(-7.095284e-06 1.497400e-05 1.139499e-05)
4331          	(-4.450195e-03 2.069041e-03 -1.010959e-02)	(-4.443101e-03 2.054061e-03 -1.012099e-02)	(-7.094358e-06 1.498059e-05 1.140242e-05)
4332          	(-4.450703e-03 2.069237e-03 -1.010918e-02)	(-4.443610e-03 2.054248e-03 -1.012059e-02)	(-7.093379e-06 1.498846e-05 1.140855e-05)
4333          	(-4.450699e-03 2.069439e-03 -1.010946e-02)	(-4.443606e-03 2.054437e-03 -1.012087e-02)	(-7.092663e-06 1.500149e-05 1.140994e-05)
4334          	(-4.450679e-03 2.069635e-03 -1.010984e-02)	(-4.443587e-03 2.054621e-03 -1.012125e-02)	(-7.092220e-06 1.501435e-05 1.140825e-05)
4335          	(-4.450658e-03 2.069808e-03 -1.011025e-02)	(-4.443566e-03 2.054782e-03 -1.012166e-02)	(-7.091997e-06 1.502642e-05 1.140407e-05)
4336          	(-4.452401e-03 2.072172e-03 -1.011200e-02)	(-4.445310e-03 2.057136e-03 -1.012339e-02)	(-7.091453e-06 1.503653e-05 1.139913e-05)
4337          	(-4.452338e-03 2.072227e-03 -1.011215e-02)	(-4.445247e-03 2.057184e-03 -1.012354e-02)	(-7.091135e-06 1.504304e-05 1.139340e-05)
4338          	(-4.452281e-03 2.072189e-03 -1.011220e-02)	(-4.445189e-03 2.057140e-03 -1.012358e-02)	(-7.091354e-06 1.504858e-05 1.138474e-05)
4339          	(-4.452234e-03 2.072059e-03 -1.011214e-02)	(-4.445142e-03 2.057008e-03 -1.012352e-02)	(-7.091619e-06 1.505052e-05 1.137616e-05)
4340          	(-4.452204e-03 2.071868e-03 -1.011203e-02)	(-4.445113e-03 2.056818e-03 -1.012340e-02)	(-7.091816e-06 1.504938e-05 1.136815e-05)
4341          	(-4.453179e-03 2.071536e-03 -1.010975e-02)	(-4.446087e-03 2.056492e-03 -1.012111e-02)	(-7.092231e-06 1.504431e-05 1.136295e-05)
4342          	(-4.453204e-03 2.071344e-03 -1.011010e-02)	(-4.446112e-03 2.056307e-03 -1.012146e-02)	(-7.092193e-06 1.503760e-05 1.135850e-05)
4343          	(-4.453234e-03 2.071168e-03 -1.011048e-02)	(-4.446141e-03 2.056141e-03 -1.012183e-02)	(-7.092773e-06 1.502782e-05 1.135085e-05)
4344          	(-4.453262e-03 2.071047e-03 -1.011085e-02)	(-4.446169e-03 2.056030e-03 -1.012219e-02)	(-7.093402e-06 1.501675e-05 1.134287e-05)
4345          	(-4.453290e-03 2.071010e-03 -1.011114e-02)	(-4.446196e-03 2.056005e-03 -1.012248e-02)	(-7.094058e-06 1.500479e-05 1.133507e-05)
4346          	(-4.454688e-03 2.070915e-03 -1.010784e-02)	(-4.447593e-03 2.055922e-03 -1.011917e-02)	(-7.095246e-06 1.499289e-05 1.132825e-05)
4347          	(-4.454687e-03 2.071027e-03 -1.010836e-02)	(-4.447591e-03 2.056045e-03 -1.011969e-02)	(-7.095622e-06 1.498195e-05 1.132441e-05)
4348          	(-4.454688e-03 2.071203e-03 -1.010886e-02)	(-4.447592e-03 2.056230e-03 -1.012018e-02)	(-7.096088e-06 1.497277e-05 1.131954e-05)
4349          	(-4.454762e-03 2.071448e-03 -1.010926e-02)	(-4.447666e-03 2.056481e-03 -1.012057e-02)	(-7.096177e-06 1.496690e-05 1.131617e-05)
4350          	(-4.457187e-03 2.071589e-03 -1.010806e-02)	(-4.450091e-03 2.056629e-03 -1.011938e-02)	(-7.096368e-06 1.496019e-05 1.131518e-05)
4351          	(-4.457212e-03 2.071933e-03 -1.010844e-02)	(-4.450116e-03 2.056976e-03 -1.011976e-02)	(-7.095686e-06 1.495739e-05 1.131732e-05)
4352          	(-4.457277e-03 2.072293e-03 -1.010897e-02)	(-4.450182e-03 2.057333e-03 -1.012029e-02)	(-7.094830e-06 1.495999e-05 1.131904e-05)
4353          	(-4.457406e-03 2.072663e-03 -1.010966e-02)	(-4.450312e-03 2.057697e-03 -1.012098e-02)	(-7.093678e-06 1.496557e-05 1.132123e-05)
4354          	(-4.460014e-03 2.073013e-03 -1.011060e-02)	(-4.452922e-03 2.058046e-03 -1.012192e-02)	(-7.092665e-06 1.496746e-05 1.132336e-05)
4355          	(-4.460050e-03 2.073443e-03 -1.011103e-02)	(-4.452959e-03 2.058472e-03 -1.012236e-02)	(-7.091315e-06 1.497122e-05 1.132666e-05)
4356          	(-4.460090e-03 2.073886e-03 -1.011150e-02)	(-4.453000e-03 2.058905e-03 -1.012283e-02)	(-7.090019e-06 1.498112e-05 1.132763e-05)
4357          	(-4.460145e-03 2.074325e-03 -1.011201e-02)	(-4.453056e-03 2.059331e-03 -1.012333e-02)	(-7.088807e-06 1.499364e-05 1.132631e-05)
4358          	(-4.461831e-03 2.074941e-03 -1.011331e-02)	(-4.454743e-03 2.059938e-03 -1.012463e-02)	(-7.087861e-06 1.500328e-05 1.132220e-05)
4359          	(-4.461756e-03 2.075342e-03 -1.011356e-02)	(-4.454669e-03 2.060329e-03 -1.012488e-02)	(-7.087016e-06 1.501260e-05 1.131724e-05)
4360          	(-4.461679e-03 2.075686e-03 -1.011384e-02)	(-4.454593e-03 2.060660e-03 -1.012515e-02)	(-7.086559e-06 1.502573e-05 1.130859e-05)
4361          	(-4.461609e-03 2.075946e-03 -1.011415e-02)	(-4.454523e-03 2.060909e-03 -1.012545e-02)	(-7.086401e-06 1.503689e-05 1.129814e-05)
4362          	(-4.462718e-03 2.076619e-03 -1.011611e-02)	(-4.455632e-03 2.061575e-03 -1.012740e-02)	(-7.086290e-06 1.504321e-05 1.128711e-05)
4363          	(-4.462611e-03 2.076719e-03 -1.011623e-02)	(-4.455525e-03 2.061673e-03 -1.012751e-02)	(-7.086200e-06 1.504580e-05 1.127673e-05)
4364          	(-4.462501e-03 2.076722e-03 -1.011636e-02)	(-4.455415e-03 2.061675e-03 -1.012762e-02)	(-7.086556e-06 1.504727e-05 1.126406e-05)
4365          	(-4.462385e-03 2.076641e-03 -1.011653e-02)	(-4.455298e-03 2.061596e-03 -1.012778e-02)	(-7.086949e-06 1.504455e-05 1.125184e-05)
4366          	(-4.461795e-03 2.075719e-03 -1.011670e-02)	(-4.454708e-03 2.060683e-03 -1.012794e-02)	(-7.087410e-06 1.503592e-05 1.124164e-05)
4367          	(-4.461731e-03 2.075595e-03 -1.011714e-02)	(-4.454644e-03 2.060569e-03 -1.012837e-02)	(-7.087447e-06 1.502541e-05 1.123336e-05)
4368          	(-4.461657e-03 2.075462e-03 -1.011759e-02)	(-4.454569e-03 2.060450e-03 -1.012882e-02)	(-7.088138e-06 1.501232e-05 1.122216e-05)
4369          	(-4.461574e-03 2.075375e-03 -1.011813e-02)	(-4.454485e-03 2.060378e-03 -1.012934e-02)	(-7.088918e-06 1.499759e-05 1.121105e-05)
4370          	(-4.461203e-03 2.075524e-03 -1.011895e-02)	(-4.454113e-03 2.060542e-03 -1.013015e-02)	(-7.089907e-06 1.498250e-05 1.119938e-05)
4371          	(-4.461132e-03 2.075545e-03 -1.011954e-02)	(-4.454042e-03 2.060578e-03 -1.013073e-02)	(-7.090472e-06 1.496694e-05 1.119050e-05)
4372          	(-4.461043e-03 2.075636e-03 -1.012007e-02)	(-4.453952e-03 2.060685e-03 -1.013125e-02)	(-7.091552e-06 1.495074e-05 1.118039e-05)
4373          	(-4.460934e-03 2.075803e-03 -1.012055e-02)	(-4.453841e-03 2.060867e-03 -1.013172e-02)	(-7.092512e-06 1.493610e-05 1.117171e-05)
4374          	(-4.459900e-03 2.076310e-03 -1.012192e-02)	(-4.452807e-03 2.061387e-03 -1.013308e-02)	(-7.093134e-06 1.492318e-05 1.116325e-05)
4375          	(-4.459804e-03 2.076585e-03 -1.012214e-02)	(-4.452711e-03 2.061673e-03 -1.013330e-02)	(-7.093144e-06 1.491195e-05 1.115970e-05)
4376          	(-4.459725e-03 2.076887e-03 -1.012238e-02)	(-4.452632e-03 2.061982e-03 -1.013353e-02)	(-7.093176e-06 1.490541e-05 1.115657e-05)
4377          	(-4.459654e-03 2.077223e-03 -1.012286e-02)	(-4.452562e-03 2.062321e-03 -1.013401e-02)	(-7.092803e-06 1.490269e-05 1.115553e-05)
4378          	(-4.458891e-03 2.077443e-03 -1.012571e-02)	(-4.451799e-03 2.062545e-03 -1.013686e-02)	(-7.091969e-06 1.489792e-05 1.115493e-05)
4379          	(-4.458854e-03 2.077772e-03 -1.012584e-02)	(-4.451763e-03 2.062877e-03 -1.013700e-02)	(-7.090718e-06 1.489545e-05 1.115853e-05)
4380          	(-4.458850e-03 2.078064e-03 -1.012600e-02)	(-4.451760e-03 2.063166e-03 -1.013717e-02)	(-7.089577e-06 1.489809e-05 1.116178e-05)
4381          	(-4.458870e-03 2.078316e-03 -1.012623e-02)	(-4.451781e-03 2.063413e-03 -1.013740e-02)	(-7.088412e-06 1.490299e-05 1.116536e-05)
4382          	(-4.457782e-03 2.077163e-03 -1.012837e-02)	(-4.450695e-03 2.062260e-03 -1.013954e-02)	(-7.087407e-06 1.490290e-05 1.116720e-05)
4383          	(-4.457756e-03 2.077452e-03 -1.012807e-02)	(-4.450670e-03 2.062547e-03 -1.013924e-02)	(-7.086333e-06 1.490531e-05 1.117028e-05)
4384          	(-4.457722e-03 2.077717e-03 -1.012775e-02)	(-4.450636e-03 2.062804e-03 -1.013892e-02)	(-7.085716e-06 1.491333e-05 1.117032e-05)
4385          	(-4.457687e-03 2.077930e-03 -1.012747e-02)	(-4.450602e-03 2.063007e-03 -1.013864e-02)	(-7.085371e-06 1.492268e-05 1.116897e-05)
4386          	(-4.457646e-03 2.078060e-03 -1.012725e-02)	(-4.450561e-03 2.063128e-03 -1.013842e-02)	(-7.085357e-06 1.493144e-05 1.116593e-05)
4387          	(-4.456458e-03 2.078235e-03 -1.013039e-02)	(-4.449373e-03 2.063299e-03 -1.014155e-02)	(-7.085130e-06 1.493657e-05 1.116162e-05)
4388          	(-4.456383e-03 2.078259e-03 -1.012972e-02)	(-4.449298e-03 2.063320e-03 -1.014088e-02)	(-7.085175e-06 1.493888e-05 1.115799e-05)
4389          	(-4.456301e-03 2.078201e-03 -1.012905e-02)	(-4.449216e-03 2.063259e-03 -1.014020e-02)	(-7.085798e-06 1.494186e-05 1.115159e-05)
4390          	(-4.456209e-03 2.078062e-03 -1.012847e-02)	(-4.449122e-03 2.063120e-03 -1.013961e-02)	(-7.086531e-06 1.494204e-05 1.114548e-05)
4391          	(-4.456099e-03 2.077858e-03 -1.012810e-02)	(-4.449011e-03 2.062920e-03 -1.013924e-02)	(-7.087315e-06 1.493844e-05 1.114010e-05)
4392          	(-4.455955e-03 2.077619e-03 -1.012794e-02)	(-4.448867e-03 2.062687e-03 -1.013908e-02)	(-7.088088e-06 1.493149e-05 1.113554e-05)
4393          	(-4.453036e-03 2.077215e-03 -1.012908e-02)	(-4.445948e-03 2.062293e-03 -1.014021e-02)	(-7.088537e-06 1.492173e-05 1.113241e-05)
4394          	(-4.453001e-03 2.076996e-03 -1.012912e-02)	(-4.445913e-03 2.062086e-03 -1.014025e-02)	(-7.088767e-06 1.491058e-05 1.113122e-05)
4395          	(-4.452980e-03 2.076800e-03 -1.012918e-02)	(-4.445890e-03 2.061903e-03 -1.014031e-02)	(-7.089752e-06 1.489700e-05 1.112717e-05)
4396          	(-4.452952e-03 2.076644e-03 -1.012919e-02)	(-4.445861e-03 2.061762e-03 -1.014032e-02)	(-7.090970e-06 1.488226e-05 1.112324e-05)
4397          	(-4.452907e-03 2.076545e-03 -1.012915e-02)	(-4.445815e-03 2.061677e-03 -1.014027e-02)	(-7.092300e-06 1.486751e-05 1.111967e-05)
4398          	(-4.452839e-03 2.076500e-03 -1.012902e-02)	(-4.445746e-03 2.061647e-03 -1.014014e-02)	(-7.093719e-06 1.485336e-05 1.111688e-05)
4399          	(-4.452749e-03 2.076502e-03 -1.012883e-02)	(-4.445654e-03 2.061661e-03 -1.013994e-02)	(-7.095033e-06 1.484078e-05 1.111572e-05)
4400          	(-4.450972e-03 2.074135e-03 -1.012804e-02)	(-4.443875e-03 2.059308e-03 -1.013916e-02)	(-7.096784e-06 1.482650e-05 1.111734e-05)
4401          	(-4.450887e-03 2.074293e-03 -1.012752e-02)	(-4.443790e-03 2.059478e-03 -1.013864e-02)	(-7.097592e-06 1.481499e-05 1.112338e-05)
4402          	(-4.450831e-03 2.074488e-03 -1.012684e-02)	(-4.443733e-03 2.059679e-03 -1.013797e-02)	(-7.098311e-06 1.480888e-05 1.112876e-05)
4403          	(-4.450798e-03 2.074690e-03 -1.012617e-02)	(-4.443699e-03 2.059883e-03 -1.013731e-02)	(-7.098542e-06 1.480729e-05 1.113630e-05)
4404          	(-4.450780e-03 2.074892e-03 -1.012566e-02)	(-4.443682e-03 2.060082e-03 -1.013681e-02)	(-7.098306e-06 1.480963e-05 1.114558e-05)
4405          	(-4.450779e-03 2.075051e-03 -1.012523e-02)	(-4.443682e-03 2.060236e-03 -1.013638e-02)	(-7.097729e-06 1.481438e-05 1.115637e-05)
4406          	(-4.450409e-03 2.074785e-03 -1.012644e-02)	(-4.443312e-03 2.059971e-03 -1.013761e-02)	(-7.096980e-06 1.481406e-05 1.116843e-05)
4407          	(-4.450420e-03 2.074975e-03 -1.012556e-02)	(-4.443325e-03 2.060158e-03 -1.013674e-02)	(-7.095905e-06 1.481627e-05 1.118233e-05)
4408          	(-4.450451e-03 2.075174e-03 -1.012470e-02)	(-4.443356e-03 2.060349e-03 -1.013590e-02)	(-7.095033e-06 1.482483e-05 1.119373e-05)
4409          	(-4.450508e-03 2.075358e-03 -1.012391e-02)	(-4.443413e-03 2.060522e-03 -1.013511e-02)	(-7.094327e-06 1.483589e-05 1.120350e-05)
4410          	(-4.450589e-03 2.075506e-03 -1.012318e-02)	(-4.443496e-03 2.060656e-03 -1.013439e-02)	(-7.093797e-06 1.484938e-05 1.121101e-05)
4411          	(-4.450693e-03 2.075586e-03 -1.012250e-02)	(-4.443600e-03 2.060723e-03 -1.013372e-02)	(-7.093569e-06 1.486315e-05 1.121631e-05)
4412          	(-4.450813e-03 2.075578e-03 -1.012187e-02)	(-4.443720e-03 2.060701e-03 -1.013309e-02)	(-7.093611e-06 1.487664e-05 1.121967e-05)
4413          	(-4.450940e-03 2.075482e-03 -1.012129e-02)	(-4.443846e-03 2.060594e-03 -1.013252e-02)	(-7.093904e-06 1.488872e-05 1.122106e-05)
4414          	(-4.451048e-03 2.075299e-03 -1.012082e-02)	(-4.443954e-03 2.060401e-03 -1.013204e-02)	(-7.094479e-06 1.489770e-05 1.122114e-05)
4415          	(-4.451141e-03 2.075054e-03 -1.012043e-02)	(-4.444046e-03 2.060150e-03 -1.013165e-02)	(-7.095181e-06 1.490393e-05 1.122051e-05)
4416          	(-4.451211e-03 2.074771e-03 -1.012014e-02)	(-4.444115e-03 2.059864e-03 -1.013136e-02)	(-7.095930e-06 1.490684e-05 1.121997e-05)
4417          	(-4.451251e-03 2.074465e-03 -1.011994e-02)	(-4.444154e-03 2.059559e-03 -1.013116e-02)	(-7.096685e-06 1.490623e-05 1.121990e-05)
4418          	(-4.451252e-03 2.074160e-03 -1.011982e-02)	(-4.444155e-03 2.059257e-03 -1.013105e-02)	(-7.097401e-06 1.490289e-05 1.122057e-05)
4419          	(-4.451211e-03 2.073873e-03 -1.011979e-02)	(-4.444113e-03 2.058976e-03 -1.013101e-02)	(-7.098045e-06 1.489748e-05 1.122177e-05)
4420          	(-4.451120e-03 2.073612e-03 -1.011980e-02)	(-4.444022e-03 2.058722e-03 -1.013102e-02)	(-7.098763e-06 1.489022e-05 1.122325e-05)
4421          	(-4.450281e-03 2.073154e-03 -1.012052e-02)	(-4.443181e-03 2.058272e-03 -1.013174e-02)	(-7.099537e-06 1.488167e-05 1.122431e-05)
4422          	(-4.450142e-03 2.072995e-03 -1.012034e-02)	(-4.443042e-03 2.058122e-03 -1.013157e-02)	(-7.100524e-06 1.487233e-05 1.122526e-05)
4423          	(-4.449979e-03 2.072892e-03 -1.012002e-02)	(-4.442877e-03 2.058029e-03 -1.013124e-02)	(-7.101645e-06 1.486318e-05 1.122618e-05)
4424          	(-4.448016e-03 2.073579e-03 -1.011863e-02)	(-4.440913e-03 2.058722e-03 -1.012986e-02)	(-7.102841e-06 1.485734e-05 1.122613e-05)
4425          	(-4.447950e-03 2.073600e-03 -1.011819e-02)	(-4.440846e-03 2.058749e-03 -1.012942e-02)	(-7.103520e-06 1.485136e-05 1.122944e-05)
4426          	(-4.447918e-03 2.073670e-03 -1.011763e-02)	(-4.440814e-03 2.058823e-03 -1.012886e-02)	(-7.104422e-06 1.484632e-05 1.123179e-05)
4427          	(-4.447918e-03 2.073761e-03 -1.011703e-02)	(-4.440813e-03 2.058916e-03 -1.012826e-02)	(-7.104961e-06 1.484410e-05 1.123589e-05)
4428          	(-4.447975e-03 2.073829e-03 -1.011646e-02)	(-4.440869e-03 2.058984e-03 -1.012770e-02)	(-7.105118e-06 1.484455e-05 1.124215e-05)
4429          	(-4.448937e-03 2.072208e-03 -1.011401e-02)	(-4.441832e-03 2.057368e-03 -1.012526e-02)	(-7.105539e-06 1.484019e-05 1.125230e-05)
4430          	(-4.449005e-03 2.072385e-03 -1.011357e-02)	(-4.441900e-03 2.057545e-03 -1.012483e-02)	(-7.105052e-06 1.484009e-05 1.126554e-05)
4431          	(-4.449118e-03 2.072548e-03 -1.011327e-02)	(-4.442013e-03 2.057703e-03 -1.012455e-02)	(-7.104367e-06 1.484539e-05 1.127775e-05)
4432          	(-4.449281e-03 2.072676e-03 -1.011308e-02)	(-4.442178e-03 2.057822e-03 -1.012437e-02)	(-7.103373e-06 1.485402e-05 1.129061e-05)
4433          	(-4.449492e-03 2.072741e-03 -1.011290e-02)	(-4.442390e-03 2.057877e-03 -1.012420e-02)	(-7.102316e-06 1.486435e-05 1.130328e-05)
4434          	(-4.451778e-03 2.071782e-03 -1.011356e-02)	(-4.444676e-03 2.056913e-03 -1.012488e-02)	(-7.101772e-06 1.486926e-05 1.131615e-05)
4435          	(-4.451764e-03 2.071998e-03 -1.011284e-02)	(-4.444664e-03 2.057119e-03 -1.012416e-02)	(-7.100932e-06 1.487853e-05 1.132806e-05)
4436          	(-4.451733e-03 2.072225e-03 -1.011217e-02)	(-4.444633e-03 2.057331e-03 -1.012350e-02)	(-7.100273e-06 1.489404e-05 1.133648e-05)
4437          	(-4.451704e-03 2.072427e-03 -1.011162e-02)	(-4.444604e-03 2.057515e-03 -1.012296e-02)	(-7.099769e-06 1.491181e-05 1.134210e-05)
4438          	(-4.451694e-03 2.072566e-03 -1.011121e-02)	(-4.444594e-03 2.057636e-03 -1.012256e-02)	(-7.099464e-06 1.493007e-05 1.134535e-05)
4439          	(-4.451695e-03 2.072620e-03 -1.011093e-02)	(-4.444596e-03 2.057674e-03 -1.012228e-02)	(-7.099409e-06 1.494653e-05 1.134648e-05)
4440          	(-4.451706e-03 2.072589e-03 -1.011078e-02)	(-4.444606e-03 2.057629e-03 -1.012213e-02)	(-7.099549e-06 1.496043e-05 1.134593e-05)
4441          	(-4.451721e-03 2.072477e-03 -1.011074e-02)	(-4.444621e-03 2.057506e-03 -1.012209e-02)	(-7.099846e-06 1.497037e-05 1.134434e-05)
4442          	(-4.451727e-03 2.072298e-03 -1.011082e-02)	(-4.444627e-03 2.057321e-03 -1.012217e-02)	(-7.100144e-06 1.497666e-05 1.134247e-05)
4443          	(-4.451660e-03 2.072086e-03 -1.011105e-02)	(-4.444560e-03 2.057107e-03 -1.012239e-02)	(-7.100377e-06 1.497900e-05 1.134060e-05)
4444          	(-4.451302e-03 2.071959e-03 -1.011158e-02)	(-4.444202e-03 2.056982e-03 -1.012292e-02)	(-7.100546e-06 1.497747e-05 1.133875e-05)
4445          	(-4.451025e-03 2.072453e-03 -1.011221e-02)	(-4.443925e-03 2.057478e-03 -1.012355e-02)	(-7.100507e-06 1.497437e-05 1.133650e-05)
4446          	(-4.450615e-03 2.072332e-03 -1.011275e-02)	(-4.443514e-03 2.057364e-03 -1.012409e-02)	(-7.100584e-06 1.496860e-05 1.133428e-05)
4447          	(-4.450188e-03 2.072247e-03 -1.011327e-02)	(-4.443087e-03 2.057285e-03 -1.012460e-02)	(-7.100781e-06 1.496135e-05 1.133174e-05)
4448          	(-4.450082e-03 2.072176e-03 -1.011345e-02)	(-4.442981e-03 2.057223e-03 -1.012478e-02)	(-7.101198e-06 1.495315e-05 1.132910e-05)
4449          	(-4.449935e-03 2.072177e-03 -1.011357e-02)	(-4.442833e-03 2.057233e-03 -1.012490e-02)	(-7.101789e-06 1.494465e-05 1.132651e-05)
4450          	(-4.449745e-03 2.072241e-03 -1.011363e-02)	(-4.442642e-03 2.057304e-03 -1.012496e-02)	(-7.102487e-06 1.493674e-05 1.132417e-05)
4451          	(-4.449513e-03 2.072348e-03 -1.011364e-02)	(-4.442410e-03 2.057418e-03 -1.012497e-02)	(-7.103077e-06 1.493065e-05 1.132274e-05)
4452          	(-4.449273e-03 2.072487e-03 -1.011358e-02)	(-4.442170e-03 2.057561e-03 -1.012490e-02)	(-7.103482e-06 1.492665e-05 1.132271e-05)
4453          	(-4.449009e-03 2.072609e-03 -1.011350e-02)	(-4.441905e-03 2.057683e-03 -1.012482e-02)	(-7.103601e-06 1.492525e-05 1.132415e-05)
4454          	(-4.448730e-03 2.072689e-03 -1.011344e-02)	(-4.441627e-03 2.057762e-03 -1.012477e-02)	(-7.103354e-06 1.492680e-05 1.132748e-05)
4455          	(-4.448450e-03 2.072695e-03 -1.011346e-02)	(-4.441347e-03 2.057764e-03 -1.012479e-02)	(-7.102731e-06 1.493065e-05 1.133245e-05)
4456          	(-4.448177e-03 2.072625e-03 -1.011358e-02)	(-4.441075e-03 2.057688e-03 -1.012492e-02)	(-7.101778e-06 1.493629e-05 1.133909e-05)
4457          	(-4.447916e-03 2.072483e-03 -1.011381e-02)	(-4.440815e-03 2.057540e-03 -1.012516e-02)	(-7.100524e-06 1.494319e-05 1.134694e-05)
4458          	(-4.447672e-03 2.072274e-03 -1.011416e-02)	(-4.440573e-03 2.057324e-03 -1.012551e-02)	(-7.099106e-06 1.495041e-05 1.135547e-05)
4459          	(-4.447442e-03 2.072032e-03 -1.011456e-02)	(-4.440345e-03 2.057073e-03 -1.012593e-02)	(-7.097597e-06 1.495836e-05 1.136392e-05)
4460          	(-4.447223e-03 2.071786e-03 -1.011498e-02)	(-4.440127e-03 2.056818e-03 -1.012635e-02)	(-7.096086e-06 1.496745e-05 1.137161e-05)
4461          	(-4.447014e-03 2.071548e-03 -1.011536e-02)	(-4.439919e-03 2.056571e-03 -1.012674e-02)	(-7.094700e-06 1.497751e-05 1.137766e-05)
4462          	(-4.446779e-03 2.071290e-03 -1.011567e-02)	(-4.439686e-03 2.056301e-03 -1.012705e-02)	(-7.093513e-06 1.498870e-05 1.138198e-05)
4463          	(-4.446562e-03 2.071062e-03 -1.011585e-02)	(-4.439470e-03 2.056062e-03 -1.012723e-02)	(-7.092560e-06 1.500088e-05 1.138418e-05)
4464          	(-4.446364e-03 2.070851e-03 -1.011588e-02)	(-4.439272e-03 2.055838e-03 -1.012727e-02)	(-7.091982e-06 1.501225e-05 1.138438e-05)
4465          	(-4.446185e-03 2.070650e-03 -1.011576e-02)	(-4.439094e-03 2.055627e-03 -1.012714e-02)	(-7.091675e-06 1.502294e-05 1.138270e-05)
4466          	(-4.446030e-03 2.070444e-03 -1.011547e-02)	(-4.438938e-03 2.055413e-03 -1.012685e-02)	(-7.091673e-06 1.503132e-05 1.138005e-05)
4467          	(-4.445903e-03 2.070233e-03 -1.011504e-02)	(-4.438811e-03 2.055195e-03 -1.012642e-02)	(-7.091782e-06 1.503804e-05 1.137655e-05)
4468          	(-4.446176e-03 2.069577e-03 -1.011289e-02)	(-4.439084e-03 2.054538e-03 -1.012427e-02)	(-7.091984e-06 1.503968e-05 1.137600e-05)
4469          	(-4.446096e-03 2.069432e-03 -1.011259e-02)	(-4.439004e-03 2.054393e-03 -1.012397e-02)	(-7.091915e-06 1.503881e-05 1.137599e-05)
4470          	(-4.446044e-03 2.069268e-03 -1.011228e-02)	(-4.438951e-03 2.054231e-03 -1.012366e-02)	(-7.092409e-06 1.503680e-05 1.137237e-05)
4471          	(-4.446045e-03 2.069095e-03 -1.011198e-02)	(-4.438953e-03 2.054062e-03 -1.012335e-02)	(-7.092887e-06 1.503252e-05 1.136863e-05)
4472          	(-4.446091e-03 2.068935e-03 -1.011167e-02)	(-4.438997e-03 2.053909e-03 -1.012303e-02)	(-7.093328e-06 1.502642e-05 1.136528e-05)
4473          	(-4.446275e-03 2.068830e-03 -1.011122e-02)	(-4.439181e-03 2.053812e-03 -1.012258e-02)	(-7.093833e-06 1.501857e-05 1.136188e-05)
4474          	(-4.448567e-03 2.069256e-03 -1.010865e-02)	(-4.441472e-03 2.054246e-03 -1.012001e-02)	(-7.094893e-06 1.501048e-05 1.135944e-05)
4475          	(-4.448736e-03 2.069267e-03 -1.010888e-02)	(-4.441641e-03 2.054266e-03 -1.012023e-02)	(-7.095376e-06 1.500125e-05 1.135818e-05)
4476          	(-4.448879e-03 2.069343e-03 -1.010916e-02)	(-4.441783e-03 2.054353e-03 -1.012052e-02)	(-7.096261e-06 1.499012e-05 1.135465e-05)
4477          	(-4.449477e-03 2.069650e-03 -1.010892e-02)	(-4.442380e-03 2.054670e-03 -1.012028e-02)	(-7.096974e-06 1.498050e-05 1.135144e-05)
4478          	(-4.449557e-03 2.069847e-03 -1.010930e-02)	(-4.442460e-03 2.054874e-03 -1.012065e-02)	(-7.097431e-06 1.497292e-05 1.134876e-05)
4479          	(-4.452354e-03 2.070644e-03 -1.011012e-02)	(-4.445256e-03 2.055678e-03 -1.012147e-02)	(-7.097913e-06 1.496579e-05 1.134730e-05)
4480          	(-4.452250e-03 2.070871e-03 -1.011040e-02)	(-4.445153e-03 2.055910e-03 -1.012175e-02)	(-7.097549e-06 1.496124e-05 1.134902e-05)
4481          	(-4.452140e-03 2.071102e-03 -1.011073e-02)	(-4.445043e-03 2.056140e-03 -1.012208e-02)	(-7.096960e-06 1.496170e-05 1.135033e-05)
4482          	(-4.452051e-03 2.071320e-03 -1.011115e-02)	(-4.444955e-03 2.056355e-03 -1.012251e-02)	(-7.096020e-06 1.496501e-05 1.135293e-05)
4483          	(-4.452004e-03 2.071500e-03 -1.011165e-02)	(-4.444910e-03 2.056530e-03 -1.012301e-02)	(-7.094774e-06 1.497032e-05 1.135646e-05)
4484          	(-4.453831e-03 2.072480e-03 -1.011183e-02)	(-4.446737e-03 2.057508e-03 -1.012319e-02)	(-7.093332e-06 1.497246e-05 1.136015e-05)
4485          	(-4.453743e-03 2.072687e-03 -1.011194e-02)	(-4.446652e-03 2.057710e-03 -1.012330e-02)	(-7.091698e-06 1.497632e-05 1.136514e-05)
4486          	(-4.453679e-03 2.072891e-03 -1.011199e-02)	(-4.446589e-03 2.057905e-03 -1.012336e-02)	(-7.090200e-06 1.498585e-05 1.136842e-05)
4487          	(-4.453652e-03 2.073067e-03 -1.011200e-02)	(-4.446563e-03 2.058070e-03 -1.012337e-02)	(-7.088857e-06 1.499769e-05 1.136982e-05)
4488          	(-4.453671e-03 2.073200e-03 -1.011195e-02)	(-4.446584e-03 2.058188e-03 -1.012332e-02)	(-7.087703e-06 1.501136e-05 1.136900e-05)
4489          	(-4.455638e-03 2.072516e-03 -1.011027e-02)	(-4.448551e-03 2.057497e-03 -1.012164e-02)	(-7.087197e-06 1.501905e-05 1.136736e-05)
4490          	(-4.455581e-03 2.072663e-03 -1.011012e-02)	(-4.448495e-03 2.057636e-03 -1.012148e-02)	(-7.086647e-06 1.502725e-05 1.136448e-05)
4491          	(-4.455538e-03 2.072767e-03 -1.011003e-02)	(-4.448451e-03 2.057730e-03 -1.012139e-02)	(-7.086527e-06 1.503765e-05 1.135750e-05)
4492          	(-4.455522e-03 2.072820e-03 -1.011003e-02)	(-4.448435e-03 2.057774e-03 -1.012138e-02)	(-7.086576e-06 1.504675e-05 1.134873e-05)
4493          	(-4.457217e-03 2.072774e-03 -1.010922e-02)	(-4.450131e-03 2.057724e-03 -1.012056e-02)	(-7.086850e-06 1.504995e-05 1.134136e-05)
4494          	(-4.457191e-03 2.072776e-03 -1.010948e-02)	(-4.450104e-03 2.057725e-03 -1.012081e-02)	(-7.086920e-06 1.505059e-05 1.133403e-05)
4495          	(-4.457184e-03 2.072741e-03 -1.010988e-02)	(-4.450096e-03 2.057691e-03 -1.012120e-02)	(-7.087373e-06 1.505011e-05 1.132353e-05)
4496          	(-4.458399e-03 2.072995e-03 -1.010993e-02)	(-4.451311e-03 2.057950e-03 -1.012124e-02)	(-7.087828e-06 1.504577e-05 1.131477e-05)
4497          	(-4.458415e-03 2.072938e-03 -1.011064e-02)	(-4.451327e-03 2.057898e-03 -1.012195e-02)	(-7.087912e-06 1.503936e-05 1.130681e-05)
4498          	(-4.458438e-03 2.072886e-03 -1.011143e-02)	(-4.451350e-03 2.057856e-03 -1.012273e-02)	(-7.088556e-06 1.503023e-05 1.129587e-05)
4499          	(-4.459435e-03 2.073372e-03 -1.011176e-02)	(-4.452345e-03 2.058351e-03 -1.012305e-02)	(-7.089332e-06 1.502034e-05 1.128501e-05)
4500          	(-4.459460e-03 2.073380e-03 -1.011272e-02)	(-4.452370e-03 2.058371e-03 -1.012400e-02)	(-7.089744e-06 1.500891e-05 1.127567e-05)
