# Moment      
# CofR        : (0.000000e+00 0.000000e+00 0.000000e+00)
#
# Time        	(total_x total_y total_z)	(pressure_x pressure_y pressure_z)	(viscous_x viscous_y viscous_z)
1             	(4.034884e-06 5.553128e-02 1.294614e-04)	(4.033897e-06 5.477269e-02 1.294959e-04)	(9.867588e-10 7.585885e-04 -3.446996e-08)
2             	(8.310245e-05 5.300417e-02 2.412534e-04)	(8.328849e-05 5.241065e-02 2.416402e-04)	(-1.860402e-07 5.935176e-04 -3.867489e-07)
3             	(9.340860e-06 3.351533e-02 8.199981e-04)	(9.104831e-06 3.286806e-02 8.189985e-04)	(2.360295e-07 6.472649e-04 9.996321e-07)
4             	(7.340667e-05 -1.552827e-02 -1.893099e-04)	(7.351838e-05 -1.620805e-02 -1.843051e-04)	(-1.117089e-07 6.797735e-04 -5.004730e-06)
5             	(4.811209e-05 -4.602606e-02 -6.554679e-04)	(4.745226e-05 -4.672719e-02 -6.593868e-04)	(6.598298e-07 7.011239e-04 3.918882e-06)
6             	(1.088146e-05 -5.278420e-02 -7.045735e-04)	(1.113560e-05 -5.353927e-02 -7.022345e-04)	(-2.541364e-07 7.550696e-04 -2.338971e-06)
7             	(-7.020504e-05 -4.241281e-02 -6.793041e-04)	(-6.950577e-05 -4.317772e-02 -6.777561e-04)	(-6.992665e-07 7.649085e-04 -1.547983e-06)
8             	(-2.722769e-05 -2.488099e-02 -7.475206e-04)	(-2.636267e-05 -2.559806e-02 -7.421469e-04)	(-8.650241e-07 7.170706e-04 -5.373640e-06)
9             	(3.148032e-05 -5.813906e-03 -7.638727e-04)	(3.250732e-05 -6.418698e-03 -7.511914e-04)	(-1.027009e-06 6.047927e-04 -1.268134e-05)
10            	(-6.242276e-05 9.809374e-03 -4.044620e-04)	(-6.117738e-05 9.345374e-03 -3.884406e-04)	(-1.245375e-06 4.640000e-04 -1.602134e-05)
11            	(-1.425992e-04 1.792585e-02 -5.027662e-06)	(-1.415400e-04 1.759385e-02 1.598496e-05)	(-1.059158e-06 3.320000e-04 -2.101263e-05)
12            	(-1.369009e-04 1.893843e-02 4.529211e-04)	(-1.361438e-04 1.870584e-02 4.795675e-04)	(-7.570827e-07 2.325921e-04 -2.664635e-05)
13            	(-1.522491e-04 1.426318e-02 7.241926e-04)	(-1.514925e-04 1.408927e-02 7.501629e-04)	(-7.565610e-07 1.739068e-04 -2.597037e-05)
14            	(-1.725870e-04 8.600788e-03 7.676484e-04)	(-1.718648e-04 8.443553e-03 7.917164e-04)	(-7.222577e-07 1.572342e-04 -2.406805e-05)
15            	(-1.441677e-04 3.241556e-03 7.308889e-04)	(-1.432569e-04 3.067880e-03 7.479986e-04)	(-9.107294e-07 1.736761e-04 -1.710965e-05)
16            	(-9.414063e-05 -6.403949e-04 3.256845e-04)	(-9.317002e-05 -8.486374e-04 3.353863e-04)	(-9.706167e-07 2.082425e-04 -9.701830e-06)
17            	(-1.975575e-05 -3.040029e-03 -3.826550e-04)	(-1.866171e-05 -3.281520e-03 -3.793487e-04)	(-1.094038e-06 2.414912e-04 -3.306363e-06)
18            	(-1.395099e-05 -2.736909e-03 -5.962974e-04)	(-1.275544e-05 -3.004832e-03 -5.980332e-04)	(-1.195548e-06 2.679228e-04 1.735766e-06)
19            	(7.340244e-05 -2.446059e-03 -1.128089e-03)	(7.469738e-05 -2.725255e-03 -1.133000e-03)	(-1.294939e-06 2.791960e-04 4.910980e-06)
20            	(1.186379e-04 -1.866972e-03 -1.343114e-03)	(1.200818e-04 -2.141980e-03 -1.348614e-03)	(-1.443931e-06 2.750074e-04 5.499795e-06)
21            	(1.477761e-04 -6.278287e-04 -9.827270e-04)	(1.491195e-04 -8.875370e-04 -9.880104e-04)	(-1.343448e-06 2.597083e-04 5.283360e-06)
22            	(1.458498e-04 6.408516e-05 -7.532568e-04)	(1.467556e-04 -1.755389e-04 -7.590905e-04)	(-9.058416e-07 2.396240e-04 5.833778e-06)
23            	(1.439750e-04 4.063860e-04 -3.850458e-04)	(1.443138e-04 1.873110e-04 -3.922039e-04)	(-3.387847e-07 2.190751e-04 7.158119e-06)
24            	(8.806588e-05 5.663582e-04 7.584597e-05)	(8.788413e-05 3.647459e-04 6.673871e-05)	(1.817495e-07 2.016123e-04 9.107257e-06)
25            	(2.069726e-05 6.576703e-04 5.672545e-04)	(2.016717e-05 4.681259e-04 5.560858e-04)	(5.300853e-07 1.895444e-04 1.116872e-05)
26            	(2.591899e-05 1.254171e-03 1.626925e-03)	(2.521581e-05 1.071062e-03 1.613720e-03)	(7.031796e-07 1.831089e-04 1.320496e-05)
27            	(2.177437e-05 1.165913e-03 1.735412e-03)	(2.088755e-05 9.871570e-04 1.721016e-03)	(8.868227e-07 1.787564e-04 1.439573e-05)
28            	(2.507783e-05 1.089892e-03 1.698076e-03)	(2.401652e-05 9.155412e-04 1.683323e-03)	(1.061305e-06 1.743507e-04 1.475289e-05)
29            	(7.450154e-06 1.045181e-03 1.508938e-03)	(6.229290e-06 8.758131e-04 1.494049e-03)	(1.220864e-06 1.693680e-04 1.488825e-05)
30            	(-1.858775e-05 1.005616e-03 1.224052e-03)	(-1.993470e-05 8.425888e-04 1.208967e-03)	(1.346952e-06 1.630277e-04 1.508435e-05)
31            	(-4.995409e-05 9.470508e-04 8.938567e-04)	(-5.141383e-05 7.920253e-04 8.783266e-04)	(1.459740e-06 1.550255e-04 1.553003e-05)
32            	(-8.722556e-05 8.316841e-04 5.397150e-04)	(-8.877139e-05 6.863087e-04 5.237037e-04)	(1.545831e-06 1.453753e-04 1.601128e-05)
33            	(-3.385048e-05 5.522078e-04 3.037472e-05)	(-3.545248e-05 4.183311e-04 1.379232e-05)	(1.601995e-06 1.338767e-04 1.658239e-05)
34            	(-8.669628e-05 1.775508e-04 -1.614806e-04)	(-8.827916e-05 5.505309e-05 -1.784647e-04)	(1.582883e-06 1.224978e-04 1.698411e-05)
35            	(-1.014148e-04 1.502979e-05 -2.358269e-04)	(-1.029688e-04 -9.668959e-05 -2.529452e-04)	(1.554052e-06 1.117194e-04 1.711830e-05)
36            	(-1.476499e-04 -1.800295e-04 -1.822799e-04)	(-1.491743e-04 -2.825069e-04 -1.993657e-04)	(1.524454e-06 1.024774e-04 1.708580e-05)
37            	(-1.623648e-04 -2.408007e-04 -4.713809e-05)	(-1.638628e-04 -3.357921e-04 -6.418084e-05)	(1.497989e-06 9.499145e-05 1.704275e-05)
38            	(-1.727713e-04 -2.165001e-04 1.215994e-04)	(-1.742390e-04 -3.060664e-04 1.046311e-04)	(1.467669e-06 8.956626e-05 1.696824e-05)
39            	(-1.706214e-04 -1.241693e-04 2.863772e-04)	(-1.720562e-04 -2.102505e-04 2.695453e-04)	(1.434814e-06 8.608122e-05 1.683191e-05)
40            	(-1.535758e-04 -2.163965e-05 4.705630e-04)	(-1.549772e-04 -1.056757e-04 4.539172e-04)	(1.401419e-06 8.403603e-05 1.664584e-05)
41            	(-1.256534e-04 8.001107e-05 6.532567e-04)	(-1.270323e-04 -2.888506e-06 6.368337e-04)	(1.378881e-06 8.289957e-05 1.642303e-05)
42            	(-8.979333e-05 1.715865e-04 8.211694e-04)	(-9.116408e-05 8.925695e-05 8.050354e-04)	(1.370744e-06 8.232952e-05 1.613400e-05)
43            	(-6.163711e-05 2.182294e-04 9.876537e-04)	(-6.301435e-05 1.361943e-04 9.719396e-04)	(1.377235e-06 8.203514e-05 1.571406e-05)
44            	(-3.070828e-05 2.377204e-04 1.102196e-03)	(-3.210137e-05 1.558982e-04 1.087121e-03)	(1.393084e-06 8.182219e-05 1.507538e-05)
45            	(1.952795e-06 2.352985e-04 1.137896e-03)	(5.386521e-07 1.537382e-04 1.123701e-03)	(1.414143e-06 8.156021e-05 1.419513e-05)
46            	(3.554715e-05 2.108173e-04 1.117702e-03)	(3.411251e-05 1.296567e-04 1.104579e-03)	(1.434639e-06 8.116066e-05 1.312352e-05)
47            	(8.339863e-05 1.813489e-04 1.021925e-03)	(8.194393e-05 1.007581e-04 1.009972e-03)	(1.454692e-06 8.059084e-05 1.195308e-05)
48            	(1.197646e-04 1.413277e-04 9.015509e-04)	(1.182945e-04 6.149271e-05 8.907701e-04)	(1.470038e-06 7.983494e-05 1.078081e-05)
49            	(1.237740e-04 1.166727e-04 7.727314e-04)	(1.222969e-04 3.773814e-05 7.630627e-04)	(1.477054e-06 7.893461e-05 9.668712e-06)
50            	(1.195964e-04 8.484797e-05 6.164265e-04)	(1.181185e-04 7.046713e-06 6.078463e-04)	(1.477891e-06 7.780125e-05 8.580235e-06)
51            	(1.041121e-04 1.164860e-05 4.116175e-04)	(1.026373e-04 -6.471510e-05 4.041708e-04)	(1.474792e-06 7.636371e-05 7.446694e-06)
52            	(7.593422e-05 -5.008442e-05 1.865623e-04)	(7.446708e-05 -1.248048e-04 1.802997e-04)	(1.467139e-06 7.472043e-05 6.262548e-06)
53            	(5.642761e-05 -8.771540e-05 2.884757e-05)	(5.497720e-05 -1.607307e-04 2.378820e-05)	(1.450406e-06 7.301528e-05 5.059362e-06)
54            	(2.238383e-05 -1.351946e-04 -1.473960e-04)	(2.095866e-05 -2.065048e-04 -1.512754e-04)	(1.425177e-06 7.131025e-05 3.879351e-06)
55            	(-3.003989e-07 -1.945339e-04 -2.807085e-04)	(-1.696397e-06 -2.642640e-04 -2.835295e-04)	(1.395998e-06 6.973006e-05 2.821051e-06)
56            	(-2.015273e-05 -2.248566e-04 -3.676915e-04)	(-2.152683e-05 -2.933605e-04 -3.696740e-04)	(1.374091e-06 6.850386e-05 1.982470e-06)
57            	(-5.510499e-05 -2.447583e-04 -4.524630e-04)	(-5.647223e-05 -3.125752e-04 -4.538696e-04)	(1.367236e-06 6.781696e-05 1.406617e-06)
58            	(-7.837979e-05 -2.652853e-04 -5.317544e-04)	(-7.976683e-05 -3.330385e-04 -5.329456e-04)	(1.387041e-06 6.775324e-05 1.191178e-06)
59            	(-1.037091e-04 -2.572335e-04 -6.085872e-04)	(-1.051474e-04 -3.256039e-04 -6.100029e-04)	(1.438319e-06 6.837042e-05 1.415685e-06)
60            	(-1.311169e-04 -2.165826e-04 -6.805799e-04)	(-1.326358e-04 -2.862952e-04 -6.826574e-04)	(1.518908e-06 6.971263e-05 2.077522e-06)
61            	(-1.602206e-04 -1.465657e-04 -7.439437e-04)	(-1.618397e-04 -2.183067e-04 -7.470761e-04)	(1.619079e-06 7.174098e-05 3.132378e-06)
62            	(-1.994913e-04 -5.132089e-05 -7.865299e-04)	(-2.012131e-04 -1.256050e-04 -7.909687e-04)	(1.721739e-06 7.428408e-05 4.438849e-06)
63            	(-2.287503e-04 4.686212e-05 -8.130105e-04)	(-2.305613e-04 -3.028381e-05 -8.188142e-04)	(1.811020e-06 7.714593e-05 5.803730e-06)
64            	(-2.410187e-04 1.305407e-04 -8.171763e-04)	(-2.428998e-04 5.045123e-05 -8.243286e-04)	(1.881159e-06 8.008950e-05 7.152280e-06)
65            	(-2.350402e-04 1.857602e-04 -7.952633e-04)	(-2.369692e-04 1.028635e-04 -8.036812e-04)	(1.929020e-06 8.289674e-05 8.417960e-06)
66            	(-2.138749e-04 2.031503e-04 -7.451205e-04)	(-2.158301e-04 1.177877e-04 -7.547077e-04)	(1.955231e-06 8.536259e-05 9.587151e-06)
67            	(-1.819926e-04 1.817935e-04 -6.686785e-04)	(-1.839561e-04 9.448049e-05 -6.793402e-04)	(1.963508e-06 8.731302e-05 1.066169e-05)
68            	(-1.425308e-04 1.281751e-04 -5.733001e-04)	(-1.444888e-04 3.954469e-05 -5.849418e-04)	(1.957992e-06 8.863037e-05 1.164169e-05)
69            	(-1.007724e-04 5.008946e-05 -4.656625e-04)	(-1.027204e-04 -3.918888e-05 -4.781937e-04)	(1.948084e-06 8.927835e-05 1.253120e-05)
70            	(-5.870528e-05 -4.158652e-05 -3.557814e-04)	(-6.065020e-05 -1.309066e-04 -3.691494e-04)	(1.944925e-06 8.932010e-05 1.336800e-05)
71            	(-1.889629e-05 -1.367238e-04 -2.512278e-04)	(-2.085512e-05 -2.255807e-04 -2.653712e-04)	(1.958827e-06 8.885695e-05 1.414335e-05)
72            	(2.008260e-05 -2.252495e-04 -1.603436e-04)	(1.809130e-05 -3.132556e-04 -1.751718e-04)	(1.991307e-06 8.800607e-05 1.482818e-05)
73            	(5.662141e-05 -2.900063e-04 -7.887165e-05)	(5.458192e-05 -3.768737e-04 -9.424821e-05)	(2.039496e-06 8.686744e-05 1.537656e-05)
74            	(8.147697e-05 -3.413883e-04 -1.885622e-05)	(7.938208e-05 -4.269610e-04 -3.464656e-05)	(2.094889e-06 8.557271e-05 1.579034e-05)
75            	(9.349646e-05 -3.768646e-04 2.055424e-05)	(9.135110e-05 -4.611647e-04 4.454136e-06)	(2.145365e-06 8.430007e-05 1.610011e-05)
76            	(9.787632e-05 -3.981107e-04 4.142754e-05)	(9.569637e-05 -4.812908e-04 2.510194e-05)	(2.179951e-06 8.318007e-05 1.632560e-05)
77            	(9.804724e-05 -4.199858e-04 5.316909e-05)	(9.585901e-05 -5.022773e-04 3.669868e-05)	(2.188230e-06 8.229154e-05 1.647041e-05)
78            	(9.093819e-05 -4.334120e-04 5.602974e-05)	(8.877920e-05 -5.151169e-04 3.951486e-05)	(2.158990e-06 8.170488e-05 1.651488e-05)
79            	(7.820317e-05 -4.419067e-04 5.550483e-05)	(7.611427e-05 -5.234277e-04 3.908047e-05)	(2.088894e-06 8.152102e-05 1.642436e-05)
80            	(6.153222e-05 -4.492447e-04 5.576095e-05)	(5.955439e-05 -5.309837e-04 3.954565e-05)	(1.977833e-06 8.173900e-05 1.621530e-05)
81            	(4.273778e-05 -4.585522e-04 6.085069e-05)	(4.090689e-05 -5.408299e-04 4.494123e-05)	(1.830893e-06 8.227773e-05 1.590946e-05)
82            	(3.062241e-05 -4.606369e-04 6.781886e-05)	(2.896670e-05 -5.436821e-04 5.230891e-05)	(1.655708e-06 8.304512e-05 1.550995e-05)
83            	(1.896291e-05 -4.715162e-04 8.925689e-05)	(1.749864e-05 -5.553794e-04 7.424548e-05)	(1.464267e-06 8.386321e-05 1.501141e-05)
84            	(8.812309e-06 -4.910769e-04 1.223223e-04)	(7.547952e-06 -5.756631e-04 1.079348e-04)	(1.264357e-06 8.458628e-05 1.438750e-05)
85            	(-5.836280e-06 -5.234411e-04 1.589491e-04)	(-6.907080e-06 -6.085110e-04 1.452901e-04)	(1.070801e-06 8.506991e-05 1.365901e-05)
86            	(-1.279778e-05 -5.558514e-04 2.053378e-04)	(-1.369530e-05 -6.410524e-04 1.925081e-04)	(8.975147e-07 8.520093e-05 1.282971e-05)
87            	(-1.668761e-05 -5.882244e-04 2.524618e-04)	(-1.743933e-05 -6.731586e-04 2.405378e-04)	(7.517159e-07 8.493425e-05 1.192397e-05)
88            	(-1.780303e-05 -6.174867e-04 2.960026e-04)	(-1.844201e-05 -7.017866e-04 2.850160e-04)	(6.389865e-07 8.429991e-05 1.098655e-05)
89            	(-1.637018e-05 -6.415122e-04 3.317836e-04)	(-1.692472e-05 -7.249139e-04 3.217297e-04)	(5.545374e-07 8.340177e-05 1.005392e-05)
90            	(-1.750397e-05 -6.537391e-04 3.534073e-04)	(-1.799550e-05 -7.360933e-04 3.442605e-04)	(4.915356e-07 8.235420e-05 9.146845e-06)
91            	(-1.216284e-05 -6.567968e-04 3.570110e-04)	(-1.260646e-05 -7.380201e-04 3.487376e-04)	(4.436163e-07 8.122326e-05 8.273362e-06)
92            	(-4.156761e-06 -6.615293e-04 3.515728e-04)	(-4.559354e-06 -7.415924e-04 3.441227e-04)	(4.025932e-07 8.006305e-05 7.450115e-06)
93            	(3.690901e-06 -6.602569e-04 3.308941e-04)	(3.329643e-06 -7.391588e-04 3.242389e-04)	(3.612585e-07 7.890185e-05 6.655169e-06)
94            	(1.099329e-05 -6.545266e-04 2.963650e-04)	(1.068033e-05 -7.322431e-04 2.904858e-04)	(3.129641e-07 7.771654e-05 5.879254e-06)
95            	(1.665468e-05 -6.465725e-04 2.498014e-04)	(1.640003e-05 -7.230453e-04 2.446841e-04)	(2.546496e-07 7.647279e-05 5.117360e-06)
96            	(1.980813e-05 -6.386751e-04 1.943238e-04)	(1.962014e-05 -7.138433e-04 1.899198e-04)	(1.879922e-07 7.516821e-05 4.404012e-06)
97            	(2.139767e-05 -6.322638e-04 1.337011e-04)	(2.128428e-05 -7.061009e-04 1.299242e-04)	(1.133817e-07 7.383711e-05 3.776976e-06)
98            	(2.104600e-05 -6.302507e-04 7.297025e-05)	(2.101173e-05 -7.027501e-04 6.970917e-05)	(3.426706e-08 7.249944e-05 3.261078e-06)
99            	(1.935103e-05 -6.341480e-04 1.652870e-05)	(1.939302e-05 -7.053116e-04 1.363535e-05)	(-4.199310e-08 7.116368e-05 2.893352e-06)
100           	(1.694539e-05 -6.446123e-04 -3.151089e-05)	(1.705180e-05 -7.144250e-04 -3.420090e-05)	(-1.064085e-07 6.981265e-05 2.690014e-06)
101           	(1.405390e-05 -6.618746e-04 -6.741532e-05)	(1.420671e-05 -7.303077e-04 -7.006157e-05)	(-1.528163e-07 6.843311e-05 2.646256e-06)
102           	(1.096383e-05 -6.846017e-04 -8.955649e-05)	(1.114301e-05 -7.516312e-04 -9.229248e-05)	(-1.791840e-07 6.702947e-05 2.735993e-06)
103           	(7.947529e-06 -7.108013e-04 -9.778581e-05)	(8.132541e-06 -7.764049e-04 -1.007101e-04)	(-1.850115e-07 6.560360e-05 2.924314e-06)
104           	(4.766870e-06 -7.379704e-04 -9.578758e-05)	(4.940281e-06 -8.021479e-04 -9.897147e-05)	(-1.734105e-07 6.417750e-05 3.183883e-06)
105           	(1.512363e-06 -7.640811e-04 -8.495736e-05)	(1.663122e-06 -8.268627e-04 -8.845811e-05)	(-1.507591e-07 6.278165e-05 3.500754e-06)
106           	(-1.794543e-06 -7.867605e-04 -7.134272e-05)	(-1.670531e-06 -8.482235e-04 -7.520083e-05)	(-1.240117e-07 6.146304e-05 3.858109e-06)
107           	(-5.345149e-06 -8.048062e-04 -5.843329e-05)	(-5.246472e-06 -8.650701e-04 -6.263673e-05)	(-9.867647e-08 6.026388e-05 4.203434e-06)
108           	(-8.997600e-06 -8.172963e-04 -4.850961e-05)	(-8.917715e-06 -8.764989e-04 -5.300689e-05)	(-7.988560e-08 5.920262e-05 4.497283e-06)
109           	(-1.276862e-05 -8.236063e-04 -4.321212e-05)	(-1.269755e-05 -8.818763e-04 -4.793671e-05)	(-7.107229e-08 5.827003e-05 4.724593e-06)
110           	(-1.662624e-05 -8.235750e-04 -4.311450e-05)	(-1.655179e-05 -8.810489e-04 -4.799920e-05)	(-7.444896e-08 5.747390e-05 4.884693e-06)
111           	(-2.090290e-05 -8.173307e-04 -4.960599e-05)	(-2.081519e-05 -8.741306e-04 -5.459707e-05)	(-8.771288e-08 5.679995e-05 4.991082e-06)
112           	(-2.709608e-05 -8.055131e-04 -6.442260e-05)	(-2.698659e-05 -8.617632e-04 -6.951604e-05)	(-1.094817e-07 5.625015e-05 5.093442e-06)
113           	(-3.392508e-05 -7.886556e-04 -8.266417e-05)	(-3.378715e-05 -8.444717e-04 -8.789166e-05)	(-1.379260e-07 5.581607e-05 5.227489e-06)
114           	(-4.137846e-05 -7.679105e-04 -1.028497e-04)	(-4.120510e-05 -8.233989e-04 -1.082558e-04)	(-1.733650e-07 5.548841e-05 5.406008e-06)
115           	(-4.971014e-05 -7.450517e-04 -1.229304e-04)	(-4.949325e-05 -8.003253e-04 -1.285451e-04)	(-2.168919e-07 5.527363e-05 5.614700e-06)
116           	(-5.786933e-05 -7.214251e-04 -1.415706e-04)	(-5.760348e-05 -7.765985e-04 -1.474006e-04)	(-2.658473e-07 5.517332e-05 5.829988e-06)
117           	(-6.564859e-05 -6.989776e-04 -1.570027e-04)	(-6.533384e-05 -7.541594e-04 -1.630318e-04)	(-3.147545e-07 5.518173e-05 6.029145e-06)
118           	(-7.193439e-05 -6.779900e-04 -1.684285e-04)	(-7.157767e-05 -7.332723e-04 -1.746093e-04)	(-3.567182e-07 5.528229e-05 6.180800e-06)
119           	(-7.614937e-05 -6.586128e-04 -1.754010e-04)	(-7.576387e-05 -7.140356e-04 -1.816560e-04)	(-3.855007e-07 5.542287e-05 6.255013e-06)
120           	(-7.809070e-05 -6.403987e-04 -1.777925e-04)	(-7.769298e-05 -6.959709e-04 -1.840173e-04)	(-3.977154e-07 5.557221e-05 6.224792e-06)
121           	(-7.794380e-05 -6.221656e-04 -1.755033e-04)	(-7.755027e-05 -6.778613e-04 -1.815707e-04)	(-3.935244e-07 5.569572e-05 6.067410e-06)
122           	(-7.594807e-05 -6.035001e-04 -1.690183e-04)	(-7.557311e-05 -6.592712e-04 -1.747885e-04)	(-3.749612e-07 5.577115e-05 5.770228e-06)
123           	(-7.206588e-05 -5.838984e-04 -1.591334e-04)	(-7.172162e-05 -6.396821e-04 -1.644797e-04)	(-3.442592e-07 5.578372e-05 5.346311e-06)
124           	(-6.650924e-05 -5.625814e-04 -1.472949e-04)	(-6.620487e-05 -6.183081e-04 -1.521077e-04)	(-3.043715e-07 5.572676e-05 4.812727e-06)
125           	(-5.942156e-05 -5.392238e-04 -1.351881e-04)	(-5.916251e-05 -5.948267e-04 -1.393899e-04)	(-2.590516e-07 5.560283e-05 4.201785e-06)
126           	(-5.102134e-05 -5.139578e-04 -1.244798e-04)	(-5.080885e-05 -5.693775e-04 -1.280371e-04)	(-2.124878e-07 5.541972e-05 3.557278e-06)
127           	(-4.164681e-05 -4.873645e-04 -1.166420e-04)	(-4.147899e-05 -5.425546e-04 -1.195680e-04)	(-1.678199e-07 5.519008e-05 2.925959e-06)
128           	(-3.178702e-05 -4.601732e-04 -1.128715e-04)	(-3.165998e-05 -5.151094e-04 -1.152185e-04)	(-1.270480e-07 5.493615e-05 2.347004e-06)
129           	(-2.138138e-05 -4.333395e-04 -1.134933e-04)	(-2.128948e-05 -4.880100e-04 -1.153369e-04)	(-9.189944e-08 5.467048e-05 1.843638e-06)
130           	(-1.174755e-05 -4.078953e-04 -1.175725e-04)	(-1.168315e-05 -4.622979e-04 -1.189948e-04)	(-6.440023e-08 5.440256e-05 1.422281e-06)
131           	(-2.653204e-06 -3.846672e-04 -1.238451e-04)	(-2.606962e-06 -4.388029e-04 -1.249249e-04)	(-4.624221e-08 5.413564e-05 1.079856e-06)
132           	(5.056951e-06 -3.640651e-04 -1.305234e-04)	(5.095154e-06 -4.179337e-04 -1.313340e-04)	(-3.820347e-08 5.386863e-05 8.106366e-07)
133           	(1.142953e-05 -3.410799e-04 -1.359132e-04)	(1.146938e-05 -3.947003e-04 -1.365278e-04)	(-3.985008e-08 5.362042e-05 6.145181e-07)
134           	(1.219837e-05 -3.278289e-04 -1.402329e-04)	(1.224920e-05 -3.812031e-04 -1.407226e-04)	(-5.083007e-08 5.337419e-05 4.897525e-07)
135           	(1.196259e-05 -3.173539e-04 -1.420395e-04)	(1.203233e-05 -3.704720e-04 -1.424651e-04)	(-6.973893e-08 5.311805e-05 4.255640e-07)
136           	(1.083675e-05 -3.092474e-04 -1.409524e-04)	(1.093153e-05 -3.620876e-04 -1.413583e-04)	(-9.477955e-08 5.284023e-05 4.058904e-07)
137           	(5.073702e-06 -2.965738e-04 -1.351975e-04)	(5.199081e-06 -3.490997e-04 -1.356044e-04)	(-1.253786e-07 5.252587e-05 4.069384e-07)
138           	(-2.214417e-06 -2.868732e-04 -1.269922e-04)	(-2.054010e-06 -3.390314e-04 -1.273970e-04)	(-1.604071e-07 5.215816e-05 4.048644e-07)
139           	(-1.014569e-05 -2.827862e-04 -1.189502e-04)	(-9.948325e-06 -3.345053e-04 -1.193378e-04)	(-1.973645e-07 5.171905e-05 3.875771e-07)
140           	(-1.828277e-05 -2.794072e-04 -1.111798e-04)	(-1.804972e-05 -3.306162e-04 -1.115377e-04)	(-2.330487e-07 5.120896e-05 3.578890e-07)
141           	(-2.716392e-05 -2.764807e-04 -1.053231e-04)	(-2.690018e-05 -3.271031e-04 -1.056431e-04)	(-2.637415e-07 5.062242e-05 3.199524e-07)
142           	(-3.678486e-05 -2.737964e-04 -1.023339e-04)	(-3.649947e-05 -3.237403e-04 -1.026169e-04)	(-2.853941e-07 4.994392e-05 2.830897e-07)
143           	(-4.713470e-05 -2.712376e-04 -1.027858e-04)	(-4.683907e-05 -3.204071e-04 -1.030393e-04)	(-2.956323e-07 4.916947e-05 2.534364e-07)
144           	(-5.785282e-05 -2.688767e-04 -1.075718e-04)	(-5.755620e-05 -3.172132e-04 -1.078141e-04)	(-2.966204e-07 4.833658e-05 2.423544e-07)
145           	(-6.887551e-05 -2.667251e-04 -1.167013e-04)	(-6.858556e-05 -3.141854e-04 -1.169475e-04)	(-2.899436e-07 4.746021e-05 2.462547e-07)
146           	(-7.937838e-05 -2.648851e-04 -1.301945e-04)	(-7.910202e-05 -3.114325e-04 -1.304573e-04)	(-2.763596e-07 4.654746e-05 2.627921e-07)
147           	(-8.842462e-05 -2.632614e-04 -1.467782e-04)	(-8.816794e-05 -3.088683e-04 -1.470735e-04)	(-2.566863e-07 4.560696e-05 2.953365e-07)
148           	(-9.431377e-05 -2.608273e-04 -1.653308e-04)	(-9.408279e-05 -3.054749e-04 -1.656771e-04)	(-2.309807e-07 4.464760e-05 3.462909e-07)
149           	(-9.811086e-05 -2.584743e-04 -1.819531e-04)	(-9.791201e-05 -3.021527e-04 -1.823764e-04)	(-1.988491e-07 4.367837e-05 4.233751e-07)
150           	(-1.000229e-04 -2.562905e-04 -1.947533e-04)	(-9.986288e-05 -2.990024e-04 -1.952853e-04)	(-1.599751e-07 4.271195e-05 5.320217e-07)
151           	(-1.003747e-04 -2.542274e-04 -2.030277e-04)	(-1.002605e-04 -2.959894e-04 -2.036935e-04)	(-1.142722e-07 4.176198e-05 6.658416e-07)
152           	(-9.929793e-05 -2.520905e-04 -2.067524e-04)	(-9.923589e-05 -2.929401e-04 -2.075584e-04)	(-6.203667e-08 4.084965e-05 8.060313e-07)
153           	(-9.687505e-05 -2.498217e-04 -2.060887e-04)	(-9.686974e-05 -2.898062e-04 -2.070216e-04)	(-5.307376e-09 3.998450e-05 9.328656e-07)
154           	(-9.325627e-05 -2.475067e-04 -2.016592e-04)	(-9.330936e-05 -2.866695e-04 -2.026937e-04)	(5.308876e-08 3.916279e-05 1.034502e-06)
155           	(-8.865477e-05 -2.453297e-04 -1.943913e-04)	(-8.876507e-05 -2.837089e-04 -1.954941e-04)	(1.102971e-07 3.837919e-05 1.102735e-06)
156           	(-8.333382e-05 -2.434325e-04 -1.853916e-04)	(-8.349815e-05 -2.810613e-04 -1.865278e-04)	(1.643362e-07 3.762886e-05 1.136162e-06)
157           	(-7.691296e-05 -2.417797e-04 -1.757712e-04)	(-7.712788e-05 -2.786904e-04 -1.769119e-04)	(2.149163e-07 3.691075e-05 1.140652e-06)
158           	(-7.042190e-05 -2.404251e-04 -1.661091e-04)	(-7.068438e-05 -2.766538e-04 -1.672357e-04)	(2.624806e-07 3.622870e-05 1.126584e-06)
159           	(-6.424569e-05 -2.391152e-04 -1.568315e-04)	(-6.455339e-05 -2.747045e-04 -1.579374e-04)	(3.076995e-07 3.558927e-05 1.105911e-06)
160           	(-5.871468e-05 -2.375234e-04 -1.479624e-04)	(-5.906576e-05 -2.725282e-04 -1.490526e-04)	(3.510793e-07 3.500481e-05 1.090219e-06)
161           	(-5.408182e-05 -2.353002e-04 -1.391417e-04)	(-5.447448e-05 -2.697900e-04 -1.402322e-04)	(3.926668e-07 3.448983e-05 1.090492e-06)
162           	(-5.108683e-05 -2.322518e-04 -1.296414e-04)	(-5.151833e-05 -2.663139e-04 -1.307596e-04)	(4.315013e-07 3.406208e-05 1.118195e-06)
163           	(-4.992720e-05 -2.281993e-04 -1.189517e-04)	(-5.039330e-05 -2.619384e-04 -1.201335e-04)	(4.661038e-07 3.373915e-05 1.181719e-06)
164           	(-4.950949e-05 -2.224350e-04 -1.071955e-04)	(-5.000452e-05 -2.559680e-04 -1.084813e-04)	(4.950255e-07 3.353299e-05 1.285857e-06)
165           	(-4.984432e-05 -2.147855e-04 -9.427721e-05)	(-5.036139e-05 -2.482349e-04 -9.570712e-05)	(5.170680e-07 3.344939e-05 1.429909e-06)
166           	(-5.093760e-05 -2.052214e-04 -8.020750e-05)	(-5.146941e-05 -2.387043e-04 -8.181780e-05)	(5.318109e-07 3.348295e-05 1.610305e-06)
167           	(-5.278359e-05 -1.939332e-04 -6.497842e-05)	(-5.332320e-05 -2.275526e-04 -6.679799e-05)	(5.396137e-07 3.361937e-05 1.819562e-06)
168           	(-5.552137e-05 -1.811047e-04 -4.816409e-05)	(-5.606313e-05 -2.149414e-04 -5.021106e-05)	(5.417567e-07 3.383670e-05 2.046964e-06)
169           	(-6.154256e-05 -1.692885e-04 -2.819187e-05)	(-6.208129e-05 -2.033939e-04 -3.047729e-05)	(5.387287e-07 3.410540e-05 2.285420e-06)
170           	(-7.112723e-05 -1.553665e-04 -1.078958e-05)	(-7.165958e-05 -1.897689e-04 -1.331622e-05)	(5.323530e-07 3.440243e-05 2.526634e-06)
171           	(-7.764584e-05 -1.433071e-04 7.882142e-06)	(-7.816940e-05 -1.780191e-04 5.121080e-06)	(5.235596e-07 3.471206e-05 2.761062e-06)
172           	(-8.607582e-05 -1.298792e-04 2.359893e-05)	(-8.658860e-05 -1.649106e-04 2.061535e-05)	(5.127765e-07 3.503139e-05 2.983577e-06)
173           	(-9.217478e-05 -1.184036e-04 3.914544e-05)	(-9.267463e-05 -1.537558e-04 3.595974e-05)	(4.998488e-07 3.535222e-05 3.185702e-06)
174           	(-9.767464e-05 -1.074966e-04 5.295181e-05)	(-9.816007e-05 -1.431687e-04 4.958875e-05)	(4.854232e-07 3.567219e-05 3.363053e-06)
175           	(-1.023277e-04 -9.732503e-05 6.509847e-05)	(-1.027984e-04 -1.333159e-04 6.158354e-05)	(4.706879e-07 3.599084e-05 3.514928e-06)
176           	(-1.039029e-04 -8.769723e-05 7.546297e-05)	(-1.043599e-04 -1.240092e-04 7.182063e-05)	(4.569726e-07 3.631200e-05 3.642341e-06)
177           	(-1.050350e-04 -7.861419e-05 8.471178e-05)	(-1.054798e-04 -1.152545e-04 8.096069e-05)	(4.448450e-07 3.664032e-05 3.751085e-06)
178           	(-1.058135e-04 -6.975322e-05 9.272111e-05)	(-1.062483e-04 -1.067349e-04 8.887610e-05)	(4.347944e-07 3.698173e-05 3.845014e-06)
179           	(-1.063191e-04 -6.084584e-05 9.936485e-05)	(-1.067466e-04 -9.818582e-05 9.543653e-05)	(4.274776e-07 3.733998e-05 3.928328e-06)
180           	(-1.066111e-04 -5.181118e-05 1.045869e-04)	(-1.070343e-04 -8.952873e-05 1.005840e-04)	(4.232365e-07 3.771755e-05 4.002929e-06)
181           	(-1.067044e-04 -4.270832e-05 1.082766e-04)	(-1.071267e-04 -8.082073e-05 1.042054e-04)	(4.223203e-07 3.811241e-05 4.071172e-06)
182           	(-1.073354e-04 -3.345479e-05 1.097236e-04)	(-1.077599e-04 -7.197665e-05 1.055896e-04)	(4.245860e-07 3.852185e-05 4.133922e-06)
183           	(-1.074183e-04 -2.473621e-05 1.096110e-04)	(-1.078479e-04 -6.367986e-05 1.054217e-04)	(4.295472e-07 3.894365e-05 4.189269e-06)
184           	(-1.068681e-04 -1.716437e-05 1.085111e-04)	(-1.073048e-04 -5.653759e-05 1.042781e-04)	(4.366744e-07 3.937322e-05 4.232998e-06)
185           	(-1.058268e-04 -1.047399e-05 1.063371e-04)	(-1.062728e-04 -5.027607e-05 1.020740e-04)	(4.459836e-07 3.980208e-05 4.263148e-06)
186           	(-1.043141e-04 -5.821829e-06 1.025592e-04)	(-1.047719e-04 -4.604353e-05 9.828077e-05)	(4.578334e-07 4.022170e-05 4.278421e-06)
187           	(-1.022149e-04 -3.428673e-06 9.737741e-05)	(-1.026877e-04 -4.404986e-05 9.309965e-05)	(4.728312e-07 4.062119e-05 4.277756e-06)
188           	(-9.994424e-05 -3.990037e-06 9.046879e-05)	(-1.004357e-04 -4.498471e-05 8.620681e-05)	(4.914901e-07 4.099467e-05 4.261980e-06)
189           	(-9.709540e-05 -6.819796e-06 8.221674e-05)	(-9.760977e-05 -4.815973e-05 7.798624e-05)	(5.143675e-07 4.133993e-05 4.230498e-06)
190           	(-9.384026e-05 -1.172129e-05 7.262888e-05)	(-9.438198e-05 -5.337782e-05 6.844880e-05)	(5.417267e-07 4.165653e-05 4.180074e-06)
191           	(-9.002726e-05 -1.812740e-05 6.154577e-05)	(-9.060074e-05 -6.007607e-05 5.743685e-05)	(5.734813e-07 4.194867e-05 4.108923e-06)
192           	(-8.217477e-05 -2.506141e-05 4.961511e-05)	(-8.278501e-05 -6.727622e-05 4.560318e-05)	(6.102392e-07 4.221481e-05 4.011936e-06)
193           	(-7.782432e-05 -3.285946e-05 3.528119e-05)	(-7.847520e-05 -7.531870e-05 3.138952e-05)	(6.508761e-07 4.245924e-05 3.891670e-06)
194           	(-7.325935e-05 -4.057338e-05 1.947009e-05)	(-7.395362e-05 -8.326363e-05 1.572299e-05)	(6.942668e-07 4.269025e-05 3.747099e-06)
195           	(-6.890069e-05 -4.797652e-05 3.274235e-06)	(-6.963940e-05 -9.089680e-05 -3.060774e-07)	(7.387085e-07 4.292028e-05 3.580312e-06)
196           	(-6.445613e-05 -5.493456e-05 -1.313797e-05)	(-6.523874e-05 -9.809420e-05 -1.653046e-05)	(7.826076e-07 4.315964e-05 3.392494e-06)
197           	(-5.997561e-05 -6.152766e-05 -2.880134e-05)	(-6.080039e-05 -1.049415e-04 -3.198818e-05)	(8.247824e-07 4.341380e-05 3.186839e-06)
198           	(-5.138069e-05 -6.785563e-05 -4.395708e-05)	(-5.224562e-05 -1.115378e-04 -4.692366e-05)	(8.649252e-07 4.368212e-05 2.966581e-06)
199           	(-4.754290e-05 -7.419747e-05 -5.446466e-05)	(-4.844445e-05 -1.181592e-04 -5.721048e-05)	(9.015537e-07 4.396177e-05 2.745816e-06)
200           	(-4.414755e-05 -8.072234e-05 -6.114407e-05)	(-4.508184e-05 -1.249659e-04 -6.367436e-05)	(9.342932e-07 4.424356e-05 2.530296e-06)
201           	(-4.130450e-05 -8.762841e-05 -6.343686e-05)	(-4.226757e-05 -1.321444e-04 -6.576193e-05)	(9.630670e-07 4.451599e-05 2.325070e-06)
202           	(-3.911883e-05 -9.508607e-05 -6.100479e-05)	(-4.010672e-05 -1.398521e-04 -6.313980e-05)	(9.878845e-07 4.476602e-05 2.135013e-06)
203           	(-3.786464e-05 -1.031333e-04 -5.389685e-05)	(-3.887351e-05 -1.481141e-04 -5.585956e-05)	(1.008872e-06 4.498080e-05 1.962715e-06)
204           	(-3.737979e-05 -1.117822e-04 -4.213781e-05)	(-3.840586e-05 -1.569324e-04 -4.394776e-05)	(1.026078e-06 4.515020e-05 1.809946e-06)
205           	(-3.773724e-05 -1.208873e-04 -2.617911e-05)	(-3.877685e-05 -1.661619e-04 -2.785913e-05)	(1.039601e-06 4.527457e-05 1.680020e-06)
206           	(-3.898600e-05 -1.302461e-04 -6.742484e-06)	(-4.003555e-05 -1.756047e-04 -8.319770e-06)	(1.049548e-06 4.535869e-05 1.577286e-06)
207           	(-4.115240e-05 -1.395557e-04 1.513433e-05)	(-4.220887e-05 -1.849617e-04 1.363009e-05)	(1.056461e-06 4.540600e-05 1.504240e-06)
208           	(-4.423018e-05 -1.485248e-04 3.817721e-05)	(-4.529132e-05 -1.939456e-04 3.671784e-05)	(1.061141e-06 4.542079e-05 1.459363e-06)
209           	(-4.837595e-05 -1.568984e-04 6.162095e-05)	(-4.944006e-05 -2.023081e-04 6.018197e-05)	(1.064118e-06 4.540968e-05 1.438981e-06)
210           	(-5.458352e-05 -1.644847e-04 8.524208e-05)	(-5.564893e-05 -2.098655e-04 8.380667e-05)	(1.065408e-06 4.538081e-05 1.435410e-06)
211           	(-6.304205e-05 -1.712221e-04 1.051234e-04)	(-6.410702e-05 -2.165626e-04 1.036851e-04)	(1.064978e-06 4.534052e-05 1.438341e-06)
212           	(-7.145468e-05 -1.771723e-04 1.190954e-04)	(-7.251814e-05 -2.224643e-04 1.176594e-04)	(1.063460e-06 4.529205e-05 1.435935e-06)
213           	(-7.914847e-05 -1.824353e-04 1.263837e-04)	(-8.020956e-05 -2.276726e-04 1.249623e-04)	(1.061090e-06 4.523726e-05 1.421376e-06)
214           	(-8.268282e-05 -1.871767e-04 1.253555e-04)	(-8.374157e-05 -2.323551e-04 1.239664e-04)	(1.058745e-06 4.517845e-05 1.389074e-06)
215           	(-8.545779e-05 -1.915599e-04 1.190250e-04)	(-8.651435e-05 -2.366767e-04 1.176841e-04)	(1.056560e-06 4.511677e-05 1.340899e-06)
216           	(-8.717707e-05 -1.957660e-04 1.082725e-04)	(-8.823204e-05 -2.408206e-04 1.069941e-04)	(1.054972e-06 4.505466e-05 1.278371e-06)
217           	(-8.812672e-05 -2.000720e-04 9.409112e-05)	(-8.918103e-05 -2.450634e-04 9.288766e-05)	(1.054308e-06 4.499140e-05 1.203456e-06)
218           	(-8.827849e-05 -2.046786e-04 7.738318e-05)	(-8.933333e-05 -2.496043e-04 7.626641e-05)	(1.054837e-06 4.492567e-05 1.116763e-06)
219           	(-8.762006e-05 -2.097349e-04 5.904767e-05)	(-8.867654e-05 -2.545927e-04 5.802786e-05)	(1.056483e-06 4.485788e-05 1.019808e-06)
220           	(-8.616045e-05 -2.153228e-04 3.995101e-05)	(-8.721934e-05 -2.601123e-04 3.903668e-05)	(1.058883e-06 4.478945e-05 9.143300e-07)
221           	(-8.393754e-05 -2.214414e-04 2.086497e-05)	(-8.499920e-05 -2.661670e-04 2.006175e-05)	(1.061668e-06 4.472556e-05 8.032190e-07)
222           	(-8.101589e-05 -2.280290e-04 2.423761e-06)	(-8.208019e-05 -2.726972e-04 1.737294e-06)	(1.064303e-06 4.466821e-05 6.864673e-07)
223           	(-7.749101e-05 -2.349038e-04 -1.494170e-05)	(-7.855743e-05 -2.795225e-04 -1.550786e-05)	(1.066423e-06 4.461867e-05 5.661607e-07)
224           	(-7.347092e-05 -2.418738e-04 -3.096777e-05)	(-7.453874e-05 -2.864500e-04 -3.141090e-05)	(1.067820e-06 4.457619e-05 4.431238e-07)
225           	(-6.869496e-05 -2.488305e-04 -4.607709e-05)	(-6.976361e-05 -2.933709e-04 -4.639827e-05)	(1.068650e-06 4.454036e-05 3.211741e-07)
226           	(-6.113497e-05 -2.556799e-04 -6.057001e-05)	(-6.220430e-05 -3.001895e-04 -6.077235e-05)	(1.069333e-06 4.450963e-05 2.023409e-07)
227           	(-5.354720e-05 -2.622963e-04 -7.282271e-05)	(-5.461724e-05 -3.067763e-04 -7.291594e-05)	(1.070035e-06 4.448000e-05 9.322593e-08)
228           	(-4.647442e-05 -2.687158e-04 -8.269771e-05)	(-4.754551e-05 -3.131613e-04 -8.269908e-05)	(1.071095e-06 4.444556e-05 1.367469e-09)
229           	(-4.107959e-05 -2.749913e-04 -9.026350e-05)	(-4.215211e-05 -3.193915e-04 -9.019816e-05)	(1.072519e-06 4.440024e-05 -6.533395e-08)
230           	(-3.904389e-05 -2.809688e-04 -9.540487e-05)	(-4.011806e-05 -3.253094e-04 -9.530515e-05)	(1.074164e-06 4.434061e-05 -9.972344e-08)
231           	(-3.765714e-05 -2.870164e-04 -9.914513e-05)	(-3.873310e-05 -3.312751e-04 -9.904130e-05)	(1.075957e-06 4.425866e-05 -1.038250e-07)
232           	(-3.711651e-05 -2.930924e-04 -1.018216e-04)	(-3.819418e-05 -3.372411e-04 -1.017423e-04)	(1.077669e-06 4.414870e-05 -7.929392e-08)
233           	(-3.702881e-05 -2.992965e-04 -1.032174e-04)	(-3.810763e-05 -3.433027e-04 -1.031865e-04)	(1.078821e-06 4.400621e-05 -3.096736e-08)
234           	(-3.715328e-05 -3.057200e-04 -1.029187e-04)	(-3.823208e-05 -3.495489e-04 -1.029534e-04)	(1.078797e-06 4.382892e-05 3.478026e-08)
235           	(-3.766187e-05 -3.121459e-04 -1.012426e-04)	(-3.873880e-05 -3.557644e-04 -1.013556e-04)	(1.076934e-06 4.361850e-05 1.130533e-07)
236           	(-3.847759e-05 -3.185163e-04 -9.824358e-05)	(-3.955028e-05 -3.618941e-04 -9.844433e-05)	(1.072695e-06 4.337777e-05 2.007437e-07)
237           	(-3.962061e-05 -3.246679e-04 -9.398156e-05)	(-4.068637e-05 -3.677757e-04 -9.427492e-05)	(1.065752e-06 4.310782e-05 2.933576e-07)
238           	(-4.106223e-05 -3.304920e-04 -8.862582e-05)	(-4.211839e-05 -3.733036e-04 -8.901485e-05)	(1.056167e-06 4.281156e-05 3.890232e-07)
239           	(-4.275008e-05 -3.359064e-04 -8.248699e-05)	(-4.379452e-05 -3.783981e-04 -8.297258e-05)	(1.044440e-06 4.249165e-05 4.855991e-07)
240           	(-4.480914e-05 -3.410414e-04 -7.530380e-05)	(-4.584005e-05 -3.831902e-04 -7.588537e-05)	(1.030910e-06 4.214889e-05 5.815710e-07)
241           	(-4.710463e-05 -3.458140e-04 -6.796017e-05)	(-4.812092e-05 -3.876000e-04 -6.863506e-05)	(1.016298e-06 4.178599e-05 6.748904e-07)
242           	(-4.972952e-05 -3.503764e-04 -6.079990e-05)	(-5.073084e-05 -3.917818e-04 -6.156403e-05)	(1.001320e-06 4.140545e-05 7.641304e-07)
243           	(-5.303548e-05 -3.548257e-04 -5.367573e-05)	(-5.402218e-05 -3.958346e-04 -5.452399e-05)	(9.867009e-07 4.100885e-05 8.482566e-07)
244           	(-5.778368e-05 -3.590494e-04 -4.700339e-05)	(-5.875688e-05 -3.996481e-04 -4.792961e-05)	(9.732020e-07 4.059867e-05 9.262127e-07)
245           	(-6.232038e-05 -3.630956e-04 -4.191419e-05)	(-6.328211e-05 -4.032733e-04 -4.291027e-05)	(9.617279e-07 4.017766e-05 9.960782e-07)
246           	(-6.652626e-05 -3.670857e-04 -3.877812e-05)	(-6.747901e-05 -4.068321e-04 -3.983511e-05)	(9.527413e-07 3.974644e-05 1.056989e-06)
247           	(-7.014427e-05 -3.710969e-04 -3.786161e-05)	(-7.109068e-05 -4.104024e-04 -3.897026e-05)	(9.464094e-07 3.930555e-05 1.108647e-06)
248           	(-7.039264e-05 -3.751851e-04 -4.008526e-05)	(-7.133586e-05 -4.140427e-04 -4.123537e-05)	(9.432218e-07 3.885759e-05 1.150112e-06)
249           	(-7.038292e-05 -3.794857e-04 -4.376666e-05)	(-7.132558e-05 -4.178888e-04 -4.495117e-05)	(9.426560e-07 3.840305e-05 1.184505e-06)
250           	(-7.015640e-05 -3.840150e-04 -4.867054e-05)	(-7.110074e-05 -4.219617e-04 -4.988565e-05)	(9.443402e-07 3.794674e-05 1.215108e-06)
251           	(-6.974517e-05 -3.887114e-04 -5.453364e-05)	(-7.069282e-05 -4.262039e-04 -5.577816e-05)	(9.476483e-07 3.749252e-05 1.244525e-06)
252           	(-6.917448e-05 -3.934349e-04 -6.116964e-05)	(-7.012633e-05 -4.304825e-04 -6.244646e-05)	(9.518498e-07 3.704755e-05 1.276811e-06)
253           	(-6.852095e-05 -3.981621e-04 -6.871434e-05)	(-6.947663e-05 -4.347785e-04 -7.003089e-05)	(9.556825e-07 3.661637e-05 1.316545e-06)
254           	(-6.767480e-05 -4.025276e-04 -7.672913e-05)	(-6.863273e-05 -4.387328e-04 -7.809643e-05)	(9.579238e-07 3.620522e-05 1.367301e-06)
255           	(-6.661458e-05 -4.063132e-04 -8.499448e-05)	(-6.757220e-05 -4.421319e-04 -8.642306e-05)	(9.576181e-07 3.581867e-05 1.428580e-06)
256           	(-6.530665e-05 -4.093777e-04 -9.334084e-05)	(-6.626047e-05 -4.448381e-04 -9.483967e-05)	(9.538121e-07 3.546039e-05 1.498825e-06)
257           	(-6.339068e-05 -4.118686e-04 -1.022838e-04)	(-6.433656e-05 -4.469991e-04 -1.038573e-04)	(9.458812e-07 3.513046e-05 1.573551e-06)
258           	(-5.948183e-05 -4.139803e-04 -1.123327e-04)	(-6.041583e-05 -4.488056e-04 -1.139801e-04)	(9.340046e-07 3.482529e-05 1.647419e-06)
259           	(-5.482615e-05 -4.152846e-04 -1.213151e-04)	(-5.574417e-05 -4.498275e-04 -1.230307e-04)	(9.180160e-07 3.454289e-05 1.715633e-06)
260           	(-4.963323e-05 -4.158673e-04 -1.286834e-04)	(-5.053087e-05 -4.501511e-04 -1.304587e-04)	(8.976348e-07 3.428384e-05 1.775262e-06)
261           	(-4.421523e-05 -4.158638e-04 -1.339144e-04)	(-4.508794e-05 -4.499080e-04 -1.357389e-04)	(8.727115e-07 3.404420e-05 1.824508e-06)
262           	(-3.891644e-05 -4.154364e-04 -1.366682e-04)	(-3.975973e-05 -4.492550e-04 -1.385300e-04)	(8.432937e-07 3.381853e-05 1.861844e-06)
263           	(-3.404824e-05 -4.147258e-04 -1.367459e-04)	(-3.485806e-05 -4.483300e-04 -1.386351e-04)	(8.098197e-07 3.360420e-05 1.889170e-06)
264           	(-3.380654e-05 -4.135795e-04 -1.315774e-04)	(-3.457869e-05 -4.469779e-04 -1.334901e-04)	(7.721503e-07 3.339844e-05 1.912720e-06)
265           	(-3.379079e-05 -4.127061e-04 -1.252081e-04)	(-3.452186e-05 -4.459082e-04 -1.271405e-04)	(7.310688e-07 3.320215e-05 1.932403e-06)
266           	(-3.412035e-05 -4.121486e-04 -1.181682e-04)	(-3.480753e-05 -4.451634e-04 -1.201161e-04)	(6.871855e-07 3.301473e-05 1.947946e-06)
267           	(-3.455169e-05 -4.119728e-04 -1.109272e-04)	(-3.519309e-05 -4.448080e-04 -1.128876e-04)	(6.413994e-07 3.283515e-05 1.960416e-06)
268           	(-3.503813e-05 -4.121679e-04 -1.038274e-04)	(-3.563278e-05 -4.448287e-04 -1.058007e-04)	(5.946508e-07 3.266079e-05 1.973297e-06)
269           	(-3.553473e-05 -4.126604e-04 -9.711258e-05)	(-3.608252e-05 -4.451491e-04 -9.910645e-05)	(5.477912e-07 3.248868e-05 1.993875e-06)
270           	(-3.284681e-05 -4.090156e-04 -8.935584e-05)	(-3.334768e-05 -4.413383e-04 -9.138052e-05)	(5.008723e-07 3.232268e-05 2.024683e-06)
271           	(-3.331643e-05 -4.101788e-04 -8.411092e-05)	(-3.377249e-05 -4.423336e-04 -8.617202e-05)	(4.560584e-07 3.215486e-05 2.061104e-06)
272           	(-3.349140e-05 -4.088877e-04 -7.796606e-05)	(-3.390418e-05 -4.408763e-04 -8.006345e-05)	(4.127785e-07 3.198854e-05 2.097398e-06)
273           	(-3.392538e-05 -4.110395e-04 -7.424878e-05)	(-3.429775e-05 -4.428567e-04 -7.637461e-05)	(3.723691e-07 3.181720e-05 2.125829e-06)
274           	(-3.453148e-05 -4.133961e-04 -7.126342e-05)	(-3.486616e-05 -4.450323e-04 -7.340589e-05)	(3.346838e-07 3.163620e-05 2.142476e-06)
275           	(-3.494864e-05 -4.154803e-04 -6.893963e-05)	(-3.524841e-05 -4.469234e-04 -7.108373e-05)	(2.997636e-07 3.144314e-05 2.144097e-06)
276           	(-3.530041e-05 -4.179801e-04 -6.694336e-05)	(-3.556806e-05 -4.492131e-04 -6.907368e-05)	(2.676552e-07 3.123298e-05 2.130320e-06)
277           	(-3.574355e-05 -4.211564e-04 -6.507922e-05)	(-3.598179e-05 -4.521557e-04 -6.718208e-05)	(2.382442e-07 3.099932e-05 2.102853e-06)
278           	(-3.615375e-05 -4.248097e-04 -6.337036e-05)	(-3.636561e-05 -4.555477e-04 -6.543616e-05)	(2.118588e-07 3.073797e-05 2.065799e-06)
279           	(-3.653588e-05 -4.288018e-04 -6.179904e-05)	(-3.672445e-05 -4.592470e-04 -6.382221e-05)	(1.885676e-07 3.044526e-05 2.023163e-06)
280           	(-3.685831e-05 -4.328959e-04 -6.042651e-05)	(-3.702671e-05 -4.630159e-04 -6.240547e-05)	(1.683981e-07 3.011994e-05 1.978955e-06)
281           	(-3.715994e-05 -4.368307e-04 -5.925489e-05)	(-3.731126e-05 -4.665933e-04 -6.119032e-05)	(1.513232e-07 2.976252e-05 1.935426e-06)
282           	(-3.744362e-05 -4.404114e-04 -5.843518e-05)	(-3.758075e-05 -4.697855e-04 -6.032896e-05)	(1.371385e-07 2.937410e-05 1.893781e-06)
283           	(-3.959614e-05 -4.440432e-04 -5.716785e-05)	(-3.972139e-05 -4.730010e-04 -5.902380e-05)	(1.252426e-07 2.895776e-05 1.855944e-06)
284           	(-4.150943e-05 -4.470811e-04 -5.730331e-05)	(-4.162488e-05 -4.755983e-04 -5.912364e-05)	(1.154526e-07 2.851712e-05 1.820329e-06)
285           	(-4.125061e-05 -4.490053e-04 -5.970907e-05)	(-4.135835e-05 -4.770619e-04 -6.149167e-05)	(1.077355e-07 2.805661e-05 1.782607e-06)
286           	(-4.098116e-05 -4.505598e-04 -6.370060e-05)	(-4.108277e-05 -4.781393e-04 -6.544357e-05)	(1.016104e-07 2.757951e-05 1.742974e-06)
287           	(-4.201697e-05 -4.524041e-04 -7.055244e-05)	(-4.211356e-05 -4.794916e-04 -7.225583e-05)	(9.658952e-08 2.708757e-05 1.703381e-06)
288           	(-4.253883e-05 -4.539804e-04 -7.983950e-05)	(-4.263127e-05 -4.805666e-04 -8.150257e-05)	(9.243815e-08 2.658620e-05 1.663069e-06)
289           	(-4.223510e-05 -4.549548e-04 -8.983506e-05)	(-4.232417e-05 -4.810356e-04 -9.145820e-05)	(8.907148e-08 2.608074e-05 1.623142e-06)
290           	(-4.182454e-05 -4.558562e-04 -1.016393e-04)	(-4.191089e-05 -4.814317e-04 -1.032239e-04)	(8.634323e-08 2.557554e-05 1.584544e-06)
291           	(-4.126340e-05 -4.567149e-04 -1.149990e-04)	(-4.134754e-05 -4.817910e-04 -1.165466e-04)	(8.413692e-08 2.507616e-05 1.547610e-06)
292           	(-4.030925e-05 -4.575663e-04 -1.301517e-04)	(-4.039126e-05 -4.821555e-04 -1.316623e-04)	(8.200271e-08 2.458923e-05 1.510628e-06)
293           	(-3.869817e-05 -4.585213e-04 -1.466280e-04)	(-3.877854e-05 -4.826387e-04 -1.481047e-04)	(8.037360e-08 2.411738e-05 1.476727e-06)
294           	(-3.633409e-05 -4.595798e-04 -1.631706e-04)	(-3.641352e-05 -4.832457e-04 -1.646222e-04)	(7.943318e-08 2.366592e-05 1.451596e-06)
295           	(-3.352607e-05 -4.606617e-04 -1.785140e-04)	(-3.360521e-05 -4.839002e-04 -1.799552e-04)	(7.914065e-08 2.323851e-05 1.441206e-06)
296           	(-3.037372e-05 -4.617843e-04 -1.916370e-04)	(-3.045277e-05 -4.846230e-04 -1.930883e-04)	(7.905782e-08 2.283864e-05 1.451316e-06)
297           	(-2.703908e-05 -4.629936e-04 -2.016300e-04)	(-2.711785e-05 -4.854552e-04 -2.031132e-04)	(7.876542e-08 2.246157e-05 1.483227e-06)
298           	(-2.410057e-05 -4.642221e-04 -2.074012e-04)	(-2.417834e-05 -4.863298e-04 -2.089391e-04)	(7.777426e-08 2.210771e-05 1.537971e-06)
299           	(-2.364749e-05 -4.654747e-04 -2.087116e-04)	(-2.372292e-05 -4.872467e-04 -2.103241e-04)	(7.542732e-08 2.177197e-05 1.612516e-06)
300           	(-2.325582e-05 -4.668540e-04 -2.071885e-04)	(-2.332760e-05 -4.883027e-04 -2.088859e-04)	(7.177999e-08 2.144867e-05 1.697407e-06)
301           	(-2.291710e-05 -4.683360e-04 -2.029247e-04)	(-2.298397e-05 -4.894677e-04 -2.047056e-04)	(6.687267e-08 2.113173e-05 1.780859e-06)
302           	(-2.139983e-05 -4.699135e-04 -1.939864e-04)	(-2.146119e-05 -4.907289e-04 -1.958409e-04)	(6.136389e-08 2.081540e-05 1.854447e-06)
303           	(-2.026674e-05 -4.717512e-04 -1.827725e-04)	(-2.032272e-05 -4.922472e-04 -1.846828e-04)	(5.597896e-08 2.049602e-05 1.910304e-06)
304           	(-1.953254e-05 -4.738812e-04 -1.699145e-04)	(-1.958418e-05 -4.940540e-04 -1.718563e-04)	(5.163603e-08 2.017280e-05 1.941806e-06)
305           	(-1.920433e-05 -4.763071e-04 -1.560005e-04)	(-1.925353e-05 -4.961529e-04 -1.579438e-04)	(4.920149e-08 1.984583e-05 1.943327e-06)
306           	(-1.929849e-05 -4.789347e-04 -1.415926e-04)	(-1.934777e-05 -4.984513e-04 -1.435055e-04)	(4.928273e-08 1.951659e-05 1.912924e-06)
307           	(-1.981299e-05 -4.816241e-04 -1.270609e-04)	(-1.986512e-05 -5.008139e-04 -1.289125e-04)	(5.213159e-08 1.918979e-05 1.851557e-06)
308           	(-2.073897e-05 -4.841329e-04 -1.127143e-04)	(-2.079643e-05 -5.030040e-04 -1.144764e-04)	(5.746139e-08 1.887108e-05 1.762141e-06)
309           	(-2.223092e-05 -4.862630e-04 -9.851314e-05)	(-2.229536e-05 -5.048302e-04 -1.001611e-04)	(6.444611e-08 1.856718e-05 1.647938e-06)
310           	(-2.420803e-05 -4.877146e-04 -8.533642e-05)	(-2.428001e-05 -5.060011e-04 -8.684859e-05)	(7.197242e-08 1.828643e-05 1.512168e-06)
311           	(-2.693144e-05 -4.883955e-04 -7.362520e-05)	(-2.701010e-05 -5.064305e-04 -7.498428e-05)	(7.866167e-08 1.803498e-05 1.359087e-06)
312           	(-3.007520e-05 -4.880780e-04 -6.384935e-05)	(-3.015834e-05 -5.058964e-04 -6.504164e-05)	(8.314583e-08 1.781846e-05 1.192291e-06)
313           	(-3.349323e-05 -4.867589e-04 -5.643158e-05)	(-3.357772e-05 -5.043981e-04 -5.744718e-05)	(8.448448e-08 1.763915e-05 1.015599e-06)
314           	(-3.732031e-05 -4.846198e-04 -5.180827e-05)	(-3.740243e-05 -5.021176e-04 -5.264189e-05)	(8.212409e-08 1.749775e-05 8.336226e-07)
315           	(-4.097889e-05 -4.816892e-04 -4.996621e-05)	(-4.105491e-05 -4.990804e-04 -5.061628e-05)	(7.602092e-08 1.739119e-05 6.500719e-07)
316           	(-4.423387e-05 -4.781724e-04 -5.101719e-05)	(-4.430017e-05 -4.954856e-04 -5.148354e-05)	(6.630453e-08 1.731321e-05 4.663574e-07)
317           	(-4.688694e-05 -4.742937e-04 -5.501054e-05)	(-4.694018e-05 -4.915528e-04 -5.529339e-05)	(5.323788e-08 1.725914e-05 2.828430e-07)
318           	(-4.850692e-05 -4.701175e-04 -6.223323e-05)	(-4.854396e-05 -4.873440e-04 -6.233217e-05)	(3.703640e-08 1.722646e-05 9.893872e-08)
319           	(-4.916049e-05 -4.659832e-04 -7.210302e-05)	(-4.917865e-05 -4.831965e-04 -7.201895e-05)	(1.815774e-08 1.721331e-05 -8.406937e-08)
320           	(-4.915084e-05 -4.623373e-04 -8.427082e-05)	(-4.914823e-05 -4.795525e-04 -8.400633e-05)	(-2.619004e-09 1.721517e-05 -2.644885e-07)
321           	(-4.848098e-05 -4.593543e-04 -9.792512e-05)	(-4.845813e-05 -4.765719e-04 -9.748914e-05)	(-2.284418e-08 1.721761e-05 -4.359858e-07)
322           	(-4.742490e-05 -4.572602e-04 -1.119071e-04)	(-4.738636e-05 -4.744589e-04 -1.113200e-04)	(-3.854351e-08 1.719868e-05 -5.871191e-07)
323           	(-4.616794e-05 -4.561456e-04 -1.277809e-04)	(-4.612098e-05 -4.732922e-04 -1.270710e-04)	(-4.696486e-08 1.714663e-05 -7.099537e-07)
324           	(-4.445877e-05 -4.559804e-04 -1.460633e-04)	(-4.441290e-05 -4.730295e-04 -1.452642e-04)	(-4.586829e-08 1.704915e-05 -7.990938e-07)
325           	(-4.205108e-05 -4.566327e-04 -1.662116e-04)	(-4.201678e-05 -4.735331e-04 -1.653599e-04)	(-3.430198e-08 1.690039e-05 -8.517198e-07)
326           	(-3.880724e-05 -4.579280e-04 -1.869209e-04)	(-3.879484e-05 -4.746306e-04 -1.860565e-04)	(-1.239376e-08 1.670255e-05 -8.644107e-07)
327           	(-3.456358e-05 -4.596866e-04 -2.068078e-04)	(-3.458182e-05 -4.761446e-04 -2.059690e-04)	(1.824473e-08 1.645806e-05 -8.388456e-07)
328           	(-2.980595e-05 -4.617895e-04 -2.250342e-04)	(-2.986126e-05 -4.779609e-04 -2.242570e-04)	(5.531703e-08 1.617138e-05 -7.772167e-07)
