/*--------------------------------*- C++ -*----------------------------------*\
| =========                 |                                                 |
| \\      /  F ield         | OpenFOAM: The Open Source CFD Toolbox           |
|  \\    /   O peration     | Version:  2006                                  |
|   \\  /    A nd           | Website:  www.openfoam.com                      |
|    \\/     M anipulation  |                                                 |
\*---------------------------------------------------------------------------*/
FoamFile
{
    version     2.0;
    format      ascii;
    class       volVectorField;
    location    "0";
    object      U;
}
// * * * * * * * * * * * * * * * * * * * * * * * * * * * * * * * * * * * * * //

dimensions      [0 1 -1 0 0 0 0];


internalField   uniform (0.15 0 0);

boundaryField
{
    bottom
    {
        type            noSlip;
    }
    cylinder
    {
        type            noSlip;
    }
    frontAndBack
    {
        type            noSlip;
    }
    inlet
    {
        type            fixedValue;
        value           nonuniform List<vector> 
1280
(
(0.1171 0 0)
(0.1171 0 0)
(0.117 0 0)
(0.1289 0 0)
(0.1369 0 0)
(0.1288 0 0)
(0.1288 0 0)
(0.1369 0 0)
(0.1369 0 0)
(0.117 0 0)
(0.1169 0 0)
(0.1169 0 0)
(0.1169 0 0)
(0.1288 0 0)
(0.1287 0 0)
(0.1368 0 0)
(0.1368 0 0)
(0.1287 0 0)
(0.1287 0 0)
(0.1368 0 0)
(0.1368 0 0)
(0.1431 0 0)
(0.148 0 0)
(0.1431 0 0)
(0.1431 0 0)
(0.148 0 0)
(0.148 0 0)
(0.1522 0 0)
(0.1557 0 0)
(0.1522 0 0)
(0.1522 0 0)
(0.1557 0 0)
(0.1557 0 0)
(0.143 0 0)
(0.143 0 0)
(0.148 0 0)
(0.148 0 0)
(0.143 0 0)
(0.143 0 0)
(0.148 0 0)
(0.148 0 0)
(0.1522 0 0)
(0.1522 0 0)
(0.1557 0 0)
(0.1557 0 0)
(0.1522 0 0)
(0.1522 0 0)
(0.1557 0 0)
(0.1557 0 0)
(0.1169 0 0)
(0.1169 0 0)
(0.1169 0 0)
(0.1169 0 0)
(0.1287 0 0)
(0.1287 0 0)
(0.1368 0 0)
(0.1368 0 0)
(0.1287 0 0)
(0.1287 0 0)
(0.1368 0 0)
(0.1368 0 0)
(0.1169 0 0)
(0.1169 0 0)
(0.1169 0 0)
(0.1169 0 0)
(0.1287 0 0)
(0.1287 0 0)
(0.1368 0 0)
(0.1368 0 0)
(0.1287 0 0)
(0.1287 0 0)
(0.1368 0 0)
(0.1368 0 0)
(0.143 0 0)
(0.1431 0 0)
(0.148 0 0)
(0.148 0 0)
(0.1431 0 0)
(0.1431 0 0)
(0.148 0 0)
(0.148 0 0)
(0.1522 0 0)
(0.1522 0 0)
(0.1557 0 0)
(0.1557 0 0)
(0.1522 0 0)
(0.1522 0 0)
(0.1557 0 0)
(0.1557 0 0)
(0.1431 0 0)
(0.1431 0 0)
(0.148 0 0)
(0.148 0 0)
(0.1431 0 0)
(0.1431 0 0)
(0.148 0 0)
(0.148 0 0)
(0.1522 0 0)
(0.1522 0 0)
(0.1557 0 0)
(0.1557 0 0)
(0.1522 0 0)
(0.1522 0 0)
(0.1557 0 0)
(0.1557 0 0)
(0.1169 0 0)
(0.1169 0 0)
(0.1169 0 0)
(0.1169 0 0)
(0.1287 0 0)
(0.1287 0 0)
(0.1368 0 0)
(0.1368 0 0)
(0.1287 0 0)
(0.1287 0 0)
(0.1368 0 0)
(0.1368 0 0)
(0.1169 0 0)
(0.1169 0 0)
(0.1169 0 0)
(0.1169 0 0)
(0.1287 0 0)
(0.1287 0 0)
(0.1368 0 0)
(0.1368 0 0)
(0.1287 0 0)
(0.1287 0 0)
(0.1368 0 0)
(0.1368 0 0)
(0.1431 0 0)
(0.1431 0 0)
(0.148 0 0)
(0.148 0 0)
(0.1431 0 0)
(0.1431 0 0)
(0.148 0 0)
(0.148 0 0)
(0.1522 0 0)
(0.1522 0 0)
(0.1557 0 0)
(0.1557 0 0)
(0.1522 0 0)
(0.1522 0 0)
(0.1557 0 0)
(0.1557 0 0)
(0.1431 0 0)
(0.1431 0 0)
(0.148 0 0)
(0.148 0 0)
(0.1431 0 0)
(0.1431 0 0)
(0.148 0 0)
(0.148 0 0)
(0.1522 0 0)
(0.1522 0 0)
(0.1557 0 0)
(0.1557 0 0)
(0.1522 0 0)
(0.1522 0 0)
(0.1557 0 0)
(0.1557 0 0)
(0.1169 0 0)
(0.1169 0 0)
(0.1169 0 0)
(0.1169 0 0)
(0.1287 0 0)
(0.1287 0 0)
(0.1368 0 0)
(0.1368 0 0)
(0.1287 0 0)
(0.1287 0 0)
(0.1368 0 0)
(0.1368 0 0)
(0.1169 0 0)
(0.1169 0 0)
(0.1169 0 0)
(0.1169 0 0)
(0.1287 0 0)
(0.1287 0 0)
(0.1368 0 0)
(0.1368 0 0)
(0.1287 0 0)
(0.1287 0 0)
(0.1368 0 0)
(0.1368 0 0)
(0.1431 0 0)
(0.1431 0 0)
(0.148 0 0)
(0.148 0 0)
(0.1431 0 0)
(0.1431 0 0)
(0.148 0 0)
(0.148 0 0)
(0.1522 0 0)
(0.1522 0 0)
(0.1557 0 0)
(0.1557 0 0)
(0.1522 0 0)
(0.1522 0 0)
(0.1557 0 0)
(0.1557 0 0)
(0.1431 0 0)
(0.1431 0 0)
(0.148 0 0)
(0.148 0 0)
(0.1431 0 0)
(0.1431 0 0)
(0.148 0 0)
(0.148 0 0)
(0.1522 0 0)
(0.1522 0 0)
(0.1557 0 0)
(0.1557 0 0)
(0.1522 0 0)
(0.1522 0 0)
(0.1557 0 0)
(0.1557 0 0)
(0.1169 0 0)
(0.1169 0 0)
(0.1169 0 0)
(0.1169 0 0)
(0.1287 0 0)
(0.1287 0 0)
(0.1368 0 0)
(0.1368 0 0)
(0.1287 0 0)
(0.1287 0 0)
(0.1368 0 0)
(0.1368 0 0)
(0.1169 0 0)
(0.1169 0 0)
(0.1169 0 0)
(0.1169 0 0)
(0.1287 0 0)
(0.1287 0 0)
(0.1368 0 0)
(0.1368 0 0)
(0.1287 0 0)
(0.1287 0 0)
(0.1368 0 0)
(0.1368 0 0)
(0.1431 0 0)
(0.1431 0 0)
(0.148 0 0)
(0.148 0 0)
(0.1431 0 0)
(0.1431 0 0)
(0.148 0 0)
(0.148 0 0)
(0.1522 0 0)
(0.1522 0 0)
(0.1557 0 0)
(0.1557 0 0)
(0.1522 0 0)
(0.1522 0 0)
(0.1557 0 0)
(0.1557 0 0)
(0.1431 0 0)
(0.1431 0 0)
(0.148 0 0)
(0.148 0 0)
(0.1431 0 0)
(0.1431 0 0)
(0.148 0 0)
(0.148 0 0)
(0.1522 0 0)
(0.1522 0 0)
(0.1557 0 0)
(0.1557 0 0)
(0.1522 0 0)
(0.1522 0 0)
(0.1557 0 0)
(0.1557 0 0)
(0.1169 0 0)
(0.1169 0 0)
(0.1169 0 0)
(0.1169 0 0)
(0.1287 0 0)
(0.1287 0 0)
(0.1368 0 0)
(0.1368 0 0)
(0.1287 0 0)
(0.1287 0 0)
(0.1368 0 0)
(0.1368 0 0)
(0.1169 0 0)
(0.1169 0 0)
(0.1169 0 0)
(0.1169 0 0)
(0.1287 0 0)
(0.1287 0 0)
(0.1368 0 0)
(0.1368 0 0)
(0.1287 0 0)
(0.1287 0 0)
(0.1368 0 0)
(0.1368 0 0)
(0.1431 0 0)
(0.1431 0 0)
(0.148 0 0)
(0.148 0 0)
(0.1431 0 0)
(0.1431 0 0)
(0.148 0 0)
(0.148 0 0)
(0.1522 0 0)
(0.1522 0 0)
(0.1557 0 0)
(0.1557 0 0)
(0.1522 0 0)
(0.1522 0 0)
(0.1557 0 0)
(0.1557 0 0)
(0.1431 0 0)
(0.1431 0 0)
(0.148 0 0)
(0.148 0 0)
(0.1431 0 0)
(0.1431 0 0)
(0.148 0 0)
(0.148 0 0)
(0.1522 0 0)
(0.1522 0 0)
(0.1557 0 0)
(0.1557 0 0)
(0.1522 0 0)
(0.1522 0 0)
(0.1557 0 0)
(0.1557 0 0)
(0.1169 0 0)
(0.1169 0 0)
(0.1169 0 0)
(0.1169 0 0)
(0.1287 0 0)
(0.1287 0 0)
(0.1368 0 0)
(0.1368 0 0)
(0.1287 0 0)
(0.1287 0 0)
(0.1368 0 0)
(0.1368 0 0)
(0.1169 0 0)
(0.1169 0 0)
(0.1169 0 0)
(0.1169 0 0)
(0.1287 0 0)
(0.1287 0 0)
(0.1368 0 0)
(0.1368 0 0)
(0.1287 0 0)
(0.1287 0 0)
(0.1368 0 0)
(0.1368 0 0)
(0.1431 0 0)
(0.1431 0 0)
(0.148 0 0)
(0.148 0 0)
(0.1431 0 0)
(0.1431 0 0)
(0.148 0 0)
(0.148 0 0)
(0.1522 0 0)
(0.1522 0 0)
(0.1557 0 0)
(0.1557 0 0)
(0.1522 0 0)
(0.1522 0 0)
(0.1557 0 0)
(0.1557 0 0)
(0.1431 0 0)
(0.1431 0 0)
(0.148 0 0)
(0.148 0 0)
(0.1431 0 0)
(0.1431 0 0)
(0.148 0 0)
(0.148 0 0)
(0.1522 0 0)
(0.1522 0 0)
(0.1557 0 0)
(0.1557 0 0)
(0.1522 0 0)
(0.1522 0 0)
(0.1557 0 0)
(0.1557 0 0)
(0.1169 0 0)
(0.1169 0 0)
(0.1169 0 0)
(0.1169 0 0)
(0.1287 0 0)
(0.1287 0 0)
(0.1368 0 0)
(0.1368 0 0)
(0.1287 0 0)
(0.1287 0 0)
(0.1368 0 0)
(0.1368 0 0)
(0.1169 0 0)
(0.1169 0 0)
(0.1169 0 0)
(0.1169 0 0)
(0.1287 0 0)
(0.1287 0 0)
(0.1368 0 0)
(0.1368 0 0)
(0.1287 0 0)
(0.1287 0 0)
(0.1368 0 0)
(0.1368 0 0)
(0.1431 0 0)
(0.1431 0 0)
(0.148 0 0)
(0.148 0 0)
(0.1431 0 0)
(0.1431 0 0)
(0.148 0 0)
(0.148 0 0)
(0.1522 0 0)
(0.1522 0 0)
(0.1557 0 0)
(0.1557 0 0)
(0.1522 0 0)
(0.1522 0 0)
(0.1557 0 0)
(0.1557 0 0)
(0.1431 0 0)
(0.1431 0 0)
(0.148 0 0)
(0.148 0 0)
(0.1431 0 0)
(0.1431 0 0)
(0.148 0 0)
(0.148 0 0)
(0.1522 0 0)
(0.1522 0 0)
(0.1557 0 0)
(0.1557 0 0)
(0.1522 0 0)
(0.1522 0 0)
(0.1557 0 0)
(0.1557 0 0)
(0.1169 0 0)
(0.1169 0 0)
(0.1169 0 0)
(0.1169 0 0)
(0.1287 0 0)
(0.1287 0 0)
(0.1368 0 0)
(0.1368 0 0)
(0.1287 0 0)
(0.1287 0 0)
(0.1368 0 0)
(0.1368 0 0)
(0.1169 0 0)
(0.1169 0 0)
(0.1169 0 0)
(0.1169 0 0)
(0.1287 0 0)
(0.1287 0 0)
(0.1368 0 0)
(0.1368 0 0)
(0.1287 0 0)
(0.1287 0 0)
(0.1368 0 0)
(0.1368 0 0)
(0.1431 0 0)
(0.1431 0 0)
(0.148 0 0)
(0.148 0 0)
(0.1431 0 0)
(0.1431 0 0)
(0.148 0 0)
(0.148 0 0)
(0.1522 0 0)
(0.1522 0 0)
(0.1557 0 0)
(0.1557 0 0)
(0.1522 0 0)
(0.1522 0 0)
(0.1557 0 0)
(0.1557 0 0)
(0.1431 0 0)
(0.1431 0 0)
(0.148 0 0)
(0.148 0 0)
(0.1431 0 0)
(0.143 0 0)
(0.148 0 0)
(0.148 0 0)
(0.1522 0 0)
(0.1522 0 0)
(0.1557 0 0)
(0.1557 0 0)
(0.1522 0 0)
(0.1522 0 0)
(0.1557 0 0)
(0.1557 0 0)
(0.1169 0 0)
(0.1169 0 0)
(0.1169 0 0)
(0.117 0 0)
(0.1287 0 0)
(0.1287 0 0)
(0.1368 0 0)
(0.1368 0 0)
(0.1287 0 0)
(0.1288 0 0)
(0.1368 0 0)
(0.1368 0 0)
(0.117 0 0)
(0.1171 0 0)
(0.1171 0 0)
(0.1288 0 0)
(0.1288 0 0)
(0.1369 0 0)
(0.1369 0 0)
(0.1289 0 0)
(0.1369 0 0)
(0.143 0 0)
(0.143 0 0)
(0.148 0 0)
(0.148 0 0)
(0.143 0 0)
(0.143 0 0)
(0.148 0 0)
(0.148 0 0)
(0.1522 0 0)
(0.1522 0 0)
(0.1557 0 0)
(0.1557 0 0)
(0.1522 0 0)
(0.1522 0 0)
(0.1557 0 0)
(0.1557 0 0)
(0.1431 0 0)
(0.1431 0 0)
(0.148 0 0)
(0.148 0 0)
(0.1431 0 0)
(0.148 0 0)
(0.1522 0 0)
(0.1522 0 0)
(0.1557 0 0)
(0.1557 0 0)
(0.1522 0 0)
(0.1557 0 0)
(0.1587 0 0)
(0.1613 0 0)
(0.1587 0 0)
(0.1587 0 0)
(0.1613 0 0)
(0.1613 0 0)
(0.1637 0 0)
(0.1658 0 0)
(0.1637 0 0)
(0.1637 0 0)
(0.1658 0 0)
(0.1658 0 0)
(0.1587 0 0)
(0.1587 0 0)
(0.1613 0 0)
(0.1613 0 0)
(0.1587 0 0)
(0.1587 0 0)
(0.1613 0 0)
(0.1613 0 0)
(0.1637 0 0)
(0.1637 0 0)
(0.1658 0 0)
(0.1658 0 0)
(0.1637 0 0)
(0.1637 0 0)
(0.1658 0 0)
(0.1658 0 0)
(0.1676 0 0)
(0.1692 0 0)
(0.1676 0 0)
(0.1676 0 0)
(0.1692 0 0)
(0.1692 0 0)
(0.1706 0 0)
(0.1706 0 0)
(0.1706 0 0)
(0.1676 0 0)
(0.1676 0 0)
(0.1692 0 0)
(0.1692 0 0)
(0.1676 0 0)
(0.1676 0 0)
(0.1692 0 0)
(0.1692 0 0)
(0.1706 0 0)
(0.1706 0 0)
(0.1706 0 0)
(0.1706 0 0)
(0.1587 0 0)
(0.1587 0 0)
(0.1613 0 0)
(0.1613 0 0)
(0.1587 0 0)
(0.1587 0 0)
(0.1613 0 0)
(0.1613 0 0)
(0.1637 0 0)
(0.1637 0 0)
(0.1658 0 0)
(0.1658 0 0)
(0.1637 0 0)
(0.1637 0 0)
(0.1658 0 0)
(0.1658 0 0)
(0.1587 0 0)
(0.1587 0 0)
(0.1613 0 0)
(0.1613 0 0)
(0.1587 0 0)
(0.1587 0 0)
(0.1613 0 0)
(0.1613 0 0)
(0.1637 0 0)
(0.1637 0 0)
(0.1658 0 0)
(0.1658 0 0)
(0.1637 0 0)
(0.1637 0 0)
(0.1658 0 0)
(0.1658 0 0)
(0.1676 0 0)
(0.1676 0 0)
(0.1692 0 0)
(0.1692 0 0)
(0.1676 0 0)
(0.1676 0 0)
(0.1692 0 0)
(0.1692 0 0)
(0.1706 0 0)
(0.1706 0 0)
(0.1706 0 0)
(0.1706 0 0)
(0.1676 0 0)
(0.1676 0 0)
(0.1692 0 0)
(0.1692 0 0)
(0.1676 0 0)
(0.1676 0 0)
(0.1692 0 0)
(0.1692 0 0)
(0.1706 0 0)
(0.1706 0 0)
(0.1706 0 0)
(0.1706 0 0)
(0.1587 0 0)
(0.1587 0 0)
(0.1613 0 0)
(0.1613 0 0)
(0.1587 0 0)
(0.1587 0 0)
(0.1613 0 0)
(0.1613 0 0)
(0.1637 0 0)
(0.1637 0 0)
(0.1658 0 0)
(0.1658 0 0)
(0.1637 0 0)
(0.1637 0 0)
(0.1658 0 0)
(0.1658 0 0)
(0.1587 0 0)
(0.1587 0 0)
(0.1613 0 0)
(0.1613 0 0)
(0.1587 0 0)
(0.1587 0 0)
(0.1613 0 0)
(0.1613 0 0)
(0.1637 0 0)
(0.1637 0 0)
(0.1658 0 0)
(0.1658 0 0)
(0.1637 0 0)
(0.1637 0 0)
(0.1658 0 0)
(0.1658 0 0)
(0.1676 0 0)
(0.1676 0 0)
(0.1692 0 0)
(0.1692 0 0)
(0.1676 0 0)
(0.1676 0 0)
(0.1692 0 0)
(0.1692 0 0)
(0.1706 0 0)
(0.1706 0 0)
(0.1706 0 0)
(0.1706 0 0)
(0.1676 0 0)
(0.1676 0 0)
(0.1692 0 0)
(0.1692 0 0)
(0.1676 0 0)
(0.1676 0 0)
(0.1692 0 0)
(0.1692 0 0)
(0.1706 0 0)
(0.1706 0 0)
(0.1706 0 0)
(0.1706 0 0)
(0.1587 0 0)
(0.1587 0 0)
(0.1613 0 0)
(0.1613 0 0)
(0.1587 0 0)
(0.1587 0 0)
(0.1613 0 0)
(0.1613 0 0)
(0.1637 0 0)
(0.1637 0 0)
(0.1658 0 0)
(0.1658 0 0)
(0.1637 0 0)
(0.1637 0 0)
(0.1658 0 0)
(0.1658 0 0)
(0.1587 0 0)
(0.1587 0 0)
(0.1613 0 0)
(0.1613 0 0)
(0.1587 0 0)
(0.1587 0 0)
(0.1613 0 0)
(0.1613 0 0)
(0.1637 0 0)
(0.1637 0 0)
(0.1658 0 0)
(0.1658 0 0)
(0.1637 0 0)
(0.1637 0 0)
(0.1658 0 0)
(0.1658 0 0)
(0.1676 0 0)
(0.1676 0 0)
(0.1692 0 0)
(0.1692 0 0)
(0.1676 0 0)
(0.1676 0 0)
(0.1692 0 0)
(0.1692 0 0)
(0.1706 0 0)
(0.1706 0 0)
(0.1706 0 0)
(0.1706 0 0)
(0.1676 0 0)
(0.1676 0 0)
(0.1692 0 0)
(0.1692 0 0)
(0.1676 0 0)
(0.1676 0 0)
(0.1692 0 0)
(0.1692 0 0)
(0.1706 0 0)
(0.1706 0 0)
(0.1706 0 0)
(0.1706 0 0)
(0.1587 0 0)
(0.1587 0 0)
(0.1613 0 0)
(0.1613 0 0)
(0.1587 0 0)
(0.1587 0 0)
(0.1613 0 0)
(0.1613 0 0)
(0.1637 0 0)
(0.1637 0 0)
(0.1658 0 0)
(0.1658 0 0)
(0.1637 0 0)
(0.1637 0 0)
(0.1658 0 0)
(0.1658 0 0)
(0.1587 0 0)
(0.1587 0 0)
(0.1613 0 0)
(0.1613 0 0)
(0.1587 0 0)
(0.1587 0 0)
(0.1613 0 0)
(0.1613 0 0)
(0.1637 0 0)
(0.1637 0 0)
(0.1658 0 0)
(0.1658 0 0)
(0.1637 0 0)
(0.1637 0 0)
(0.1658 0 0)
(0.1658 0 0)
(0.1676 0 0)
(0.1676 0 0)
(0.1692 0 0)
(0.1692 0 0)
(0.1676 0 0)
(0.1676 0 0)
(0.1692 0 0)
(0.1692 0 0)
(0.1706 0 0)
(0.1706 0 0)
(0.1706 0 0)
(0.1706 0 0)
(0.1676 0 0)
(0.1676 0 0)
(0.1692 0 0)
(0.1692 0 0)
(0.1676 0 0)
(0.1676 0 0)
(0.1692 0 0)
(0.1692 0 0)
(0.1706 0 0)
(0.1706 0 0)
(0.1706 0 0)
(0.1706 0 0)
(0.1587 0 0)
(0.1587 0 0)
(0.1613 0 0)
(0.1613 0 0)
(0.1587 0 0)
(0.1587 0 0)
(0.1613 0 0)
(0.1613 0 0)
(0.1637 0 0)
(0.1637 0 0)
(0.1658 0 0)
(0.1658 0 0)
(0.1637 0 0)
(0.1637 0 0)
(0.1658 0 0)
(0.1658 0 0)
(0.1587 0 0)
(0.1587 0 0)
(0.1613 0 0)
(0.1613 0 0)
(0.1587 0 0)
(0.1587 0 0)
(0.1613 0 0)
(0.1613 0 0)
(0.1637 0 0)
(0.1637 0 0)
(0.1658 0 0)
(0.1658 0 0)
(0.1637 0 0)
(0.1637 0 0)
(0.1658 0 0)
(0.1658 0 0)
(0.1676 0 0)
(0.1676 0 0)
(0.1692 0 0)
(0.1692 0 0)
(0.1676 0 0)
(0.1676 0 0)
(0.1692 0 0)
(0.1692 0 0)
(0.1706 0 0)
(0.1706 0 0)
(0.1706 0 0)
(0.1706 0 0)
(0.1676 0 0)
(0.1676 0 0)
(0.1692 0 0)
(0.1692 0 0)
(0.1676 0 0)
(0.1676 0 0)
(0.1692 0 0)
(0.1692 0 0)
(0.1706 0 0)
(0.1706 0 0)
(0.1706 0 0)
(0.1706 0 0)
(0.1587 0 0)
(0.1587 0 0)
(0.1613 0 0)
(0.1613 0 0)
(0.1587 0 0)
(0.1587 0 0)
(0.1613 0 0)
(0.1613 0 0)
(0.1637 0 0)
(0.1637 0 0)
(0.1658 0 0)
(0.1658 0 0)
(0.1637 0 0)
(0.1637 0 0)
(0.1658 0 0)
(0.1658 0 0)
(0.1587 0 0)
(0.1587 0 0)
(0.1613 0 0)
(0.1613 0 0)
(0.1587 0 0)
(0.1587 0 0)
(0.1613 0 0)
(0.1613 0 0)
(0.1637 0 0)
(0.1637 0 0)
(0.1658 0 0)
(0.1658 0 0)
(0.1637 0 0)
(0.1637 0 0)
(0.1658 0 0)
(0.1658 0 0)
(0.1676 0 0)
(0.1676 0 0)
(0.1692 0 0)
(0.1692 0 0)
(0.1676 0 0)
(0.1676 0 0)
(0.1692 0 0)
(0.1692 0 0)
(0.1706 0 0)
(0.1706 0 0)
(0.1706 0 0)
(0.1706 0 0)
(0.1676 0 0)
(0.1676 0 0)
(0.1692 0 0)
(0.1692 0 0)
(0.1676 0 0)
(0.1676 0 0)
(0.1692 0 0)
(0.1692 0 0)
(0.1706 0 0)
(0.1706 0 0)
(0.1706 0 0)
(0.1706 0 0)
(0.1587 0 0)
(0.1587 0 0)
(0.1613 0 0)
(0.1613 0 0)
(0.1587 0 0)
(0.1587 0 0)
(0.1613 0 0)
(0.1613 0 0)
(0.1637 0 0)
(0.1637 0 0)
(0.1658 0 0)
(0.1658 0 0)
(0.1637 0 0)
(0.1637 0 0)
(0.1658 0 0)
(0.1658 0 0)
(0.1587 0 0)
(0.1587 0 0)
(0.1613 0 0)
(0.1613 0 0)
(0.1587 0 0)
(0.1587 0 0)
(0.1613 0 0)
(0.1613 0 0)
(0.1637 0 0)
(0.1637 0 0)
(0.1658 0 0)
(0.1658 0 0)
(0.1637 0 0)
(0.1637 0 0)
(0.1658 0 0)
(0.1658 0 0)
(0.1676 0 0)
(0.1676 0 0)
(0.1692 0 0)
(0.1692 0 0)
(0.1676 0 0)
(0.1676 0 0)
(0.1692 0 0)
(0.1692 0 0)
(0.1706 0 0)
(0.1706 0 0)
(0.1706 0 0)
(0.1706 0 0)
(0.1676 0 0)
(0.1676 0 0)
(0.1692 0 0)
(0.1692 0 0)
(0.1676 0 0)
(0.1676 0 0)
(0.1692 0 0)
(0.1692 0 0)
(0.1706 0 0)
(0.1706 0 0)
(0.1706 0 0)
(0.1706 0 0)
(0.1587 0 0)
(0.1587 0 0)
(0.1613 0 0)
(0.1613 0 0)
(0.1587 0 0)
(0.1587 0 0)
(0.1613 0 0)
(0.1613 0 0)
(0.1637 0 0)
(0.1637 0 0)
(0.1658 0 0)
(0.1658 0 0)
(0.1637 0 0)
(0.1637 0 0)
(0.1658 0 0)
(0.1658 0 0)
(0.1587 0 0)
(0.1587 0 0)
(0.1613 0 0)
(0.1613 0 0)
(0.1587 0 0)
(0.1587 0 0)
(0.1613 0 0)
(0.1613 0 0)
(0.1637 0 0)
(0.1637 0 0)
(0.1658 0 0)
(0.1658 0 0)
(0.1637 0 0)
(0.1637 0 0)
(0.1658 0 0)
(0.1658 0 0)
(0.1676 0 0)
(0.1676 0 0)
(0.1692 0 0)
(0.1692 0 0)
(0.1676 0 0)
(0.1676 0 0)
(0.1692 0 0)
(0.1692 0 0)
(0.1706 0 0)
(0.1706 0 0)
(0.1706 0 0)
(0.1706 0 0)
(0.1676 0 0)
(0.1676 0 0)
(0.1692 0 0)
(0.1692 0 0)
(0.1676 0 0)
(0.1676 0 0)
(0.1692 0 0)
(0.1692 0 0)
(0.1706 0 0)
(0.1706 0 0)
(0.1706 0 0)
(0.1706 0 0)
(0.1587 0 0)
(0.1587 0 0)
(0.1613 0 0)
(0.1613 0 0)
(0.1587 0 0)
(0.1587 0 0)
(0.1613 0 0)
(0.1613 0 0)
(0.1637 0 0)
(0.1637 0 0)
(0.1658 0 0)
(0.1658 0 0)
(0.1637 0 0)
(0.1637 0 0)
(0.1658 0 0)
(0.1658 0 0)
(0.1587 0 0)
(0.1587 0 0)
(0.1613 0 0)
(0.1613 0 0)
(0.1587 0 0)
(0.1613 0 0)
(0.1637 0 0)
(0.1637 0 0)
(0.1658 0 0)
(0.1658 0 0)
(0.1637 0 0)
(0.1658 0 0)
(0.1676 0 0)
(0.1676 0 0)
(0.1692 0 0)
(0.1692 0 0)
(0.1676 0 0)
(0.1676 0 0)
(0.1692 0 0)
(0.1692 0 0)
(0.1706 0 0)
(0.1706 0 0)
(0.1706 0 0)
(0.1706 0 0)
(0.1676 0 0)
(0.1676 0 0)
(0.1692 0 0)
(0.1692 0 0)
(0.1676 0 0)
(0.1692 0 0)
(0.1706 0 0)
(0.1706 0 0)
(0.1706 0 0)
(0.1719 0 0)
(0.1719 0 0)
(0.1719 0 0)
(0.1719 0 0)
(0.1719 0 0)
(0.1719 0 0)
(0.1719 0 0)
(0.1719 0 0)
(0.1719 0 0)
(0.1719 0 0)
(0.1719 0 0)
(0.1719 0 0)
(0.1719 0 0)
(0.1719 0 0)
(0.1719 0 0)
(0.1719 0 0)
(0.1719 0 0)
(0.0925 0 0)
(0.117 0 0)
(0.0927 0 0)
(0.1288 0 0)
(0.0923 0 0)
(0.0925 0 0)
(0.1368 0 0)
(0.1431 0 0)
(0.0923 0 0)
(0.0924 0 0)
(0.0924 0 0)
(0.0924 0 0)
(0.148 0 0)
(0.1522 0 0)
(0.1556 0 0)
(0.1587 0 0)
(0.1613 0 0)
(0.1637 0 0)
(0.1658 0 0)
(0.1676 0 0)
(0.1692 0 0)
(0.1706 0 0)
(0.1719 0 0)
(0.1719 0 0)
(0.1719 0 0)
(0.1719 0 0)
(0.1719 0 0)
(0.1719 0 0)
(0.1719 0 0)
(0.1719 0 0)
(0.0924 0 0)
(0.0924 0 0)
(0.0924 0 0)
(0.0924 0 0)
(0.0924 0 0)
(0.0924 0 0)
(0.0924 0 0)
(0.0924 0 0)
(0.1719 0 0)
(0.1719 0 0)
(0.1719 0 0)
(0.1719 0 0)
(0.0924 0 0)
(0.0924 0 0)
(0.0924 0 0)
(0.0924 0 0)
(0.0924 0 0)
(0.0924 0 0)
(0.0924 0 0)
(0.0924 0 0)
(0.1719 0 0)
(0.1719 0 0)
(0.1719 0 0)
(0.1719 0 0)
(0.1719 0 0)
(0.1719 0 0)
(0.1719 0 0)
(0.1719 0 0)
(0.1719 0 0)
(0.1719 0 0)
(0.1719 0 0)
(0.1719 0 0)
(0.0924 0 0)
(0.0924 0 0)
(0.0924 0 0)
(0.0924 0 0)
(0.0924 0 0)
(0.0924 0 0)
(0.0924 0 0)
(0.0924 0 0)
(0.0924 0 0)
(0.0924 0 0)
(0.0924 0 0)
(0.0924 0 0)
(0.1719 0 0)
(0.1719 0 0)
(0.1719 0 0)
(0.1719 0 0)
(0.1719 0 0)
(0.1719 0 0)
(0.1719 0 0)
(0.1719 0 0)
(0.0924 0 0)
(0.0924 0 0)
(0.0924 0 0)
(0.0924 0 0)
(0.1719 0 0)
(0.1719 0 0)
(0.1719 0 0)
(0.1719 0 0)
(0.1719 0 0)
(0.1719 0 0)
(0.1719 0 0)
(0.1719 0 0)
(0.0924 0 0)
(0.0924 0 0)
(0.0923 0 0)
(0.0925 0 0)
(0.0923 0 0)
(0.0924 0 0)
(0.0924 0 0)
(0.0924 0 0)
(0.0924 0 0)
(0.0927 0 0)
(0.0925 0 0)
(0.117 0 0)
(0.1288 0 0)
(0.1368 0 0)
(0.1431 0 0)
(0.148 0 0)
(0.1522 0 0)
(0.0924 0 0)
(0.0924 0 0)
(0.0924 0 0)
(0.0924 0 0)
(0.1556 0 0)
(0.1587 0 0)
(0.0924 0 0)
(0.0924 0 0)
(0.0924 0 0)
(0.0924 0 0)
(0.0924 0 0)
(0.0924 0 0)
(0.0924 0 0)
(0.0924 0 0)
(0.0924 0 0)
(0.0924 0 0)
(0.0924 0 0)
(0.0924 0 0)
(0.0924 0 0)
(0.0924 0 0)
(0.0924 0 0)
(0.0924 0 0)
(0.1613 0 0)
(0.1637 0 0)
(0.1658 0 0)
(0.1676 0 0)
(0.1719 0 0)
(0.1719 0 0)
(0.1719 0 0)
(0.1719 0 0)
(0.0924 0 0)
(0.0924 0 0)
(0.0924 0 0)
(0.0924 0 0)
(0.0924 0 0)
(0.1719 0 0)
(0.1719 0 0)
(0.1719 0 0)
(0.1719 0 0)
(0.1692 0 0)
(0.1706 0 0)
(0.1719 0 0)
(0.1719 0 0)
(0.0924 0 0)
(0.0924 0 0)
(0.1719 0 0)
(0.1719 0 0)
(0.1719 0 0)
(0.1719 0 0)
(0.1719 0 0)
(0.1719 0 0)
(0.1719 0 0)
(0.1719 0 0)
(0.1719 0 0)
(0.1719 0 0)
(0.1719 0 0)
(0.0923 0 0)
(0.1719 0 0)
(0.0923 0 0)
(0.1719 0 0)
)
;
    }
    outlet
    {
        type            zeroGradient;
    }
    top
    {
        type            symmetryPlane;
    }
}


// ************************************************************************* //
