# Force       
# CofR        : (0.000000e+00 0.000000e+00 0.000000e+00)
#
# Time        	(total_x total_y total_z)	(pressure_x pressure_y pressure_z)	(viscous_x viscous_y viscous_z)
1             	(1.493341e+00 3.654132e+00 -4.697537e+02)	(1.456691e+00 3.654247e+00 -4.697538e+02)	(3.665039e-02 -1.141498e-04 3.616157e-05)
2             	(1.364390e+00 3.630804e+00 -4.697460e+02)	(1.334952e+00 3.632449e+00 -4.697460e+02)	(2.943836e-02 -1.645663e-03 -5.281714e-05)
3             	(8.000694e-01 2.749282e+00 -4.697688e+02)	(7.750284e-01 2.751967e+00 -4.697687e+02)	(2.504102e-02 -2.684822e-03 -1.978457e-05)
4             	(-2.228089e-01 1.480504e+00 -4.698279e+02)	(-2.444384e-01 1.483845e+00 -4.698278e+02)	(2.162957e-02 -3.341098e-03 -5.077022e-05)
5             	(-9.423954e-01 1.170648e-01 -4.699168e+02)	(-9.630518e-01 1.201998e-01 -4.699169e+02)	(2.065634e-02 -3.135025e-03 1.952950e-05)
6             	(-1.118501e+00 -8.556599e-01 -4.699906e+02)	(-1.140021e+00 -8.530636e-01 -4.699907e+02)	(2.152018e-02 -2.596246e-03 1.019626e-04)
7             	(-9.443711e-01 -1.267278e+00 -4.700257e+02)	(-9.673459e-01 -1.265336e+00 -4.700258e+02)	(2.297475e-02 -1.942466e-03 1.626058e-04)
8             	(-6.044881e-01 -1.266284e+00 -4.700226e+02)	(-6.274963e-01 -1.265018e+00 -4.700228e+02)	(2.300819e-02 -1.265915e-03 2.111245e-04)
9             	(-1.179950e-01 -1.034650e+00 -4.700031e+02)	(-1.393740e-01 -1.033956e+00 -4.700033e+02)	(2.137902e-02 -6.942791e-04 2.508428e-04)
10            	(2.946870e-01 -5.171129e-01 -4.699782e+02)	(2.756496e-01 -5.166983e-01 -4.699785e+02)	(1.903740e-02 -4.146190e-04 2.670335e-04)
11            	(4.908124e-01 3.649607e-02 -4.699410e+02)	(4.743871e-01 3.683062e-02 -4.699413e+02)	(1.642526e-02 -3.345477e-04 2.708307e-04)
12            	(5.034634e-01 4.437874e-01 -4.699198e+02)	(4.895523e-01 4.441800e-01 -4.699200e+02)	(1.391113e-02 -3.926207e-04 2.345044e-04)
13            	(3.922908e-01 5.925064e-01 -4.699096e+02)	(3.803432e-01 5.930460e-01 -4.699098e+02)	(1.194760e-02 -5.396111e-04 1.811039e-04)
14            	(2.329470e-01 6.028314e-01 -4.699126e+02)	(2.221374e-01 6.035451e-01 -4.699128e+02)	(1.080951e-02 -7.136966e-04 1.396144e-04)
15            	(7.797061e-02 5.187830e-01 -4.699173e+02)	(6.758913e-02 5.196283e-01 -4.699174e+02)	(1.038147e-02 -8.453204e-04 1.241570e-04)
16            	(-3.414339e-02 3.493858e-01 -4.699231e+02)	(-4.451586e-02 3.502369e-01 -4.699233e+02)	(1.037247e-02 -8.510815e-04 1.256417e-04)
17            	(-8.326576e-02 1.910122e-01 -4.699274e+02)	(-9.383031e-02 1.917528e-01 -4.699276e+02)	(1.056455e-02 -7.406247e-04 1.227944e-04)
18            	(-8.802587e-02 2.972431e-02 -4.699232e+02)	(-9.875421e-02 3.030267e-02 -4.699233e+02)	(1.072834e-02 -5.783634e-04 1.267492e-04)
19            	(-5.024385e-02 4.810261e-03 -4.699224e+02)	(-6.101135e-02 5.222074e-03 -4.699226e+02)	(1.076750e-02 -4.118133e-04 1.242619e-04)
20            	(-4.915560e-03 -3.203611e-02 -4.699193e+02)	(-1.549462e-02 -3.176627e-02 -4.699195e+02)	(1.057906e-02 -2.698436e-04 1.158348e-04)
21            	(3.838287e-02 -2.585789e-02 -4.699108e+02)	(2.822443e-02 -2.568940e-02 -4.699109e+02)	(1.015844e-02 -1.684897e-04 1.032610e-04)
22            	(6.273815e-02 -4.966717e-03 -4.699093e+02)	(5.313137e-02 -4.861585e-03 -4.699094e+02)	(9.606787e-03 -1.051313e-04 9.311366e-05)
23            	(7.449601e-02 3.523263e-02 -4.699074e+02)	(6.544788e-02 3.530666e-02 -4.699074e+02)	(9.048127e-03 -7.402851e-05 8.400882e-05)
24            	(7.434082e-02 7.376868e-02 -4.699006e+02)	(6.577922e-02 7.383465e-02 -4.699006e+02)	(8.561607e-03 -6.597212e-05 7.446535e-05)
25            	(6.599426e-02 1.080548e-01 -4.698994e+02)	(5.781232e-02 1.081200e-01 -4.698995e+02)	(8.181943e-03 -6.518524e-05 6.342204e-05)
26            	(6.342877e-02 1.599355e-01 -4.698925e+02)	(5.550119e-02 1.600031e-01 -4.698925e+02)	(7.927587e-03 -6.764011e-05 5.432785e-05)
27            	(5.470915e-02 1.729033e-01 -4.698924e+02)	(4.695621e-02 1.729681e-01 -4.698925e+02)	(7.752941e-03 -6.478566e-05 4.674863e-05)
28            	(4.975682e-02 1.819757e-01 -4.698929e+02)	(4.213185e-02 1.820304e-01 -4.698929e+02)	(7.624963e-03 -5.467390e-05 4.470811e-05)
29            	(4.794477e-02 1.824739e-01 -4.698967e+02)	(4.043119e-02 1.825130e-01 -4.698968e+02)	(7.513581e-03 -3.915944e-05 4.709918e-05)
30            	(4.899080e-02 1.795454e-01 -4.699007e+02)	(4.159133e-02 1.795675e-01 -4.699007e+02)	(7.399471e-03 -2.209571e-05 5.274246e-05)
31            	(5.064524e-02 1.718925e-01 -4.699050e+02)	(4.337495e-02 1.719004e-01 -4.699051e+02)	(7.270290e-03 -7.930234e-06 5.989883e-05)
32            	(4.934315e-02 1.542078e-01 -4.699152e+02)	(4.222384e-02 1.542053e-01 -4.699153e+02)	(7.119311e-03 2.487399e-06 6.417617e-05)
33            	(5.083519e-02 1.434994e-01 -4.699164e+02)	(4.386807e-02 1.434933e-01 -4.699164e+02)	(6.967123e-03 6.118590e-06 6.689106e-05)
34            	(5.039300e-02 1.336642e-01 -4.699205e+02)	(4.358227e-02 1.336578e-01 -4.699206e+02)	(6.810728e-03 6.432782e-06 6.531043e-05)
35            	(4.844978e-02 1.241875e-01 -4.699239e+02)	(4.179275e-02 1.241824e-01 -4.699240e+02)	(6.657029e-03 5.072949e-06 6.022771e-05)
36            	(4.600626e-02 1.160464e-01 -4.699263e+02)	(3.949680e-02 1.160435e-01 -4.699264e+02)	(6.509462e-03 2.926386e-06 5.232851e-05)
37            	(4.416126e-02 1.100863e-01 -4.699264e+02)	(3.778831e-02 1.100865e-01 -4.699265e+02)	(6.372953e-03 -1.407911e-07 4.297276e-05)
38            	(4.273515e-02 1.060696e-01 -4.699266e+02)	(3.648836e-02 1.060738e-01 -4.699267e+02)	(6.246790e-03 -4.157173e-06 3.299898e-05)
39            	(4.135472e-02 1.009211e-01 -4.699289e+02)	(3.522699e-02 1.009309e-01 -4.699290e+02)	(6.127726e-03 -9.854046e-06 2.320467e-05)
40            	(4.082197e-02 9.728077e-02 -4.699310e+02)	(3.480707e-02 9.729856e-02 -4.699310e+02)	(6.014899e-03 -1.779352e-05 1.387631e-05)
41            	(4.101329e-02 9.497519e-02 -4.699326e+02)	(3.510614e-02 9.500328e-02 -4.699326e+02)	(5.907143e-03 -2.808257e-05 5.283575e-06)
42            	(4.167731e-02 9.383948e-02 -4.699338e+02)	(3.587373e-02 9.387990e-02 -4.699338e+02)	(5.803579e-03 -4.041789e-05 -2.293308e-06)
43            	(4.275956e-02 9.435295e-02 -4.699340e+02)	(3.705476e-02 9.440686e-02 -4.699339e+02)	(5.704798e-03 -5.391442e-05 -8.747148e-06)
44            	(4.381246e-02 9.585249e-02 -4.699342e+02)	(3.820283e-02 9.592029e-02 -4.699342e+02)	(5.609628e-03 -6.779448e-05 -1.401992e-05)
45            	(4.442735e-02 9.737053e-02 -4.699360e+02)	(3.891115e-02 9.745188e-02 -4.699360e+02)	(5.516202e-03 -8.135780e-05 -1.803872e-05)
46            	(4.492326e-02 9.970161e-02 -4.699378e+02)	(3.949764e-02 9.979524e-02 -4.699378e+02)	(5.425627e-03 -9.362622e-05 -2.090923e-05)
47            	(4.532398e-02 1.026204e-01 -4.699395e+02)	(3.998588e-02 1.027242e-01 -4.699395e+02)	(5.338099e-03 -1.038400e-04 -2.285900e-05)
48            	(4.566331e-02 1.057574e-01 -4.699409e+02)	(4.040956e-02 1.058690e-01 -4.699409e+02)	(5.253755e-03 -1.116320e-04 -2.406943e-05)
49            	(4.594702e-02 1.088404e-01 -4.699420e+02)	(4.077467e-02 1.089571e-01 -4.699420e+02)	(5.172357e-03 -1.166717e-04 -2.484222e-05)
50            	(4.620341e-02 1.117747e-01 -4.699429e+02)	(4.110993e-02 1.118936e-01 -4.699429e+02)	(5.093475e-03 -1.189461e-04 -2.549485e-05)
51            	(4.655231e-02 1.148613e-01 -4.699431e+02)	(4.153443e-02 1.149800e-01 -4.699430e+02)	(5.017888e-03 -1.186847e-04 -2.618204e-05)
52            	(4.688986e-02 1.178444e-01 -4.699432e+02)	(4.194451e-02 1.179604e-01 -4.699432e+02)	(4.945349e-03 -1.160343e-04 -2.699735e-05)
53            	(4.720392e-02 1.207124e-01 -4.699434e+02)	(4.232796e-02 1.208237e-01 -4.699433e+02)	(4.875958e-03 -1.112448e-04 -2.806144e-05)
54            	(4.732498e-02 1.230495e-01 -4.699441e+02)	(4.251607e-02 1.231541e-01 -4.699441e+02)	(4.808908e-03 -1.046411e-04 -2.939934e-05)
55            	(4.741516e-02 1.253712e-01 -4.699447e+02)	(4.267041e-02 1.254678e-01 -4.699447e+02)	(4.744746e-03 -9.659246e-05 -3.091334e-05)
56            	(4.744141e-02 1.275424e-01 -4.699452e+02)	(4.275771e-02 1.276296e-01 -4.699452e+02)	(4.683701e-03 -8.721165e-05 -3.243650e-05)
57            	(4.738210e-02 1.293782e-01 -4.699456e+02)	(4.275630e-02 1.294546e-01 -4.699456e+02)	(4.625801e-03 -7.641685e-05 -3.380922e-05)
58            	(4.729864e-02 1.310885e-01 -4.699459e+02)	(4.272751e-02 1.311525e-01 -4.699458e+02)	(4.571126e-03 -6.405415e-05 -3.484565e-05)
59            	(4.726858e-02 1.327540e-01 -4.699457e+02)	(4.274878e-02 1.328041e-01 -4.699456e+02)	(4.519802e-03 -5.013099e-05 -3.529099e-05)
60            	(4.724171e-02 1.344470e-01 -4.699454e+02)	(4.277029e-02 1.344815e-01 -4.699454e+02)	(4.471423e-03 -3.449565e-05 -3.497664e-05)
61            	(4.723394e-02 1.362094e-01 -4.699452e+02)	(4.280840e-02 1.362266e-01 -4.699452e+02)	(4.425534e-03 -1.726808e-05 -3.412286e-05)
62            	(4.725359e-02 1.380567e-01 -4.699450e+02)	(4.287181e-02 1.380557e-01 -4.699449e+02)	(4.381772e-03 1.054127e-06 -3.310672e-05)
63            	(4.729693e-02 1.399360e-01 -4.699448e+02)	(4.295733e-02 1.399161e-01 -4.699447e+02)	(4.339599e-03 1.992656e-05 -3.243276e-05)
64            	(4.736433e-02 1.418669e-01 -4.699446e+02)	(4.306604e-02 1.418280e-01 -4.699446e+02)	(4.298290e-03 3.895256e-05 -3.256509e-05)
65            	(4.744955e-02 1.437929e-01 -4.699445e+02)	(4.319211e-02 1.437352e-01 -4.699445e+02)	(4.257448e-03 5.772532e-05 -3.391464e-05)
66            	(4.754667e-02 1.456435e-01 -4.699445e+02)	(4.332994e-02 1.455677e-01 -4.699444e+02)	(4.216724e-03 7.579044e-05 -3.680928e-05)
67            	(4.766913e-02 1.475723e-01 -4.699445e+02)	(4.349321e-02 1.474795e-01 -4.699444e+02)	(4.175914e-03 9.278566e-05 -4.138007e-05)
68            	(4.779183e-02 1.493158e-01 -4.699445e+02)	(4.365682e-02 1.492074e-01 -4.699445e+02)	(4.135012e-03 1.083919e-04 -4.769043e-05)
69            	(4.791343e-02 1.508661e-01 -4.699446e+02)	(4.381915e-02 1.507437e-01 -4.699445e+02)	(4.094286e-03 1.224129e-04 -5.547019e-05)
70            	(4.803419e-02 1.522207e-01 -4.699447e+02)	(4.397992e-02 1.520859e-01 -4.699447e+02)	(4.054266e-03 1.347155e-04 -6.398275e-05)
71            	(4.815370e-02 1.533610e-01 -4.699449e+02)	(4.413867e-02 1.532157e-01 -4.699448e+02)	(4.015034e-03 1.453380e-04 -7.276987e-05)
72            	(4.826618e-02 1.542247e-01 -4.699452e+02)	(4.428973e-02 1.540704e-01 -4.699451e+02)	(3.976445e-03 1.543278e-04 -8.162760e-05)
73            	(4.835862e-02 1.546685e-01 -4.699454e+02)	(4.442014e-02 1.545069e-01 -4.699453e+02)	(3.938476e-03 1.616571e-04 -9.073379e-05)
74            	(4.844566e-02 1.549394e-01 -4.699458e+02)	(4.454473e-02 1.547721e-01 -4.699457e+02)	(3.900933e-03 1.673078e-04 -1.001435e-04)
75            	(4.851499e-02 1.549951e-01 -4.699462e+02)	(4.465142e-02 1.548240e-01 -4.699461e+02)	(3.863571e-03 1.711559e-04 -1.098075e-04)
76            	(4.855117e-02 1.547997e-01 -4.699466e+02)	(4.472495e-02 1.546266e-01 -4.699465e+02)	(3.826216e-03 1.730681e-04 -1.195473e-04)
77            	(4.853772e-02 1.542736e-01 -4.699470e+02)	(4.474906e-02 1.541007e-01 -4.699469e+02)	(3.788665e-03 1.729259e-04 -1.291445e-04)
78            	(4.846181e-02 1.533427e-01 -4.699475e+02)	(4.471100e-02 1.531721e-01 -4.699474e+02)	(3.750814e-03 1.706365e-04 -1.382745e-04)
79            	(4.830999e-02 1.519214e-01 -4.699479e+02)	(4.459737e-02 1.517553e-01 -4.699478e+02)	(3.712621e-03 1.661332e-04 -1.465015e-04)
80            	(4.807751e-02 1.499229e-01 -4.699483e+02)	(4.440346e-02 1.497634e-01 -4.699482e+02)	(3.674043e-03 1.595129e-04 -1.534789e-04)
81            	(4.779951e-02 1.476342e-01 -4.699487e+02)	(4.416434e-02 1.474831e-01 -4.699485e+02)	(3.635164e-03 1.510985e-04 -1.589780e-04)
82            	(4.749052e-02 1.451775e-01 -4.699489e+02)	(4.389435e-02 1.450362e-01 -4.699488e+02)	(3.596172e-03 1.413456e-04 -1.629488e-04)
83            	(4.717091e-02 1.427184e-01 -4.699491e+02)	(4.361352e-02 1.425875e-01 -4.699489e+02)	(3.557387e-03 1.308610e-04 -1.654046e-04)
84            	(4.685922e-02 1.404036e-01 -4.699492e+02)	(4.333997e-02 1.402833e-01 -4.699490e+02)	(3.519249e-03 1.203549e-04 -1.664573e-04)
85            	(4.656449e-02 1.383035e-01 -4.699492e+02)	(4.308224e-02 1.381929e-01 -4.699491e+02)	(3.482252e-03 1.105337e-04 -1.662898e-04)
86            	(4.631061e-02 1.365904e-01 -4.699492e+02)	(4.286417e-02 1.364888e-01 -4.699490e+02)	(3.446440e-03 1.016415e-04 -1.649624e-04)
87            	(4.607976e-02 1.351210e-01 -4.699491e+02)	(4.266793e-02 1.350272e-01 -4.699490e+02)	(3.411839e-03 9.384059e-05 -1.626176e-04)
88            	(4.587370e-02 1.339013e-01 -4.699490e+02)	(4.249510e-02 1.338141e-01 -4.699488e+02)	(3.378601e-03 8.725298e-05 -1.594430e-04)
89            	(4.569480e-02 1.329167e-01 -4.699488e+02)	(4.234805e-02 1.328348e-01 -4.699487e+02)	(3.346747e-03 8.196483e-05 -1.556116e-04)
90            	(4.554463e-02 1.321617e-01 -4.699486e+02)	(4.222837e-02 1.320837e-01 -4.699484e+02)	(3.316260e-03 7.796606e-05 -1.512520e-04)
91            	(4.543549e-02 1.317088e-01 -4.699483e+02)	(4.214853e-02 1.316336e-01 -4.699482e+02)	(3.286966e-03 7.527529e-05 -1.463706e-04)
92            	(4.538236e-02 1.316542e-01 -4.699480e+02)	(4.212355e-02 1.315803e-01 -4.699479e+02)	(3.258811e-03 7.388528e-05 -1.410152e-04)
93            	(4.543645e-02 1.317312e-01 -4.699474e+02)	(4.220445e-02 1.316574e-01 -4.699473e+02)	(3.232003e-03 7.382325e-05 -1.351310e-04)
94            	(4.556266e-02 1.322845e-01 -4.699468e+02)	(4.235635e-02 1.322094e-01 -4.699467e+02)	(3.206304e-03 7.512002e-05 -1.287274e-04)
95            	(4.578056e-02 1.334810e-01 -4.699461e+02)	(4.259912e-02 1.334032e-01 -4.699460e+02)	(3.181435e-03 7.781963e-05 -1.218363e-04)
96            	(4.594431e-02 1.349133e-01 -4.699459e+02)	(4.278757e-02 1.348315e-01 -4.699458e+02)	(3.156746e-03 8.184369e-05 -1.145593e-04)
97            	(4.614558e-02 1.366461e-01 -4.699457e+02)	(4.301325e-02 1.365589e-01 -4.699456e+02)	(3.132336e-03 8.723075e-05 -1.070587e-04)
98            	(4.650495e-02 1.389436e-01 -4.699451e+02)	(4.339621e-02 1.388495e-01 -4.699450e+02)	(3.108738e-03 9.404323e-05 -9.948061e-05)
99            	(4.674897e-02 1.411457e-01 -4.699449e+02)	(4.366375e-02 1.410437e-01 -4.699448e+02)	(3.085218e-03 1.020055e-04 -9.197824e-05)
100           	(4.697710e-02 1.431770e-01 -4.699448e+02)	(4.391513e-02 1.430660e-01 -4.699447e+02)	(3.061965e-03 1.110046e-04 -8.454459e-05)
101           	(4.721281e-02 1.453446e-01 -4.699446e+02)	(4.417391e-02 1.452235e-01 -4.699446e+02)	(3.038905e-03 1.210154e-04 -7.725368e-05)
102           	(4.744957e-02 1.475859e-01 -4.699445e+02)	(4.443369e-02 1.474539e-01 -4.699445e+02)	(3.015875e-03 1.319834e-04 -7.030245e-05)
103           	(4.768447e-02 1.498807e-01 -4.699445e+02)	(4.469181e-02 1.497369e-01 -4.699444e+02)	(2.992664e-03 1.437254e-04 -6.383615e-05)
104           	(4.790088e-02 1.520312e-01 -4.699444e+02)	(4.493172e-02 1.518754e-01 -4.699443e+02)	(2.969162e-03 1.558466e-04 -5.802536e-05)
105           	(4.809442e-02 1.540017e-01 -4.699443e+02)	(4.514905e-02 1.538338e-01 -4.699443e+02)	(2.945369e-03 1.679042e-04 -5.289694e-05)
106           	(4.822447e-02 1.552737e-01 -4.699443e+02)	(4.530308e-02 1.550942e-01 -4.699443e+02)	(2.921392e-03 1.794455e-04 -4.831936e-05)
107           	(4.832978e-02 1.563528e-01 -4.699443e+02)	(4.543247e-02 1.561627e-01 -4.699443e+02)	(2.897308e-03 1.900941e-04 -4.421517e-05)
108           	(4.840990e-02 1.572231e-01 -4.699443e+02)	(4.553660e-02 1.570236e-01 -4.699443e+02)	(2.873299e-03 1.995018e-04 -4.046426e-05)
109           	(4.846872e-02 1.579023e-01 -4.699443e+02)	(4.561923e-02 1.576948e-01 -4.699442e+02)	(2.849489e-03 2.074995e-04 -3.693620e-05)
110           	(4.850766e-02 1.583873e-01 -4.699442e+02)	(4.568166e-02 1.581733e-01 -4.699442e+02)	(2.825999e-03 2.139679e-04 -3.357701e-05)
111           	(4.853085e-02 1.586907e-01 -4.699442e+02)	(4.572788e-02 1.584718e-01 -4.699442e+02)	(2.802975e-03 2.188428e-04 -3.036899e-05)
112           	(4.854046e-02 1.588003e-01 -4.699441e+02)	(4.575994e-02 1.585782e-01 -4.699441e+02)	(2.780522e-03 2.220516e-04 -2.724977e-05)
113           	(4.854045e-02 1.587447e-01 -4.699441e+02)	(4.578174e-02 1.585211e-01 -4.699441e+02)	(2.758714e-03 2.235746e-04 -2.426737e-05)
114           	(4.853305e-02 1.585465e-01 -4.699441e+02)	(4.579540e-02 1.583231e-01 -4.699441e+02)	(2.737653e-03 2.233538e-04 -2.144673e-05)
115           	(4.851999e-02 1.582342e-01 -4.699441e+02)	(4.580251e-02 1.580129e-01 -4.699441e+02)	(2.717480e-03 2.213706e-04 -1.886532e-05)
116           	(4.850345e-02 1.578433e-01 -4.699441e+02)	(4.580515e-02 1.576257e-01 -4.699441e+02)	(2.698309e-03 2.176514e-04 -1.657104e-05)
117           	(4.848877e-02 1.574450e-01 -4.699441e+02)	(4.580852e-02 1.572327e-01 -4.699441e+02)	(2.680253e-03 2.122914e-04 -1.469234e-05)
118           	(4.847302e-02 1.570347e-01 -4.699442e+02)	(4.580958e-02 1.568293e-01 -4.699441e+02)	(2.663438e-03 2.053918e-04 -1.330482e-05)
119           	(4.844962e-02 1.565874e-01 -4.699442e+02)	(4.580168e-02 1.563902e-01 -4.699442e+02)	(2.647935e-03 1.971513e-04 -1.246880e-05)
120           	(4.841415e-02 1.561128e-01 -4.699443e+02)	(4.578044e-02 1.559250e-01 -4.699443e+02)	(2.633705e-03 1.877886e-04 -1.222506e-05)
121           	(4.836173e-02 1.556212e-01 -4.699444e+02)	(4.574114e-02 1.554436e-01 -4.699443e+02)	(2.620588e-03 1.775989e-04 -1.258787e-05)
122           	(4.828747e-02 1.551226e-01 -4.699444e+02)	(4.567908e-02 1.549557e-01 -4.699444e+02)	(2.608392e-03 1.669079e-04 -1.349080e-05)
123           	(4.818786e-02 1.546153e-01 -4.699445e+02)	(4.559093e-02 1.544592e-01 -4.699445e+02)	(2.596929e-03 1.560306e-04 -1.473780e-05)
124           	(4.806233e-02 1.541018e-01 -4.699445e+02)	(4.547641e-02 1.539565e-01 -4.699445e+02)	(2.585918e-03 1.453051e-04 -1.612226e-05)
125           	(4.791231e-02 1.536260e-01 -4.699445e+02)	(4.533723e-02 1.534909e-01 -4.699445e+02)	(2.575079e-03 1.350982e-04 -1.760467e-05)
126           	(4.774721e-02 1.532042e-01 -4.699445e+02)	(4.518303e-02 1.530785e-01 -4.699445e+02)	(2.564187e-03 1.257053e-04 -1.917378e-05)
127           	(4.757142e-02 1.530133e-01 -4.699446e+02)	(4.501841e-02 1.528959e-01 -4.699445e+02)	(2.553004e-03 1.173336e-04 -2.082159e-05)
128           	(4.739649e-02 1.529101e-01 -4.699446e+02)	(4.485502e-02 1.528000e-01 -4.699445e+02)	(2.541473e-03 1.100822e-04 -2.251938e-05)
129           	(4.722737e-02 1.528818e-01 -4.699446e+02)	(4.469775e-02 1.527778e-01 -4.699446e+02)	(2.529625e-03 1.040182e-04 -2.426784e-05)
130           	(4.706879e-02 1.529195e-01 -4.699446e+02)	(4.455131e-02 1.528202e-01 -4.699446e+02)	(2.517480e-03 9.921040e-05 -2.606405e-05)
131           	(4.692678e-02 1.530228e-01 -4.699446e+02)	(4.442160e-02 1.529271e-01 -4.699446e+02)	(2.505176e-03 9.563656e-05 -2.792991e-05)
132           	(4.680868e-02 1.531995e-01 -4.699446e+02)	(4.431576e-02 1.531063e-01 -4.699446e+02)	(2.492926e-03 9.316259e-05 -2.977773e-05)
133           	(4.671636e-02 1.532660e-01 -4.699446e+02)	(4.423537e-02 1.531744e-01 -4.699445e+02)	(2.480988e-03 9.151841e-05 -3.150882e-05)
134           	(4.666023e-02 1.534648e-01 -4.699445e+02)	(4.419070e-02 1.533743e-01 -4.699445e+02)	(2.469521e-03 9.051891e-05 -3.309706e-05)
135           	(4.664489e-02 1.538141e-01 -4.699445e+02)	(4.418624e-02 1.537241e-01 -4.699445e+02)	(2.458649e-03 8.998581e-05 -3.449506e-05)
136           	(4.667263e-02 1.543294e-01 -4.699444e+02)	(4.422417e-02 1.542396e-01 -4.699444e+02)	(2.448461e-03 8.978779e-05 -3.564921e-05)
137           	(4.674358e-02 1.550245e-01 -4.699444e+02)	(4.430458e-02 1.549346e-01 -4.699443e+02)	(2.438998e-03 8.981103e-05 -3.646000e-05)
138           	(4.687278e-02 1.561265e-01 -4.699443e+02)	(4.444255e-02 1.560365e-01 -4.699443e+02)	(2.430227e-03 9.005550e-05 -3.682583e-05)
139           	(4.705044e-02 1.575308e-01 -4.699442e+02)	(4.462828e-02 1.574403e-01 -4.699442e+02)	(2.422158e-03 9.047521e-05 -3.662853e-05)
140           	(4.726168e-02 1.591269e-01 -4.699442e+02)	(4.484684e-02 1.590359e-01 -4.699441e+02)	(2.414845e-03 9.101383e-05 -3.581531e-05)
141           	(4.750037e-02 1.608985e-01 -4.699441e+02)	(4.509196e-02 1.608069e-01 -4.699441e+02)	(2.408416e-03 9.160647e-05 -3.441904e-05)
142           	(4.775234e-02 1.627724e-01 -4.699441e+02)	(4.534937e-02 1.626802e-01 -4.699440e+02)	(2.402978e-03 9.214840e-05 -3.248980e-05)
143           	(4.800483e-02 1.646733e-01 -4.699440e+02)	(4.560622e-02 1.645808e-01 -4.699440e+02)	(2.398613e-03 9.251984e-05 -3.006777e-05)
144           	(4.824554e-02 1.665203e-01 -4.699440e+02)	(4.585017e-02 1.664276e-01 -4.699440e+02)	(2.395370e-03 9.263174e-05 -2.721818e-05)
145           	(4.846339e-02 1.682359e-01 -4.699440e+02)	(4.607018e-02 1.681434e-01 -4.699439e+02)	(2.393206e-03 9.245551e-05 -2.400577e-05)
146           	(4.864953e-02 1.697602e-01 -4.699439e+02)	(4.625753e-02 1.696682e-01 -4.699439e+02)	(2.392007e-03 9.205308e-05 -2.052195e-05)
147           	(4.879734e-02 1.710514e-01 -4.699439e+02)	(4.640579e-02 1.709599e-01 -4.699439e+02)	(2.391543e-03 9.151346e-05 -1.700886e-05)
148           	(4.890355e-02 1.720902e-01 -4.699439e+02)	(4.651206e-02 1.719992e-01 -4.699439e+02)	(2.391494e-03 9.092672e-05 -1.372549e-05)
149           	(4.896023e-02 1.728195e-01 -4.699438e+02)	(4.656863e-02 1.727292e-01 -4.699438e+02)	(2.391597e-03 9.029780e-05 -1.070916e-05)
150           	(4.897131e-02 1.732633e-01 -4.699438e+02)	(4.657968e-02 1.731737e-01 -4.699438e+02)	(2.391632e-03 8.962262e-05 -7.996800e-06)
151           	(4.894533e-02 1.734985e-01 -4.699438e+02)	(4.655398e-02 1.734095e-01 -4.699438e+02)	(2.391348e-03 8.892556e-05 -5.605714e-06)
152           	(4.889084e-02 1.735650e-01 -4.699438e+02)	(4.650026e-02 1.734767e-01 -4.699438e+02)	(2.390585e-03 8.824803e-05 -3.573730e-06)
153           	(4.881228e-02 1.734547e-01 -4.699438e+02)	(4.642302e-02 1.733671e-01 -4.699438e+02)	(2.389261e-03 8.763701e-05 -1.946686e-06)
154           	(4.871287e-02 1.731552e-01 -4.699438e+02)	(4.632552e-02 1.730681e-01 -4.699438e+02)	(2.387351e-03 8.711596e-05 -7.815016e-07)
155           	(4.859224e-02 1.726110e-01 -4.699438e+02)	(4.620733e-02 1.725244e-01 -4.699438e+02)	(2.384911e-03 8.664320e-05 -8.941839e-08)
156           	(4.844640e-02 1.717398e-01 -4.699438e+02)	(4.606446e-02 1.716536e-01 -4.699438e+02)	(2.381933e-03 8.612217e-05 1.487493e-07)
157           	(4.827248e-02 1.705018e-01 -4.699439e+02)	(4.589406e-02 1.704164e-01 -4.699439e+02)	(2.378422e-03 8.540458e-05 -4.174599e-08)
158           	(4.807119e-02 1.688934e-01 -4.699439e+02)	(4.569673e-02 1.688090e-01 -4.699439e+02)	(2.374455e-03 8.434589e-05 -6.283923e-07)
159           	(4.788044e-02 1.673202e-01 -4.699440e+02)	(4.551032e-02 1.672374e-01 -4.699440e+02)	(2.370122e-03 8.283066e-05 -1.536393e-06)
160           	(4.770853e-02 1.658863e-01 -4.699441e+02)	(4.534307e-02 1.658055e-01 -4.699441e+02)	(2.365462e-03 8.077943e-05 -2.696568e-06)
161           	(4.755186e-02 1.646052e-01 -4.699441e+02)	(4.519132e-02 1.645271e-01 -4.699441e+02)	(2.360537e-03 7.811666e-05 -4.012126e-06)
162           	(4.741040e-02 1.635148e-01 -4.699442e+02)	(4.505506e-02 1.634400e-01 -4.699442e+02)	(2.355338e-03 7.482227e-05 -5.354151e-06)
163           	(4.728230e-02 1.626286e-01 -4.699443e+02)	(4.493243e-02 1.625577e-01 -4.699443e+02)	(2.349876e-03 7.090050e-05 -6.541878e-06)
164           	(4.717310e-02 1.620036e-01 -4.699443e+02)	(4.482889e-02 1.619372e-01 -4.699443e+02)	(2.344208e-03 6.644113e-05 -7.402248e-06)
165           	(4.710558e-02 1.618273e-01 -4.699443e+02)	(4.476710e-02 1.617657e-01 -4.699443e+02)	(2.338472e-03 6.162491e-05 -7.796181e-06)
166           	(4.703418e-02 1.617009e-01 -4.699443e+02)	(4.470148e-02 1.616443e-01 -4.699443e+02)	(2.332702e-03 5.662436e-05 -7.639489e-06)
167           	(4.695428e-02 1.615615e-01 -4.699443e+02)	(4.462735e-02 1.615099e-01 -4.699443e+02)	(2.326930e-03 5.165560e-05 -6.900312e-06)
168           	(4.687737e-02 1.614829e-01 -4.699442e+02)	(4.455618e-02 1.614359e-01 -4.699442e+02)	(2.321196e-03 4.699345e-05 -5.614003e-06)
169           	(4.680878e-02 1.615565e-01 -4.699442e+02)	(4.449327e-02 1.615137e-01 -4.699442e+02)	(2.315512e-03 4.289117e-05 -3.829529e-06)
170           	(4.675525e-02 1.617672e-01 -4.699442e+02)	(4.444533e-02 1.617277e-01 -4.699442e+02)	(2.309920e-03 3.953374e-05 -1.639093e-06)
171           	(4.672246e-02 1.621688e-01 -4.699441e+02)	(4.441795e-02 1.621318e-01 -4.699441e+02)	(2.304515e-03 3.706594e-05 8.362904e-07)
172           	(4.671077e-02 1.627312e-01 -4.699441e+02)	(4.441143e-02 1.626957e-01 -4.699441e+02)	(2.299334e-03 3.555853e-05 3.470276e-06)
173           	(4.672034e-02 1.634521e-01 -4.699441e+02)	(4.442592e-02 1.634171e-01 -4.699441e+02)	(2.294424e-03 3.501133e-05 6.143497e-06)
174           	(4.675069e-02 1.643101e-01 -4.699441e+02)	(4.446090e-02 1.642748e-01 -4.699441e+02)	(2.289789e-03 3.533832e-05 8.749941e-06)
175           	(4.679782e-02 1.652612e-01 -4.699442e+02)	(4.451240e-02 1.652248e-01 -4.699442e+02)	(2.285421e-03 3.642136e-05 1.119018e-05)
176           	(4.685573e-02 1.662384e-01 -4.699442e+02)	(4.457445e-02 1.662003e-01 -4.699442e+02)	(2.281284e-03 3.809420e-05 1.339106e-05)
177           	(4.691784e-02 1.671841e-01 -4.699443e+02)	(4.464053e-02 1.671439e-01 -4.699443e+02)	(2.277305e-03 4.019332e-05 1.532160e-05)
178           	(4.697969e-02 1.680539e-01 -4.699444e+02)	(4.470631e-02 1.680114e-01 -4.699444e+02)	(2.273388e-03 4.255914e-05 1.697718e-05)
179           	(4.704179e-02 1.688463e-01 -4.699445e+02)	(4.477233e-02 1.688013e-01 -4.699445e+02)	(2.269461e-03 4.505644e-05 1.838078e-05)
180           	(4.705509e-02 1.692649e-01 -4.699448e+02)	(4.478978e-02 1.692173e-01 -4.699448e+02)	(2.265318e-03 4.758246e-05 1.954496e-05)
181           	(4.705970e-02 1.694551e-01 -4.699449e+02)	(4.479865e-02 1.694051e-01 -4.699449e+02)	(2.261053e-03 4.997663e-05 2.049911e-05)
182           	(4.707486e-02 1.698732e-01 -4.699452e+02)	(4.481838e-02 1.698209e-01 -4.699452e+02)	(2.256484e-03 5.225817e-05 2.123418e-05)
183           	(4.709257e-02 1.703322e-01 -4.699454e+02)	(4.484088e-02 1.702778e-01 -4.699454e+02)	(2.251684e-03 5.433404e-05 2.178470e-05)
184           	(4.710847e-02 1.707998e-01 -4.699456e+02)	(4.486182e-02 1.707436e-01 -4.699457e+02)	(2.246648e-03 5.613101e-05 2.218461e-05)
185           	(4.711121e-02 1.709928e-01 -4.699456e+02)	(4.486970e-02 1.709352e-01 -4.699457e+02)	(2.241517e-03 5.756738e-05 2.248004e-05)
186           	(4.711769e-02 1.712394e-01 -4.699457e+02)	(4.488140e-02 1.711808e-01 -4.699457e+02)	(2.236298e-03 5.865312e-05 2.269816e-05)
187           	(4.713793e-02 1.716381e-01 -4.699457e+02)	(4.490694e-02 1.715787e-01 -4.699457e+02)	(2.230995e-03 5.940463e-05 2.284557e-05)
188           	(4.715953e-02 1.720650e-01 -4.699457e+02)	(4.493392e-02 1.720052e-01 -4.699457e+02)	(2.225613e-03 5.982668e-05 2.293704e-05)
189           	(4.717681e-02 1.724585e-01 -4.699457e+02)	(4.495670e-02 1.723986e-01 -4.699457e+02)	(2.220107e-03 5.992849e-05 2.299300e-05)
190           	(4.720883e-02 1.730042e-01 -4.699457e+02)	(4.499439e-02 1.729445e-01 -4.699458e+02)	(2.214445e-03 5.972501e-05 2.302996e-05)
191           	(4.724176e-02 1.735435e-01 -4.699458e+02)	(4.503319e-02 1.734842e-01 -4.699458e+02)	(2.208570e-03 5.925588e-05 2.306641e-05)
192           	(4.727245e-02 1.740440e-01 -4.699458e+02)	(4.507000e-02 1.739855e-01 -4.699458e+02)	(2.202455e-03 5.856399e-05 2.312528e-05)
193           	(4.729819e-02 1.744821e-01 -4.699458e+02)	(4.510213e-02 1.744244e-01 -4.699459e+02)	(2.196052e-03 5.769619e-05 2.320722e-05)
194           	(4.731663e-02 1.748438e-01 -4.699459e+02)	(4.512727e-02 1.747871e-01 -4.699459e+02)	(2.189364e-03 5.670257e-05 2.330726e-05)
195           	(4.732448e-02 1.751059e-01 -4.699459e+02)	(4.514210e-02 1.750502e-01 -4.699459e+02)	(2.182382e-03 5.564648e-05 2.341379e-05)
196           	(4.732382e-02 1.753040e-01 -4.699459e+02)	(4.514864e-02 1.752494e-01 -4.699460e+02)	(2.175176e-03 5.459321e-05 2.350968e-05)
197           	(4.731291e-02 1.754240e-01 -4.699459e+02)	(4.514512e-02 1.753704e-01 -4.699460e+02)	(2.167786e-03 5.360773e-05 2.357721e-05)
198           	(4.729549e-02 1.755009e-01 -4.699460e+02)	(4.513518e-02 1.754482e-01 -4.699460e+02)	(2.160311e-03 5.272758e-05 2.359515e-05)
199           	(4.727371e-02 1.755423e-01 -4.699460e+02)	(4.512084e-02 1.754903e-01 -4.699460e+02)	(2.152866e-03 5.199802e-05 2.354149e-05)
200           	(4.724982e-02 1.755519e-01 -4.699460e+02)	(4.510426e-02 1.755004e-01 -4.699460e+02)	(2.145555e-03 5.144130e-05 2.341534e-05)
201           	(4.722576e-02 1.755387e-01 -4.699460e+02)	(4.508725e-02 1.754876e-01 -4.699460e+02)	(2.138511e-03 5.107100e-05 2.322268e-05)
202           	(4.720367e-02 1.755101e-01 -4.699460e+02)	(4.507185e-02 1.754592e-01 -4.699460e+02)	(2.131821e-03 5.087889e-05 2.299287e-05)
203           	(4.718560e-02 1.754737e-01 -4.699460e+02)	(4.506006e-02 1.754228e-01 -4.699460e+02)	(2.125545e-03 5.086884e-05 2.276953e-05)
204           	(4.717321e-02 1.754375e-01 -4.699460e+02)	(4.505348e-02 1.753865e-01 -4.699460e+02)	(2.119737e-03 5.101450e-05 2.259991e-05)
205           	(4.716762e-02 1.754093e-01 -4.699460e+02)	(4.505319e-02 1.753580e-01 -4.699460e+02)	(2.114434e-03 5.131062e-05 2.251581e-05)
206           	(4.716985e-02 1.754055e-01 -4.699459e+02)	(4.506025e-02 1.753538e-01 -4.699460e+02)	(2.109598e-03 5.173349e-05 2.255333e-05)
207           	(4.717983e-02 1.754200e-01 -4.699459e+02)	(4.507461e-02 1.753677e-01 -4.699459e+02)	(2.105219e-03 5.226501e-05 2.272689e-05)
208           	(4.719691e-02 1.754567e-01 -4.699459e+02)	(4.509562e-02 1.754038e-01 -4.699459e+02)	(2.101292e-03 5.287297e-05 2.303284e-05)
209           	(4.721968e-02 1.755184e-01 -4.699459e+02)	(4.512188e-02 1.754649e-01 -4.699459e+02)	(2.097801e-03 5.354131e-05 2.344097e-05)
210           	(4.724605e-02 1.756093e-01 -4.699458e+02)	(4.515135e-02 1.755551e-01 -4.699459e+02)	(2.094695e-03 5.425087e-05 2.391212e-05)
211           	(4.727243e-02 1.757229e-01 -4.699458e+02)	(4.518050e-02 1.756679e-01 -4.699459e+02)	(2.091930e-03 5.499724e-05 2.438574e-05)
212           	(4.729854e-02 1.758531e-01 -4.699458e+02)	(4.520912e-02 1.757973e-01 -4.699458e+02)	(2.089419e-03 5.576682e-05 2.480999e-05)
213           	(4.732274e-02 1.759930e-01 -4.699458e+02)	(4.523566e-02 1.759364e-01 -4.699458e+02)	(2.087085e-03 5.654862e-05 2.513051e-05)
214           	(4.734744e-02 1.761420e-01 -4.699458e+02)	(4.526258e-02 1.760846e-01 -4.699458e+02)	(2.084854e-03 5.734284e-05 2.530784e-05)
215           	(4.741192e-02 1.763723e-01 -4.699458e+02)	(4.532903e-02 1.763141e-01 -4.699458e+02)	(2.082886e-03 5.814905e-05 2.528755e-05)
216           	(4.747222e-02 1.765967e-01 -4.699458e+02)	(4.539114e-02 1.765377e-01 -4.699458e+02)	(2.081083e-03 5.896388e-05 2.503209e-05)
217           	(4.754480e-02 1.767564e-01 -4.699456e+02)	(4.546531e-02 1.766966e-01 -4.699457e+02)	(2.079494e-03 5.976271e-05 2.452941e-05)
218           	(4.755013e-02 1.768309e-01 -4.699457e+02)	(4.547246e-02 1.767704e-01 -4.699457e+02)	(2.077662e-03 6.058422e-05 2.380460e-05)
219           	(4.755351e-02 1.768860e-01 -4.699457e+02)	(4.547792e-02 1.768246e-01 -4.699457e+02)	(2.075586e-03 6.142233e-05 2.287703e-05)
220           	(4.755556e-02 1.769234e-01 -4.699457e+02)	(4.548225e-02 1.768611e-01 -4.699457e+02)	(2.073307e-03 6.227588e-05 2.178507e-05)
221           	(4.755746e-02 1.769513e-01 -4.699457e+02)	(4.548668e-02 1.768882e-01 -4.699457e+02)	(2.070788e-03 6.314150e-05 2.056664e-05)
222           	(4.755905e-02 1.769677e-01 -4.699457e+02)	(4.549102e-02 1.769037e-01 -4.699457e+02)	(2.068027e-03 6.400846e-05 1.926267e-05)
223           	(4.756191e-02 1.769873e-01 -4.699457e+02)	(4.549688e-02 1.769224e-01 -4.699457e+02)	(2.065032e-03 6.484899e-05 1.790857e-05)
224           	(4.756651e-02 1.770045e-01 -4.699457e+02)	(4.550470e-02 1.769389e-01 -4.699457e+02)	(2.061807e-03 6.564063e-05 1.654459e-05)
225           	(4.757395e-02 1.770229e-01 -4.699457e+02)	(4.551555e-02 1.769565e-01 -4.699457e+02)	(2.058400e-03 6.636166e-05 1.521960e-05)
226           	(4.758514e-02 1.770447e-01 -4.699457e+02)	(4.553031e-02 1.769777e-01 -4.699457e+02)	(2.054836e-03 6.700170e-05 1.397612e-05)
227           	(4.760086e-02 1.770716e-01 -4.699457e+02)	(4.554968e-02 1.770040e-01 -4.699457e+02)	(2.051176e-03 6.754321e-05 1.283771e-05)
228           	(4.762116e-02 1.771039e-01 -4.699456e+02)	(4.557372e-02 1.770359e-01 -4.699457e+02)	(2.047444e-03 6.797607e-05 1.181152e-05)
229           	(4.764555e-02 1.771412e-01 -4.699456e+02)	(4.560187e-02 1.770729e-01 -4.699456e+02)	(2.043674e-03 6.827566e-05 1.088975e-05)
230           	(4.767318e-02 1.771803e-01 -4.699456e+02)	(4.563331e-02 1.771118e-01 -4.699456e+02)	(2.039875e-03 6.842939e-05 1.003840e-05)
231           	(4.770382e-02 1.772222e-01 -4.699456e+02)	(4.566776e-02 1.771538e-01 -4.699456e+02)	(2.036062e-03 6.842286e-05 9.202742e-06)
232           	(4.773621e-02 1.772640e-01 -4.699456e+02)	(4.570401e-02 1.771957e-01 -4.699456e+02)	(2.032206e-03 6.826032e-05 8.321806e-06)
233           	(4.776897e-02 1.772995e-01 -4.699456e+02)	(4.574066e-02 1.772315e-01 -4.699456e+02)	(2.028305e-03 6.796423e-05 7.358624e-06)
234           	(4.779973e-02 1.773229e-01 -4.699456e+02)	(4.577537e-02 1.772553e-01 -4.699456e+02)	(2.024350e-03 6.756160e-05 6.285259e-06)
235           	(4.782636e-02 1.773265e-01 -4.699456e+02)	(4.580603e-02 1.772594e-01 -4.699456e+02)	(2.020328e-03 6.707436e-05 5.077791e-06)
236           	(4.784704e-02 1.773077e-01 -4.699456e+02)	(4.583083e-02 1.772412e-01 -4.699456e+02)	(2.016211e-03 6.653322e-05 3.740718e-06)
237           	(4.786079e-02 1.772640e-01 -4.699457e+02)	(4.584879e-02 1.771980e-01 -4.699457e+02)	(2.012003e-03 6.595078e-05 2.288867e-06)
238           	(4.786741e-02 1.771947e-01 -4.699457e+02)	(4.585970e-02 1.771294e-01 -4.699457e+02)	(2.007704e-03 6.534593e-05 7.280676e-07)
239           	(4.786735e-02 1.771014e-01 -4.699457e+02)	(4.586407e-02 1.770366e-01 -4.699457e+02)	(2.003288e-03 6.473979e-05 -9.201597e-07)
240           	(4.785973e-02 1.769433e-01 -4.699457e+02)	(4.586098e-02 1.768791e-01 -4.699457e+02)	(1.998748e-03 6.415481e-05 -2.631715e-06)
241           	(4.784552e-02 1.767234e-01 -4.699457e+02)	(4.585139e-02 1.766598e-01 -4.699457e+02)	(1.994132e-03 6.362666e-05 -4.388771e-06)
242           	(4.782758e-02 1.764615e-01 -4.699458e+02)	(4.583806e-02 1.763983e-01 -4.699458e+02)	(1.989519e-03 6.319567e-05 -6.168389e-06)
243           	(4.780892e-02 1.762006e-01 -4.699458e+02)	(4.582398e-02 1.761377e-01 -4.699458e+02)	(1.984944e-03 6.289162e-05 -7.939177e-06)
244           	(4.779186e-02 1.759692e-01 -4.699458e+02)	(4.581145e-02 1.759065e-01 -4.699458e+02)	(1.980409e-03 6.274163e-05 -9.671820e-06)
245           	(4.777752e-02 1.758906e-01 -4.699458e+02)	(4.580164e-02 1.758278e-01 -4.699458e+02)	(1.975878e-03 6.278117e-05 -1.132855e-05)
246           	(4.776353e-02 1.758316e-01 -4.699458e+02)	(4.579220e-02 1.757685e-01 -4.699458e+02)	(1.971338e-03 6.301107e-05 -1.288562e-05)
247           	(4.775044e-02 1.757969e-01 -4.699458e+02)	(4.578367e-02 1.757335e-01 -4.699458e+02)	(1.966775e-03 6.342046e-05 -1.433053e-05)
248           	(4.773861e-02 1.757927e-01 -4.699458e+02)	(4.577643e-02 1.757287e-01 -4.699458e+02)	(1.962176e-03 6.398769e-05 -1.566995e-05)
249           	(4.778795e-02 1.759624e-01 -4.699457e+02)	(4.583011e-02 1.758977e-01 -4.699457e+02)	(1.957841e-03 6.467081e-05 -1.694582e-05)
250           	(4.778893e-02 1.761136e-01 -4.699457e+02)	(4.583553e-02 1.760482e-01 -4.699457e+02)	(1.953405e-03 6.546092e-05 -1.818867e-05)
251           	(4.779330e-02 1.763300e-01 -4.699457e+02)	(4.584445e-02 1.762637e-01 -4.699457e+02)	(1.948850e-03 6.630997e-05 -1.941514e-05)
252           	(4.780153e-02 1.766096e-01 -4.699457e+02)	(4.585731e-02 1.765424e-01 -4.699457e+02)	(1.944228e-03 6.717822e-05 -2.063659e-05)
253           	(4.781372e-02 1.769450e-01 -4.699457e+02)	(4.587420e-02 1.768769e-01 -4.699457e+02)	(1.939521e-03 6.805025e-05 -2.185866e-05)
254           	(4.782950e-02 1.773216e-01 -4.699457e+02)	(4.589472e-02 1.772527e-01 -4.699457e+02)	(1.934786e-03 6.890957e-05 -2.310679e-05)
255           	(4.784772e-02 1.777218e-01 -4.699457e+02)	(4.591767e-02 1.776520e-01 -4.699457e+02)	(1.930057e-03 6.974448e-05 -2.441314e-05)
256           	(4.786738e-02 1.781305e-01 -4.699457e+02)	(4.594199e-02 1.780600e-01 -4.699457e+02)	(1.925383e-03 7.052453e-05 -2.578357e-05)
257           	(4.788692e-02 1.785360e-01 -4.699458e+02)	(4.596614e-02 1.784648e-01 -4.699457e+02)	(1.920775e-03 7.121255e-05 -2.719665e-05)
258           	(4.790494e-02 1.789267e-01 -4.699458e+02)	(4.598871e-02 1.788549e-01 -4.699457e+02)	(1.916229e-03 7.178901e-05 -2.861283e-05)
259           	(4.791931e-02 1.792803e-01 -4.699458e+02)	(4.600760e-02 1.792081e-01 -4.699458e+02)	(1.911709e-03 7.223184e-05 -3.001573e-05)
260           	(4.792914e-02 1.796002e-01 -4.699458e+02)	(4.602201e-02 1.795277e-01 -4.699458e+02)	(1.907123e-03 7.253848e-05 -3.138166e-05)
261           	(4.793322e-02 1.798775e-01 -4.699458e+02)	(4.603080e-02 1.798048e-01 -4.699458e+02)	(1.902420e-03 7.270883e-05 -3.269491e-05)
262           	(4.792553e-02 1.799736e-01 -4.699458e+02)	(4.602785e-02 1.799009e-01 -4.699458e+02)	(1.897683e-03 7.271629e-05 -3.395991e-05)
263           	(4.791368e-02 1.800384e-01 -4.699459e+02)	(4.602077e-02 1.799659e-01 -4.699458e+02)	(1.892913e-03 7.257635e-05 -3.517824e-05)
264           	(4.789913e-02 1.800798e-01 -4.699459e+02)	(4.601102e-02 1.800075e-01 -4.699458e+02)	(1.888118e-03 7.229764e-05 -3.636713e-05)
265           	(4.788366e-02 1.800997e-01 -4.699459e+02)	(4.600035e-02 1.800278e-01 -4.699458e+02)	(1.883307e-03 7.188088e-05 -3.753045e-05)
266           	(4.786918e-02 1.801049e-01 -4.699459e+02)	(4.599067e-02 1.800336e-01 -4.699459e+02)	(1.878512e-03 7.133128e-05 -3.865409e-05)
267           	(4.785642e-02 1.800942e-01 -4.699459e+02)	(4.598263e-02 1.800236e-01 -4.699459e+02)	(1.873794e-03 7.066669e-05 -3.974093e-05)
268           	(4.784578e-02 1.800711e-01 -4.699459e+02)	(4.597657e-02 1.800012e-01 -4.699459e+02)	(1.869212e-03 6.991323e-05 -4.080076e-05)
269           	(4.783702e-02 1.800392e-01 -4.699460e+02)	(4.597222e-02 1.799701e-01 -4.699459e+02)	(1.864795e-03 6.910786e-05 -4.183182e-05)
270           	(4.783017e-02 1.800019e-01 -4.699460e+02)	(4.596958e-02 1.799336e-01 -4.699459e+02)	(1.860588e-03 6.828146e-05 -4.283097e-05)
271           	(4.782488e-02 1.799632e-01 -4.699460e+02)	(4.596825e-02 1.798957e-01 -4.699459e+02)	(1.856631e-03 6.748034e-05 -4.378903e-05)
272           	(4.782047e-02 1.799281e-01 -4.699460e+02)	(4.596757e-02 1.798614e-01 -4.699460e+02)	(1.852904e-03 6.675192e-05 -4.470467e-05)
273           	(4.781632e-02 1.799018e-01 -4.699460e+02)	(4.596694e-02 1.798356e-01 -4.699460e+02)	(1.849385e-03 6.614155e-05 -4.559426e-05)
274           	(4.781132e-02 1.798909e-01 -4.699460e+02)	(4.596529e-02 1.798252e-01 -4.699460e+02)	(1.846033e-03 6.568431e-05 -4.649173e-05)
275           	(4.780441e-02 1.798983e-01 -4.699460e+02)	(4.596164e-02 1.798329e-01 -4.699460e+02)	(1.842775e-03 6.538582e-05 -4.739104e-05)
276           	(4.788245e-02 1.800546e-01 -4.699458e+02)	(4.604238e-02 1.799894e-01 -4.699458e+02)	(1.840075e-03 6.520037e-05 -4.831822e-05)
277           	(4.786907e-02 1.801043e-01 -4.699458e+02)	(4.603176e-02 1.800391e-01 -4.699458e+02)	(1.837305e-03 6.517995e-05 -4.927389e-05)
278           	(4.785439e-02 1.801786e-01 -4.699458e+02)	(4.601997e-02 1.801133e-01 -4.699458e+02)	(1.834427e-03 6.531386e-05 -5.028182e-05)
279           	(4.784096e-02 1.802770e-01 -4.699459e+02)	(4.600945e-02 1.802114e-01 -4.699458e+02)	(1.831515e-03 6.555859e-05 -5.137316e-05)
280           	(4.790202e-02 1.805345e-01 -4.699456e+02)	(4.607304e-02 1.804686e-01 -4.699456e+02)	(1.828979e-03 6.583079e-05 -5.257063e-05)
281           	(4.789626e-02 1.806572e-01 -4.699457e+02)	(4.606987e-02 1.805910e-01 -4.699456e+02)	(1.826393e-03 6.614985e-05 -5.381260e-05)
282           	(4.789568e-02 1.807888e-01 -4.699457e+02)	(4.607191e-02 1.807223e-01 -4.699456e+02)	(1.823775e-03 6.649528e-05 -5.505774e-05)
283           	(4.789968e-02 1.809252e-01 -4.699457e+02)	(4.607849e-02 1.808584e-01 -4.699456e+02)	(1.821198e-03 6.684363e-05 -5.626791e-05)
284           	(4.790672e-02 1.810623e-01 -4.699457e+02)	(4.608804e-02 1.809951e-01 -4.699456e+02)	(1.818683e-03 6.717496e-05 -5.740953e-05)
285           	(4.791488e-02 1.811958e-01 -4.699457e+02)	(4.609868e-02 1.811283e-01 -4.699457e+02)	(1.816201e-03 6.746174e-05 -5.844322e-05)
286           	(4.792193e-02 1.813217e-01 -4.699457e+02)	(4.610824e-02 1.812540e-01 -4.699457e+02)	(1.813693e-03 6.769453e-05 -5.934305e-05)
287           	(4.792328e-02 1.814149e-01 -4.699457e+02)	(4.611217e-02 1.813471e-01 -4.699457e+02)	(1.811106e-03 6.786784e-05 -6.013125e-05)
288           	(4.791944e-02 1.814947e-01 -4.699458e+02)	(4.611109e-02 1.814267e-01 -4.699457e+02)	(1.808350e-03 6.799414e-05 -6.083859e-05)
289           	(4.791001e-02 1.815648e-01 -4.699458e+02)	(4.610466e-02 1.814967e-01 -4.699457e+02)	(1.805350e-03 6.806768e-05 -6.150721e-05)
290           	(4.789526e-02 1.816303e-01 -4.699458e+02)	(4.609317e-02 1.815623e-01 -4.699457e+02)	(1.802084e-03 6.808959e-05 -6.217490e-05)
291           	(4.787576e-02 1.816990e-01 -4.699458e+02)	(4.607718e-02 1.816309e-01 -4.699458e+02)	(1.798588e-03 6.806872e-05 -6.289485e-05)
292           	(4.785321e-02 1.817787e-01 -4.699459e+02)	(4.605833e-02 1.817107e-01 -4.699458e+02)	(1.794877e-03 6.801212e-05 -6.367659e-05)
293           	(4.782908e-02 1.818754e-01 -4.699459e+02)	(4.603805e-02 1.818075e-01 -4.699458e+02)	(1.791025e-03 6.790261e-05 -6.450174e-05)
294           	(4.780479e-02 1.820372e-01 -4.699459e+02)	(4.601775e-02 1.819695e-01 -4.699458e+02)	(1.787039e-03 6.773343e-05 -6.533649e-05)
295           	(4.778428e-02 1.822741e-01 -4.699459e+02)	(4.600131e-02 1.822066e-01 -4.699459e+02)	(1.782973e-03 6.750054e-05 -6.613524e-05)
296           	(4.777046e-02 1.825677e-01 -4.699459e+02)	(4.599155e-02 1.825005e-01 -4.699459e+02)	(1.778909e-03 6.719686e-05 -6.689323e-05)
297           	(4.776610e-02 1.829188e-01 -4.699460e+02)	(4.599113e-02 1.828519e-01 -4.699459e+02)	(1.774977e-03 6.682836e-05 -6.762373e-05)
298           	(4.777304e-02 1.833305e-01 -4.699460e+02)	(4.600182e-02 1.832641e-01 -4.699459e+02)	(1.771220e-03 6.641341e-05 -6.833842e-05)
299           	(4.778916e-02 1.837475e-01 -4.699460e+02)	(4.602144e-02 1.836815e-01 -4.699459e+02)	(1.767728e-03 6.597185e-05 -6.902693e-05)
300           	(4.781714e-02 1.842047e-01 -4.699460e+02)	(4.605259e-02 1.841392e-01 -4.699459e+02)	(1.764546e-03 6.552754e-05 -6.969402e-05)
301           	(4.785458e-02 1.846791e-01 -4.699460e+02)	(4.609289e-02 1.846140e-01 -4.699459e+02)	(1.761689e-03 6.513464e-05 -7.034260e-05)
302           	(4.789738e-02 1.851416e-01 -4.699460e+02)	(4.613827e-02 1.850768e-01 -4.699459e+02)	(1.759110e-03 6.481421e-05 -7.100416e-05)
303           	(4.794206e-02 1.855774e-01 -4.699460e+02)	(4.618531e-02 1.855128e-01 -4.699460e+02)	(1.756756e-03 6.454017e-05 -7.169909e-05)
304           	(4.798484e-02 1.859681e-01 -4.699461e+02)	(4.623017e-02 1.859038e-01 -4.699460e+02)	(1.754664e-03 6.428376e-05 -7.246741e-05)
305           	(4.802861e-02 1.863387e-01 -4.699461e+02)	(4.627580e-02 1.862747e-01 -4.699460e+02)	(1.752809e-03 6.405870e-05 -7.332507e-05)
306           	(4.807055e-02 1.866721e-01 -4.699461e+02)	(4.631939e-02 1.866082e-01 -4.699461e+02)	(1.751158e-03 6.388514e-05 -7.426087e-05)
307           	(4.810177e-02 1.869110e-01 -4.699462e+02)	(4.635210e-02 1.868472e-01 -4.699461e+02)	(1.749673e-03 6.376085e-05 -7.526062e-05)
308           	(4.811378e-02 1.870024e-01 -4.699462e+02)	(4.636551e-02 1.869387e-01 -4.699461e+02)	(1.748268e-03 6.367072e-05 -7.632382e-05)
309           	(4.812506e-02 1.870964e-01 -4.699462e+02)	(4.637814e-02 1.870328e-01 -4.699461e+02)	(1.746922e-03 6.361660e-05 -7.745106e-05)
310           	(4.813570e-02 1.871938e-01 -4.699463e+02)	(4.639011e-02 1.871301e-01 -4.699462e+02)	(1.745594e-03 6.361948e-05 -7.859498e-05)
311           	(4.814505e-02 1.872891e-01 -4.699463e+02)	(4.640080e-02 1.872254e-01 -4.699462e+02)	(1.744242e-03 6.369953e-05 -7.969265e-05)
312           	(4.814517e-02 1.872854e-01 -4.699464e+02)	(4.640236e-02 1.872216e-01 -4.699463e+02)	(1.742807e-03 6.384388e-05 -8.069077e-05)
313           	(4.811877e-02 1.871718e-01 -4.699466e+02)	(4.637762e-02 1.871077e-01 -4.699465e+02)	(1.741153e-03 6.404547e-05 -8.158009e-05)
314           	(4.807515e-02 1.870177e-01 -4.699468e+02)	(4.633600e-02 1.869534e-01 -4.699467e+02)	(1.739151e-03 6.429955e-05 -8.238345e-05)
315           	(4.802987e-02 1.868880e-01 -4.699469e+02)	(4.629315e-02 1.868234e-01 -4.699468e+02)	(1.736712e-03 6.460956e-05 -8.312254e-05)
316           	(4.802625e-02 1.869819e-01 -4.699469e+02)	(4.629225e-02 1.869169e-01 -4.699468e+02)	(1.733994e-03 6.496331e-05 -8.381816e-05)
317           	(4.802117e-02 1.870688e-01 -4.699470e+02)	(4.629017e-02 1.870035e-01 -4.699469e+02)	(1.731002e-03 6.532027e-05 -8.451258e-05)
318           	(4.801488e-02 1.871459e-01 -4.699470e+02)	(4.628710e-02 1.870803e-01 -4.699469e+02)	(1.727778e-03 6.562551e-05 -8.521938e-05)
319           	(4.800754e-02 1.872121e-01 -4.699470e+02)	(4.628319e-02 1.871462e-01 -4.699469e+02)	(1.724343e-03 6.583095e-05 -8.593976e-05)
320           	(4.799934e-02 1.872669e-01 -4.699470e+02)	(4.627855e-02 1.872010e-01 -4.699470e+02)	(1.720784e-03 6.587228e-05 -8.669596e-05)
321           	(4.799039e-02 1.873070e-01 -4.699471e+02)	(4.627324e-02 1.872413e-01 -4.699470e+02)	(1.717148e-03 6.572198e-05 -8.743960e-05)
322           	(4.798111e-02 1.873374e-01 -4.699471e+02)	(4.626760e-02 1.872721e-01 -4.699470e+02)	(1.713510e-03 6.536715e-05 -8.811876e-05)
323           	(4.797167e-02 1.873595e-01 -4.699471e+02)	(4.626175e-02 1.872947e-01 -4.699471e+02)	(1.709912e-03 6.482103e-05 -8.871142e-05)
324           	(4.796144e-02 1.873751e-01 -4.699472e+02)	(4.625500e-02 1.873110e-01 -4.699471e+02)	(1.706435e-03 6.410973e-05 -8.924359e-05)
325           	(4.795140e-02 1.874003e-01 -4.699472e+02)	(4.624823e-02 1.873371e-01 -4.699471e+02)	(1.703164e-03 6.326118e-05 -8.975907e-05)
326           	(4.794328e-02 1.874450e-01 -4.699473e+02)	(4.624316e-02 1.873827e-01 -4.699472e+02)	(1.700122e-03 6.231371e-05 -9.030315e-05)
327           	(4.793870e-02 1.875240e-01 -4.699473e+02)	(4.624138e-02 1.874627e-01 -4.699472e+02)	(1.697319e-03 6.132558e-05 -9.088540e-05)
328           	(4.794360e-02 1.877122e-01 -4.699473e+02)	(4.624886e-02 1.876518e-01 -4.699472e+02)	(1.694739e-03 6.036749e-05 -9.148438e-05)
329           	(4.795679e-02 1.879733e-01 -4.699473e+02)	(4.626440e-02 1.879138e-01 -4.699472e+02)	(1.692387e-03 5.948762e-05 -9.210622e-05)
330           	(4.798103e-02 1.883452e-01 -4.699473e+02)	(4.629083e-02 1.882865e-01 -4.699473e+02)	(1.690196e-03 5.871027e-05 -9.274390e-05)
331           	(4.801208e-02 1.887563e-01 -4.699474e+02)	(4.632397e-02 1.886982e-01 -4.699473e+02)	(1.688119e-03 5.803040e-05 -9.339420e-05)
332           	(4.804360e-02 1.891147e-01 -4.699474e+02)	(4.635741e-02 1.890573e-01 -4.699473e+02)	(1.686188e-03 5.743176e-05 -9.407246e-05)
333           	(4.807810e-02 1.894727e-01 -4.699474e+02)	(4.639374e-02 1.894158e-01 -4.699473e+02)	(1.684355e-03 5.696094e-05 -9.475076e-05)
334           	(4.811388e-02 1.898213e-01 -4.699474e+02)	(4.643124e-02 1.897647e-01 -4.699473e+02)	(1.682638e-03 5.664483e-05 -9.541863e-05)
335           	(4.814941e-02 1.901552e-01 -4.699474e+02)	(4.646840e-02 1.900987e-01 -4.699473e+02)	(1.681008e-03 5.647391e-05 -9.607770e-05)
336           	(4.818356e-02 1.904706e-01 -4.699474e+02)	(4.650409e-02 1.904142e-01 -4.699473e+02)	(1.679469e-03 5.641176e-05 -9.675449e-05)
337           	(4.821565e-02 1.907655e-01 -4.699474e+02)	(4.653763e-02 1.907090e-01 -4.699473e+02)	(1.678018e-03 5.644781e-05 -9.745553e-05)
338           	(4.824697e-02 1.910543e-01 -4.699474e+02)	(4.657033e-02 1.909977e-01 -4.699473e+02)	(1.676642e-03 5.658298e-05 -9.818298e-05)
339           	(4.830929e-02 1.913534e-01 -4.699473e+02)	(4.663385e-02 1.912966e-01 -4.699472e+02)	(1.675446e-03 5.682503e-05 -9.888322e-05)
340           	(4.832761e-02 1.915460e-01 -4.699473e+02)	(4.665358e-02 1.914888e-01 -4.699472e+02)	(1.674029e-03 5.720748e-05 -9.949198e-05)
341           	(4.833595e-02 1.916584e-01 -4.699473e+02)	(4.666368e-02 1.916007e-01 -4.699472e+02)	(1.672263e-03 5.770934e-05 -9.996637e-05)
342           	(4.834373e-02 1.917776e-01 -4.699473e+02)	(4.667354e-02 1.917193e-01 -4.699472e+02)	(1.670184e-03 5.830561e-05 -1.003697e-04)
343           	(4.835154e-02 1.919028e-01 -4.699473e+02)	(4.668368e-02 1.918439e-01 -4.699472e+02)	(1.667864e-03 5.895314e-05 -1.007949e-04)
344           	(4.835983e-02 1.920327e-01 -4.699473e+02)	(4.669450e-02 1.919731e-01 -4.699472e+02)	(1.665336e-03 5.963837e-05 -1.012572e-04)
345           	(4.836884e-02 1.921659e-01 -4.699473e+02)	(4.670620e-02 1.921056e-01 -4.699472e+02)	(1.662638e-03 6.032030e-05 -1.017562e-04)
346           	(4.837984e-02 1.923088e-01 -4.699474e+02)	(4.672006e-02 1.922478e-01 -4.699472e+02)	(1.659774e-03 6.095138e-05 -1.022516e-04)
347           	(4.839169e-02 1.924521e-01 -4.699474e+02)	(4.673488e-02 1.923907e-01 -4.699473e+02)	(1.656814e-03 6.146452e-05 -1.027406e-04)
348           	(4.840414e-02 1.925956e-01 -4.699474e+02)	(4.675029e-02 1.925338e-01 -4.699473e+02)	(1.653845e-03 6.180499e-05 -1.032623e-04)
349           	(4.841438e-02 1.927131e-01 -4.699474e+02)	(4.676346e-02 1.926511e-01 -4.699473e+02)	(1.650921e-03 6.195237e-05 -1.037853e-04)
350           	(4.842739e-02 1.928513e-01 -4.699474e+02)	(4.677935e-02 1.927894e-01 -4.699473e+02)	(1.648046e-03 6.190353e-05 -1.042434e-04)
351           	(4.844054e-02 1.929815e-01 -4.699475e+02)	(4.679527e-02 1.929198e-01 -4.699474e+02)	(1.645276e-03 6.162536e-05 -1.046372e-04)
352           	(4.845512e-02 1.931161e-01 -4.699475e+02)	(4.681246e-02 1.930550e-01 -4.699474e+02)	(1.642657e-03 6.111364e-05 -1.049940e-04)
353           	(4.846953e-02 1.932362e-01 -4.699475e+02)	(4.682928e-02 1.931759e-01 -4.699474e+02)	(1.640246e-03 6.039501e-05 -1.053638e-04)
354           	(4.848362e-02 1.933400e-01 -4.699475e+02)	(4.684558e-02 1.932804e-01 -4.699474e+02)	(1.638039e-03 5.951369e-05 -1.057663e-04)
355           	(4.849726e-02 1.934271e-01 -4.699476e+02)	(4.686125e-02 1.933686e-01 -4.699474e+02)	(1.636012e-03 5.852076e-05 -1.062070e-04)
356           	(4.851055e-02 1.934986e-01 -4.699476e+02)	(4.687641e-02 1.934411e-01 -4.699475e+02)	(1.634138e-03 5.747668e-05 -1.067177e-04)
357           	(4.852366e-02 1.935557e-01 -4.699476e+02)	(4.689131e-02 1.934993e-01 -4.699475e+02)	(1.632358e-03 5.642845e-05 -1.073039e-04)
358           	(4.853699e-02 1.936004e-01 -4.699476e+02)	(4.690637e-02 1.935450e-01 -4.699475e+02)	(1.630621e-03 5.540347e-05 -1.079539e-04)
359           	(4.855108e-02 1.936362e-01 -4.699476e+02)	(4.692215e-02 1.935817e-01 -4.699475e+02)	(1.628930e-03 5.444810e-05 -1.086224e-04)
360           	(4.856614e-02 1.936694e-01 -4.699476e+02)	(4.693885e-02 1.936157e-01 -4.699475e+02)	(1.627291e-03 5.363218e-05 -1.092718e-04)
361           	(4.858095e-02 1.936876e-01 -4.699476e+02)	(4.695523e-02 1.936346e-01 -4.699475e+02)	(1.625717e-03 5.298754e-05 -1.099239e-04)
362           	(4.859593e-02 1.937075e-01 -4.699477e+02)	(4.697169e-02 1.936550e-01 -4.699475e+02)	(1.624246e-03 5.251676e-05 -1.105902e-04)
363           	(4.861118e-02 1.937413e-01 -4.699477e+02)	(4.698828e-02 1.936890e-01 -4.699476e+02)	(1.622894e-03 5.222748e-05 -1.113071e-04)
364           	(4.862675e-02 1.938031e-01 -4.699477e+02)	(4.700510e-02 1.937510e-01 -4.699476e+02)	(1.621658e-03 5.211761e-05 -1.120634e-04)
365           	(4.864198e-02 1.938951e-01 -4.699477e+02)	(4.702151e-02 1.938428e-01 -4.699476e+02)	(1.620464e-03 5.222562e-05 -1.127658e-04)
366           	(4.865643e-02 1.940181e-01 -4.699477e+02)	(4.703726e-02 1.939655e-01 -4.699476e+02)	(1.619168e-03 5.258886e-05 -1.133185e-04)
367           	(4.867023e-02 1.941714e-01 -4.699477e+02)	(4.705257e-02 1.941182e-01 -4.699476e+02)	(1.617662e-03 5.319498e-05 -1.136966e-04)
368           	(4.868361e-02 1.943525e-01 -4.699477e+02)	(4.706772e-02 1.942986e-01 -4.699476e+02)	(1.615887e-03 5.398569e-05 -1.139458e-04)
369           	(4.869674e-02 1.945583e-01 -4.699478e+02)	(4.708290e-02 1.945034e-01 -4.699476e+02)	(1.613838e-03 5.490035e-05 -1.141475e-04)
370           	(4.870972e-02 1.947786e-01 -4.699478e+02)	(4.709815e-02 1.947227e-01 -4.699476e+02)	(1.611571e-03 5.588265e-05 -1.143818e-04)
371           	(4.872286e-02 1.950029e-01 -4.699478e+02)	(4.711375e-02 1.949460e-01 -4.699477e+02)	(1.609108e-03 5.689013e-05 -1.146378e-04)
372           	(4.873803e-02 1.952364e-01 -4.699478e+02)	(4.713152e-02 1.951786e-01 -4.699477e+02)	(1.606516e-03 5.785522e-05 -1.149120e-04)
373           	(4.875889e-02 1.955158e-01 -4.699478e+02)	(4.715505e-02 1.954571e-01 -4.699477e+02)	(1.603844e-03 5.872835e-05 -1.151755e-04)
374           	(4.878005e-02 1.957777e-01 -4.699478e+02)	(4.717898e-02 1.957182e-01 -4.699477e+02)	(1.601066e-03 5.946792e-05 -1.153811e-04)
375           	(4.879689e-02 1.959752e-01 -4.699478e+02)	(4.719865e-02 1.959152e-01 -4.699477e+02)	(1.598237e-03 6.002494e-05 -1.155328e-04)
376           	(4.881650e-02 1.961930e-01 -4.699478e+02)	(4.722108e-02 1.961326e-01 -4.699477e+02)	(1.595419e-03 6.038586e-05 -1.156601e-04)
377           	(4.883505e-02 1.963978e-01 -4.699479e+02)	(4.724235e-02 1.963373e-01 -4.699477e+02)	(1.592704e-03 6.054205e-05 -1.157915e-04)
378           	(4.885114e-02 1.965844e-01 -4.699479e+02)	(4.726102e-02 1.965240e-01 -4.699478e+02)	(1.590124e-03 6.048219e-05 -1.159667e-04)
379           	(4.886407e-02 1.967509e-01 -4.699479e+02)	(4.727638e-02 1.966907e-01 -4.699478e+02)	(1.587690e-03 6.021083e-05 -1.162222e-04)
380           	(4.887360e-02 1.968962e-01 -4.699479e+02)	(4.728818e-02 1.968364e-01 -4.699478e+02)	(1.585413e-03 5.976806e-05 -1.165809e-04)
381           	(4.888090e-02 1.970349e-01 -4.699480e+02)	(4.729757e-02 1.969757e-01 -4.699479e+02)	(1.583327e-03 5.920283e-05 -1.170735e-04)
382           	(4.888615e-02 1.971768e-01 -4.699480e+02)	(4.730472e-02 1.971182e-01 -4.699479e+02)	(1.581429e-03 5.855110e-05 -1.177198e-04)
383           	(4.888838e-02 1.973119e-01 -4.699480e+02)	(4.730873e-02 1.972540e-01 -4.699479e+02)	(1.579650e-03 5.787072e-05 -1.185000e-04)
384           	(4.888859e-02 1.974561e-01 -4.699481e+02)	(4.731067e-02 1.973989e-01 -4.699479e+02)	(1.577916e-03 5.720167e-05 -1.193675e-04)
385           	(4.888480e-02 1.975707e-01 -4.699481e+02)	(4.730864e-02 1.975141e-01 -4.699480e+02)	(1.576165e-03 5.656192e-05 -1.202503e-04)
386           	(4.887961e-02 1.976784e-01 -4.699481e+02)	(4.730523e-02 1.976224e-01 -4.699480e+02)	(1.574387e-03 5.597057e-05 -1.210998e-04)
387           	(4.887462e-02 1.977818e-01 -4.699481e+02)	(4.730207e-02 1.977263e-01 -4.699480e+02)	(1.572546e-03 5.550491e-05 -1.218622e-04)
388           	(4.887097e-02 1.978829e-01 -4.699481e+02)	(4.730032e-02 1.978277e-01 -4.699480e+02)	(1.570643e-03 5.520328e-05 -1.225443e-04)
389           	(4.886987e-02 1.979898e-01 -4.699482e+02)	(4.730113e-02 1.979348e-01 -4.699480e+02)	(1.568737e-03 5.504826e-05 -1.231750e-04)
390           	(4.887157e-02 1.980957e-01 -4.699482e+02)	(4.730471e-02 1.980406e-01 -4.699481e+02)	(1.566858e-03 5.502963e-05 -1.237657e-04)
391           	(4.887786e-02 1.982249e-01 -4.699482e+02)	(4.731282e-02 1.981698e-01 -4.699481e+02)	(1.565034e-03 5.512789e-05 -1.243437e-04)
392           	(4.888896e-02 1.983831e-01 -4.699482e+02)	(4.732568e-02 1.983277e-01 -4.699481e+02)	(1.563277e-03 5.532994e-05 -1.249334e-04)
393           	(4.890458e-02 1.985735e-01 -4.699482e+02)	(4.734312e-02 1.985179e-01 -4.699481e+02)	(1.561459e-03 5.566117e-05 -1.254708e-04)
394           	(4.892408e-02 1.987969e-01 -4.699482e+02)	(4.736463e-02 1.987408e-01 -4.699481e+02)	(1.559459e-03 5.612745e-05 -1.259151e-04)
395           	(4.894678e-02 1.990524e-01 -4.699483e+02)	(4.738956e-02 1.989957e-01 -4.699481e+02)	(1.557224e-03 5.669929e-05 -1.262446e-04)
396           	(4.897125e-02 1.993301e-01 -4.699483e+02)	(4.741648e-02 1.992727e-01 -4.699481e+02)	(1.554768e-03 5.732627e-05 -1.265168e-04)
397           	(4.899665e-02 1.996206e-01 -4.699483e+02)	(4.744450e-02 1.995627e-01 -4.699482e+02)	(1.552147e-03 5.796458e-05 -1.267838e-04)
398           	(4.902157e-02 1.999085e-01 -4.699483e+02)	(4.747216e-02 1.998499e-01 -4.699482e+02)	(1.549416e-03 5.859473e-05 -1.270495e-04)
399           	(4.903812e-02 2.001143e-01 -4.699483e+02)	(4.749150e-02 2.000551e-01 -4.699482e+02)	(1.546621e-03 5.918664e-05 -1.272861e-04)
400           	(4.905480e-02 2.003224e-01 -4.699483e+02)	(4.751103e-02 2.002627e-01 -4.699482e+02)	(1.543777e-03 5.971695e-05 -1.274377e-04)
401           	(4.907169e-02 2.005240e-01 -4.699483e+02)	(4.753075e-02 2.004638e-01 -4.699482e+02)	(1.540943e-03 6.014870e-05 -1.275094e-04)
402           	(4.908994e-02 2.007192e-01 -4.699483e+02)	(4.755177e-02 2.006587e-01 -4.699482e+02)	(1.538170e-03 6.044362e-05 -1.275218e-04)
403           	(4.911019e-02 2.009033e-01 -4.699483e+02)	(4.757475e-02 2.008427e-01 -4.699482e+02)	(1.535440e-03 6.060083e-05 -1.274484e-04)
404           	(4.912958e-02 2.010557e-01 -4.699483e+02)	(4.759675e-02 2.009950e-01 -4.699482e+02)	(1.532829e-03 6.061613e-05 -1.273068e-04)
405           	(4.914766e-02 2.011746e-01 -4.699483e+02)	(4.761729e-02 2.011142e-01 -4.699482e+02)	(1.530369e-03 6.048612e-05 -1.271134e-04)
406           	(4.916362e-02 2.012575e-01 -4.699484e+02)	(4.763555e-02 2.011973e-01 -4.699482e+02)	(1.528077e-03 6.020749e-05 -1.268886e-04)
407           	(4.917670e-02 2.013033e-01 -4.699484e+02)	(4.765072e-02 2.012435e-01 -4.699482e+02)	(1.525975e-03 5.978917e-05 -1.266775e-04)
408           	(4.918596e-02 2.013120e-01 -4.699484e+02)	(4.766188e-02 2.012527e-01 -4.699483e+02)	(1.524078e-03 5.925941e-05 -1.265145e-04)
409           	(4.919056e-02 2.012923e-01 -4.699484e+02)	(4.766820e-02 2.012336e-01 -4.699483e+02)	(1.522356e-03 5.866199e-05 -1.264119e-04)
410           	(4.918935e-02 2.012453e-01 -4.699484e+02)	(4.766859e-02 2.011872e-01 -4.699483e+02)	(1.520750e-03 5.802135e-05 -1.263939e-04)
411           	(4.918239e-02 2.011793e-01 -4.699484e+02)	(4.766322e-02 2.011219e-01 -4.699483e+02)	(1.519171e-03 5.736391e-05 -1.264645e-04)
412           	(4.916990e-02 2.011031e-01 -4.699484e+02)	(4.765234e-02 2.010464e-01 -4.699483e+02)	(1.517570e-03 5.668164e-05 -1.266247e-04)
413           	(4.915294e-02 2.010268e-01 -4.699484e+02)	(4.763702e-02 2.009709e-01 -4.699483e+02)	(1.515916e-03 5.597625e-05 -1.268453e-04)
414           	(4.913271e-02 2.009607e-01 -4.699485e+02)	(4.761854e-02 2.009054e-01 -4.699483e+02)	(1.514173e-03 5.531466e-05 -1.270588e-04)
415           	(4.911053e-02 2.009166e-01 -4.699485e+02)	(4.759820e-02 2.008619e-01 -4.699483e+02)	(1.512331e-03 5.476861e-05 -1.272339e-04)
416           	(4.909098e-02 2.009585e-01 -4.699485e+02)	(4.758056e-02 2.009042e-01 -4.699483e+02)	(1.510424e-03 5.435652e-05 -1.273786e-04)
417           	(4.907375e-02 2.010450e-01 -4.699484e+02)	(4.756527e-02 2.009909e-01 -4.699483e+02)	(1.508477e-03 5.408216e-05 -1.275059e-04)
418           	(4.906002e-02 2.011734e-01 -4.699484e+02)	(4.755348e-02 2.011194e-01 -4.699483e+02)	(1.506543e-03 5.393967e-05 -1.276301e-04)
419           	(4.905121e-02 2.013421e-01 -4.699484e+02)	(4.754661e-02 2.012882e-01 -4.699483e+02)	(1.504602e-03 5.394931e-05 -1.277101e-04)
420           	(4.905862e-02 2.015204e-01 -4.699483e+02)	(4.755599e-02 2.014663e-01 -4.699482e+02)	(1.502631e-03 5.415469e-05 -1.276405e-04)
421           	(4.907394e-02 2.017503e-01 -4.699482e+02)	(4.757342e-02 2.016958e-01 -4.699481e+02)	(1.500520e-03 5.456988e-05 -1.274001e-04)
422           	(4.908464e-02 2.020223e-01 -4.699482e+02)	(4.758649e-02 2.019671e-01 -4.699481e+02)	(1.498159e-03 5.515028e-05 -1.270458e-04)
423           	(4.911769e-02 2.023562e-01 -4.699481e+02)	(4.762203e-02 2.023003e-01 -4.699480e+02)	(1.495657e-03 5.584344e-05 -1.266550e-04)
424           	(4.914149e-02 2.026898e-01 -4.699481e+02)	(4.764845e-02 2.026332e-01 -4.699480e+02)	(1.493040e-03 5.661233e-05 -1.263363e-04)
425           	(4.917006e-02 2.030405e-01 -4.699481e+02)	(4.767975e-02 2.029831e-01 -4.699480e+02)	(1.490309e-03 5.743995e-05 -1.260735e-04)
426           	(4.922023e-02 2.034407e-01 -4.699480e+02)	(4.773260e-02 2.033824e-01 -4.699479e+02)	(1.487624e-03 5.828353e-05 -1.258519e-04)
427           	(4.925096e-02 2.037726e-01 -4.699480e+02)	(4.776610e-02 2.037134e-01 -4.699479e+02)	(1.484862e-03 5.912008e-05 -1.256420e-04)
428           	(4.928068e-02 2.040908e-01 -4.699480e+02)	(4.779862e-02 2.040309e-01 -4.699479e+02)	(1.482062e-03 5.990675e-05 -1.254135e-04)
429           	(4.930845e-02 2.043983e-01 -4.699480e+02)	(4.782921e-02 2.043376e-01 -4.699479e+02)	(1.479237e-03 6.060983e-05 -1.251709e-04)
430           	(4.933291e-02 2.046740e-01 -4.699480e+02)	(4.785647e-02 2.046128e-01 -4.699479e+02)	(1.476436e-03 6.120337e-05 -1.249353e-04)
431           	(4.935434e-02 2.049221e-01 -4.699480e+02)	(4.788061e-02 2.048604e-01 -4.699479e+02)	(1.473727e-03 6.166980e-05 -1.247620e-04)
432           	(4.937310e-02 2.051375e-01 -4.699480e+02)	(4.790195e-02 2.050755e-01 -4.699479e+02)	(1.471155e-03 6.200892e-05 -1.246707e-04)
433           	(4.940887e-02 2.053794e-01 -4.699480e+02)	(4.794003e-02 2.053172e-01 -4.699478e+02)	(1.468839e-03 6.221421e-05 -1.246723e-04)
434           	(4.942208e-02 2.055074e-01 -4.699480e+02)	(4.795540e-02 2.054451e-01 -4.699478e+02)	(1.466679e-03 6.229912e-05 -1.247516e-04)
435           	(4.943301e-02 2.055969e-01 -4.699480e+02)	(4.796834e-02 2.055346e-01 -4.699478e+02)	(1.464674e-03 6.229020e-05 -1.249077e-04)
436           	(4.944156e-02 2.056513e-01 -4.699480e+02)	(4.797872e-02 2.055891e-01 -4.699479e+02)	(1.462842e-03 6.221778e-05 -1.251546e-04)
437           	(4.944760e-02 2.056731e-01 -4.699480e+02)	(4.798647e-02 2.056110e-01 -4.699479e+02)	(1.461129e-03 6.210092e-05 -1.254894e-04)
438           	(4.945174e-02 2.056749e-01 -4.699480e+02)	(4.799225e-02 2.056130e-01 -4.699479e+02)	(1.459494e-03 6.194096e-05 -1.258909e-04)
439           	(4.945432e-02 2.056731e-01 -4.699480e+02)	(4.799644e-02 2.056114e-01 -4.699479e+02)	(1.457879e-03 6.172382e-05 -1.263074e-04)
440           	(4.945340e-02 2.056593e-01 -4.699480e+02)	(4.799711e-02 2.055979e-01 -4.699479e+02)	(1.456284e-03 6.142963e-05 -1.267186e-04)
441           	(4.944838e-02 2.056427e-01 -4.699480e+02)	(4.799373e-02 2.055816e-01 -4.699479e+02)	(1.454647e-03 6.107608e-05 -1.270953e-04)
442           	(4.943916e-02 2.056291e-01 -4.699480e+02)	(4.798621e-02 2.055684e-01 -4.699479e+02)	(1.452945e-03 6.070763e-05 -1.274382e-04)
443           	(4.942611e-02 2.056252e-01 -4.699480e+02)	(4.797499e-02 2.055649e-01 -4.699479e+02)	(1.451122e-03 6.034739e-05 -1.277533e-04)
444           	(4.941058e-02 2.056400e-01 -4.699481e+02)	(4.796135e-02 2.055800e-01 -4.699479e+02)	(1.449224e-03 5.998846e-05 -1.280447e-04)
445           	(4.939536e-02 2.056938e-01 -4.699481e+02)	(4.794813e-02 2.056342e-01 -4.699479e+02)	(1.447233e-03 5.964638e-05 -1.283199e-04)
446           	(4.938402e-02 2.058204e-01 -4.699481e+02)	(4.793885e-02 2.057611e-01 -4.699480e+02)	(1.445171e-03 5.932985e-05 -1.286049e-04)
447           	(4.937653e-02 2.059904e-01 -4.699481e+02)	(4.793361e-02 2.059313e-01 -4.699480e+02)	(1.442913e-03 5.908747e-05 -1.288549e-04)
448           	(4.937553e-02 2.062087e-01 -4.699481e+02)	(4.793513e-02 2.061498e-01 -4.699480e+02)	(1.440396e-03 5.895104e-05 -1.290252e-04)
449           	(4.938245e-02 2.064696e-01 -4.699481e+02)	(4.794482e-02 2.064107e-01 -4.699480e+02)	(1.437629e-03 5.891858e-05 -1.291319e-04)
450           	(4.939802e-02 2.067646e-01 -4.699481e+02)	(4.796337e-02 2.067056e-01 -4.699480e+02)	(1.434652e-03 5.897238e-05 -1.291995e-04)
451           	(4.942173e-02 2.070838e-01 -4.699481e+02)	(4.799022e-02 2.070247e-01 -4.699480e+02)	(1.431518e-03 5.911086e-05 -1.292593e-04)
452           	(4.945235e-02 2.074179e-01 -4.699481e+02)	(4.802400e-02 2.073585e-01 -4.699480e+02)	(1.428351e-03 5.931865e-05 -1.293077e-04)
453           	(4.948838e-02 2.077576e-01 -4.699481e+02)	(4.806321e-02 2.076980e-01 -4.699480e+02)	(1.425168e-03 5.960030e-05 -1.292818e-04)
454           	(4.952819e-02 2.080961e-01 -4.699481e+02)	(4.810612e-02 2.080362e-01 -4.699480e+02)	(1.422069e-03 5.992906e-05 -1.291705e-04)
455           	(4.956931e-02 2.084274e-01 -4.699481e+02)	(4.815025e-02 2.083671e-01 -4.699480e+02)	(1.419059e-03 6.027358e-05 -1.289582e-04)
456           	(4.960835e-02 2.087414e-01 -4.699481e+02)	(4.819221e-02 2.086808e-01 -4.699480e+02)	(1.416134e-03 6.059837e-05 -1.286276e-04)
457           	(4.964286e-02 2.090330e-01 -4.699481e+02)	(4.822958e-02 2.089721e-01 -4.699480e+02)	(1.413276e-03 6.087666e-05 -1.282173e-04)
458           	(4.967288e-02 2.093108e-01 -4.699481e+02)	(4.826235e-02 2.092497e-01 -4.699480e+02)	(1.410534e-03 6.109034e-05 -1.277887e-04)
459           	(4.972381e-02 2.096154e-01 -4.699480e+02)	(4.831574e-02 2.095542e-01 -4.699479e+02)	(1.408071e-03 6.120838e-05 -1.274081e-04)
460           	(4.976276e-02 2.098478e-01 -4.699480e+02)	(4.835689e-02 2.097865e-01 -4.699478e+02)	(1.405877e-03 6.121619e-05 -1.271214e-04)
461           	(4.978155e-02 2.099163e-01 -4.699479e+02)	(4.837769e-02 2.098551e-01 -4.699477e+02)	(1.403861e-03 6.113796e-05 -1.269300e-04)
462           	(4.979622e-02 2.099463e-01 -4.699478e+02)	(4.839415e-02 2.098853e-01 -4.699477e+02)	(1.402070e-03 6.100978e-05 -1.268474e-04)
463           	(4.978979e-02 2.099362e-01 -4.699478e+02)	(4.838944e-02 2.098754e-01 -4.699477e+02)	(1.400346e-03 6.088348e-05 -1.268793e-04)
464           	(4.977767e-02 2.098846e-01 -4.699478e+02)	(4.837901e-02 2.098238e-01 -4.699477e+02)	(1.398656e-03 6.077517e-05 -1.270163e-04)
465           	(4.976039e-02 2.097988e-01 -4.699478e+02)	(4.836342e-02 2.097381e-01 -4.699477e+02)	(1.396966e-03 6.068577e-05 -1.272360e-04)
466           	(4.973828e-02 2.096879e-01 -4.699478e+02)	(4.834304e-02 2.096273e-01 -4.699477e+02)	(1.395242e-03 6.061799e-05 -1.274783e-04)
467           	(4.971208e-02 2.095641e-01 -4.699478e+02)	(4.831860e-02 2.095035e-01 -4.699477e+02)	(1.393474e-03 6.055846e-05 -1.277278e-04)
468           	(4.968293e-02 2.094441e-01 -4.699478e+02)	(4.829129e-02 2.093835e-01 -4.699477e+02)	(1.391646e-03 6.052698e-05 -1.279531e-04)
469           	(4.965142e-02 2.093369e-01 -4.699478e+02)	(4.826169e-02 2.092763e-01 -4.699477e+02)	(1.389734e-03 6.057222e-05 -1.281450e-04)
470           	(4.961797e-02 2.092521e-01 -4.699478e+02)	(4.823024e-02 2.091914e-01 -4.699477e+02)	(1.387731e-03 6.070247e-05 -1.283064e-04)
471           	(4.958672e-02 2.092190e-01 -4.699478e+02)	(4.820104e-02 2.091582e-01 -4.699477e+02)	(1.385674e-03 6.089708e-05 -1.284513e-04)
472           	(4.955968e-02 2.092528e-01 -4.699478e+02)	(4.817610e-02 2.091916e-01 -4.699477e+02)	(1.383583e-03 6.114619e-05 -1.285793e-04)
473           	(4.953889e-02 2.093636e-01 -4.699478e+02)	(4.815745e-02 2.093022e-01 -4.699477e+02)	(1.381434e-03 6.143981e-05 -1.287098e-04)
474           	(4.952592e-02 2.095585e-01 -4.699478e+02)	(4.814679e-02 2.094967e-01 -4.699477e+02)	(1.379128e-03 6.180462e-05 -1.287919e-04)
475           	(4.952202e-02 2.098435e-01 -4.699478e+02)	(4.814542e-02 2.097813e-01 -4.699477e+02)	(1.376604e-03 6.225203e-05 -1.287833e-04)
476           	(4.952830e-02 2.102121e-01 -4.699478e+02)	(4.815443e-02 2.101493e-01 -4.699477e+02)	(1.373875e-03 6.275222e-05 -1.287026e-04)
477           	(4.954642e-02 2.106723e-01 -4.699478e+02)	(4.817551e-02 2.106090e-01 -4.699477e+02)	(1.370913e-03 6.329048e-05 -1.285577e-04)
478           	(4.957660e-02 2.112037e-01 -4.699478e+02)	(4.820884e-02 2.111398e-01 -4.699477e+02)	(1.367761e-03 6.386379e-05 -1.283640e-04)
479           	(4.961818e-02 2.117858e-01 -4.699478e+02)	(4.825365e-02 2.117214e-01 -4.699477e+02)	(1.364531e-03 6.445204e-05 -1.281141e-04)
480           	(4.966666e-02 2.123647e-01 -4.699478e+02)	(4.830536e-02 2.122996e-01 -4.699476e+02)	(1.361299e-03 6.503206e-05 -1.277710e-04)
481           	(4.971798e-02 2.129062e-01 -4.699478e+02)	(4.835984e-02 2.128407e-01 -4.699476e+02)	(1.358142e-03 6.556685e-05 -1.273049e-04)
482           	(4.979751e-02 2.134132e-01 -4.699477e+02)	(4.844225e-02 2.133472e-01 -4.699475e+02)	(1.355256e-03 6.599939e-05 -1.267070e-04)
483           	(4.986807e-02 2.138406e-01 -4.699476e+02)	(4.851549e-02 2.137743e-01 -4.699475e+02)	(1.352588e-03 6.629139e-05 -1.260080e-04)
484           	(4.992787e-02 2.141903e-01 -4.699475e+02)	(4.857779e-02 2.141238e-01 -4.699474e+02)	(1.350080e-03 6.643353e-05 -1.252683e-04)
485           	(4.997776e-02 2.144821e-01 -4.699475e+02)	(4.863005e-02 2.144157e-01 -4.699474e+02)	(1.347710e-03 6.643267e-05 -1.245501e-04)
486           	(4.999772e-02 2.146405e-01 -4.699475e+02)	(4.865234e-02 2.145742e-01 -4.699474e+02)	(1.345376e-03 6.630944e-05 -1.239054e-04)
487           	(5.001101e-02 2.147453e-01 -4.699475e+02)	(4.866787e-02 2.146792e-01 -4.699474e+02)	(1.343142e-03 6.608120e-05 -1.233823e-04)
488           	(5.001900e-02 2.148164e-01 -4.699475e+02)	(4.867796e-02 2.147506e-01 -4.699474e+02)	(1.341034e-03 6.579646e-05 -1.229947e-04)
489           	(5.002116e-02 2.148520e-01 -4.699475e+02)	(4.868209e-02 2.147865e-01 -4.699474e+02)	(1.339076e-03 6.549796e-05 -1.227428e-04)
490           	(5.001666e-02 2.148471e-01 -4.699476e+02)	(4.867944e-02 2.147819e-01 -4.699474e+02)	(1.337219e-03 6.521452e-05 -1.226194e-04)
491           	(5.000456e-02 2.147933e-01 -4.699476e+02)	(4.866916e-02 2.147283e-01 -4.699474e+02)	(1.335403e-03 6.494991e-05 -1.226060e-04)
492           	(4.998225e-02 2.146646e-01 -4.699476e+02)	(4.864867e-02 2.145999e-01 -4.699474e+02)	(1.333584e-03 6.468904e-05 -1.226463e-04)
493           	(4.995115e-02 2.144801e-01 -4.699476e+02)	(4.861945e-02 2.144157e-01 -4.699475e+02)	(1.331698e-03 6.442223e-05 -1.226768e-04)
494           	(4.991289e-02 2.142618e-01 -4.699476e+02)	(4.858315e-02 2.141977e-01 -4.699475e+02)	(1.329741e-03 6.412794e-05 -1.226755e-04)
495           	(4.987058e-02 2.140401e-01 -4.699476e+02)	(4.854285e-02 2.139763e-01 -4.699474e+02)	(1.327734e-03 6.381433e-05 -1.226439e-04)
496           	(4.982743e-02 2.138420e-01 -4.699476e+02)	(4.850178e-02 2.137785e-01 -4.699474e+02)	(1.325650e-03 6.352235e-05 -1.225892e-04)
497           	(4.978491e-02 2.136770e-01 -4.699476e+02)	(4.846142e-02 2.136137e-01 -4.699474e+02)	(1.323492e-03 6.326710e-05 -1.224983e-04)
498           	(4.974551e-02 2.135596e-01 -4.699476e+02)	(4.842419e-02 2.134966e-01 -4.699474e+02)	(1.321319e-03 6.303604e-05 -1.223898e-04)
499           	(4.971025e-02 2.134962e-01 -4.699476e+02)	(4.839113e-02 2.134334e-01 -4.699474e+02)	(1.319121e-03 6.283102e-05 -1.222577e-04)
500           	(4.968129e-02 2.134989e-01 -4.699475e+02)	(4.836439e-02 2.134362e-01 -4.699474e+02)	(1.316899e-03 6.265643e-05 -1.221347e-04)
501           	(4.965862e-02 2.135566e-01 -4.699475e+02)	(4.834404e-02 2.134940e-01 -4.699474e+02)	(1.314589e-03 6.254591e-05 -1.219873e-04)
502           	(4.964092e-02 2.136602e-01 -4.699475e+02)	(4.832879e-02 2.135977e-01 -4.699474e+02)	(1.312132e-03 6.253314e-05 -1.217726e-04)
503           	(4.963245e-02 2.138862e-01 -4.699475e+02)	(4.832297e-02 2.138236e-01 -4.699474e+02)	(1.309479e-03 6.261902e-05 -1.214831e-04)
504           	(4.963488e-02 2.142192e-01 -4.699475e+02)	(4.832832e-02 2.141564e-01 -4.699474e+02)	(1.306566e-03 6.282743e-05 -1.210986e-04)
505           	(4.965046e-02 2.146700e-01 -4.699475e+02)	(4.834706e-02 2.146068e-01 -4.699474e+02)	(1.303396e-03 6.318562e-05 -1.206237e-04)
506           	(4.968002e-02 2.152292e-01 -4.699475e+02)	(4.837996e-02 2.151655e-01 -4.699474e+02)	(1.300059e-03 6.368939e-05 -1.200512e-04)
507           	(4.972228e-02 2.158622e-01 -4.699475e+02)	(4.842560e-02 2.157979e-01 -4.699474e+02)	(1.296680e-03 6.431795e-05 -1.193672e-04)
508           	(4.977217e-02 2.164986e-01 -4.699475e+02)	(4.847881e-02 2.164335e-01 -4.699474e+02)	(1.293361e-03 6.502955e-05 -1.185500e-04)
509           	(4.982697e-02 2.171102e-01 -4.699475e+02)	(4.853679e-02 2.170444e-01 -4.699474e+02)	(1.290186e-03 6.575032e-05 -1.175967e-04)
510           	(4.988083e-02 2.176453e-01 -4.699475e+02)	(4.859368e-02 2.175789e-01 -4.699474e+02)	(1.287148e-03 6.640890e-05 -1.165294e-04)
511           	(4.993261e-02 2.181073e-01 -4.699475e+02)	(4.864833e-02 2.180403e-01 -4.699474e+02)	(1.284280e-03 6.695692e-05 -1.154111e-04)
512           	(4.999898e-02 2.184816e-01 -4.699474e+02)	(4.871726e-02 2.184143e-01 -4.699473e+02)	(1.281719e-03 6.735365e-05 -1.143247e-04)
513           	(5.005552e-02 2.187686e-01 -4.699474e+02)	(4.877607e-02 2.187010e-01 -4.699473e+02)	(1.279451e-03 6.759477e-05 -1.133606e-04)
514           	(5.010284e-02 2.189911e-01 -4.699473e+02)	(4.882543e-02 2.189233e-01 -4.699472e+02)	(1.277414e-03 6.770973e-05 -1.125752e-04)
515           	(5.012604e-02 2.191559e-01 -4.699474e+02)	(4.885053e-02 2.190881e-01 -4.699472e+02)	(1.275511e-03 6.775070e-05 -1.120019e-04)
516           	(5.013625e-02 2.192027e-01 -4.699474e+02)	(4.886252e-02 2.191349e-01 -4.699473e+02)	(1.273729e-03 6.775280e-05 -1.116474e-04)
517           	(5.014131e-02 2.192157e-01 -4.699474e+02)	(4.886925e-02 2.191479e-01 -4.699473e+02)	(1.272061e-03 6.773836e-05 -1.115037e-04)
518           	(5.014100e-02 2.191973e-01 -4.699474e+02)	(4.887055e-02 2.191296e-01 -4.699473e+02)	(1.270443e-03 6.772701e-05 -1.115222e-04)
519           	(5.013457e-02 2.191380e-01 -4.699474e+02)	(4.886571e-02 2.190703e-01 -4.699473e+02)	(1.268852e-03 6.772094e-05 -1.116295e-04)
520           	(5.012175e-02 2.190464e-01 -4.699474e+02)	(4.885454e-02 2.189786e-01 -4.699473e+02)	(1.267212e-03 6.771511e-05 -1.117755e-04)
521           	(5.010302e-02 2.189329e-01 -4.699474e+02)	(4.883749e-02 2.188652e-01 -4.699473e+02)	(1.265525e-03 6.769076e-05 -1.119368e-04)
522           	(5.007988e-02 2.188135e-01 -4.699474e+02)	(4.881606e-02 2.187459e-01 -4.699473e+02)	(1.263814e-03 6.763390e-05 -1.121262e-04)
523           	(5.005431e-02 2.187032e-01 -4.699474e+02)	(4.879222e-02 2.186356e-01 -4.699473e+02)	(1.262083e-03 6.756709e-05 -1.123359e-04)
524           	(5.002790e-02 2.186085e-01 -4.699474e+02)	(4.876762e-02 2.185410e-01 -4.699473e+02)	(1.260283e-03 6.750396e-05 -1.125352e-04)
525           	(5.000225e-02 2.185406e-01 -4.699474e+02)	(4.874377e-02 2.184731e-01 -4.699473e+02)	(1.258479e-03 6.742488e-05 -1.127404e-04)
526           	(4.997843e-02 2.185038e-01 -4.699474e+02)	(4.872176e-02 2.184365e-01 -4.699473e+02)	(1.256672e-03 6.732719e-05 -1.129559e-04)
527           	(4.995960e-02 2.185174e-01 -4.699474e+02)	(4.870474e-02 2.184502e-01 -4.699473e+02)	(1.254864e-03 6.722131e-05 -1.131829e-04)
528           	(4.994407e-02 2.185596e-01 -4.699474e+02)	(4.869109e-02 2.184924e-01 -4.699473e+02)	(1.252976e-03 6.715198e-05 -1.133782e-04)
529           	(4.993108e-02 2.186306e-01 -4.699474e+02)	(4.868014e-02 2.185634e-01 -4.699473e+02)	(1.250935e-03 6.715134e-05 -1.135006e-04)
530           	(4.992273e-02 2.187473e-01 -4.699474e+02)	(4.867403e-02 2.186801e-01 -4.699473e+02)	(1.248702e-03 6.721193e-05 -1.135508e-04)
531           	(4.992048e-02 2.189472e-01 -4.699474e+02)	(4.867428e-02 2.188799e-01 -4.699473e+02)	(1.246203e-03 6.733992e-05 -1.135104e-04)
532           	(4.992557e-02 2.192134e-01 -4.699474e+02)	(4.868222e-02 2.191459e-01 -4.699473e+02)	(1.243346e-03 6.756406e-05 -1.133501e-04)
533           	(4.993905e-02 2.195459e-01 -4.699474e+02)	(4.869884e-02 2.194780e-01 -4.699473e+02)	(1.240210e-03 6.789572e-05 -1.130794e-04)
534           	(4.996106e-02 2.199329e-01 -4.699474e+02)	(4.872412e-02 2.198646e-01 -4.699473e+02)	(1.236945e-03 6.831156e-05 -1.127391e-04)
535           	(4.999055e-02 2.203532e-01 -4.699474e+02)	(4.875691e-02 2.202844e-01 -4.699473e+02)	(1.233645e-03 6.879076e-05 -1.122995e-04)
536           	(5.002600e-02 2.207825e-01 -4.699474e+02)	(4.879562e-02 2.207132e-01 -4.699473e+02)	(1.230382e-03 6.928612e-05 -1.117407e-04)
