# Moment      
# CofR        : (0.000000e+00 0.000000e+00 0.000000e+00)
#
# Time        	(total_x total_y total_z)	(pressure_x pressure_y pressure_z)	(viscous_x viscous_y viscous_z)
1             	(-8.458145e-02 6.214147e-02 2.416788e-03)	(-8.458567e-02 6.135554e-02 2.413721e-03)	(4.228844e-06 7.859339e-04 3.067288e-06)
2             	(-8.396548e-02 5.932082e-02 1.694701e-03)	(-8.400703e-02 5.876112e-02 1.698261e-03)	(4.154999e-05 5.597063e-04 -3.559975e-06)
3             	(-6.358511e-02 3.905739e-02 -5.643362e-03)	(-6.365363e-02 3.858704e-02 -5.632388e-03)	(6.852698e-05 4.703508e-04 -1.097383e-05)
4             	(-3.440790e-02 3.382425e-03 -1.561468e-02)	(-3.449511e-02 2.934117e-03 -1.556597e-02)	(8.721507e-05 4.483082e-04 -4.871215e-05)
5             	(-2.931732e-03 -2.456280e-02 -2.743559e-02)	(-3.012800e-03 -2.502585e-02 -2.742046e-02)	(8.106729e-05 4.630496e-04 -1.512919e-05)
6             	(1.955861e-02 -3.603752e-02 -3.278380e-02)	(1.949107e-02 -3.657217e-02 -3.276249e-02)	(6.754000e-05 5.346515e-04 -2.130134e-05)
7             	(2.910991e-02 -3.450465e-02 -3.162858e-02)	(2.905910e-02 -3.510993e-02 -3.163211e-02)	(5.081248e-05 6.052781e-04 3.527705e-06)
8             	(2.914160e-02 -2.568563e-02 -2.958299e-02)	(2.910960e-02 -2.629621e-02 -2.959160e-02)	(3.200233e-05 6.105814e-04 8.607412e-06)
9             	(2.390216e-02 -1.098972e-02 -2.143506e-02)	(2.388659e-02 -1.153924e-02 -2.145451e-02)	(1.557083e-05 5.495173e-04 1.944507e-05)
10            	(1.200114e-02 3.609892e-03 -9.249628e-03)	(1.199407e-02 3.152492e-03 -9.255570e-03)	(7.062790e-06 4.574001e-04 5.942633e-06)
11            	(-7.984424e-04 1.262737e-02 6.192207e-04)	(-8.027688e-04 1.226671e-02 6.186672e-04)	(4.326425e-06 3.606593e-04 5.535047e-07)
12            	(-1.025455e-02 1.567936e-02 5.642053e-03)	(-1.025965e-02 1.540672e-02 5.646501e-03)	(5.101460e-06 2.726398e-04 -4.447623e-06)
13            	(-1.372612e-02 1.381799e-02 5.472142e-03)	(-1.373436e-02 1.361268e-02 5.486530e-03)	(8.244512e-06 2.053105e-04 -1.438745e-05)
14            	(-1.401379e-02 9.528499e-03 2.875573e-03)	(-1.402660e-02 9.353521e-03 2.894836e-03)	(1.280808e-05 1.749779e-04 -1.926366e-05)
15            	(-1.212586e-02 4.517282e-03 -2.261305e-03)	(-1.214309e-02 4.337077e-03 -2.238167e-03)	(1.722731e-05 1.802056e-04 -2.313827e-05)
16            	(-8.250239e-03 -5.374637e-07 -9.003319e-03)	(-8.268790e-03 -2.023044e-04 -8.972745e-03)	(1.855023e-05 2.017669e-04 -3.057354e-05)
17            	(-4.607062e-03 -2.664958e-03 -1.427292e-02)	(-4.623990e-03 -2.895557e-03 -1.423814e-02)	(1.692784e-05 2.305988e-04 -3.477768e-05)
18            	(-8.670438e-04 -3.954943e-03 -1.688884e-02)	(-8.806797e-04 -4.207698e-03 -1.684836e-02)	(1.363589e-05 2.527547e-04 -4.047870e-05)
19            	(-2.823347e-04 -3.144012e-03 -1.700021e-02)	(-2.924012e-04 -3.410643e-03 -1.695352e-02)	(1.006651e-05 2.666304e-04 -4.668530e-05)
20            	(5.844020e-04 -2.168849e-03 -1.492838e-02)	(5.775220e-04 -2.435102e-03 -1.487522e-02)	(6.880015e-06 2.662532e-04 -5.316555e-05)
21            	(4.633632e-04 -8.062539e-04 -1.232541e-02)	(4.589280e-04 -1.058562e-03 -1.227157e-02)	(4.435227e-06 2.523081e-04 -5.383154e-05)
22            	(-2.164168e-05 -5.149723e-05 -1.096553e-02)	(-2.445504e-05 -2.837630e-04 -1.091630e-02)	(2.813363e-06 2.322658e-04 -4.922584e-05)
23            	(-9.550873e-04 5.345999e-04 -9.025325e-03)	(-9.571328e-04 3.226994e-04 -8.983104e-03)	(2.045476e-06 2.119005e-04 -4.222092e-05)
24            	(-1.836968e-03 9.675794e-04 -7.297099e-03)	(-1.838905e-03 7.727447e-04 -7.262279e-03)	(1.936947e-06 1.948347e-04 -3.481985e-05)
25            	(-2.636646e-03 9.805372e-04 -6.134850e-03)	(-2.638751e-03 7.976803e-04 -6.107014e-03)	(2.105023e-06 1.828569e-04 -2.783609e-05)
26            	(-3.825221e-03 1.467433e-03 -5.486463e-03)	(-3.827674e-03 1.290277e-03 -5.464495e-03)	(2.452188e-06 1.771561e-04 -2.196806e-05)
27            	(-4.131904e-03 1.287160e-03 -5.680381e-03)	(-4.134629e-03 1.111584e-03 -5.662156e-03)	(2.725123e-06 1.755760e-04 -1.822539e-05)
28            	(-4.353434e-03 1.106190e-03 -6.507884e-03)	(-4.356271e-03 9.294352e-04 -6.492044e-03)	(2.836266e-06 1.767553e-04 -1.584008e-05)
29            	(-4.380332e-03 8.864156e-04 -7.670863e-03)	(-4.383110e-03 7.075277e-04 -7.655938e-03)	(2.778059e-06 1.788879e-04 -1.492515e-05)
30            	(-4.325153e-03 7.395980e-04 -8.901514e-03)	(-4.327773e-03 5.589441e-04 -8.886516e-03)	(2.619891e-06 1.806539e-04 -1.499765e-05)
31            	(-4.158726e-03 5.931165e-04 -1.026705e-02)	(-4.161215e-03 4.116208e-04 -1.025100e-02)	(2.488787e-06 1.814957e-04 -1.604335e-05)
32            	(-3.763817e-03 2.587089e-04 -1.232764e-02)	(-3.766216e-03 7.780706e-05 -1.230995e-02)	(2.399463e-06 1.809018e-04 -1.768912e-05)
33            	(-3.509692e-03 2.807082e-04 -1.317665e-02)	(-3.512168e-03 1.009721e-04 -1.315687e-02)	(2.475777e-06 1.797361e-04 -1.977547e-05)
34            	(-3.279978e-03 2.196931e-04 -1.387511e-02)	(-3.282581e-03 4.197731e-05 -1.385247e-02)	(2.602657e-06 1.777158e-04 -2.263616e-05)
35            	(-3.059098e-03 1.215920e-04 -1.416894e-02)	(-3.061852e-03 -5.367348e-05 -1.414304e-02)	(2.753953e-06 1.752655e-04 -2.589928e-05)
36            	(-2.869352e-03 1.973304e-05 -1.422352e-02)	(-2.872241e-03 -1.528706e-04 -1.419404e-02)	(2.888670e-06 1.726036e-04 -2.948615e-05)
37            	(-2.727893e-03 -2.718433e-05 -1.417804e-02)	(-2.730880e-03 -1.970617e-04 -1.414480e-02)	(2.987408e-06 1.698774e-04 -3.323880e-05)
38            	(-2.633456e-03 -7.198255e-05 -1.415011e-02)	(-2.636497e-03 -2.390725e-04 -1.411289e-02)	(3.041015e-06 1.670899e-04 -3.721475e-05)
39            	(-2.515327e-03 -1.523595e-04 -1.420135e-02)	(-2.518398e-03 -3.166130e-04 -1.415964e-02)	(3.070875e-06 1.642535e-04 -4.171485e-05)
40            	(-2.431737e-03 -1.979856e-04 -1.432692e-02)	(-2.434821e-03 -3.593701e-04 -1.428029e-02)	(3.084823e-06 1.613845e-04 -4.662145e-05)
41            	(-2.378264e-03 -2.086269e-04 -1.453505e-02)	(-2.381344e-03 -3.670812e-04 -1.448332e-02)	(3.079943e-06 1.584543e-04 -5.172474e-05)
42            	(-2.351172e-03 -1.921287e-04 -1.481050e-02)	(-2.354237e-03 -3.476104e-04 -1.475373e-02)	(3.065125e-06 1.554818e-04 -5.677365e-05)
43            	(-2.360752e-03 -1.360600e-04 -1.505857e-02)	(-2.363789e-03 -2.885319e-04 -1.499703e-02)	(3.037625e-06 1.524719e-04 -6.154120e-05)
44            	(-2.394421e-03 -8.726169e-05 -1.534335e-02)	(-2.397411e-03 -2.366235e-04 -1.527742e-02)	(2.990563e-06 1.493619e-04 -6.593160e-05)
45            	(-2.432101e-03 -8.949657e-05 -1.575095e-02)	(-2.435023e-03 -2.356496e-04 -1.568105e-02)	(2.922368e-06 1.461530e-04 -6.989963e-05)
46            	(-2.489190e-03 -9.411479e-05 -1.612010e-02)	(-2.492038e-03 -2.371259e-04 -1.604680e-02)	(2.847928e-06 1.430111e-04 -7.329823e-05)
47            	(-2.559942e-03 -9.626126e-05 -1.641044e-02)	(-2.562720e-03 -2.362876e-04 -1.633439e-02)	(2.778026e-06 1.400264e-04 -7.605431e-05)
48            	(-2.635299e-03 -9.232891e-05 -1.659345e-02)	(-2.638010e-03 -2.295316e-04 -1.651537e-02)	(2.710741e-06 1.372027e-04 -7.807929e-05)
49            	(-2.708903e-03 -8.382315e-05 -1.666140e-02)	(-2.711530e-03 -2.182806e-04 -1.658215e-02)	(2.626060e-06 1.344574e-04 -7.925569e-05)
50            	(-2.778573e-03 -7.091279e-05 -1.662987e-02)	(-2.781089e-03 -2.026823e-04 -1.655025e-02)	(2.515879e-06 1.317696e-04 -7.961993e-05)
51            	(-2.850769e-03 -4.251004e-05 -1.651899e-02)	(-2.853156e-03 -1.717045e-04 -1.643976e-02)	(2.386688e-06 1.291945e-04 -7.923007e-05)
52            	(-2.920398e-03 -1.239044e-05 -1.635083e-02)	(-2.922638e-03 -1.391336e-04 -1.627272e-02)	(2.240388e-06 1.267431e-04 -7.810908e-05)
53            	(-2.987210e-03 1.901210e-05 -1.614244e-02)	(-2.989290e-03 -1.054076e-04 -1.606612e-02)	(2.080344e-06 1.244197e-04 -7.632022e-05)
54            	(-3.042275e-03 3.670345e-05 -1.589617e-02)	(-3.044187e-03 -8.548088e-05 -1.582220e-02)	(1.912161e-06 1.221843e-04 -7.396582e-05)
55            	(-3.096671e-03 5.831883e-05 -1.564154e-02)	(-3.098406e-03 -6.171509e-05 -1.557035e-02)	(1.735419e-06 1.200339e-04 -7.119211e-05)
56            	(-3.147285e-03 8.171765e-05 -1.538934e-02)	(-3.148829e-03 -3.622740e-05 -1.532116e-02)	(1.543544e-06 1.179450e-04 -6.817185e-05)
57            	(-3.189731e-03 1.058962e-04 -1.514482e-02)	(-3.191060e-03 -9.984496e-06 -1.507975e-02)	(1.328546e-06 1.158807e-04 -6.506139e-05)
58            	(-3.228958e-03 1.326621e-04 -1.491260e-02)	(-3.230040e-03 1.886016e-05 -1.485063e-02)	(1.081364e-06 1.138020e-04 -6.197240e-05)
59            	(-3.266633e-03 1.661949e-04 -1.469067e-02)	(-3.267435e-03 5.449705e-05 -1.463171e-02)	(8.019453e-07 1.116979e-04 -5.896302e-05)
60            	(-3.305206e-03 1.968906e-04 -1.447573e-02)	(-3.305694e-03 8.734269e-05 -1.441967e-02)	(4.871905e-07 1.095479e-04 -5.605917e-05)
61            	(-3.345888e-03 2.223483e-04 -1.426941e-02)	(-3.346019e-03 1.150254e-04 -1.421616e-02)	(1.317360e-07 1.073229e-04 -5.325556e-05)
62            	(-3.389218e-03 2.405613e-04 -1.407541e-02)	(-3.388956e-03 1.355548e-04 -1.402488e-02)	(-2.614709e-07 1.050065e-04 -5.053447e-05)
63            	(-3.433998e-03 2.504604e-04 -1.389812e-02)	(-3.433305e-03 1.478821e-04 -1.385021e-02)	(-6.925442e-07 1.025782e-04 -4.791264e-05)
64            	(-3.480646e-03 2.525545e-04 -1.374570e-02)	(-3.479485e-03 1.525221e-04 -1.370029e-02)	(-1.161748e-06 1.000324e-04 -4.540548e-05)
65            	(-3.527736e-03 2.475261e-04 -1.362428e-02)	(-3.526070e-03 1.501518e-04 -1.358124e-02)	(-1.665429e-06 9.737429e-05 -4.303995e-05)
66            	(-3.573495e-03 2.363214e-04 -1.353745e-02)	(-3.571294e-03 1.417355e-04 -1.349661e-02)	(-2.201220e-06 9.458595e-05 -4.084410e-05)
67            	(-3.621519e-03 2.201313e-04 -1.348536e-02)	(-3.618755e-03 1.284693e-04 -1.344654e-02)	(-2.764342e-06 9.166200e-05 -3.882162e-05)
68            	(-3.665517e-03 1.984825e-04 -1.346476e-02)	(-3.662168e-03 1.098946e-04 -1.342776e-02)	(-3.349228e-06 8.858795e-05 -3.700317e-05)
69            	(-3.705337e-03 1.708398e-04 -1.347372e-02)	(-3.701394e-03 8.542415e-05 -1.343828e-02)	(-3.942797e-06 8.541566e-05 -3.543417e-05)
70            	(-3.740932e-03 1.367525e-04 -1.351199e-02)	(-3.736420e-03 5.444828e-05 -1.347784e-02)	(-4.512318e-06 8.230422e-05 -3.415034e-05)
71            	(-3.771897e-03 9.559222e-05 -1.357963e-02)	(-3.766856e-03 1.622859e-05 -1.354643e-02)	(-5.041077e-06 7.936363e-05 -3.319509e-05)
72            	(-3.796743e-03 4.706308e-05 -1.367638e-02)	(-3.791216e-03 -2.958414e-05 -1.364377e-02)	(-5.526518e-06 7.664722e-05 -3.260800e-05)
73            	(-3.811972e-03 -8.300324e-06 -1.379764e-02)	(-3.805993e-03 -8.243195e-05 -1.376522e-02)	(-5.978965e-06 7.413163e-05 -3.241681e-05)
74            	(-3.823397e-03 -6.919399e-05 -1.394915e-02)	(-3.816994e-03 -1.410026e-04 -1.391651e-02)	(-6.403117e-06 7.180863e-05 -3.264437e-05)
75            	(-3.829816e-03 -1.335342e-04 -1.413467e-02)	(-3.823020e-03 -2.032078e-04 -1.410138e-02)	(-6.795989e-06 6.967367e-05 -3.328607e-05)
76            	(-3.830180e-03 -1.992202e-04 -1.435269e-02)	(-3.823030e-03 -2.669467e-04 -1.431837e-02)	(-7.150745e-06 6.772642e-05 -3.432208e-05)
77            	(-3.822390e-03 -2.638850e-04 -1.459944e-02)	(-3.814929e-03 -3.298307e-04 -1.456372e-02)	(-7.461031e-06 6.594576e-05 -3.572045e-05)
78            	(-3.804504e-03 -3.253518e-04 -1.486846e-02)	(-3.796784e-03 -3.896668e-04 -1.483103e-02)	(-7.719398e-06 6.431501e-05 -3.743482e-05)
79            	(-3.774391e-03 -3.822780e-04 -1.515757e-02)	(-3.766476e-03 -4.451092e-04 -1.511816e-02)	(-7.915217e-06 6.283117e-05 -3.940444e-05)
80            	(-3.729887e-03 -4.331272e-04 -1.544627e-02)	(-3.721843e-03 -4.946082e-04 -1.540469e-02)	(-8.044443e-06 6.148094e-05 -4.157714e-05)
81            	(-3.677784e-03 -4.758094e-04 -1.572908e-02)	(-3.669674e-03 -5.360563e-04 -1.568518e-02)	(-8.110925e-06 6.024698e-05 -4.390737e-05)
82            	(-3.621029e-03 -5.098964e-04 -1.599575e-02)	(-3.612905e-03 -5.690040e-04 -1.594941e-02)	(-8.124420e-06 5.910756e-05 -4.634678e-05)
83            	(-3.563640e-03 -5.355362e-04 -1.623836e-02)	(-3.555542e-03 -5.935992e-04 -1.618954e-02)	(-8.097953e-06 5.806297e-05 -4.881991e-05)
84            	(-3.509203e-03 -5.533064e-04 -1.645179e-02)	(-3.501158e-03 -6.104337e-04 -1.640056e-02)	(-8.045340e-06 5.712731e-05 -5.122287e-05)
85            	(-3.459502e-03 -5.644972e-04 -1.663423e-02)	(-3.451527e-03 -6.208230e-04 -1.658080e-02)	(-7.975477e-06 5.632583e-05 -5.343433e-05)
86            	(-3.418707e-03 -5.695920e-04 -1.678965e-02)	(-3.410822e-03 -6.252830e-04 -1.673429e-02)	(-7.884409e-06 5.569097e-05 -5.536396e-05)
87            	(-3.383462e-03 -5.701573e-04 -1.691814e-02)	(-3.375690e-03 -6.253956e-04 -1.686117e-02)	(-7.772285e-06 5.523833e-05 -5.696918e-05)
88            	(-3.353925e-03 -5.666772e-04 -1.702157e-02)	(-3.346283e-03 -6.216484e-04 -1.696333e-02)	(-7.641287e-06 5.497114e-05 -5.824008e-05)
89            	(-3.329750e-03 -5.594868e-04 -1.710360e-02)	(-3.322251e-03 -6.143537e-04 -1.704440e-02)	(-7.498742e-06 5.486688e-05 -5.919929e-05)
90            	(-3.310834e-03 -5.491796e-04 -1.716392e-02)	(-3.303482e-03 -6.040830e-04 -1.710406e-02)	(-7.351395e-06 5.490337e-05 -5.986118e-05)
91            	(-3.298930e-03 -5.360051e-04 -1.720161e-02)	(-3.291729e-03 -5.910865e-04 -1.714138e-02)	(-7.201417e-06 5.508140e-05 -6.023870e-05)
92            	(-3.296321e-03 -5.197942e-04 -1.721518e-02)	(-3.289271e-03 -5.751941e-04 -1.715484e-02)	(-7.050424e-06 5.539994e-05 -6.033674e-05)
93            	(-3.296095e-03 -4.931434e-04 -1.719730e-02)	(-3.289197e-03 -5.490335e-04 -1.713715e-02)	(-6.897932e-06 5.589006e-05 -6.015608e-05)
94            	(-3.307078e-03 -4.640611e-04 -1.714786e-02)	(-3.300332e-03 -5.206116e-04 -1.708817e-02)	(-6.745773e-06 5.655049e-05 -5.968391e-05)
95            	(-3.333280e-03 -4.323439e-04 -1.706906e-02)	(-3.326683e-03 -4.897096e-04 -1.701015e-02)	(-6.597417e-06 5.736570e-05 -5.891444e-05)
96            	(-3.365869e-03 -4.112614e-04 -1.696593e-02)	(-3.359410e-03 -4.695419e-04 -1.690806e-02)	(-6.459626e-06 5.828058e-05 -5.787214e-05)
97            	(-3.405583e-03 -3.889652e-04 -1.683476e-02)	(-3.399239e-03 -4.482229e-04 -1.677819e-02)	(-6.343572e-06 5.925774e-05 -5.657453e-05)
98            	(-3.457853e-03 -3.522029e-04 -1.666829e-02)	(-3.451595e-03 -4.124921e-04 -1.661329e-02)	(-6.257474e-06 6.028921e-05 -5.499427e-05)
99            	(-3.508733e-03 -3.276216e-04 -1.650542e-02)	(-3.502530e-03 -3.889412e-04 -1.645224e-02)	(-6.203235e-06 6.131965e-05 -5.318383e-05)
100           	(-3.555519e-03 -3.023283e-04 -1.633133e-02)	(-3.549342e-03 -3.646832e-04 -1.628015e-02)	(-6.177304e-06 6.235488e-05 -5.118776e-05)
101           	(-3.605613e-03 -2.767082e-04 -1.615828e-02)	(-3.599434e-03 -3.400868e-04 -1.610922e-02)	(-6.178882e-06 6.337861e-05 -4.906410e-05)
102           	(-3.657613e-03 -2.521116e-04 -1.599469e-02)	(-3.651400e-03 -3.164458e-04 -1.594779e-02)	(-6.212553e-06 6.433428e-05 -4.690540e-05)
103           	(-3.711105e-03 -2.296548e-04 -1.584822e-02)	(-3.704824e-03 -2.948255e-04 -1.580342e-02)	(-6.280783e-06 6.517074e-05 -4.480578e-05)
104           	(-3.761398e-03 -2.103271e-04 -1.572266e-02)	(-3.755015e-03 -2.761632e-04 -1.567982e-02)	(-6.382970e-06 6.583618e-05 -4.283640e-05)
105           	(-3.807583e-03 -1.939077e-04 -1.561865e-02)	(-3.801073e-03 -2.602312e-04 -1.557761e-02)	(-6.510919e-06 6.632344e-05 -4.103393e-05)
106           	(-3.837157e-03 -1.800129e-04 -1.552480e-02)	(-3.830507e-03 -2.466694e-04 -1.548540e-02)	(-6.649295e-06 6.665654e-05 -3.940419e-05)
107           	(-3.862141e-03 -1.674557e-04 -1.545281e-02)	(-3.855354e-03 -2.343048e-04 -1.541490e-02)	(-6.787352e-06 6.684916e-05 -3.791050e-05)
108           	(-3.882075e-03 -1.553705e-04 -1.540175e-02)	(-3.875160e-03 -2.222881e-04 -1.536523e-02)	(-6.915160e-06 6.691761e-05 -3.651943e-05)
109           	(-3.897319e-03 -1.430813e-04 -1.536980e-02)	(-3.890293e-03 -2.099611e-04 -1.533459e-02)	(-7.026190e-06 6.687984e-05 -3.521627e-05)
110           	(-3.907809e-03 -1.307726e-04 -1.535755e-02)	(-3.900691e-03 -1.975173e-04 -1.532355e-02)	(-7.118015e-06 6.674468e-05 -3.399761e-05)
111           	(-3.913883e-03 -1.188851e-04 -1.536661e-02)	(-3.906694e-03 -1.854071e-04 -1.533375e-02)	(-7.189295e-06 6.652196e-05 -3.286931e-05)
112           	(-3.915298e-03 -1.079619e-04 -1.540149e-02)	(-3.908061e-03 -1.741976e-04 -1.536965e-02)	(-7.236291e-06 6.623569e-05 -3.184304e-05)
113           	(-3.912849e-03 -9.923584e-05 -1.546172e-02)	(-3.905590e-03 -1.651315e-04 -1.543078e-02)	(-7.259005e-06 6.589565e-05 -3.094058e-05)
114           	(-3.907198e-03 -9.400955e-05 -1.554802e-02)	(-3.899943e-03 -1.595296e-04 -1.551785e-02)	(-7.254630e-06 6.552002e-05 -3.017400e-05)
115           	(-3.899111e-03 -9.306840e-05 -1.565922e-02)	(-3.891889e-03 -1.581905e-04 -1.562966e-02)	(-7.221924e-06 6.512209e-05 -2.955804e-05)
116           	(-3.889491e-03 -9.679675e-05 -1.579299e-02)	(-3.882332e-03 -1.615190e-04 -1.576388e-02)	(-7.158719e-06 6.472226e-05 -2.910531e-05)
117           	(-3.880047e-03 -1.049082e-04 -1.594411e-02)	(-3.872980e-03 -1.692261e-04 -1.591528e-02)	(-7.067436e-06 6.431796e-05 -2.882575e-05)
118           	(-3.870661e-03 -1.170198e-04 -1.611052e-02)	(-3.863711e-03 -1.809257e-04 -1.608180e-02)	(-6.949955e-06 6.390583e-05 -2.871957e-05)
119           	(-3.860720e-03 -1.328149e-04 -1.629099e-02)	(-3.853908e-03 -1.962864e-04 -1.626219e-02)	(-6.811576e-06 6.347143e-05 -2.879254e-05)
120           	(-3.850406e-03 -1.515196e-04 -1.648089e-02)	(-3.843746e-03 -2.145069e-04 -1.645185e-02)	(-6.660229e-06 6.298726e-05 -2.903532e-05)
121           	(-3.839897e-03 -1.722708e-04 -1.667550e-02)	(-3.833390e-03 -2.346869e-04 -1.664606e-02)	(-6.507317e-06 6.241609e-05 -2.944138e-05)
122           	(-3.829367e-03 -1.942645e-04 -1.686940e-02)	(-3.823004e-03 -2.559959e-04 -1.683940e-02)	(-6.363093e-06 6.173138e-05 -3.000121e-05)
123           	(-3.818707e-03 -2.168307e-04 -1.705498e-02)	(-3.812476e-03 -2.777701e-04 -1.702429e-02)	(-6.231610e-06 6.093939e-05 -3.068880e-05)
124           	(-3.807936e-03 -2.395685e-04 -1.722518e-02)	(-3.801819e-03 -2.996276e-04 -1.719372e-02)	(-6.117135e-06 6.005910e-05 -3.146613e-05)
125           	(-3.798118e-03 -2.628286e-04 -1.737650e-02)	(-3.792088e-03 -3.219168e-04 -1.734421e-02)	(-6.029150e-06 5.908826e-05 -3.229158e-05)
126           	(-3.789600e-03 -2.861769e-04 -1.750670e-02)	(-3.783625e-03 -3.442117e-04 -1.747358e-02)	(-5.974825e-06 5.803484e-05 -3.311743e-05)
127           	(-3.786755e-03 -3.115012e-04 -1.761211e-02)	(-3.780797e-03 -3.684177e-04 -1.757821e-02)	(-5.957729e-06 5.691648e-05 -3.389499e-05)
128           	(-3.785946e-03 -3.361227e-04 -1.769312e-02)	(-3.779969e-03 -3.918890e-04 -1.765853e-02)	(-5.977114e-06 5.576627e-05 -3.458596e-05)
129           	(-3.786795e-03 -3.591516e-04 -1.774950e-02)	(-3.780763e-03 -4.137612e-04 -1.771434e-02)	(-6.031925e-06 5.460966e-05 -3.516497e-05)
130           	(-3.788997e-03 -3.794399e-04 -1.778204e-02)	(-3.782876e-03 -4.329076e-04 -1.774642e-02)	(-6.121323e-06 5.346769e-05 -3.562227e-05)
131           	(-3.792461e-03 -3.958516e-04 -1.779278e-02)	(-3.786219e-03 -4.482009e-04 -1.775683e-02)	(-6.242627e-06 5.234932e-05 -3.594605e-05)
132           	(-3.797300e-03 -4.073979e-04 -1.778401e-02)	(-3.790915e-03 -4.586826e-04 -1.774790e-02)	(-6.385152e-06 5.128472e-05 -3.610811e-05)
133           	(-3.798986e-03 -4.123645e-04 -1.776275e-02)	(-3.792452e-03 -4.626662e-04 -1.772668e-02)	(-6.534775e-06 5.030170e-05 -3.606246e-05)
134           	(-3.803427e-03 -4.118291e-04 -1.772515e-02)	(-3.796745e-03 -4.612373e-04 -1.768939e-02)	(-6.682660e-06 4.940823e-05 -3.576554e-05)
135           	(-3.811069e-03 -4.057998e-04 -1.767207e-02)	(-3.804248e-03 -4.544103e-04 -1.763689e-02)	(-6.820768e-06 4.861046e-05 -3.518108e-05)
136           	(-3.822327e-03 -3.946693e-04 -1.760511e-02)	(-3.815384e-03 -4.425788e-04 -1.757082e-02)	(-6.942852e-06 4.790949e-05 -3.429125e-05)
137           	(-3.837604e-03 -3.792181e-04 -1.752705e-02)	(-3.830562e-03 -4.265346e-04 -1.749396e-02)	(-7.042189e-06 4.731652e-05 -3.309403e-05)
138           	(-3.862389e-03 -3.599020e-04 -1.743710e-02)	(-3.855274e-03 -4.067410e-04 -1.740549e-02)	(-7.115006e-06 4.683896e-05 -3.161069e-05)
139           	(-3.894249e-03 -3.377687e-04 -1.734680e-02)	(-3.887092e-03 -3.842593e-04 -1.731692e-02)	(-7.156225e-06 4.649057e-05 -2.988256e-05)
140           	(-3.930608e-03 -3.138530e-04 -1.726213e-02)	(-3.923444e-03 -3.601284e-04 -1.723417e-02)	(-7.163432e-06 4.627543e-05 -2.796363e-05)
141           	(-3.971111e-03 -2.887780e-04 -1.718844e-02)	(-3.963972e-03 -3.349655e-04 -1.716252e-02)	(-7.138345e-06 4.618749e-05 -2.592225e-05)
142           	(-4.014046e-03 -2.633245e-04 -1.713076e-02)	(-4.006963e-03 -3.095417e-04 -1.710694e-02)	(-7.083080e-06 4.621720e-05 -2.382544e-05)
143           	(-4.057639e-03 -2.380430e-04 -1.709179e-02)	(-4.050640e-03 -2.844005e-04 -1.707006e-02)	(-6.999349e-06 4.635749e-05 -2.173314e-05)
144           	(-4.099983e-03 -2.134764e-04 -1.707225e-02)	(-4.093094e-03 -2.600756e-04 -1.705255e-02)	(-6.889627e-06 4.659927e-05 -1.970152e-05)
145           	(-4.139268e-03 -1.902585e-04 -1.707140e-02)	(-4.132510e-03 -2.371908e-04 -1.705362e-02)	(-6.758616e-06 4.693239e-05 -1.778336e-05)
146           	(-4.174117e-03 -1.691479e-04 -1.708744e-02)	(-4.167503e-03 -2.164811e-04 -1.707140e-02)	(-6.614709e-06 4.733317e-05 -1.603190e-05)
147           	(-4.203590e-03 -1.509419e-04 -1.711812e-02)	(-4.197118e-03 -1.986838e-04 -1.710362e-02)	(-6.472098e-06 4.774185e-05 -1.449184e-05)
148           	(-4.227284e-03 -1.363208e-04 -1.716066e-02)	(-4.220940e-03 -1.844135e-04 -1.714747e-02)	(-6.344714e-06 4.809270e-05 -1.319308e-05)
149           	(-4.243896e-03 -1.261344e-04 -1.721224e-02)	(-4.237662e-03 -1.745018e-04 -1.720009e-02)	(-6.234279e-06 4.836739e-05 -1.214485e-05)
150           	(-4.254011e-03 -1.205197e-04 -1.726688e-02)	(-4.247870e-03 -1.690685e-04 -1.725553e-02)	(-6.141364e-06 4.854883e-05 -1.134654e-05)
151           	(-4.259494e-03 -1.196115e-04 -1.732273e-02)	(-4.253427e-03 -1.682339e-04 -1.731193e-02)	(-6.066999e-06 4.862245e-05 -1.079541e-05)
152           	(-4.261307e-03 -1.233425e-04 -1.738369e-02)	(-4.255294e-03 -1.719217e-04 -1.737320e-02)	(-6.013382e-06 4.857921e-05 -1.049352e-05)
153           	(-4.259263e-03 -1.316910e-04 -1.745016e-02)	(-4.253280e-03 -1.801087e-04 -1.743972e-02)	(-5.982620e-06 4.841769e-05 -1.044299e-05)
154           	(-4.253051e-03 -1.445192e-04 -1.752211e-02)	(-4.247075e-03 -1.926597e-04 -1.751147e-02)	(-5.976275e-06 4.814058e-05 -1.063790e-05)
155           	(-4.241318e-03 -1.615120e-04 -1.760377e-02)	(-4.235326e-03 -2.092772e-04 -1.759271e-02)	(-5.991904e-06 4.776512e-05 -1.105909e-05)
156           	(-4.222023e-03 -1.820547e-04 -1.769408e-02)	(-4.216000e-03 -2.293714e-04 -1.768242e-02)	(-6.022979e-06 4.731670e-05 -1.166669e-05)
157           	(-4.194126e-03 -2.051786e-04 -1.778464e-02)	(-4.188065e-03 -2.519991e-04 -1.777224e-02)	(-6.061521e-06 4.682047e-05 -1.240104e-05)
158           	(-4.157404e-03 -2.294170e-04 -1.786110e-02)	(-4.151304e-03 -2.757180e-04 -1.784790e-02)	(-6.100038e-06 4.630103e-05 -1.320070e-05)
159           	(-4.121422e-03 -2.525598e-04 -1.793165e-02)	(-4.115290e-03 -2.983413e-04 -1.791764e-02)	(-6.131724e-06 4.578151e-05 -1.400424e-05)
160           	(-4.088585e-03 -2.735625e-04 -1.799433e-02)	(-4.082434e-03 -3.188374e-04 -1.797956e-02)	(-6.151649e-06 4.527486e-05 -1.476345e-05)
161           	(-4.059181e-03 -2.920238e-04 -1.804859e-02)	(-4.053026e-03 -3.368148e-04 -1.803315e-02)	(-6.154888e-06 4.479093e-05 -1.544120e-05)
162           	(-4.034078e-03 -3.074905e-04 -1.809771e-02)	(-4.027940e-03 -3.518291e-04 -1.808170e-02)	(-6.137621e-06 4.433867e-05 -1.601688e-05)
163           	(-4.013569e-03 -3.195669e-04 -1.814485e-02)	(-4.007474e-03 -3.635030e-04 -1.812837e-02)	(-6.094916e-06 4.393613e-05 -1.647758e-05)
164           	(-3.998973e-03 -3.274320e-04 -1.819174e-02)	(-3.992948e-03 -3.710335e-04 -1.817491e-02)	(-6.024420e-06 4.360156e-05 -1.682743e-05)
165           	(-3.994692e-03 -3.296196e-04 -1.823570e-02)	(-3.988765e-03 -3.729716e-04 -1.821862e-02)	(-5.926838e-06 4.335201e-05 -1.707288e-05)
166           	(-3.991309e-03 -3.281361e-04 -1.827903e-02)	(-3.985504e-03 -3.713277e-04 -1.826180e-02)	(-5.805532e-06 4.319156e-05 -1.723757e-05)
167           	(-3.987328e-03 -3.229959e-04 -1.832738e-02)	(-3.981662e-03 -3.661103e-04 -1.831003e-02)	(-5.666886e-06 4.311435e-05 -1.734401e-05)
168           	(-3.984571e-03 -3.145792e-04 -1.837454e-02)	(-3.979050e-03 -3.576839e-04 -1.835713e-02)	(-5.520657e-06 4.310471e-05 -1.741170e-05)
169           	(-3.985349e-03 -3.042314e-04 -1.841837e-02)	(-3.979972e-03 -3.473769e-04 -1.840092e-02)	(-5.376261e-06 4.314551e-05 -1.745382e-05)
170           	(-3.989372e-03 -2.927658e-04 -1.845747e-02)	(-3.984130e-03 -3.359809e-04 -1.844000e-02)	(-5.242148e-06 4.321511e-05 -1.747678e-05)
171           	(-3.998054e-03 -2.816623e-04 -1.849107e-02)	(-3.992927e-03 -3.249476e-04 -1.847358e-02)	(-5.126937e-06 4.328527e-05 -1.748976e-05)
172           	(-4.010748e-03 -2.719165e-04 -1.851801e-02)	(-4.005711e-03 -3.152429e-04 -1.850052e-02)	(-5.037095e-06 4.332640e-05 -1.749442e-05)
173           	(-4.027478e-03 -2.646253e-04 -1.853819e-02)	(-4.022501e-03 -3.079352e-04 -1.852070e-02)	(-4.976869e-06 4.330989e-05 -1.748681e-05)
174           	(-4.047786e-03 -2.605166e-04 -1.855070e-02)	(-4.042838e-03 -3.037261e-04 -1.853325e-02)	(-4.947932e-06 4.320952e-05 -1.745468e-05)
175           	(-4.070636e-03 -2.600479e-04 -1.855477e-02)	(-4.065685e-03 -3.030504e-04 -1.853739e-02)	(-4.950272e-06 4.300250e-05 -1.738780e-05)
176           	(-4.094405e-03 -2.631609e-04 -1.854964e-02)	(-4.089424e-03 -3.058369e-04 -1.853237e-02)	(-4.981367e-06 4.267595e-05 -1.727373e-05)
177           	(-4.117652e-03 -2.693003e-04 -1.853445e-02)	(-4.112614e-03 -3.115299e-04 -1.851734e-02)	(-5.037682e-06 4.222968e-05 -1.710394e-05)
178           	(-4.139227e-03 -2.774857e-04 -1.850947e-02)	(-4.134112e-03 -3.191601e-04 -1.849259e-02)	(-5.114641e-06 4.167443e-05 -1.687270e-05)
179           	(-4.158987e-03 -2.864945e-04 -1.847749e-02)	(-4.153780e-03 -3.275266e-04 -1.846091e-02)	(-5.206944e-06 4.103207e-05 -1.658051e-05)
180           	(-4.169962e-03 -2.985399e-04 -1.844348e-02)	(-4.164652e-03 -3.388552e-04 -1.842725e-02)	(-5.310509e-06 4.031532e-05 -1.623379e-05)
181           	(-4.175277e-03 -3.084840e-04 -1.841249e-02)	(-4.169861e-03 -3.480568e-04 -1.839664e-02)	(-5.415566e-06 3.957274e-05 -1.585063e-05)
182           	(-4.185964e-03 -3.176079e-04 -1.837592e-02)	(-4.180443e-03 -3.564223e-04 -1.836049e-02)	(-5.521204e-06 3.881439e-05 -1.542785e-05)
183           	(-4.197449e-03 -3.245661e-04 -1.834268e-02)	(-4.191829e-03 -3.626408e-04 -1.832770e-02)	(-5.620125e-06 3.807467e-05 -1.498070e-05)
184           	(-4.208981e-03 -3.295899e-04 -1.831534e-02)	(-4.203274e-03 -3.669685e-04 -1.830082e-02)	(-5.707052e-06 3.737860e-05 -1.452420e-05)
185           	(-4.213736e-03 -3.321498e-04 -1.829902e-02)	(-4.207959e-03 -3.688988e-04 -1.828493e-02)	(-5.776930e-06 3.674906e-05 -1.408224e-05)
186           	(-4.219667e-03 -3.333256e-04 -1.828846e-02)	(-4.213839e-03 -3.695181e-04 -1.827480e-02)	(-5.828626e-06 3.619251e-05 -1.366009e-05)
187           	(-4.229142e-03 -3.331114e-04 -1.828193e-02)	(-4.223280e-03 -3.688162e-04 -1.826867e-02)	(-5.862092e-06 3.570480e-05 -1.326017e-05)
188           	(-4.239246e-03 -3.323289e-04 -1.828375e-02)	(-4.233367e-03 -3.676042e-04 -1.827086e-02)	(-5.878363e-06 3.527523e-05 -1.288820e-05)
189           	(-4.248530e-03 -3.313958e-04 -1.829381e-02)	(-4.242651e-03 -3.662851e-04 -1.828126e-02)	(-5.879640e-06 3.488933e-05 -1.254794e-05)
190           	(-4.261364e-03 -3.292442e-04 -1.831729e-02)	(-4.255495e-03 -3.637733e-04 -1.830505e-02)	(-5.869269e-06 3.452904e-05 -1.223546e-05)
191           	(-4.274004e-03 -3.267102e-04 -1.834636e-02)	(-4.268153e-03 -3.608875e-04 -1.833441e-02)	(-5.851373e-06 3.417728e-05 -1.195444e-05)
192           	(-4.285675e-03 -3.238517e-04 -1.837886e-02)	(-4.279844e-03 -3.576730e-04 -1.836715e-02)	(-5.830347e-06 3.382134e-05 -1.170823e-05)
193           	(-4.295805e-03 -3.206770e-04 -1.841282e-02)	(-4.289995e-03 -3.541265e-04 -1.840132e-02)	(-5.810468e-06 3.344948e-05 -1.149914e-05)
194           	(-4.304063e-03 -3.171404e-04 -1.844632e-02)	(-4.298267e-03 -3.501946e-04 -1.843499e-02)	(-5.795742e-06 3.305421e-05 -1.132929e-05)
195           	(-4.309895e-03 -3.133081e-04 -1.847744e-02)	(-4.304106e-03 -3.459400e-04 -1.846624e-02)	(-5.789158e-06 3.263184e-05 -1.120241e-05)
196           	(-4.314154e-03 -3.090355e-04 -1.850554e-02)	(-4.308361e-03 -3.412190e-04 -1.849442e-02)	(-5.792140e-06 3.218347e-05 -1.112030e-05)
197           	(-4.316527e-03 -3.045391e-04 -1.852871e-02)	(-4.310722e-03 -3.362534e-04 -1.851762e-02)	(-5.804667e-06 3.171426e-05 -1.108381e-05)
198           	(-4.317852e-03 -2.996796e-04 -1.854801e-02)	(-4.312027e-03 -3.309116e-04 -1.853693e-02)	(-5.824926e-06 3.123192e-05 -1.108800e-05)
199           	(-4.318325e-03 -2.944768e-04 -1.856414e-02)	(-4.312474e-03 -3.252224e-04 -1.855300e-02)	(-5.850970e-06 3.074560e-05 -1.113154e-05)
200           	(-4.318042e-03 -2.889153e-04 -1.857791e-02)	(-4.312162e-03 -3.191840e-04 -1.856671e-02)	(-5.879924e-06 3.026871e-05 -1.120892e-05)
201           	(-4.317228e-03 -2.830437e-04 -1.858918e-02)	(-4.311319e-03 -3.128591e-04 -1.857787e-02)	(-5.908433e-06 2.981542e-05 -1.131529e-05)
202           	(-4.316055e-03 -2.768436e-04 -1.859861e-02)	(-4.310122e-03 -3.062440e-04 -1.858717e-02)	(-5.932687e-06 2.940048e-05 -1.144113e-05)
203           	(-4.314703e-03 -2.702794e-04 -1.860673e-02)	(-4.308753e-03 -2.993155e-04 -1.859514e-02)	(-5.950269e-06 2.903611e-05 -1.158280e-05)
204           	(-4.313364e-03 -2.634125e-04 -1.861400e-02)	(-4.307405e-03 -2.921412e-04 -1.860227e-02)	(-5.959014e-06 2.872869e-05 -1.172994e-05)
205           	(-4.312233e-03 -2.564284e-04 -1.862089e-02)	(-4.306274e-03 -2.849055e-04 -1.860902e-02)	(-5.958730e-06 2.847708e-05 -1.187793e-05)
206           	(-4.311723e-03 -2.496759e-04 -1.862714e-02)	(-4.305773e-03 -2.779512e-04 -1.861513e-02)	(-5.950116e-06 2.827530e-05 -1.201621e-05)
207           	(-4.311708e-03 -2.434969e-04 -1.863377e-02)	(-4.305772e-03 -2.716086e-04 -1.862163e-02)	(-5.935309e-06 2.811167e-05 -1.213705e-05)
208           	(-4.312302e-03 -2.382510e-04 -1.864068e-02)	(-4.306385e-03 -2.662210e-04 -1.862845e-02)	(-5.916978e-06 2.796997e-05 -1.223089e-05)
209           	(-4.313591e-03 -2.342333e-04 -1.864753e-02)	(-4.307692e-03 -2.620636e-04 -1.863524e-02)	(-5.898594e-06 2.783027e-05 -1.229292e-05)
210           	(-4.315681e-03 -2.316355e-04 -1.865320e-02)	(-4.309797e-03 -2.593098e-04 -1.864088e-02)	(-5.883108e-06 2.767430e-05 -1.231872e-05)
211           	(-4.318433e-03 -2.307653e-04 -1.865698e-02)	(-4.312559e-03 -2.582493e-04 -1.864467e-02)	(-5.873614e-06 2.748406e-05 -1.230954e-05)
212           	(-4.321689e-03 -2.314608e-04 -1.866008e-02)	(-4.315817e-03 -2.587073e-04 -1.864781e-02)	(-5.872168e-06 2.724643e-05 -1.226692e-05)
213           	(-4.325280e-03 -2.336662e-04 -1.866245e-02)	(-4.319400e-03 -2.606192e-04 -1.865026e-02)	(-5.880138e-06 2.695301e-05 -1.219454e-05)
214           	(-4.329163e-03 -2.369923e-04 -1.866583e-02)	(-4.323264e-03 -2.635958e-04 -1.865374e-02)	(-5.898360e-06 2.660351e-05 -1.209905e-05)
215           	(-4.334744e-03 -2.368744e-04 -1.867311e-02)	(-4.328816e-03 -2.630785e-04 -1.866113e-02)	(-5.927469e-06 2.620406e-05 -1.198624e-05)
216           	(-4.340249e-03 -2.378093e-04 -1.867849e-02)	(-4.334282e-03 -2.635683e-04 -1.866663e-02)	(-5.967059e-06 2.575903e-05 -1.186032e-05)
217           	(-4.344114e-03 -2.375162e-04 -1.867991e-02)	(-4.338098e-03 -2.627978e-04 -1.866818e-02)	(-6.016185e-06 2.528163e-05 -1.172444e-05)
218           	(-4.346401e-03 -2.440659e-04 -1.867581e-02)	(-4.340327e-03 -2.688422e-04 -1.866423e-02)	(-6.074312e-06 2.477628e-05 -1.158401e-05)
219           	(-4.348213e-03 -2.505769e-04 -1.867254e-02)	(-4.342072e-03 -2.748358e-04 -1.866109e-02)	(-6.140660e-06 2.425891e-05 -1.144212e-05)
220           	(-4.349578e-03 -2.568269e-04 -1.867117e-02)	(-4.343364e-03 -2.805736e-04 -1.865987e-02)	(-6.213878e-06 2.374677e-05 -1.130134e-05)
221           	(-4.350688e-03 -2.626372e-04 -1.867260e-02)	(-4.344396e-03 -2.858905e-04 -1.866144e-02)	(-6.292213e-06 2.325336e-05 -1.116249e-05)
222           	(-4.351483e-03 -2.678334e-04 -1.867782e-02)	(-4.345110e-03 -2.906228e-04 -1.866679e-02)	(-6.372990e-06 2.278945e-05 -1.102614e-05)
223           	(-4.352318e-03 -2.723616e-04 -1.868817e-02)	(-4.345865e-03 -2.947252e-04 -1.867728e-02)	(-6.452479e-06 2.236360e-05 -1.089025e-05)
224           	(-4.353040e-03 -2.759268e-04 -1.870269e-02)	(-4.346513e-03 -2.979087e-04 -1.869194e-02)	(-6.526891e-06 2.198187e-05 -1.075468e-05)
225           	(-4.353716e-03 -2.783398e-04 -1.872080e-02)	(-4.347123e-03 -2.999905e-04 -1.871018e-02)	(-6.593042e-06 2.165067e-05 -1.062243e-05)
226           	(-4.354389e-03 -2.794470e-04 -1.874158e-02)	(-4.347741e-03 -3.008219e-04 -1.873108e-02)	(-6.648579e-06 2.137490e-05 -1.049900e-05)
227           	(-4.355087e-03 -2.792206e-04 -1.876428e-02)	(-4.348395e-03 -3.003759e-04 -1.875389e-02)	(-6.692245e-06 2.115535e-05 -1.039056e-05)
228           	(-4.355825e-03 -2.777813e-04 -1.878852e-02)	(-4.349101e-03 -2.987694e-04 -1.877822e-02)	(-6.724148e-06 2.098805e-05 -1.030343e-05)
229           	(-4.356607e-03 -2.754051e-04 -1.881436e-02)	(-4.349862e-03 -2.962716e-04 -1.880412e-02)	(-6.744778e-06 2.086647e-05 -1.023858e-05)
230           	(-4.357380e-03 -2.724425e-04 -1.884219e-02)	(-4.350624e-03 -2.932197e-04 -1.883200e-02)	(-6.755950e-06 2.077713e-05 -1.019816e-05)
231           	(-4.358201e-03 -2.693335e-04 -1.887239e-02)	(-4.351442e-03 -2.900375e-04 -1.886221e-02)	(-6.759519e-06 2.070400e-05 -1.018021e-05)
232           	(-4.359030e-03 -2.665180e-04 -1.890536e-02)	(-4.352272e-03 -2.871472e-04 -1.889518e-02)	(-6.758165e-06 2.062918e-05 -1.018435e-05)
233           	(-4.359755e-03 -2.643791e-04 -1.894188e-02)	(-4.353000e-03 -2.849212e-04 -1.893167e-02)	(-6.754751e-06 2.054201e-05 -1.021040e-05)
234           	(-4.360261e-03 -2.632376e-04 -1.898136e-02)	(-4.353509e-03 -2.836719e-04 -1.897110e-02)	(-6.752078e-06 2.043436e-05 -1.025651e-05)
235           	(-4.360386e-03 -2.633703e-04 -1.902398e-02)	(-4.353634e-03 -2.836693e-04 -1.901366e-02)	(-6.751821e-06 2.029896e-05 -1.031621e-05)
236           	(-4.360086e-03 -2.649597e-04 -1.906820e-02)	(-4.353331e-03 -2.850945e-04 -1.905782e-02)	(-6.755619e-06 2.013473e-05 -1.038324e-05)
237           	(-4.359302e-03 -2.679830e-04 -1.911305e-02)	(-4.352538e-03 -2.879270e-04 -1.910261e-02)	(-6.763488e-06 1.994396e-05 -1.044491e-05)
238           	(-4.358009e-03 -2.723006e-04 -1.915761e-02)	(-4.351233e-03 -2.920269e-04 -1.914712e-02)	(-6.775576e-06 1.972636e-05 -1.049131e-05)
239           	(-4.356223e-03 -2.776883e-04 -1.920103e-02)	(-4.349432e-03 -2.971733e-04 -1.919051e-02)	(-6.791468e-06 1.948505e-05 -1.051277e-05)
240           	(-4.352952e-03 -2.838533e-04 -1.924592e-02)	(-4.346141e-03 -3.030767e-04 -1.923542e-02)	(-6.810877e-06 1.922336e-05 -1.050579e-05)
241           	(-4.348223e-03 -2.903107e-04 -1.928784e-02)	(-4.341389e-03 -3.092574e-04 -1.927737e-02)	(-6.833463e-06 1.894666e-05 -1.046560e-05)
242           	(-4.342467e-03 -2.965436e-04 -1.932336e-02)	(-4.335608e-03 -3.152057e-04 -1.931297e-02)	(-6.859278e-06 1.866206e-05 -1.038927e-05)
243           	(-4.336703e-03 -3.023925e-04 -1.935200e-02)	(-4.329815e-03 -3.207700e-04 -1.934173e-02)	(-6.887985e-06 1.837752e-05 -1.027318e-05)
244           	(-4.331592e-03 -3.076113e-04 -1.937277e-02)	(-4.324673e-03 -3.257109e-04 -1.936266e-02)	(-6.919557e-06 1.809963e-05 -1.011679e-05)
245           	(-4.330130e-03 -3.127835e-04 -1.938413e-02)	(-4.323176e-03 -3.306194e-04 -1.937421e-02)	(-6.954157e-06 1.783593e-05 -9.919332e-06)
246           	(-4.329087e-03 -3.173937e-04 -1.939029e-02)	(-4.322096e-03 -3.349841e-04 -1.938060e-02)	(-6.991405e-06 1.759036e-05 -9.686222e-06)
247           	(-4.328592e-03 -3.215758e-04 -1.939207e-02)	(-4.321561e-03 -3.389397e-04 -1.938265e-02)	(-7.030418e-06 1.736394e-05 -9.420808e-06)
248           	(-4.328803e-03 -3.254697e-04 -1.939000e-02)	(-4.321732e-03 -3.426239e-04 -1.938087e-02)	(-7.070244e-06 1.715417e-05 -9.126635e-06)
249           	(-4.332787e-03 -3.236161e-04 -1.938697e-02)	(-4.325677e-03 -3.405785e-04 -1.937816e-02)	(-7.109697e-06 1.696241e-05 -8.805138e-06)
250           	(-4.336719e-03 -3.273164e-04 -1.937996e-02)	(-4.329570e-03 -3.440874e-04 -1.937150e-02)	(-7.148744e-06 1.677102e-05 -8.463845e-06)
251           	(-4.342216e-03 -3.311205e-04 -1.937187e-02)	(-4.335030e-03 -3.476976e-04 -1.936376e-02)	(-7.186441e-06 1.657703e-05 -8.106161e-06)
252           	(-4.349227e-03 -3.349156e-04 -1.936369e-02)	(-4.342004e-03 -3.512948e-04 -1.935595e-02)	(-7.222512e-06 1.637922e-05 -7.737417e-06)
253           	(-4.357556e-03 -3.385413e-04 -1.935628e-02)	(-4.350298e-03 -3.547179e-04 -1.934891e-02)	(-7.257334e-06 1.617660e-05 -7.368316e-06)
254           	(-4.366836e-03 -3.418132e-04 -1.935027e-02)	(-4.359545e-03 -3.577797e-04 -1.934326e-02)	(-7.291173e-06 1.596651e-05 -7.009469e-06)
255           	(-4.376631e-03 -3.445857e-04 -1.934617e-02)	(-4.369307e-03 -3.603312e-04 -1.933949e-02)	(-7.324284e-06 1.574555e-05 -6.672358e-06)
256           	(-4.386567e-03 -3.466969e-04 -1.934414e-02)	(-4.379210e-03 -3.622130e-04 -1.933778e-02)	(-7.356219e-06 1.551615e-05 -6.363557e-06)
257           	(-4.396355e-03 -3.480985e-04 -1.934424e-02)	(-4.388968e-03 -3.633833e-04 -1.933816e-02)	(-7.386223e-06 1.528487e-05 -6.086356e-06)
258           	(-4.405720e-03 -3.488089e-04 -1.934645e-02)	(-4.398305e-03 -3.638698e-04 -1.934060e-02)	(-7.414108e-06 1.506098e-05 -5.845073e-06)
259           	(-4.414142e-03 -3.489433e-04 -1.935109e-02)	(-4.406703e-03 -3.637909e-04 -1.934544e-02)	(-7.439397e-06 1.484762e-05 -5.643072e-06)
260           	(-4.421724e-03 -3.487542e-04 -1.935804e-02)	(-4.414262e-03 -3.634009e-04 -1.935256e-02)	(-7.461900e-06 1.464667e-05 -5.482830e-06)
261           	(-4.428278e-03 -3.484987e-04 -1.936764e-02)	(-4.420797e-03 -3.629586e-04 -1.936227e-02)	(-7.481456e-06 1.445990e-05 -5.365729e-06)
262           	(-4.430465e-03 -3.479324e-04 -1.938049e-02)	(-4.422968e-03 -3.622215e-04 -1.937520e-02)	(-7.497318e-06 1.428908e-05 -5.292095e-06)
263           	(-4.431946e-03 -3.477883e-04 -1.939578e-02)	(-4.424436e-03 -3.619228e-04 -1.939053e-02)	(-7.509596e-06 1.413451e-05 -5.256011e-06)
264           	(-4.432918e-03 -3.481822e-04 -1.941316e-02)	(-4.425400e-03 -3.621752e-04 -1.940791e-02)	(-7.518280e-06 1.399305e-05 -5.250045e-06)
265           	(-4.433434e-03 -3.491107e-04 -1.943215e-02)	(-4.425911e-03 -3.629748e-04 -1.942688e-02)	(-7.523170e-06 1.386403e-05 -5.263581e-06)
266           	(-4.433656e-03 -3.505382e-04 -1.945253e-02)	(-4.426131e-03 -3.642895e-04 -1.944724e-02)	(-7.524317e-06 1.375130e-05 -5.284651e-06)
267           	(-4.433542e-03 -3.523842e-04 -1.947315e-02)	(-4.426020e-03 -3.660401e-04 -1.946785e-02)	(-7.522008e-06 1.365584e-05 -5.301835e-06)
268           	(-4.433167e-03 -3.545155e-04 -1.949316e-02)	(-4.425650e-03 -3.680914e-04 -1.948785e-02)	(-7.517025e-06 1.357592e-05 -5.306519e-06)
269           	(-4.432596e-03 -3.567522e-04 -1.951153e-02)	(-4.425085e-03 -3.702628e-04 -1.950624e-02)	(-7.510470e-06 1.351062e-05 -5.291438e-06)
270           	(-4.431885e-03 -3.588500e-04 -1.952722e-02)	(-4.424382e-03 -3.723078e-04 -1.952197e-02)	(-7.503525e-06 1.345781e-05 -5.250003e-06)
271           	(-4.431113e-03 -3.605976e-04 -1.953924e-02)	(-4.423615e-03 -3.740155e-04 -1.953406e-02)	(-7.497680e-06 1.341789e-05 -5.180156e-06)
272           	(-4.430390e-03 -3.619379e-04 -1.954685e-02)	(-4.422895e-03 -3.753241e-04 -1.954177e-02)	(-7.494738e-06 1.338613e-05 -5.083020e-06)
273           	(-4.429841e-03 -3.629183e-04 -1.954960e-02)	(-4.422345e-03 -3.762749e-04 -1.954464e-02)	(-7.495942e-06 1.335658e-05 -4.961255e-06)
274           	(-4.429646e-03 -3.637880e-04 -1.954793e-02)	(-4.422144e-03 -3.771082e-04 -1.954311e-02)	(-7.502241e-06 1.332013e-05 -4.820147e-06)
275           	(-4.429889e-03 -3.647047e-04 -1.954146e-02)	(-4.422375e-03 -3.779796e-04 -1.953679e-02)	(-7.513384e-06 1.327492e-05 -4.661370e-06)
276           	(-4.433093e-03 -3.568499e-04 -1.952985e-02)	(-4.425565e-03 -3.700804e-04 -1.952536e-02)	(-7.527815e-06 1.323047e-05 -4.485088e-06)
277           	(-4.434404e-03 -3.585694e-04 -1.951555e-02)	(-4.426858e-03 -3.717389e-04 -1.951125e-02)	(-7.546490e-06 1.316951e-05 -4.299483e-06)
278           	(-4.436325e-03 -3.605569e-04 -1.949856e-02)	(-4.428756e-03 -3.736473e-04 -1.949445e-02)	(-7.568753e-06 1.309042e-05 -4.110474e-06)
279           	(-4.438819e-03 -3.625396e-04 -1.947988e-02)	(-4.431226e-03 -3.755323e-04 -1.947596e-02)	(-7.592953e-06 1.299265e-05 -3.918878e-06)
280           	(-4.444627e-03 -3.573089e-04 -1.945984e-02)	(-4.437011e-03 -3.701971e-04 -1.945612e-02)	(-7.616556e-06 1.288820e-05 -3.720717e-06)
281           	(-4.447623e-03 -3.583286e-04 -1.944014e-02)	(-4.439983e-03 -3.711067e-04 -1.943661e-02)	(-7.639888e-06 1.277818e-05 -3.524175e-06)
282           	(-4.450753e-03 -3.584560e-04 -1.942144e-02)	(-4.443091e-03 -3.711284e-04 -1.941811e-02)	(-7.662888e-06 1.267245e-05 -3.334447e-06)
283           	(-4.453911e-03 -3.575652e-04 -1.940442e-02)	(-4.446226e-03 -3.701467e-04 -1.940126e-02)	(-7.685503e-06 1.258152e-05 -3.153996e-06)
284           	(-4.457000e-03 -3.557346e-04 -1.938927e-02)	(-4.449292e-03 -3.682455e-04 -1.938629e-02)	(-7.707845e-06 1.251097e-05 -2.985066e-06)
285           	(-4.459940e-03 -3.532220e-04 -1.937638e-02)	(-4.452210e-03 -3.656871e-04 -1.937355e-02)	(-7.729573e-06 1.246505e-05 -2.825425e-06)
286           	(-4.462667e-03 -3.504157e-04 -1.936602e-02)	(-4.454916e-03 -3.628583e-04 -1.936334e-02)	(-7.750939e-06 1.244258e-05 -2.674819e-06)
287           	(-4.464635e-03 -3.479343e-04 -1.936227e-02)	(-4.456863e-03 -3.603674e-04 -1.935973e-02)	(-7.771961e-06 1.243310e-05 -2.534794e-06)
288           	(-4.466320e-03 -3.459843e-04 -1.935916e-02)	(-4.458527e-03 -3.584082e-04 -1.935675e-02)	(-7.793064e-06 1.242397e-05 -2.404545e-06)
289           	(-4.467841e-03 -3.448428e-04 -1.935566e-02)	(-4.460028e-03 -3.572446e-04 -1.935338e-02)	(-7.813710e-06 1.240184e-05 -2.279162e-06)
290           	(-4.469336e-03 -3.446533e-04 -1.935102e-02)	(-4.461502e-03 -3.570121e-04 -1.934886e-02)	(-7.833387e-06 1.235878e-05 -2.154905e-06)
291           	(-4.470992e-03 -3.454926e-04 -1.934462e-02)	(-4.463140e-03 -3.577781e-04 -1.934259e-02)	(-7.851863e-06 1.228556e-05 -2.031029e-06)
292           	(-4.472998e-03 -3.472912e-04 -1.933642e-02)	(-4.465129e-03 -3.594747e-04 -1.933451e-02)	(-7.868999e-06 1.218347e-05 -1.906440e-06)
293           	(-4.475489e-03 -3.499426e-04 -1.932665e-02)	(-4.467604e-03 -3.620025e-04 -1.932487e-02)	(-7.884194e-06 1.205994e-05 -1.776833e-06)
294           	(-4.479638e-03 -3.537267e-04 -1.931450e-02)	(-4.471740e-03 -3.656522e-04 -1.931286e-02)	(-7.897143e-06 1.192553e-05 -1.637442e-06)
295           	(-4.485639e-03 -3.580692e-04 -1.930067e-02)	(-4.477731e-03 -3.698627e-04 -1.929918e-02)	(-7.907851e-06 1.179347e-05 -1.484807e-06)
296           	(-4.492998e-03 -3.622877e-04 -1.928471e-02)	(-4.485081e-03 -3.739578e-04 -1.928340e-02)	(-7.916312e-06 1.167016e-05 -1.315859e-06)
297           	(-4.501687e-03 -3.659006e-04 -1.926673e-02)	(-4.493764e-03 -3.774583e-04 -1.926560e-02)	(-7.923081e-06 1.155765e-05 -1.131192e-06)
298           	(-4.511753e-03 -3.685172e-04 -1.924679e-02)	(-4.503824e-03 -3.799743e-04 -1.924585e-02)	(-7.929066e-06 1.145708e-05 -9.334496e-07)
299           	(-4.521838e-03 -3.698127e-04 -1.922503e-02)	(-4.513902e-03 -3.811848e-04 -1.922430e-02)	(-7.935424e-06 1.137218e-05 -7.287071e-07)
300           	(-4.532776e-03 -3.697008e-04 -1.920326e-02)	(-4.524833e-03 -3.810046e-04 -1.920274e-02)	(-7.943196e-06 1.130387e-05 -5.225820e-07)
301           	(-4.544028e-03 -3.683227e-04 -1.918263e-02)	(-4.536073e-03 -3.795738e-04 -1.918231e-02)	(-7.954435e-06 1.125105e-05 -3.280992e-07)
302           	(-4.554926e-03 -3.660700e-04 -1.916415e-02)	(-4.546956e-03 -3.772756e-04 -1.916400e-02)	(-7.969687e-06 1.120557e-05 -1.515233e-07)
303           	(-4.565156e-03 -3.634239e-04 -1.914841e-02)	(-4.557168e-03 -3.745858e-04 -1.914842e-02)	(-7.987353e-06 1.116191e-05 1.225069e-08)
304           	(-4.574315e-03 -3.608620e-04 -1.913492e-02)	(-4.566309e-03 -3.719756e-04 -1.913509e-02)	(-8.005754e-06 1.111361e-05 1.693652e-07)
305           	(-4.583005e-03 -3.583297e-04 -1.912463e-02)	(-4.574980e-03 -3.693869e-04 -1.912495e-02)	(-8.024920e-06 1.105725e-05 3.175258e-07)
306           	(-4.590810e-03 -3.558763e-04 -1.911710e-02)	(-4.582765e-03 -3.668710e-04 -1.911755e-02)	(-8.045299e-06 1.099471e-05 4.534048e-07)
307           	(-4.596380e-03 -3.538464e-04 -1.911114e-02)	(-4.588314e-03 -3.647739e-04 -1.911172e-02)	(-8.066429e-06 1.092757e-05 5.788787e-07)
308           	(-4.598449e-03 -3.524743e-04 -1.910247e-02)	(-4.590362e-03 -3.633286e-04 -1.910316e-02)	(-8.087352e-06 1.085426e-05 6.987199e-07)
309           	(-4.600524e-03 -3.504981e-04 -1.909379e-02)	(-4.592416e-03 -3.612714e-04 -1.909461e-02)	(-8.107742e-06 1.077330e-05 8.164952e-07)
310           	(-4.602597e-03 -3.476440e-04 -1.908557e-02)	(-4.594468e-03 -3.583355e-04 -1.908650e-02)	(-8.128655e-06 1.069150e-05 9.280585e-07)
311           	(-4.604532e-03 -3.438600e-04 -1.907838e-02)	(-4.596381e-03 -3.544780e-04 -1.907941e-02)	(-8.150940e-06 1.061806e-05 1.030171e-06)
312           	(-4.604005e-03 -3.391833e-04 -1.907649e-02)	(-4.595830e-03 -3.497408e-04 -1.907761e-02)	(-8.175126e-06 1.055752e-05 1.118294e-06)
313           	(-4.600927e-03 -3.359995e-04 -1.907496e-02)	(-4.592727e-03 -3.465053e-04 -1.907616e-02)	(-8.200734e-06 1.050583e-05 1.196093e-06)
314           	(-4.596970e-03 -3.341637e-04 -1.907307e-02)	(-4.588742e-03 -3.446164e-04 -1.907434e-02)	(-8.227602e-06 1.045272e-05 1.266307e-06)
315           	(-4.593632e-03 -3.327677e-04 -1.907039e-02)	(-4.585376e-03 -3.431583e-04 -1.907172e-02)	(-8.255998e-06 1.039069e-05 1.328720e-06)
316           	(-4.595492e-03 -3.287847e-04 -1.906437e-02)	(-4.587207e-03 -3.391051e-04 -1.906576e-02)	(-8.285833e-06 1.032037e-05 1.387363e-06)
317           	(-4.597235e-03 -3.253484e-04 -1.905866e-02)	(-4.588918e-03 -3.355817e-04 -1.906010e-02)	(-8.316315e-06 1.023326e-05 1.440152e-06)
318           	(-4.598794e-03 -3.224695e-04 -1.905319e-02)	(-4.590448e-03 -3.325984e-04 -1.905468e-02)	(-8.346080e-06 1.012887e-05 1.488438e-06)
319           	(-4.600148e-03 -3.202037e-04 -1.904795e-02)	(-4.591774e-03 -3.302146e-04 -1.904948e-02)	(-8.373733e-06 1.001094e-05 1.533236e-06)
320           	(-4.601287e-03 -3.185515e-04 -1.904276e-02)	(-4.592890e-03 -3.284320e-04 -1.904434e-02)	(-8.397107e-06 9.880522e-06 1.580827e-06)
321           	(-4.602128e-03 -3.174680e-04 -1.903736e-02)	(-4.593713e-03 -3.272186e-04 -1.903899e-02)	(-8.415624e-06 9.750584e-06 1.631300e-06)
322           	(-4.602786e-03 -3.168772e-04 -1.903150e-02)	(-4.594357e-03 -3.265132e-04 -1.903319e-02)	(-8.429080e-06 9.636015e-06 1.685880e-06)
323           	(-4.603276e-03 -3.166097e-04 -1.902459e-02)	(-4.594838e-03 -3.261545e-04 -1.902634e-02)	(-8.437784e-06 9.544791e-06 1.743108e-06)
324           	(-4.603619e-03 -3.164389e-04 -1.901516e-02)	(-4.595177e-03 -3.259142e-04 -1.901696e-02)	(-8.442324e-06 9.475228e-06 1.802046e-06)
325           	(-4.604176e-03 -3.161280e-04 -1.900215e-02)	(-4.595733e-03 -3.255490e-04 -1.900402e-02)	(-8.443223e-06 9.420999e-06 1.863168e-06)
326           	(-4.605161e-03 -3.154085e-04 -1.898591e-02)	(-4.596719e-03 -3.247830e-04 -1.898784e-02)	(-8.441248e-06 9.374477e-06 1.925760e-06)
327           	(-4.606924e-03 -3.142118e-04 -1.896630e-02)	(-4.598486e-03 -3.235453e-04 -1.896829e-02)	(-8.438065e-06 9.333491e-06 1.986974e-06)
328           	(-4.611261e-03 -3.124955e-04 -1.894303e-02)	(-4.602825e-03 -3.217969e-04 -1.894507e-02)	(-8.436043e-06 9.301387e-06 2.042978e-06)
329           	(-4.617301e-03 -3.101964e-04 -1.891821e-02)	(-4.608864e-03 -3.194716e-04 -1.892030e-02)	(-8.436872e-06 9.275197e-06 2.091222e-06)
330           	(-4.625971e-03 -3.075204e-04 -1.889314e-02)	(-4.617530e-03 -3.167750e-04 -1.889527e-02)	(-8.441062e-06 9.254584e-06 2.135635e-06)
331           	(-4.635581e-03 -3.047540e-04 -1.887020e-02)	(-4.627133e-03 -3.139934e-04 -1.887238e-02)	(-8.447847e-06 9.239430e-06 2.181286e-06)
332           	(-4.643959e-03 -3.021932e-04 -1.885064e-02)	(-4.635503e-03 -3.114203e-04 -1.885287e-02)	(-8.456331e-06 9.227035e-06 2.232804e-06)
333           	(-4.652372e-03 -3.000170e-04 -1.883482e-02)	(-4.643904e-03 -3.092379e-04 -1.883711e-02)	(-8.467922e-06 9.220903e-06 2.285491e-06)
334           	(-4.660603e-03 -2.982396e-04 -1.882270e-02)	(-4.652120e-03 -3.074621e-04 -1.882503e-02)	(-8.483291e-06 9.222500e-06 2.337349e-06)
335           	(-4.668513e-03 -2.967629e-04 -1.881368e-02)	(-4.660012e-03 -3.059933e-04 -1.881608e-02)	(-8.501726e-06 9.230330e-06 2.393714e-06)
336           	(-4.675991e-03 -2.953719e-04 -1.880687e-02)	(-4.667470e-03 -3.046111e-04 -1.880933e-02)	(-8.521729e-06 9.239186e-06 2.463717e-06)
337           	(-4.682955e-03 -2.937808e-04 -1.880123e-02)	(-4.674412e-03 -3.030279e-04 -1.880378e-02)	(-8.542867e-06 9.247161e-06 2.551138e-06)
338           	(-4.689724e-03 -2.916741e-04 -1.879592e-02)	(-4.681159e-03 -3.009288e-04 -1.879857e-02)	(-8.565269e-06 9.254673e-06 2.655165e-06)
339           	(-4.696428e-03 -2.853012e-04 -1.878895e-02)	(-4.687839e-03 -2.945787e-04 -1.879172e-02)	(-8.589716e-06 9.277562e-06 2.769489e-06)
340           	(-4.700811e-03 -2.825451e-04 -1.878137e-02)	(-4.692194e-03 -2.918621e-04 -1.878426e-02)	(-8.617537e-06 9.317047e-06 2.884544e-06)
341           	(-4.703255e-03 -2.797278e-04 -1.877011e-02)	(-4.694606e-03 -2.891066e-04 -1.877311e-02)	(-8.648596e-06 9.378827e-06 2.999782e-06)
342           	(-4.705836e-03 -2.766436e-04 -1.875699e-02)	(-4.697153e-03 -2.860946e-04 -1.876011e-02)	(-8.682229e-06 9.451081e-06 3.118766e-06)
343           	(-4.708548e-03 -2.734512e-04 -1.874229e-02)	(-4.699830e-03 -2.829684e-04 -1.874554e-02)	(-8.717110e-06 9.517183e-06 3.246502e-06)
344           	(-4.711370e-03 -2.702440e-04 -1.872631e-02)	(-4.702617e-03 -2.798209e-04 -1.872968e-02)	(-8.752955e-06 9.576873e-06 3.379655e-06)
345           	(-4.714283e-03 -2.671351e-04 -1.870914e-02)	(-4.705495e-03 -2.767675e-04 -1.871265e-02)	(-8.788642e-06 9.632432e-06 3.516695e-06)
346           	(-4.717450e-03 -2.641491e-04 -1.869161e-02)	(-4.708627e-03 -2.738434e-04 -1.869526e-02)	(-8.822738e-06 9.694305e-06 3.657450e-06)
347           	(-4.720671e-03 -2.615685e-04 -1.867483e-02)	(-4.711818e-03 -2.713343e-04 -1.867864e-02)	(-8.852790e-06 9.765877e-06 3.803238e-06)
348           	(-4.723954e-03 -2.595767e-04 -1.865961e-02)	(-4.715077e-03 -2.694193e-04 -1.866357e-02)	(-8.876472e-06 9.842596e-06 3.953773e-06)
349           	(-4.726688e-03 -2.583437e-04 -1.864802e-02)	(-4.717795e-03 -2.682746e-04 -1.865212e-02)	(-8.893127e-06 9.930880e-06 4.099898e-06)
350           	(-4.729967e-03 -2.575288e-04 -1.863718e-02)	(-4.721064e-03 -2.675724e-04 -1.864142e-02)	(-8.902789e-06 1.004365e-05 4.236659e-06)
351           	(-4.733086e-03 -2.570274e-04 -1.862871e-02)	(-4.724181e-03 -2.672083e-04 -1.863308e-02)	(-8.904434e-06 1.018081e-05 4.363026e-06)
352           	(-4.736315e-03 -2.565231e-04 -1.862206e-02)	(-4.727417e-03 -2.668598e-04 -1.862654e-02)	(-8.897666e-06 1.033669e-05 4.477981e-06)
353           	(-4.739173e-03 -2.557836e-04 -1.861730e-02)	(-4.730290e-03 -2.662847e-04 -1.862187e-02)	(-8.883077e-06 1.050118e-05 4.576806e-06)
354           	(-4.741597e-03 -2.546589e-04 -1.861403e-02)	(-4.732735e-03 -2.653268e-04 -1.861869e-02)	(-8.862052e-06 1.066785e-05 4.656136e-06)
355           	(-4.743575e-03 -2.530638e-04 -1.861189e-02)	(-4.734738e-03 -2.638970e-04 -1.861661e-02)	(-8.836283e-06 1.083320e-05 4.714387e-06)
356           	(-4.745134e-03 -2.510621e-04 -1.861062e-02)	(-4.736327e-03 -2.620503e-04 -1.861538e-02)	(-8.807825e-06 1.098829e-05 4.751378e-06)
357           	(-4.746322e-03 -2.488088e-04 -1.861007e-02)	(-4.737543e-03 -2.599371e-04 -1.861484e-02)	(-8.778284e-06 1.112829e-05 4.770951e-06)
358           	(-4.747207e-03 -2.465636e-04 -1.861021e-02)	(-4.738459e-03 -2.578166e-04 -1.861499e-02)	(-8.748679e-06 1.125300e-05 4.781618e-06)
359           	(-4.747904e-03 -2.445598e-04 -1.861101e-02)	(-4.739184e-03 -2.559318e-04 -1.861580e-02)	(-8.720516e-06 1.137208e-05 4.787630e-06)
360           	(-4.748574e-03 -2.429159e-04 -1.861215e-02)	(-4.739877e-03 -2.544073e-04 -1.861694e-02)	(-8.696763e-06 1.149142e-05 4.787052e-06)
361           	(-4.748920e-03 -2.416163e-04 -1.861271e-02)	(-4.740241e-03 -2.532216e-04 -1.861750e-02)	(-8.678656e-06 1.160524e-05 4.785175e-06)
362           	(-4.749329e-03 -2.405581e-04 -1.861201e-02)	(-4.740663e-03 -2.522685e-04 -1.861680e-02)	(-8.666280e-06 1.171034e-05 4.793036e-06)
363           	(-4.750076e-03 -2.395824e-04 -1.860930e-02)	(-4.741417e-03 -2.513806e-04 -1.861412e-02)	(-8.659820e-06 1.179812e-05 4.817572e-06)
364           	(-4.751476e-03 -2.384037e-04 -1.860403e-02)	(-4.742817e-03 -2.502733e-04 -1.860889e-02)	(-8.659236e-06 1.186967e-05 4.864319e-06)
