# Force       
# CofR        : (0.000000e+00 0.000000e+00 0.000000e+00)
#
# Time        	(total_x total_y total_z)	(pressure_x pressure_y pressure_z)	(viscous_x viscous_y viscous_z)
1             	(8.442149e+01 4.392860e+01 -3.809385e-02)	(8.430249e+01 4.391873e+01 -3.786946e-02)	(1.189975e-01 9.869398e-03 -2.243980e-04)
2             	(7.001556e+01 3.649571e+01 1.060627e-01)	(6.995594e+01 3.650821e+01 1.065551e-01)	(5.962407e-02 -1.249384e-02 -4.923819e-04)
3             	(4.169282e+01 2.182951e+01 7.298924e-01)	(4.167829e+01 2.186071e+01 7.314042e-01)	(1.452678e-02 -3.120502e-02 -1.511725e-03)
4             	(8.990996e+00 4.653433e+00 1.629336e+00)	(8.999140e+00 4.695446e+00 1.630191e+00)	(-8.144060e-03 -4.201345e-02 -8.552912e-04)
5             	(-1.925117e+01 -1.039558e+01 2.484784e+00)	(-1.923525e+01 -1.035084e+01 2.485708e+00)	(-1.591648e-02 -4.473922e-02 -9.243133e-04)
6             	(-3.336537e+01 -1.790065e+01 2.966349e+00)	(-3.336564e+01 -1.786643e+01 2.964922e+00)	(2.611779e-04 -3.421773e-02 1.426840e-03)
7             	(-3.384430e+01 -1.812074e+01 2.760585e+00)	(-3.388239e+01 -1.810762e+01 2.756795e+00)	(3.809185e-02 -1.311283e-02 3.789576e-03)
8             	(-2.639841e+01 -1.415532e+01 2.120354e+00)	(-2.648031e+01 -1.416639e+01 2.114889e+00)	(8.189793e-02 1.107279e-02 5.464779e-03)
9             	(-1.387756e+01 -7.462226e+00 9.749756e-01)	(-1.398313e+01 -7.486434e+00 9.688563e-01)	(1.055699e-01 2.420879e-02 6.119340e-03)
10            	(-8.698136e-01 -5.059269e-01 -1.384396e-01)	(-9.771869e-01 -5.323328e-01 -1.445836e-01)	(1.073733e-01 2.640587e-02 6.143919e-03)
11            	(8.773603e+00 4.628860e+00 -8.666175e-01)	(8.678903e+00 4.608127e+00 -8.727256e-01)	(9.469987e-02 2.073341e-02 6.108076e-03)
12            	(1.353459e+01 7.147701e+00 -1.004593e+00)	(1.346061e+01 7.136954e+00 -1.010770e+00)	(7.398355e-02 1.074701e-02 6.177408e-03)
13            	(1.365184e+01 7.204314e+00 -5.719974e-01)	(1.360123e+01 7.204782e+00 -5.778410e-01)	(5.060562e-02 -4.686154e-04 5.843611e-03)
14            	(1.081371e+01 5.677500e+00 1.440944e-01)	(1.078278e+01 5.687421e+00 1.389142e-01)	(3.093554e-02 -9.920237e-03 5.180225e-03)
15            	(6.599124e+00 3.431284e+00 1.035244e+00)	(6.581778e+00 3.447785e+00 1.030439e+00)	(1.734661e-02 -1.650129e-02 4.805599e-03)
16            	(2.124817e+00 1.020139e+00 1.928339e+00)	(2.113593e+00 1.039571e+00 1.923058e+00)	(1.122401e-02 -1.943160e-02 5.281078e-03)
17            	(-1.390606e+00 -8.621258e-01 2.476758e+00)	(-1.402711e+00 -8.432891e-01 2.470044e+00)	(1.210538e-02 -1.883671e-02 6.713830e-03)
18            	(-3.077450e+00 -1.758049e+00 2.588838e+00)	(-3.095606e+00 -1.742497e+00 2.580538e+00)	(1.815635e-02 -1.555198e-02 8.299299e-03)
19            	(-3.431401e+00 -1.941957e+00 2.381651e+00)	(-3.457593e+00 -1.930824e+00 2.371548e+00)	(2.619206e-02 -1.113347e-02 1.010288e-02)
20            	(-2.750147e+00 -1.571403e+00 2.020483e+00)	(-2.783447e+00 -1.564401e+00 2.008823e+00)	(3.330053e-02 -7.002039e-03 1.165909e-02)
21            	(-1.581784e+00 -9.440943e-01 1.595510e+00)	(-1.619753e+00 -9.401194e-01 1.582761e+00)	(3.796914e-02 -3.974905e-03 1.274886e-02)
22            	(-2.269228e-01 -2.187897e-01 1.197409e+00)	(-2.666476e-01 -2.164138e-01 1.184127e+00)	(3.972479e-02 -2.375951e-03 1.328241e-02)
23            	(9.385157e-01 4.000710e-01 9.801732e-01)	(8.996136e-01 4.022025e-01 9.667729e-01)	(3.890204e-02 -2.131483e-03 1.340028e-02)
24            	(1.622576e+00 7.693168e-01 9.736056e-01)	(1.586282e+00 7.721655e-01 9.603151e-01)	(3.629368e-02 -2.848715e-03 1.329050e-02)
25            	(1.896815e+00 9.166436e-01 1.122313e+00)	(1.863918e+00 9.206989e-01 1.109265e+00)	(3.289694e-02 -4.055316e-03 1.304844e-02)
26            	(1.813467e+00 8.748005e-01 1.351020e+00)	(1.783841e+00 8.801113e-01 1.338179e+00)	(2.962552e-02 -5.310840e-03 1.284121e-02)
27            	(1.540725e+00 7.348920e-01 1.583881e+00)	(1.513556e+00 7.411525e-01 1.571096e+00)	(2.716817e-02 -6.260448e-03 1.278486e-02)
28            	(1.194224e+00 5.544013e-01 1.798138e+00)	(1.168423e+00 5.611348e-01 1.785183e+00)	(2.580086e-02 -6.733447e-03 1.295521e-02)
29            	(8.771891e-01 3.869596e-01 1.940564e+00)	(8.516935e-01 3.936789e-01 1.927207e+00)	(2.549560e-02 -6.719280e-03 1.335721e-02)
30            	(6.399881e-01 2.657732e-01 1.998812e+00)	(6.140583e-01 2.720964e-01 1.984851e+00)	(2.592972e-02 -6.323145e-03 1.396112e-02)
31            	(4.805284e-01 1.885471e-01 1.989123e+00)	(4.538499e-01 1.942853e-01 1.974440e+00)	(2.667855e-02 -5.738111e-03 1.468347e-02)
32            	(4.044785e-01 1.526311e-01 1.929988e+00)	(3.771175e-01 1.577976e-01 1.914595e+00)	(2.736105e-02 -5.166554e-03 1.539295e-02)
33            	(4.200022e-01 1.634105e-01 1.848829e+00)	(3.922528e-01 1.681468e-01 1.832848e+00)	(2.774940e-02 -4.736267e-03 1.598083e-02)
34            	(4.831792e-01 1.974338e-01 1.771331e+00)	(4.554220e-01 2.019370e-01 1.754944e+00)	(2.775723e-02 -4.503257e-03 1.638669e-02)
35            	(5.487225e-01 2.313453e-01 1.728009e+00)	(5.213177e-01 2.358103e-01 1.711406e+00)	(2.740484e-02 -4.464960e-03 1.660322e-02)
36            	(6.367252e-01 2.771999e-01 1.658332e+00)	(6.098619e-01 2.817574e-01 1.641733e+00)	(2.686326e-02 -4.557524e-03 1.659849e-02)
37            	(7.195754e-01 3.213931e-01 1.607709e+00)	(6.933839e-01 3.261161e-01 1.591290e+00)	(2.619145e-02 -4.723058e-03 1.641827e-02)
38            	(7.657043e-01 3.445225e-01 1.589133e+00)	(7.401620e-01 3.494279e-01 1.572990e+00)	(2.554230e-02 -4.905309e-03 1.614249e-02)
39            	(8.249625e-01 3.819315e-01 1.564952e+00)	(7.999232e-01 3.869678e-01 1.549140e+00)	(2.503934e-02 -5.036273e-03 1.581224e-02)
40            	(8.749753e-01 4.142951e-01 1.549617e+00)	(8.502626e-01 4.193752e-01 1.534136e+00)	(2.471265e-02 -5.080112e-03 1.548146e-02)
41            	(8.895226e-01 4.274580e-01 1.543123e+00)	(8.649967e-01 4.325285e-01 1.527930e+00)	(2.452591e-02 -5.070502e-03 1.519283e-02)
42            	(9.062570e-01 4.408207e-01 1.535514e+00)	(8.818049e-01 4.458468e-01 1.520544e+00)	(2.445209e-02 -5.026049e-03 1.496958e-02)
43            	(9.246447e-01 4.545383e-01 1.526023e+00)	(9.001885e-01 4.594879e-01 1.511217e+00)	(2.445616e-02 -4.949583e-03 1.480689e-02)
44            	(9.485622e-01 4.709801e-01 1.514566e+00)	(9.240641e-01 4.758367e-01 1.499876e+00)	(2.449811e-02 -4.856557e-03 1.468987e-02)
45            	(9.775923e-01 4.899615e-01 1.501077e+00)	(9.530469e-01 4.947227e-01 1.486481e+00)	(2.454548e-02 -4.761211e-03 1.459671e-02)
46            	(1.008630e+00 5.103805e-01 1.484948e+00)	(9.840561e-01 5.150554e-01 1.470441e+00)	(2.457428e-02 -4.674904e-03 1.450726e-02)
47            	(1.040431e+00 5.314495e-01 1.464997e+00)	(1.015853e+00 5.360524e-01 1.450593e+00)	(2.457769e-02 -4.602864e-03 1.440419e-02)
48            	(1.072756e+00 5.529006e-01 1.439564e+00)	(1.048192e+00 5.574473e-01 1.425282e+00)	(2.456365e-02 -4.546625e-03 1.428122e-02)
49            	(1.106172e+00 5.749011e-01 1.406861e+00)	(1.081625e+00 5.794033e-01 1.392723e+00)	(2.454665e-02 -4.502158e-03 1.413724e-02)
50            	(1.142055e+00 5.980870e-01 1.365455e+00)	(1.117507e+00 6.025430e-01 1.351487e+00)	(2.454871e-02 -4.456048e-03 1.396824e-02)
51            	(1.218110e+00 6.434044e-01 1.289829e+00)	(1.193482e+00 6.477832e-01 1.276067e+00)	(2.462750e-02 -4.378893e-03 1.376185e-02)
52            	(1.256686e+00 6.661536e-01 1.240019e+00)	(1.231957e+00 6.704465e-01 1.226470e+00)	(2.472915e-02 -4.292910e-03 1.354963e-02)
53            	(1.295897e+00 6.894855e-01 1.184449e+00)	(1.271039e+00 6.936900e-01 1.171094e+00)	(2.485890e-02 -4.204423e-03 1.335557e-02)
54            	(1.343674e+00 7.170530e-01 1.119992e+00)	(1.318648e+00 7.211569e-01 1.106825e+00)	(2.502567e-02 -4.103935e-03 1.316704e-02)
55            	(1.443371e+00 7.728940e-01 1.022873e+00)	(1.418086e+00 7.768550e-01 1.009912e+00)	(2.528477e-02 -3.960987e-03 1.296100e-02)
56            	(1.533957e+00 8.243176e-01 9.347510e-01)	(1.508343e+00 8.280934e-01 9.220222e-01)	(2.561451e-02 -3.775815e-03 1.272880e-02)
57            	(1.572567e+00 8.473444e-01 8.793809e-01)	(1.546621e+00 8.509320e-01 8.668808e-01)	(2.594612e-02 -3.587587e-03 1.250006e-02)
58            	(1.650428e+00 8.927894e-01 8.069186e-01)	(1.624114e+00 8.961714e-01 7.946433e-01)	(2.631451e-02 -3.381997e-03 1.227533e-02)
59            	(1.680890e+00 9.113671e-01 7.607516e-01)	(1.654231e+00 9.145435e-01 7.487303e-01)	(2.665844e-02 -3.176442e-03 1.202123e-02)
60            	(1.738927e+00 9.459286e-01 7.061513e-01)	(1.711913e+00 9.488986e-01 6.943745e-01)	(2.701422e-02 -2.969933e-03 1.177679e-02)
61            	(1.758227e+00 9.579379e-01 6.698202e-01)	(1.730886e+00 9.607107e-01 6.583258e-01)	(2.734110e-02 -2.772843e-03 1.149437e-02)
62            	(1.791801e+00 9.781042e-01 6.322941e-01)	(1.764127e+00 9.806862e-01 6.210679e-01)	(2.767470e-02 -2.582038e-03 1.122621e-02)
63            	(1.797732e+00 9.821560e-01 6.066662e-01)	(1.769742e+00 9.845419e-01 5.957534e-01)	(2.799027e-02 -2.385872e-03 1.091285e-02)
64            	(1.807533e+00 9.890920e-01 5.842962e-01)	(1.779228e+00 9.912796e-01 5.736793e-01)	(2.830436e-02 -2.187602e-03 1.061689e-02)
65            	(1.804848e+00 9.887485e-01 5.693605e-01)	(1.776235e+00 9.907141e-01 5.590792e-01)	(2.861287e-02 -1.965543e-03 1.028134e-02)
66            	(1.793090e+00 9.823984e-01 5.617501e-01)	(1.764210e+00 9.841501e-01 5.518073e-01)	(2.887987e-02 -1.751699e-03 9.942716e-03)
67            	(1.770683e+00 9.705632e-01 5.585818e-01)	(1.741583e+00 9.721257e-01 5.489408e-01)	(2.909971e-02 -1.562505e-03 9.641002e-03)
68            	(1.742597e+00 9.551165e-01 5.596542e-01)	(1.713321e+00 9.564976e-01 5.503319e-01)	(2.927602e-02 -1.381087e-03 9.322342e-03)
69            	(1.720539e+00 9.425637e-01 5.635968e-01)	(1.691139e+00 9.437884e-01 5.545639e-01)	(2.939984e-02 -1.224717e-03 9.032869e-03)
70            	(1.679235e+00 9.192785e-01 5.690914e-01)	(1.649770e+00 9.203876e-01 5.602912e-01)	(2.946487e-02 -1.109069e-03 8.800161e-03)
71            	(1.648985e+00 9.020029e-01 5.753568e-01)	(1.619493e+00 9.030227e-01 5.667847e-01)	(2.949279e-02 -1.019839e-03 8.572111e-03)
72            	(1.595546e+00 8.718493e-01 5.800538e-01)	(1.566091e+00 8.728453e-01 5.716455e-01)	(2.945590e-02 -9.959448e-04 8.408252e-03)
73            	(1.541855e+00 8.415927e-01 5.830279e-01)	(1.512492e+00 8.426086e-01 5.747775e-01)	(2.936297e-02 -1.015914e-03 8.250397e-03)
74            	(1.507754e+00 8.222588e-01 5.861193e-01)	(1.478516e+00 8.233301e-01 5.779812e-01)	(2.923843e-02 -1.071303e-03 8.138150e-03)
75            	(1.457105e+00 7.937799e-01 5.817522e-01)	(1.428028e+00 7.949502e-01 5.736713e-01)	(2.907676e-02 -1.170299e-03 8.080856e-03)
76            	(1.427605e+00 7.772126e-01 5.794331e-01)	(1.398694e+00 7.784861e-01 5.714118e-01)	(2.891045e-02 -1.273528e-03 8.021333e-03)
77            	(1.400722e+00 7.622360e-01 5.732943e-01)	(1.371976e+00 7.636260e-01 5.652949e-01)	(2.874545e-02 -1.390004e-03 7.999393e-03)
78            	(1.367595e+00 7.441997e-01 5.521780e-01)	(1.339029e+00 7.457212e-01 5.442041e-01)	(2.856659e-02 -1.521509e-03 7.973833e-03)
79            	(1.353666e+00 7.366307e-01 5.399041e-01)	(1.325278e+00 7.382883e-01 5.319564e-01)	(2.838773e-02 -1.657579e-03 7.947694e-03)
80            	(1.345467e+00 7.326870e-01 5.088680e-01)	(1.317254e+00 7.344826e-01 5.009279e-01)	(2.821272e-02 -1.795538e-03 7.940106e-03)
81            	(1.346354e+00 7.334083e-01 4.919416e-01)	(1.318290e+00 7.353247e-01 4.840090e-01)	(2.806392e-02 -1.916453e-03 7.932646e-03)
82            	(1.362706e+00 7.432350e-01 4.537483e-01)	(1.334748e+00 7.452387e-01 4.458496e-01)	(2.795812e-02 -2.003704e-03 7.898652e-03)
83            	(1.373647e+00 7.494416e-01 4.348201e-01)	(1.345759e+00 7.515060e-01 4.269813e-01)	(2.788820e-02 -2.064367e-03 7.838839e-03)
84            	(1.407848e+00 7.680719e-01 3.949761e-01)	(1.379977e+00 7.701588e-01 3.872564e-01)	(2.787069e-02 -2.086938e-03 7.719707e-03)
85            	(1.419341e+00 7.744479e-01 3.785903e-01)	(1.391478e+00 7.765440e-01 3.709966e-01)	(2.786340e-02 -2.096125e-03 7.593728e-03)
86            	(1.444033e+00 7.876400e-01 3.490752e-01)	(1.416145e+00 7.897209e-01 3.416658e-01)	(2.788736e-02 -2.080838e-03 7.409425e-03)
87            	(1.447541e+00 7.895249e-01 3.387214e-01)	(1.419638e+00 7.915934e-01 3.314990e-01)	(2.790286e-02 -2.068509e-03 7.222410e-03)
88            	(1.445001e+00 7.883508e-01 3.260720e-01)	(1.417085e+00 7.903996e-01 3.190774e-01)	(2.791560e-02 -2.048769e-03 6.994576e-03)
89            	(1.431187e+00 7.809023e-01 3.212047e-01)	(1.403275e+00 7.829352e-01 3.144636e-01)	(2.791166e-02 -2.032885e-03 6.741068e-03)
90            	(1.414707e+00 7.718085e-01 3.231913e-01)	(1.386813e+00 7.738223e-01 3.167198e-01)	(2.789371e-02 -2.013876e-03 6.471536e-03)
91            	(1.374299e+00 7.498248e-01 3.337719e-01)	(1.346453e+00 7.518204e-01 3.275812e-01)	(2.784670e-02 -1.995648e-03 6.190754e-03)
92            	(1.323313e+00 7.221324e-01 3.503505e-01)	(1.295557e+00 7.241225e-01 3.444275e-01)	(2.775511e-02 -1.990171e-03 5.922923e-03)
93            	(1.266069e+00 6.910806e-01 3.709217e-01)	(1.238449e+00 6.930772e-01 3.652377e-01)	(2.762050e-02 -1.996542e-03 5.684012e-03)
94            	(1.232151e+00 6.724431e-01 3.856183e-01)	(1.204682e+00 6.744484e-01 3.801299e-01)	(2.746831e-02 -2.005297e-03 5.488400e-03)
95            	(1.168535e+00 6.380438e-01 4.110971e-01)	(1.141281e+00 6.400888e-01 4.057334e-01)	(2.725358e-02 -2.045008e-03 5.363716e-03)
96            	(1.138208e+00 6.214265e-01 4.271238e-01)	(1.111198e+00 6.235233e-01 4.218127e-01)	(2.700981e-02 -2.096808e-03 5.311059e-03)
97            	(1.086261e+00 5.937459e-01 4.504859e-01)	(1.059561e+00 5.959263e-01 4.451539e-01)	(2.669957e-02 -2.180414e-03 5.332041e-03)
98            	(1.069242e+00 5.842824e-01 4.646691e-01)	(1.042859e+00 5.865453e-01 4.592741e-01)	(2.638345e-02 -2.262842e-03 5.394964e-03)
99            	(1.057196e+00 5.776707e-01 4.784202e-01)	(1.031122e+00 5.800011e-01 4.729380e-01)	(2.607411e-02 -2.330400e-03 5.482268e-03)
100           	(1.050169e+00 5.739078e-01 4.912458e-01)	(1.024374e+00 5.762786e-01 4.856745e-01)	(2.579567e-02 -2.370875e-03 5.571293e-03)
101           	(1.048747e+00 5.733693e-01 5.023880e-01)	(1.023181e+00 5.757481e-01 4.967480e-01)	(2.556676e-02 -2.378803e-03 5.639926e-03)
102           	(1.053008e+00 5.760803e-01 5.108346e-01)	(1.027620e+00 5.784471e-01 5.051496e-01)	(2.538860e-02 -2.366817e-03 5.684953e-03)
103           	(1.066528e+00 5.850652e-01 5.123568e-01)	(1.041273e+00 5.874080e-01 5.066516e-01)	(2.525540e-02 -2.342851e-03 5.705178e-03)
104           	(1.079733e+00 5.926956e-01 5.137339e-01)	(1.054584e+00 5.950136e-01 5.080269e-01)	(2.514923e-02 -2.318082e-03 5.707014e-03)
105           	(1.097200e+00 6.026515e-01 5.113024e-01)	(1.072125e+00 6.049408e-01 5.056018e-01)	(2.507579e-02 -2.289329e-03 5.700531e-03)
106           	(1.118774e+00 6.148314e-01 5.048580e-01)	(1.093743e+00 6.170849e-01 4.991827e-01)	(2.503041e-02 -2.253445e-03 5.675263e-03)
107           	(1.143933e+00 6.289390e-01 4.944652e-01)	(1.118921e+00 6.311496e-01 4.888355e-01)	(2.501162e-02 -2.210594e-03 5.629796e-03)
108           	(1.171872e+00 6.445268e-01 4.805555e-01)	(1.146855e+00 6.466896e-01 4.749902e-01)	(2.501676e-02 -2.162820e-03 5.565379e-03)
109           	(1.225848e+00 6.743725e-01 4.533401e-01)	(1.200771e+00 6.764636e-01 4.478767e-01)	(2.507706e-02 -2.091140e-03 5.463471e-03)
110           	(1.248233e+00 6.869353e-01 4.385322e-01)	(1.223094e+00 6.889545e-01 4.331748e-01)	(2.513893e-02 -2.019195e-03 5.357381e-03)
111           	(1.268279e+00 6.982060e-01 4.237767e-01)	(1.243069e+00 7.001516e-01 4.185226e-01)	(2.520996e-02 -1.945592e-03 5.254073e-03)
112           	(1.286132e+00 7.082752e-01 4.094117e-01)	(1.260844e+00 7.101417e-01 4.042614e-01)	(2.528821e-02 -1.866486e-03 5.150217e-03)
113           	(1.301391e+00 7.170581e-01 3.958494e-01)	(1.276018e+00 7.188386e-01 3.908046e-01)	(2.537274e-02 -1.780467e-03 5.044850e-03)
114           	(1.314361e+00 7.246117e-01 3.834651e-01)	(1.288903e+00 7.263021e-01 3.785243e-01)	(2.545819e-02 -1.690383e-03 4.940837e-03)
115           	(1.324793e+00 7.308203e-01 3.727247e-01)	(1.299257e+00 7.324217e-01 3.678819e-01)	(2.553541e-02 -1.601352e-03 4.842768e-03)
116           	(1.333626e+00 7.359468e-01 3.639698e-01)	(1.308027e+00 7.374628e-01 3.592169e-01)	(2.559885e-02 -1.516009e-03 4.752910e-03)
117           	(1.338192e+00 7.390813e-01 3.578757e-01)	(1.312551e+00 7.405187e-01 3.532014e-01)	(2.564132e-02 -1.437359e-03 4.674249e-03)
118           	(1.344053e+00 7.427890e-01 3.549745e-01)	(1.318386e+00 7.441529e-01 3.503689e-01)	(2.566710e-02 -1.363884e-03 4.605606e-03)
119           	(1.342461e+00 7.424967e-01 3.542808e-01)	(1.316792e+00 7.437951e-01 3.497324e-01)	(2.566898e-02 -1.298376e-03 4.548441e-03)
120           	(1.338295e+00 7.407787e-01 3.564331e-01)	(1.312643e+00 7.420179e-01 3.519313e-01)	(2.565164e-02 -1.239230e-03 4.501867e-03)
121           	(1.331907e+00 7.378584e-01 3.614729e-01)	(1.306291e+00 7.390433e-01 3.570060e-01)	(2.561652e-02 -1.184905e-03 4.466894e-03)
122           	(1.323682e+00 7.339457e-01 3.693728e-01)	(1.298114e+00 7.350807e-01 3.649276e-01)	(2.556745e-02 -1.135004e-03 4.445190e-03)
123           	(1.305666e+00 7.251897e-01 3.865253e-01)	(1.280164e+00 7.262807e-01 3.820735e-01)	(2.550181e-02 -1.090987e-03 4.451807e-03)
124           	(1.296679e+00 7.206792e-01 3.971215e-01)	(1.271239e+00 7.217279e-01 3.926565e-01)	(2.544036e-02 -1.048767e-03 4.464987e-03)
125           	(1.287739e+00 7.161076e-01 4.088087e-01)	(1.262353e+00 7.171128e-01 4.043190e-01)	(2.538581e-02 -1.005214e-03 4.489643e-03)
126           	(1.279195e+00 7.116947e-01 4.212208e-01)	(1.253849e+00 7.126546e-01 4.166981e-01)	(2.534597e-02 -9.598682e-04 4.522723e-03)
127           	(1.271250e+00 7.075899e-01 4.339335e-01)	(1.245927e+00 7.085023e-01 4.293700e-01)	(2.532364e-02 -9.123485e-04 4.563516e-03)
128           	(1.257322e+00 7.003538e-01 4.515708e-01)	(1.232009e+00 7.012189e-01 4.469476e-01)	(2.531292e-02 -8.650743e-04 4.623120e-03)
129           	(1.252618e+00 6.979024e-01 4.615713e-01)	(1.227295e+00 6.987187e-01 4.568916e-01)	(2.532299e-02 -8.162420e-04 4.679649e-03)
130           	(1.249469e+00 6.962786e-01 4.700376e-01)	(1.224131e+00 6.970485e-01 4.652986e-01)	(2.533746e-02 -7.698870e-04 4.738983e-03)
131           	(1.247916e+00 6.955341e-01 4.767863e-01)	(1.222561e+00 6.962617e-01 4.719878e-01)	(2.535496e-02 -7.276458e-04 4.798556e-03)
132           	(1.248014e+00 6.957290e-01 4.816219e-01)	(1.222641e+00 6.964165e-01 4.767658e-01)	(2.537319e-02 -6.875787e-04 4.856113e-03)
133           	(1.249422e+00 6.968912e-01 4.843486e-01)	(1.224029e+00 6.975362e-01 4.794374e-01)	(2.539207e-02 -6.450163e-04 4.911227e-03)
134           	(1.252986e+00 6.990598e-01 4.847087e-01)	(1.227579e+00 6.996628e-01 4.797544e-01)	(2.540753e-02 -6.030294e-04 4.954354e-03)
135           	(1.258050e+00 7.021117e-01 4.830036e-01)	(1.232634e+00 7.026716e-01 4.780154e-01)	(2.541598e-02 -5.598447e-04 4.988247e-03)
136           	(1.264337e+00 7.059084e-01 4.793805e-01)	(1.238914e+00 7.064199e-01 4.743688e-01)	(2.542271e-02 -5.115702e-04 5.011751e-03)
137           	(1.277631e+00 7.135784e-01 4.702850e-01)	(1.252195e+00 7.140303e-01 4.652641e-01)	(2.543555e-02 -4.518516e-04 5.020887e-03)
138           	(1.285059e+00 7.180125e-01 4.645313e-01)	(1.259615e+00 7.184013e-01 4.595103e-01)	(2.544411e-02 -3.888011e-04 5.021032e-03)
139           	(1.292122e+00 7.223007e-01 4.581883e-01)	(1.266672e+00 7.226220e-01 4.531769e-01)	(2.544969e-02 -3.213176e-04 5.011445e-03)
140           	(1.298221e+00 7.261192e-01 4.515173e-01)	(1.272766e+00 7.263712e-01 4.465255e-01)	(2.545457e-02 -2.520046e-04 4.991762e-03)
141           	(1.305964e+00 7.310603e-01 4.415867e-01)	(1.280501e+00 7.312392e-01 4.366305e-01)	(2.546292e-02 -1.788958e-04 4.956209e-03)
142           	(1.308149e+00 7.327333e-01 4.358644e-01)	(1.282681e+00 7.328442e-01 4.309499e-01)	(2.546817e-02 -1.109455e-04 4.914472e-03)
143           	(1.308222e+00 7.332328e-01 4.308735e-01)	(1.282756e+00 7.332808e-01 4.260075e-01)	(2.546597e-02 -4.808571e-05 4.866089e-03)
144           	(1.305903e+00 7.324095e-01 4.267713e-01)	(1.280448e+00 7.324041e-01 4.219559e-01)	(2.545445e-02 5.387991e-06 4.815459e-03)
145           	(1.295930e+00 7.280974e-01 4.238214e-01)	(1.270505e+00 7.280511e-01 4.190562e-01)	(2.542549e-02 4.627444e-05 4.765234e-03)
146           	(1.289609e+00 7.249482e-01 4.220872e-01)	(1.264221e+00 7.248733e-01 4.173679e-01)	(2.538833e-02 7.488052e-05 4.719255e-03)
147           	(1.281153e+00 7.205794e-01 4.218868e-01)	(1.255816e+00 7.204875e-01 4.172064e-01)	(2.533662e-02 9.184714e-05 4.680407e-03)
148           	(1.270539e+00 7.149879e-01 4.233698e-01)	(1.245267e+00 7.148911e-01 4.187178e-01)	(2.527227e-02 9.677013e-05 4.651985e-03)
149           	(1.243307e+00 7.012385e-01 4.313528e-01)	(1.218128e+00 7.011550e-01 4.267080e-01)	(2.517880e-02 8.354278e-05 4.644789e-03)
150           	(1.231683e+00 6.948972e-01 4.350333e-01)	(1.206599e+00 6.948325e-01 4.303896e-01)	(2.508365e-02 6.469657e-05 4.643699e-03)
151           	(1.219694e+00 6.882661e-01 4.400307e-01)	(1.194712e+00 6.882257e-01 4.353779e-01)	(2.498254e-02 4.042059e-05 4.652793e-03)
152           	(1.207422e+00 6.814100e-01 4.463490e-01)	(1.182544e+00 6.813966e-01 4.416780e-01)	(2.487724e-02 1.344990e-05 4.670996e-03)
153           	(1.182070e+00 6.676620e-01 4.603408e-01)	(1.157315e+00 6.676815e-01 4.556317e-01)	(2.475538e-02 -1.957607e-05 4.709136e-03)
154           	(1.172236e+00 6.620586e-01 4.671256e-01)	(1.147597e+00 6.621054e-01 4.623791e-01)	(2.463918e-02 -4.686001e-05 4.746505e-03)
155           	(1.163458e+00 6.570268e-01 4.743219e-01)	(1.138934e+00 6.570951e-01 4.695356e-01)	(2.452449e-02 -6.824891e-05 4.786272e-03)
156           	(1.149022e+00 6.488854e-01 4.865335e-01)	(1.124613e+00 6.489694e-01 4.817000e-01)	(2.440983e-02 -8.392639e-05 4.833507e-03)
157           	(1.143223e+00 6.456258e-01 4.929799e-01)	(1.118918e+00 6.457154e-01 4.881029e-01)	(2.430485e-02 -8.961806e-05 4.876952e-03)
158           	(1.138654e+00 6.431454e-01 4.991634e-01)	(1.114448e+00 6.432310e-01 4.942446e-01)	(2.420657e-02 -8.558915e-05 4.918751e-03)
159           	(1.135166e+00 6.413904e-01 5.050522e-01)	(1.111050e+00 6.414626e-01 5.000937e-01)	(2.411616e-02 -7.214492e-05 4.958481e-03)
160           	(1.131275e+00 6.396576e-01 5.129847e-01)	(1.107244e+00 6.397070e-01 5.079849e-01)	(2.403022e-02 -4.941463e-05 4.999816e-03)
161           	(1.129820e+00 6.393073e-01 5.171737e-01)	(1.105872e+00 6.393280e-01 5.121336e-01)	(2.394746e-02 -2.073317e-05 5.040095e-03)
162           	(1.129151e+00 6.395429e-01 5.205168e-01)	(1.105287e+00 6.395286e-01 5.154359e-01)	(2.386400e-02 1.427443e-05 5.080902e-03)
163           	(1.129089e+00 6.402587e-01 5.229849e-01)	(1.105307e+00 6.402042e-01 5.178636e-01)	(2.378157e-02 5.450784e-05 5.121362e-03)
164           	(1.129488e+00 6.413621e-01 5.245265e-01)	(1.105788e+00 6.412625e-01 5.193652e-01)	(2.369971e-02 9.958069e-05 5.161297e-03)
165           	(1.132015e+00 6.442327e-01 5.247352e-01)	(1.108397e+00 6.440828e-01 5.195357e-01)	(2.361835e-02 1.498014e-04 5.199498e-03)
166           	(1.132857e+00 6.456299e-01 5.242943e-01)	(1.109320e+00 6.454310e-01 5.190569e-01)	(2.353754e-02 1.989299e-04 5.237358e-03)
167           	(1.133836e+00 6.471448e-01 5.229128e-01)	(1.110378e+00 6.468932e-01 5.176393e-01)	(2.345805e-02 2.516325e-04 5.273570e-03)
168           	(1.134934e+00 6.487981e-01 5.206410e-01)	(1.111551e+00 6.484932e-01 5.153349e-01)	(2.338284e-02 3.049091e-04 5.306043e-03)
169           	(1.139740e+00 6.530043e-01 5.152118e-01)	(1.116422e+00 6.526428e-01 5.098832e-01)	(2.331761e-02 3.615096e-04 5.328620e-03)
170           	(1.141049e+00 6.547316e-01 5.121075e-01)	(1.117790e+00 6.543175e-01 5.067612e-01)	(2.325901e-02 4.140482e-04 5.346319e-03)
171           	(1.142468e+00 6.565679e-01 5.086760e-01)	(1.119262e+00 6.560988e-01 5.033184e-01)	(2.320551e-02 4.691102e-04 5.357582e-03)
172           	(1.144430e+00 6.598245e-01 5.027915e-01)	(1.121273e+00 6.592958e-01 4.974325e-01)	(2.315711e-02 5.287066e-04 5.358988e-03)
173           	(1.145690e+00 6.615703e-01 4.997223e-01)	(1.122577e+00 6.609842e-01 4.943659e-01)	(2.311306e-02 5.860910e-04 5.356434e-03)
174           	(1.146758e+00 6.632566e-01 4.969132e-01)	(1.123689e+00 6.626091e-01 4.915631e-01)	(2.306960e-02 6.474546e-04 5.350086e-03)
175           	(1.147131e+00 6.654861e-01 4.931942e-01)	(1.124105e+00 6.647731e-01 4.878549e-01)	(2.302647e-02 7.130278e-04 5.339262e-03)
176           	(1.147464e+00 6.667265e-01 4.915748e-01)	(1.124478e+00 6.659510e-01 4.862482e-01)	(2.298549e-02 7.755634e-04 5.326646e-03)
177           	(1.147295e+00 6.677067e-01 4.905640e-01)	(1.124352e+00 6.668670e-01 4.852503e-01)	(2.294304e-02 8.397677e-04 5.313705e-03)
178           	(1.145295e+00 6.683831e-01 4.904223e-01)	(1.122396e+00 6.674790e-01 4.851203e-01)	(2.289847e-02 9.041085e-04 5.302014e-03)
179           	(1.144064e+00 6.686777e-01 4.907639e-01)	(1.121208e+00 6.677132e-01 4.854734e-01)	(2.285620e-02 9.645463e-04 5.290475e-03)
180           	(1.142239e+00 6.686283e-01 4.917736e-01)	(1.119428e+00 6.676029e-01 4.864916e-01)	(2.281092e-02 1.025385e-03 5.281974e-03)
181           	(1.137571e+00 6.675652e-01 4.950024e-01)	(1.114808e+00 6.664805e-01 4.897227e-01)	(2.276302e-02 1.084661e-03 5.279681e-03)
182           	(1.134851e+00 6.668909e-01 4.970100e-01)	(1.112132e+00 6.657496e-01 4.917315e-01)	(2.271924e-02 1.141222e-03 5.278537e-03)
183           	(1.131700e+00 6.659606e-01 4.994798e-01)	(1.109028e+00 6.647623e-01 4.941980e-01)	(2.267152e-02 1.198348e-03 5.281798e-03)
184           	(1.125222e+00 6.636854e-01 5.047572e-01)	(1.102603e+00 6.624317e-01 4.994640e-01)	(2.261895e-02 1.253672e-03 5.293183e-03)
185           	(1.121845e+00 6.625174e-01 5.075967e-01)	(1.099274e+00 6.612101e-01 5.022918e-01)	(2.257009e-02 1.307337e-03 5.304881e-03)
186           	(1.118438e+00 6.613292e-01 5.106323e-01)	(1.095920e+00 6.599651e-01 5.053129e-01)	(2.251770e-02 1.364036e-03 5.319356e-03)
187           	(1.112395e+00 6.591540e-01 5.164086e-01)	(1.089932e+00 6.577326e-01 5.110693e-01)	(2.246245e-02 1.421391e-03 5.339347e-03)
188           	(1.109591e+00 6.582156e-01 5.192478e-01)	(1.087179e+00 6.567382e-01 5.138901e-01)	(2.241181e-02 1.477433e-03 5.357721e-03)
189           	(1.107082e+00 6.574422e-01 5.220337e-01)	(1.084726e+00 6.559074e-01 5.166552e-01)	(2.235589e-02 1.534809e-03 5.378516e-03)
190           	(1.104922e+00 6.568649e-01 5.247496e-01)	(1.082623e+00 6.552741e-01 5.193499e-01)	(2.229977e-02 1.590851e-03 5.399652e-03)
191           	(1.101726e+00 6.561853e-01 5.295265e-01)	(1.079484e+00 6.545397e-01 5.241028e-01)	(2.224235e-02 1.645622e-03 5.423668e-03)
192           	(1.100463e+00 6.560073e-01 5.315403e-01)	(1.078274e+00 6.543109e-01 5.260958e-01)	(2.218823e-02 1.696463e-03 5.444458e-03)
193           	(1.099683e+00 6.560624e-01 5.332316e-01)	(1.077551e+00 6.543166e-01 5.277664e-01)	(2.213173e-02 1.745786e-03 5.465148e-03)
194           	(1.098556e+00 6.563993e-01 5.360149e-01)	(1.076481e+00 6.546069e-01 5.305290e-01)	(2.207504e-02 1.792431e-03 5.485879e-03)
195           	(1.098562e+00 6.567567e-01 5.367867e-01)	(1.076539e+00 6.549218e-01 5.312840e-01)	(2.202322e-02 1.834902e-03 5.502776e-03)
196           	(1.098942e+00 6.572747e-01 5.371905e-01)	(1.076969e+00 6.553981e-01 5.316719e-01)	(2.197332e-02 1.876635e-03 5.518607e-03)
197           	(1.100734e+00 6.586829e-01 5.377959e-01)	(1.078802e+00 6.567644e-01 5.322659e-01)	(2.193163e-02 1.918570e-03 5.529949e-03)
198           	(1.101586e+00 6.593323e-01 5.374795e-01)	(1.079691e+00 6.573731e-01 5.319416e-01)	(2.189507e-02 1.959236e-03 5.537872e-03)
199           	(1.102598e+00 6.600192e-01 5.369205e-01)	(1.080740e+00 6.580191e-01 5.313741e-01)	(2.185791e-02 2.000046e-03 5.546321e-03)
200           	(1.106173e+00 6.616433e-01 5.359800e-01)	(1.084345e+00 6.596016e-01 5.304298e-01)	(2.182866e-02 2.041733e-03 5.550132e-03)
201           	(1.107101e+00 6.621202e-01 5.351611e-01)	(1.085299e+00 6.600366e-01 5.296093e-01)	(2.180143e-02 2.083647e-03 5.551741e-03)
202           	(1.107810e+00 6.623985e-01 5.343263e-01)	(1.086036e+00 6.602727e-01 5.287736e-01)	(2.177421e-02 2.125763e-03 5.552699e-03)
203           	(1.110269e+00 6.629020e-01 5.329322e-01)	(1.088516e+00 6.607346e-01 5.273840e-01)	(2.175320e-02 2.167491e-03 5.548270e-03)
204           	(1.110158e+00 6.625749e-01 5.322334e-01)	(1.088427e+00 6.603664e-01 5.266903e-01)	(2.173119e-02 2.208524e-03 5.543142e-03)
205           	(1.109546e+00 6.618795e-01 5.316284e-01)	(1.087839e+00 6.596310e-01 5.260887e-01)	(2.170753e-02 2.248463e-03 5.539641e-03)
206           	(1.108409e+00 6.607923e-01 5.311170e-01)	(1.086726e+00 6.585053e-01 5.255806e-01)	(2.168364e-02 2.286952e-03 5.536454e-03)
207           	(1.107048e+00 6.585885e-01 5.301270e-01)	(1.085387e+00 6.562673e-01 5.245955e-01)	(2.166161e-02 2.321203e-03 5.531523e-03)
208           	(1.105042e+00 6.569310e-01 5.298891e-01)	(1.083405e+00 6.545784e-01 5.243600e-01)	(2.163722e-02 2.352577e-03 5.529038e-03)
209           	(1.102605e+00 6.549939e-01 5.297710e-01)	(1.080996e+00 6.526120e-01 5.242394e-01)	(2.160905e-02 2.381895e-03 5.531577e-03)
210           	(1.099789e+00 6.528036e-01 5.297550e-01)	(1.078211e+00 6.503960e-01 5.242169e-01)	(2.157818e-02 2.407561e-03 5.538061e-03)
211           	(1.096709e+00 6.504346e-01 5.298495e-01)	(1.075164e+00 6.480049e-01 5.243016e-01)	(2.154549e-02 2.429674e-03 5.547866e-03)
212           	(1.093520e+00 6.479850e-01 5.300639e-01)	(1.072008e+00 6.455365e-01 5.245034e-01)	(2.151193e-02 2.448461e-03 5.560520e-03)
213           	(1.090390e+00 6.455604e-01 5.303977e-01)	(1.068912e+00 6.430958e-01 5.248220e-01)	(2.147815e-02 2.464629e-03 5.575651e-03)
214           	(1.087473e+00 6.432537e-01 5.308359e-01)	(1.066027e+00 6.407747e-01 5.252432e-01)	(2.144519e-02 2.479049e-03 5.592651e-03)
215           	(1.084906e+00 6.411419e-01 5.313486e-01)	(1.063491e+00 6.386493e-01 5.257376e-01)	(2.141426e-02 2.492603e-03 5.610941e-03)
216           	(1.082803e+00 6.392841e-01 5.318869e-01)	(1.061417e+00 6.367785e-01 5.262566e-01)	(2.138585e-02 2.505669e-03 5.630386e-03)
217           	(1.081258e+00 6.377253e-01 5.323868e-01)	(1.059898e+00 6.352070e-01 5.267362e-01)	(2.136014e-02 2.518343e-03 5.650599e-03)
218           	(1.080385e+00 6.365290e-01 5.327712e-01)	(1.059049e+00 6.339992e-01 5.270997e-01)	(2.133636e-02 2.529858e-03 5.671507e-03)
219           	(1.080163e+00 6.356801e-01 5.329657e-01)	(1.058849e+00 6.331400e-01 5.272728e-01)	(2.131437e-02 2.540129e-03 5.692907e-03)
220           	(1.080648e+00 6.352127e-01 5.328899e-01)	(1.059354e+00 6.326633e-01 5.271756e-01)	(2.129460e-02 2.549380e-03 5.714268e-03)
221           	(1.081809e+00 6.351139e-01 5.324698e-01)	(1.060532e+00 6.325564e-01 5.267343e-01)	(2.127698e-02 2.557478e-03 5.735431e-03)
222           	(1.083624e+00 6.353793e-01 5.316431e-01)	(1.062363e+00 6.328150e-01 5.258866e-01)	(2.126068e-02 2.564299e-03 5.756431e-03)
223           	(1.086054e+00 6.360035e-01 5.303584e-01)	(1.064810e+00 6.334338e-01 5.245806e-01)	(2.124383e-02 2.569706e-03 5.777803e-03)
224           	(1.089035e+00 6.369567e-01 5.285922e-01)	(1.067809e+00 6.343829e-01 5.227921e-01)	(2.122566e-02 2.573768e-03 5.800059e-03)
225           	(1.092500e+00 6.382089e-01 5.263467e-01)	(1.071294e+00 6.356321e-01 5.205234e-01)	(2.120621e-02 2.576822e-03 5.823349e-03)
226           	(1.096386e+00 6.397257e-01 5.236621e-01)	(1.075201e+00 6.371468e-01 5.178144e-01)	(2.118544e-02 2.578978e-03 5.847674e-03)
227           	(1.100628e+00 6.414673e-01 5.206091e-01)	(1.079463e+00 6.388867e-01 5.147364e-01)	(2.116416e-02 2.580582e-03 5.872726e-03)
228           	(1.105147e+00 6.433854e-01 5.172812e-01)	(1.084003e+00 6.408032e-01 5.113835e-01)	(2.114384e-02 2.582187e-03 5.897739e-03)
229           	(1.109857e+00 6.454245e-01 5.137875e-01)	(1.088730e+00 6.428402e-01 5.078662e-01)	(2.112650e-02 2.584224e-03 5.921282e-03)
230           	(1.114652e+00 6.475276e-01 5.102650e-01)	(1.093538e+00 6.449409e-01 5.043231e-01)	(2.111406e-02 2.586714e-03 5.941914e-03)
231           	(1.119411e+00 6.496292e-01 5.068627e-01)	(1.098304e+00 6.470396e-01 5.009036e-01)	(2.110725e-02 2.589570e-03 5.959045e-03)
232           	(1.123999e+00 6.516632e-01 5.037334e-01)	(1.102892e+00 6.490701e-01 4.977606e-01)	(2.110670e-02 2.593177e-03 5.972795e-03)
233           	(1.128275e+00 6.535711e-01 5.010084e-01)	(1.107162e+00 6.509729e-01 4.950250e-01)	(2.111256e-02 2.598287e-03 5.983359e-03)
234           	(1.132118e+00 6.552839e-01 4.987827e-01)	(1.110995e+00 6.526786e-01 4.927915e-01)	(2.112360e-02 2.605290e-03 5.991190e-03)
235           	(1.135392e+00 6.567185e-01 4.970992e-01)	(1.114254e+00 6.541044e-01 4.911018e-01)	(2.113772e-02 2.614126e-03 5.997447e-03)
236           	(1.138021e+00 6.578540e-01 4.959556e-01)	(1.116868e+00 6.552299e-01 4.899526e-01)	(2.115306e-02 2.624079e-03 6.002983e-03)
237           	(1.139933e+00 6.586541e-01 4.953147e-01)	(1.118765e+00 6.560196e-01 4.893063e-01)	(2.116806e-02 2.634539e-03 6.008343e-03)
238           	(1.141111e+00 6.591109e-01 4.951147e-01)	(1.119929e+00 6.564660e-01 4.891016e-01)	(2.118169e-02 2.644909e-03 6.013114e-03)
239           	(1.141518e+00 6.592001e-01 4.952735e-01)	(1.120325e+00 6.565452e-01 4.892565e-01)	(2.119351e-02 2.654921e-03 6.017018e-03)
240           	(1.141144e+00 6.589049e-01 4.957024e-01)	(1.119940e+00 6.562401e-01 4.896829e-01)	(2.120391e-02 2.664799e-03 6.019458e-03)
241           	(1.140269e+00 6.581543e-01 4.973877e-01)	(1.119055e+00 6.554791e-01 4.913671e-01)	(2.121453e-02 2.675157e-03 6.020623e-03)
242           	(1.138638e+00 6.572815e-01 4.978341e-01)	(1.117414e+00 6.545967e-01 4.918159e-01)	(2.122457e-02 2.684790e-03 6.018260e-03)
243           	(1.136442e+00 6.561343e-01 4.982696e-01)	(1.115208e+00 6.534390e-01 4.922542e-01)	(2.123393e-02 2.695301e-03 6.015371e-03)
244           	(1.133744e+00 6.547316e-01 4.986729e-01)	(1.112499e+00 6.520249e-01 4.926622e-01)	(2.124522e-02 2.706712e-03 6.010625e-03)
245           	(1.128782e+00 6.520630e-01 4.995987e-01)	(1.107524e+00 6.493435e-01 4.935937e-01)	(2.125730e-02 2.719425e-03 6.004953e-03)
246           	(1.125752e+00 6.504718e-01 4.997935e-01)	(1.104478e+00 6.477373e-01 4.937947e-01)	(2.127328e-02 2.734542e-03 5.998807e-03)
247           	(1.120337e+00 6.475919e-01 5.000461e-01)	(1.099049e+00 6.448396e-01 4.940547e-01)	(2.128772e-02 2.752284e-03 5.991452e-03)
248           	(1.117499e+00 6.460625e-01 5.000091e-01)	(1.096195e+00 6.432903e-01 4.940247e-01)	(2.130355e-02 2.772250e-03 5.984437e-03)
249           	(1.114694e+00 6.445366e-01 4.998341e-01)	(1.093378e+00 6.417426e-01 4.938557e-01)	(2.131601e-02 2.793992e-03 5.978383e-03)
250           	(1.111937e+00 6.430251e-01 4.995003e-01)	(1.090609e+00 6.402061e-01 4.935284e-01)	(2.132732e-02 2.819008e-03 5.971877e-03)
251           	(1.107212e+00 6.404326e-01 4.984564e-01)	(1.085878e+00 6.375863e-01 4.924929e-01)	(2.133377e-02 2.846265e-03 5.963444e-03)
252           	(1.105173e+00 6.393106e-01 4.979330e-01)	(1.083834e+00 6.364343e-01 4.919791e-01)	(2.133901e-02 2.876318e-03 5.953920e-03)
253           	(1.103495e+00 6.383953e-01 4.972201e-01)	(1.082160e+00 6.354893e-01 4.912741e-01)	(2.133472e-02 2.905957e-03 5.945962e-03)
254           	(1.102207e+00 6.377090e-01 4.962627e-01)	(1.080884e+00 6.347743e-01 4.903238e-01)	(2.132274e-02 2.934691e-03 5.938934e-03)
255           	(1.101348e+00 6.372813e-01 4.950183e-01)	(1.080043e+00 6.343183e-01 4.890855e-01)	(2.130524e-02 2.962924e-03 5.932767e-03)
256           	(1.100965e+00 6.371394e-01 4.934693e-01)	(1.079681e+00 6.341481e-01 4.875425e-01)	(2.128408e-02 2.991286e-03 5.926846e-03)
257           	(1.101083e+00 6.373012e-01 4.916240e-01)	(1.079825e+00 6.342818e-01 4.857022e-01)	(2.125863e-02 3.019410e-03 5.921783e-03)
258           	(1.101709e+00 6.377728e-01 4.895141e-01)	(1.080481e+00 6.347266e-01 4.835957e-01)	(2.122807e-02 3.046208e-03 5.918447e-03)
259           	(1.102830e+00 6.385475e-01 4.871854e-01)	(1.081636e+00 6.354756e-01 4.812686e-01)	(2.119411e-02 3.071898e-03 5.916798e-03)
260           	(1.104405e+00 6.396027e-01 4.846849e-01)	(1.083247e+00 6.365059e-01 4.787686e-01)	(2.115875e-02 3.096870e-03 5.916223e-03)
261           	(1.106370e+00 6.408999e-01 4.820594e-01)	(1.085247e+00 6.377793e-01 4.761428e-01)	(2.112278e-02 3.120653e-03 5.916609e-03)
262           	(1.108729e+00 6.424345e-01 4.793468e-01)	(1.087642e+00 6.392921e-01 4.734291e-01)	(2.108654e-02 3.142410e-03 5.917677e-03)
263           	(1.111315e+00 6.441183e-01 4.766003e-01)	(1.090264e+00 6.409564e-01 4.706819e-01)	(2.105126e-02 3.161880e-03 5.918479e-03)
264           	(1.114060e+00 6.459093e-01 4.738798e-01)	(1.093042e+00 6.427300e-01 4.679617e-01)	(2.101833e-02 3.179369e-03 5.918153e-03)
265           	(1.116850e+00 6.477449e-01 4.712653e-01)	(1.095861e+00 6.445499e-01 4.653484e-01)	(2.098905e-02 3.195024e-03 5.916856e-03)
266           	(1.119568e+00 6.495551e-01 4.688522e-01)	(1.098603e+00 6.463456e-01 4.629376e-01)	(2.096511e-02 3.209496e-03 5.914600e-03)
267           	(1.122094e+00 6.512662e-01 4.667335e-01)	(1.101147e+00 6.480426e-01 4.608225e-01)	(2.094768e-02 3.223569e-03 5.910999e-03)
268           	(1.125643e+00 6.531911e-01 4.649358e-01)	(1.104705e+00 6.499536e-01 4.590305e-01)	(2.093866e-02 3.237444e-03 5.905285e-03)
269           	(1.128664e+00 6.548568e-01 4.636301e-01)	(1.107727e+00 6.516050e-01 4.577326e-01)	(2.093670e-02 3.251820e-03 5.897508e-03)
270           	(1.130046e+00 6.559426e-01 4.629050e-01)	(1.109107e+00 6.526756e-01 4.570169e-01)	(2.093865e-02 3.266961e-03 5.888142e-03)
271           	(1.130887e+00 6.567265e-01 4.627711e-01)	(1.109943e+00 6.534434e-01 4.568936e-01)	(2.094423e-02 3.283083e-03 5.877522e-03)
272           	(1.131122e+00 6.571702e-01 4.632609e-01)	(1.110170e+00 6.538698e-01 4.573947e-01)	(2.095250e-02 3.300368e-03 5.866168e-03)
273           	(1.130754e+00 6.572960e-01 4.643801e-01)	(1.109792e+00 6.539770e-01 4.585255e-01)	(2.096239e-02 3.318960e-03 5.854591e-03)
274           	(1.129686e+00 6.570268e-01 4.661030e-01)	(1.108713e+00 6.536882e-01 4.602594e-01)	(2.097271e-02 3.338629e-03 5.843579e-03)
275           	(1.127916e+00 6.563579e-01 4.683751e-01)	(1.106934e+00 6.529989e-01 4.625410e-01)	(2.098253e-02 3.359030e-03 5.834125e-03)
276           	(1.125469e+00 6.552994e-01 4.711172e-01)	(1.104479e+00 6.519199e-01 4.652899e-01)	(2.099090e-02 3.379578e-03 5.827331e-03)
277           	(1.122393e+00 6.538759e-01 4.742338e-01)	(1.101396e+00 6.504764e-01 4.684094e-01)	(2.099716e-02 3.399549e-03 5.824368e-03)
278           	(1.118755e+00 6.521257e-01 4.776255e-01)	(1.097754e+00 6.487073e-01 4.717993e-01)	(2.100085e-02 3.418389e-03 5.826131e-03)
279           	(1.114669e+00 6.500691e-01 4.811808e-01)	(1.093667e+00 6.466333e-01 4.753480e-01)	(2.100236e-02 3.435793e-03 5.832742e-03)
280           	(1.110246e+00 6.477974e-01 4.847919e-01)	(1.089244e+00 6.443457e-01 4.789480e-01)	(2.100195e-02 3.451767e-03 5.843877e-03)
281           	(1.105387e+00 6.453819e-01 4.883764e-01)	(1.084388e+00 6.419152e-01 4.825172e-01)	(2.099930e-02 3.466689e-03 5.859197e-03)
282           	(1.100339e+00 6.428422e-01 4.918191e-01)	(1.079344e+00 6.393618e-01 4.859407e-01)	(2.099484e-02 3.480393e-03 5.878373e-03)
283           	(1.095095e+00 6.401757e-01 4.950479e-01)	(1.074106e+00 6.366828e-01 4.891471e-01)	(2.098909e-02 3.492909e-03 5.900817e-03)
284           	(1.089939e+00 6.375097e-01 4.979901e-01)	(1.068956e+00 6.340053e-01 4.920646e-01)	(2.098280e-02 3.504479e-03 5.925572e-03)
285           	(1.085562e+00 6.351468e-01 5.005481e-01)	(1.064584e+00 6.316311e-01 4.945966e-01)	(2.097743e-02 3.515697e-03 5.951489e-03)
286           	(1.081532e+00 6.329611e-01 5.027136e-01)	(1.060559e+00 6.294347e-01 4.967358e-01)	(2.097278e-02 3.526401e-03 5.977816e-03)
287           	(1.077970e+00 6.310229e-01 5.044316e-01)	(1.057002e+00 6.274872e-01 4.984272e-01)	(2.096793e-02 3.535741e-03 6.004428e-03)
288           	(1.074986e+00 6.293960e-01 5.056465e-01)	(1.054024e+00 6.258531e-01 4.996154e-01)	(2.096195e-02 3.542838e-03 6.031116e-03)
289           	(1.072668e+00 6.281330e-01 5.063010e-01)	(1.051712e+00 6.245839e-01 5.002441e-01)	(2.095550e-02 3.549087e-03 6.056909e-03)
290           	(1.071071e+00 6.272626e-01 5.063441e-01)	(1.050123e+00 6.237076e-01 5.002624e-01)	(2.094801e-02 3.555005e-03 6.081648e-03)
291           	(1.070244e+00 6.266676e-01 5.057179e-01)	(1.049306e+00 6.231078e-01 4.996122e-01)	(2.093872e-02 3.559812e-03 6.105677e-03)
292           	(1.070345e+00 6.267351e-01 5.044275e-01)	(1.049418e+00 6.231709e-01 4.982983e-01)	(2.092664e-02 3.564274e-03 6.129188e-03)
293           	(1.071316e+00 6.272801e-01 5.024462e-01)	(1.050404e+00 6.237122e-01 4.962937e-01)	(2.091205e-02 3.567974e-03 6.152517e-03)
294           	(1.073149e+00 6.282949e-01 4.997981e-01)	(1.052253e+00 6.247244e-01 4.936222e-01)	(2.089572e-02 3.570480e-03 6.175916e-03)
295           	(1.075803e+00 6.297550e-01 4.965465e-01)	(1.054925e+00 6.261830e-01 4.903468e-01)	(2.087888e-02 3.571998e-03 6.199684e-03)
296           	(1.079181e+00 6.316160e-01 4.927879e-01)	(1.058319e+00 6.280432e-01 4.865638e-01)	(2.086229e-02 3.572864e-03 6.224148e-03)
297           	(1.083214e+00 6.338233e-01 4.886185e-01)	(1.062367e+00 6.302500e-01 4.823691e-01)	(2.084665e-02 3.573272e-03 6.249401e-03)
298           	(1.087769e+00 6.363133e-01 4.841425e-01)	(1.066936e+00 6.327400e-01 4.778672e-01)	(2.083266e-02 3.573253e-03 6.275285e-03)
299           	(1.092736e+00 6.390237e-01 4.794554e-01)	(1.071915e+00 6.354511e-01 4.731540e-01)	(2.082082e-02 3.572599e-03 6.301399e-03)
300           	(1.100323e+00 6.425494e-01 4.744102e-01)	(1.079507e+00 6.389781e-01 4.680843e-01)	(2.081576e-02 3.571280e-03 6.325913e-03)
301           	(1.105665e+00 6.454957e-01 4.696927e-01)	(1.084852e+00 6.419261e-01 4.633440e-01)	(2.081291e-02 3.569652e-03 6.348714e-03)
302           	(1.111061e+00 6.484578e-01 4.650797e-01)	(1.090248e+00 6.448902e-01 4.587114e-01)	(2.081349e-02 3.567613e-03 6.368369e-03)
303           	(1.117980e+00 6.518899e-01 4.604497e-01)	(1.097159e+00 6.483246e-01 4.540665e-01)	(2.082091e-02 3.565279e-03 6.383127e-03)
304           	(1.123650e+00 6.548449e-01 4.563135e-01)	(1.102816e+00 6.512820e-01 4.499210e-01)	(2.083331e-02 3.562921e-03 6.392446e-03)
305           	(1.127961e+00 6.571601e-01 4.528364e-01)	(1.107111e+00 6.535993e-01 4.464404e-01)	(2.084977e-02 3.560767e-03 6.395920e-03)
306           	(1.131531e+00 6.590659e-01 4.499288e-01)	(1.110661e+00 6.555071e-01 4.435352e-01)	(2.087056e-02 3.558799e-03 6.393581e-03)
307           	(1.134238e+00 6.604730e-01 4.476956e-01)	(1.113343e+00 6.569166e-01 4.413087e-01)	(2.089479e-02 3.556382e-03 6.386963e-03)
308           	(1.135962e+00 6.613098e-01 4.462176e-01)	(1.115041e+00 6.577566e-01 4.398402e-01)	(2.092130e-02 3.553215e-03 6.377389e-03)
309           	(1.136601e+00 6.615134e-01 4.455647e-01)	(1.115653e+00 6.579644e-01 4.391983e-01)	(2.094802e-02 3.549021e-03 6.366404e-03)
310           	(1.136091e+00 6.610476e-01 4.457911e-01)	(1.115118e+00 6.575042e-01 4.394358e-01)	(2.097281e-02 3.543380e-03 6.355315e-03)
311           	(1.134377e+00 6.598811e-01 4.469187e-01)	(1.113383e+00 6.563450e-01 4.405737e-01)	(2.099399e-02 3.536149e-03 6.345032e-03)
312           	(1.131453e+00 6.580198e-01 4.489094e-01)	(1.110442e+00 6.544923e-01 4.425731e-01)	(2.101034e-02 3.527474e-03 6.336361e-03)
313           	(1.127315e+00 6.554495e-01 4.516801e-01)	(1.106294e+00 6.519323e-01 4.453498e-01)	(2.102101e-02 3.517212e-03 6.330293e-03)
314           	(1.122045e+00 6.522176e-01 4.550954e-01)	(1.101019e+00 6.487123e-01 4.487683e-01)	(2.102547e-02 3.505231e-03 6.327093e-03)
315           	(1.115792e+00 6.484104e-01 4.589641e-01)	(1.094768e+00 6.449187e-01 4.526375e-01)	(2.102395e-02 3.491680e-03 6.326574e-03)
316           	(1.108768e+00 6.441495e-01 4.630441e-01)	(1.087752e+00 6.406729e-01 4.567153e-01)	(2.101682e-02 3.476593e-03 6.328835e-03)
317           	(1.101231e+00 6.395825e-01 4.670834e-01)	(1.080226e+00 6.361220e-01 4.607498e-01)	(2.100510e-02 3.460496e-03 6.333551e-03)
318           	(1.093465e+00 6.348731e-01 4.708600e-01)	(1.072475e+00 6.314295e-01 4.645195e-01)	(2.098978e-02 3.443542e-03 6.340448e-03)
319           	(1.085926e+00 6.302934e-01 4.741947e-01)	(1.064954e+00 6.268672e-01 4.678456e-01)	(2.097196e-02 3.426137e-03 6.349145e-03)
320           	(1.078569e+00 6.258015e-01 4.769894e-01)	(1.057617e+00 6.223933e-01 4.706300e-01)	(2.095193e-02 3.408166e-03 6.359378e-03)
321           	(1.071361e+00 6.214657e-01 4.791903e-01)	(1.050432e+00 6.180763e-01 4.728195e-01)	(2.092921e-02 3.389380e-03 6.370794e-03)
322           	(1.065497e+00 6.178280e-01 4.807288e-01)	(1.044592e+00 6.144578e-01 4.743463e-01)	(2.090520e-02 3.370190e-03 6.382487e-03)
323           	(1.060546e+00 6.147143e-01 4.816335e-01)	(1.039665e+00 6.113630e-01 4.752399e-01)	(2.088052e-02 3.351241e-03 6.393633e-03)
324           	(1.056593e+00 6.121789e-01 4.819272e-01)	(1.035737e+00 6.088456e-01 4.755235e-01)	(2.085609e-02 3.333288e-03 6.403627e-03)
325           	(1.053691e+00 6.102588e-01 4.816565e-01)	(1.032858e+00 6.069412e-01 4.752447e-01)	(2.083297e-02 3.317601e-03 6.411711e-03)
326           	(1.051839e+00 6.089611e-01 4.808905e-01)	(1.031027e+00 6.056558e-01 4.744734e-01)	(2.081172e-02 3.305291e-03 6.417140e-03)
327           	(1.050978e+00 6.082570e-01 4.797142e-01)	(1.030185e+00 6.049598e-01 4.732949e-01)	(2.079248e-02 3.297192e-03 6.419304e-03)
328           	(1.051013e+00 6.080973e-01 4.782154e-01)	(1.030239e+00 6.048039e-01 4.717970e-01)	(2.077449e-02 3.293361e-03 6.418432e-03)
329           	(1.051823e+00 6.084149e-01 4.764761e-01)	(1.031066e+00 6.051217e-01 4.700611e-01)	(2.075700e-02 3.293275e-03 6.414959e-03)
330           	(1.053284e+00 6.091397e-01 4.745657e-01)	(1.032544e+00 6.058433e-01 4.681563e-01)	(2.073975e-02 3.296407e-03 6.409426e-03)
331           	(1.055269e+00 6.101965e-01 4.725292e-01)	(1.034546e+00 6.068938e-01 4.661267e-01)	(2.072254e-02 3.302710e-03 6.402576e-03)
332           	(1.057658e+00 6.115116e-01 4.703909e-01)	(1.036953e+00 6.082004e-01 4.639955e-01)	(2.070478e-02 3.311251e-03 6.395394e-03)
333           	(1.060579e+00 6.131577e-01 4.681417e-01)	(1.039892e+00 6.098364e-01 4.617529e-01)	(2.068703e-02 3.321278e-03 6.388759e-03)
334           	(1.064101e+00 6.151043e-01 4.657789e-01)	(1.043431e+00 6.117718e-01 4.593959e-01)	(2.067046e-02 3.332500e-03 6.382997e-03)
335           	(1.067792e+00 6.170956e-01 4.633203e-01)	(1.047137e+00 6.137516e-01 4.569417e-01)	(2.065503e-02 3.344008e-03 6.378611e-03)
336           	(1.071487e+00 6.190678e-01 4.607634e-01)	(1.050846e+00 6.157127e-01 4.543876e-01)	(2.064074e-02 3.355124e-03 6.375831e-03)
337           	(1.075063e+00 6.209645e-01 4.581017e-01)	(1.054435e+00 6.175990e-01 4.517270e-01)	(2.062780e-02 3.365534e-03 6.374662e-03)
338           	(1.077864e+00 6.225648e-01 4.553572e-01)	(1.057249e+00 6.191902e-01 4.489820e-01)	(2.061523e-02 3.374558e-03 6.375208e-03)
339           	(1.080673e+00 6.241535e-01 4.524826e-01)	(1.060070e+00 6.207722e-01 4.461049e-01)	(2.060316e-02 3.381242e-03 6.377714e-03)
340           	(1.083891e+00 6.258244e-01 4.494791e-01)	(1.063298e+00 6.224387e-01 4.430975e-01)	(2.059272e-02 3.385715e-03 6.381585e-03)
341           	(1.086749e+00 6.274020e-01 4.464062e-01)	(1.066166e+00 6.240136e-01 4.400198e-01)	(2.058358e-02 3.388399e-03 6.386446e-03)
342           	(1.089596e+00 6.289604e-01 4.432933e-01)	(1.069019e+00 6.255711e-01 4.369017e-01)	(2.057664e-02 3.389360e-03 6.391604e-03)
343           	(1.092539e+00 6.305106e-01 4.401912e-01)	(1.071966e+00 6.271214e-01 4.337949e-01)	(2.057323e-02 3.389185e-03 6.396300e-03)
344           	(1.095447e+00 6.320217e-01 4.371914e-01)	(1.074873e+00 6.286332e-01 4.307917e-01)	(2.057387e-02 3.388565e-03 6.399698e-03)
345           	(1.098201e+00 6.334663e-01 4.343875e-01)	(1.077623e+00 6.300782e-01 4.279859e-01)	(2.057867e-02 3.388100e-03 6.401604e-03)
346           	(1.100733e+00 6.348109e-01 4.318762e-01)	(1.080145e+00 6.314224e-01 4.254746e-01)	(2.058738e-02 3.388487e-03 6.401600e-03)
347           	(1.102986e+00 6.360197e-01 4.297473e-01)	(1.082387e+00 6.326295e-01 4.233474e-01)	(2.059946e-02 3.390215e-03 6.399851e-03)
348           	(1.104969e+00 6.370760e-01 4.280701e-01)	(1.084355e+00 6.336825e-01 4.216736e-01)	(2.061387e-02 3.393419e-03 6.396548e-03)
349           	(1.106543e+00 6.379181e-01 4.269064e-01)	(1.085913e+00 6.345200e-01 4.205144e-01)	(2.062959e-02 3.398082e-03 6.392002e-03)
350           	(1.107610e+00 6.384923e-01 4.262946e-01)	(1.086965e+00 6.350886e-01 4.199075e-01)	(2.064480e-02 3.403672e-03 6.387106e-03)
351           	(1.108075e+00 6.387461e-01 4.262456e-01)	(1.087417e+00 6.353362e-01 4.198633e-01)	(2.065825e-02 3.409976e-03 6.382271e-03)
352           	(1.107861e+00 6.386340e-01 4.267459e-01)	(1.087192e+00 6.352170e-01 4.203681e-01)	(2.066911e-02 3.416999e-03 6.377809e-03)
353           	(1.106911e+00 6.381217e-01 4.277603e-01)	(1.086234e+00 6.346971e-01 4.213866e-01)	(2.067672e-02 3.424544e-03 6.373689e-03)
354           	(1.105210e+00 6.372023e-01 4.292314e-01)	(1.084529e+00 6.337702e-01 4.228615e-01)	(2.068092e-02 3.432167e-03 6.369963e-03)
355           	(1.102764e+00 6.358823e-01 4.310713e-01)	(1.082082e+00 6.324425e-01 4.247041e-01)	(2.068211e-02 3.439826e-03 6.367131e-03)
356           	(1.099614e+00 6.341710e-01 4.331760e-01)	(1.078934e+00 6.307237e-01 4.268102e-01)	(2.068060e-02 3.447320e-03 6.365769e-03)
357           	(1.095647e+00 6.320989e-01 4.354826e-01)	(1.074970e+00 6.286440e-01 4.291164e-01)	(2.067641e-02 3.454864e-03 6.366217e-03)
358           	(1.091092e+00 6.296922e-01 4.378461e-01)	(1.070422e+00 6.262299e-01 4.314776e-01)	(2.067011e-02 3.462260e-03 6.368428e-03)
359           	(1.086262e+00 6.270798e-01 4.401627e-01)	(1.065600e+00 6.236104e-01 4.337904e-01)	(2.066222e-02 3.469409e-03 6.372277e-03)
360           	(1.082016e+00 6.244231e-01 4.424368e-01)	(1.061362e+00 6.209476e-01 4.360595e-01)	(2.065424e-02 3.475511e-03 6.377369e-03)
361           	(1.078006e+00 6.218906e-01 4.444565e-01)	(1.057360e+00 6.184100e-01 4.380728e-01)	(2.064572e-02 3.480568e-03 6.383634e-03)
362           	(1.073770e+00 6.195345e-01 4.461357e-01)	(1.053135e+00 6.160496e-01 4.397446e-01)	(2.063517e-02 3.484907e-03 6.391066e-03)
363           	(1.070475e+00 6.175431e-01 4.475104e-01)	(1.049850e+00 6.140544e-01 4.411116e-01)	(2.062414e-02 3.488720e-03 6.398870e-03)
